test_CNN/outputs/tables/00029_b05480m0s0_sources.ecsv
# %ECSV 1.0
# ---
# datatype:
# - {name: id, datatype: int64}
# - {name: x_centroid, datatype: float64}
# - {name: y_centroid, datatype: float64}
# - {name: sharpness, datatype: float64}
# - {name: roundness1, datatype: float64}
# - {name: roundness2, datatype: float64}
# - {name: n_pixels, datatype: int64}
# - {name: peak, datatype: float64}
# - {name: flux, datatype: float64}
# - {name: mag, datatype: float64}
# - {name: daofind_mag, datatype: float64}
# meta: !!omap
# - {date: '2026-06-11 11:14:39 Eastern Daylight Time'}
# - version: {Python: 3.11.15, astropy: 7.2.0, bottleneck: 1.6.0, gwcs: 1.0.3, matplotlib: 3.10.9, numpy: 2.4.6, photutils: 3.0.0, scipy: 1.17.1,
#     skimage: 0.26.0}
# schema: astropy-2.0
id x_centroid y_centroid sharpness roundness1 roundness2 n_pixels peak flux mag daofind_mag
1 283.26070897875974 1.0830847857803825 0.40173366761530627 -0.036286088885492056 -0.4385011959635852 25 673.0 6528.0 -9.536950364364511 -0.5065875451348135
2 650.5313905114836 0.9463502575264336 0.35063152553884397 0.2851034511795255 -0.8346655710764963 25 595.0 6693.0 -9.56405206250875 -0.3250626713613223
3 791.7214418993951 3.525423635552828 0.5549853177922613 -0.21767063080742222 0.47521655095769094 25 1240.0 11847.0 -10.184020971140518 -0.9612059104942163
4 593.9692051712447 6.380502812283631 0.5832759876770154 0.383974026457991 0.7262067310377583 25 990.0 8836.0 -9.865639267998493 -0.6776044030949224
5 52.67003974562261 7.740983564382524 0.36452847123539206 -0.03759568626795283 0.45210129457446707 25 516.0 6031.0 -9.450973321177381 -0.0964303316914094
6 495.26622422313386 8.488173968959611 0.4832255613628976 0.09474128722587714 0.3343799261845415 25 546.0 3900.0 -8.977661517566247 -0.31386082077732075
7 200.4011631738004 9.309421949012203 0.5508734698162328 0.5030647946702307 0.324641746646511 25 388.0 1545.0 -7.972321209402134 -0.0499115924604218
8 677.1130354742609 9.790826929675871 0.5412898095809353 0.28182909021075403 0.40936292961516774 25 782.0 6566.0 -9.543252195983303 -0.5669464388179165
9 766.4884037527578 9.485763832093586 0.3948431972521978 0.3753147395368333 0.37537519776876854 25 640.0 7075.0 -9.624316110490819 -0.3157303094612063
10 617.7589151001971 12.105468237729546 0.35063519353932504 -0.39984534819442297 0.5095355193950786 25 501.0 4238.0 -9.067902380936939 -0.346055793860415
11 283.9807713140661 14.145477294243173 0.5671174299626127 0.5840453953562674 0.694444165925014 25 485.0 3792.0 -8.947170821665072 -0.01902750998265232
12 148.05516475291444 15.78214620094207 0.3776944652921323 -0.13460111615179285 -0.2635587468668146 25 586.0 7590.0 -9.7006044397387 -0.10621241312112895
13 136.37968896395537 16.95066908134346 0.4874604088099716 0.8187338880758918 0.41896858461536823 25 628.0 6199.0 -9.480804090878934 -0.25075591021754207
14 530.2549678402846 17.160676036475735 0.7053207022814416 -0.3999368007980043 0.58810064606502 25 668.0 4722.0 -9.18531495685677 -0.2607866303152852
15 584.6165890178784 24.9997875906935 0.5419491700665503 0.161313131386579 0.7655279325539706 25 512.0 3950.0 -8.99149273906615 -0.13003823863858682
16 207.78906442022793 25.985119459416307 0.5325906605410415 -0.43884006987401886 0.5967682804079475 25 622.0 5859.0 -9.419558745018792 -0.2052573926248375
17 478.180716646143 26.170863176637752 0.5265586054294931 0.12664487519064765 0.5963457165997967 25 732.0 7611.0 -9.703604304853483 -0.3068107693420068
18 291.27864429300325 26.11253302862804 0.6304060063343551 -0.8518540823606533 0.27713421109069214 25 625.0 5558.0 -9.362296356103382 -0.17493836652104136
19 609.6836582628146 26.7215728467105 0.4883197732948714 0.24572672405100518 0.444419624910741 25 499.0 4090.0 -9.029308270018355 -0.0999070000354897
20 761.8888529601268 29.860556478860662 0.3683238790646341 0.283179225650476 -0.02728280820994053 25 558.0 5899.0 -9.426945990422869 -0.2626050742675516
21 300.999761182545 31.149939833894685 0.4966462527885563 0.7401431755216806 0.4621474731874005 25 560.0 6064.0 -9.456897981559994 -0.04303804447085388
22 578.6118526043325 32.682865042100275 0.43167386225652915 0.0470985024745131 0.35515445338972557 25 630.0 6184.0 -9.47817370227567 -0.38240069333813054
23 219.06459368573735 35.14241904353073 0.6482211020755226 0.38024240424920985 0.27597965557507326 25 503.0 3243.0 -8.777367371682432 -0.10299368941340295
24 549.2288640039768 33.58667738599657 0.4366722072322932 0.4893655800628175 0.8760090209987108 25 542.0 4076.0 -9.025585438335973 -0.35916375368347553
25 697.6715107111273 38.55078272173055 0.42140844231187363 0.14636880643113492 0.4288883943528053 25 980.0 10179.0 -10.019262785911952 -0.8391857813900696
26 562.5774338204728 42.583579978310006 0.6344613848367989 -0.08537057713151822 -0.06469224527968677 25 1265.0 11119.0 -10.11516432557672 -0.910344155959037
27 402.27685666800113 44.10064078805354 0.5753633728301928 0.03683366077107077 0.3498748554988867 25 556.0 3954.0 -8.992591662444134 -0.22756269313437782
28 810.6704233900057 43.97248309545701 0.516498771670862 0.1837299764907022 0.3322054567588749 25 1062.0 7608.0 -9.703176259823394 -0.9873884773229387
29 676.7185992305417 50.7552776525561 0.6423418224939554 0.42717197852454547 0.6079569379845386 25 460.0 2089.0 -8.299846099950772 -0.07347061119244327
30 737.8740339222883 51.44109233635988 0.4617358847855431 0.4530168935696436 0.1966227470345608 25 731.0 7209.0 -9.644687563808906 -0.515866804545797
31 258.107303225528 61.294356007941204 0.653291382776991 0.15583088342430343 0.5237548971087956 25 732.0 6621.0 -9.552308969703294 -0.2964952161626673
32 436.13852708008574 61.6034126411313 0.41499605423677305 0.12796106749625508 -0.06465219252041819 25 601.0 7084.0 -9.625696381295093 -0.21082559421787397
33 718.0413404491607 64.59170710495093 0.5416507586196234 -0.3114754135580012 0.2981618247472968 25 594.0 4609.0 -9.1590167703113 -0.33864835937987015
34 751.3528152825869 64.71369569466587 0.38484900241682624 0.29700007801072853 0.42982452525180315 25 528.0 4617.0 -9.160899686377853 -0.3580814526015843
35 401.20853284447895 67.5727854438598 0.4083750060382972 0.6728810178429334 0.7009698649716172 25 475.0 4722.0 -9.18531495685677 -0.10817881406185884
36 444.6579520888281 69.01249381768388 0.503630509782746 -0.5072247840827828 0.05404363537082813 25 514.0 3982.0 -9.000253139228477 -0.180529148384396
37 455.9575694348948 70.54055509763288 0.4727099529248229 -0.060454051282900684 0.46690123765028446 25 498.0 4356.0 -9.097719677709344 -0.10633335419606971
38 462.7993882469643 71.14568662830106 0.5551854927220583 -0.13049078303141504 0.9964533816792588 25 889.0 11327.0 -10.135287251276463 -0.2790280862655997
39 627.5014482691108 73.23816989603311 0.491033270188753 0.7055185885010803 -0.11122145206290367 25 492.0 4180.0 -9.052940704437587 -0.1653577486838709
40 276.222700411548 76.31245347679493 0.6564292400513121 0.04485817723698876 0.3185754719056096 25 606.0 2856.0 -8.639395507760343 -0.3935274369466068
41 294.0820023230654 76.17823700474736 0.613460965490205 -0.04456453804907426 0.5016247921598179 25 454.0 2582.0 -8.529890594826004 -0.05506721178182155
42 576.0004385535952 76.23737305935612 0.34909790079473824 0.13365468121820162 0.4252477844857747 25 328.0 1753.0 -8.109454790234487 -0.06508761359067433
43 603.3801384530577 75.94273705219803 0.5191212061266981 -0.5741243300072636 0.15283213715720745 25 503.0 3825.0 -8.956578598724091 -0.1627776161141049
44 132.8662436616565 81.51072727586207 0.5441354300639477 -0.5857921945077412 0.31663943954307905 25 969.0 11433.0 -10.145400508729574 -0.5347134413399808
45 171.80093530397681 81.07269975039998 0.4316606030803797 0.004030320908394105 0.16642208143455722 25 436.0 3984.0 -9.000798324379153 -0.019813151983486953
46 641.6324846009951 80.4649653395651 0.3773703588920692 0.2334411564332405 0.11096355632350186 25 959.0 12721.0 -10.26130313154582 -0.6450559502273456
47 736.4883688852555 81.82648811639278 0.5548954495085466 0.5742056234767718 0.6636499424403822 25 606.0 5898.0 -9.426761920539448 -0.1352296878244061
48 725.9451355404871 83.8761061795928 0.5261747653915148 0.006610096179147282 0.5451927333750266 25 586.0 4895.0 -9.22438174034789 -0.24360844386989694
49 592.5745209541042 84.94119418014394 0.3992823815527561 -0.861435129543572 0.018835974560344936 25 686.0 8374.0 -9.80733239138803 -0.2717103954060612
50 255.8910906041379 87.88451012735494 0.6761839323113343 -0.3142620253634939 0.5946570947937605 25 548.0 3919.0 -8.982938158695257 -0.08625086993666578
51 388.82136410877473 87.98487551884988 0.43843736699803776 -0.10572293547319392 0.34116248532126286 25 531.0 5463.0 -9.343578001286456 -0.1314640430063374
52 441.7044189641089 88.85630022809929 0.4605168490652198 -0.1441692285586484 0.08255121301605295 25 542.0 5756.0 -9.40030196316142 -0.11980245238938891
53 545.4141748629538 88.85952933750407 0.3830753573674035 0.595482902026378 0.09669941096265006 25 572.0 6843.0 -9.588116349990777 -0.1428557299778005
54 282.8161364235562 93.73428922894708 0.5427010582872127 -0.8248272421727029 0.07379740959641568 25 590.0 4878.0 -9.220604489944279 -0.26292135247284637
55 77.72379382434157 97.82354406213976 0.4821128957465689 -0.07531166977761976 0.17098347050742452 25 544.0 4551.0 -9.145267088765983 -0.20266745749316717
56 35.06808837613352 100.66168874449781 0.5120428390113115 0.0354620219846683 0.3016348442583301 25 1066.0 10043.0 -10.004658656731308 -0.8768215887174479
57 811.3910176051709 107.36239765489226 0.6507961662555275 -0.29238149259090535 0.42039865081131295 25 556.0 4109.0 -9.034340353154679 -0.09706378292215675
58 681.1870433879506 125.77110081220637 0.45242962497113703 -0.15986953478526023 0.148526618029226 25 549.0 5234.0 -9.297084295759655 -0.21089107307761012
59 539.2506356893226 129.91728645350673 0.4007840861919051 0.10189439225846701 0.001272525018390331 25 404.0 3679.0 -8.914324469577817 -0.00024151290175480618
60 519.8798165247534 132.81675208487795 0.4901256769500142 0.4844890254224334 -0.0863909512485383 25 479.0 4199.0 -9.057864686594849 -0.1334397456681065
61 470.930075282489 175.9186104660203 0.3648311816908283 0.6515687698753235 -0.4229532696297641 25 461.0 5493.0 -9.349523997553398 -0.02810141096068878
62 668.7092377084484 177.2489784357907 0.5285151156685687 0.4672889382664587 0.11850463548270702 25 582.0 5825.0 -9.41323982424514 -0.10056909922179047
63 789.9637015834846 183.41259512545392 0.5298099900528814 0.505532059921719 0.2521147485664311 25 416.0 1729.0 -8.094487483184807 -0.19584421447495054
64 548.0600549927336 186.17531156093997 0.5878332664168537 0.5115195467084437 0.29263102676448643 25 550.0 5221.0 -9.29438423302679 -0.028773414201269523
65 139.04240536610956 202.32859678365796 0.4378440538696392 0.27644061124198055 0.39844978892538807 25 616.0 6662.0 -9.559011570887895 -0.27351946178889064
66 616.983367464734 203.54103118386584 0.5547086270956576 0.2948431601977036 0.2444433137648653 25 582.0 4884.0 -9.221939138182112 -0.20945916998896869
67 146.61275257513546 211.0911656491361 0.5732095626588499 0.012564472596958328 0.203039216684107 25 694.0 7046.0 -9.61985659711306 -0.25477064250322035
68 399.31444587985135 210.40939815469275 0.42856036947503673 -0.6186350946653977 0.32399746731866824 25 442.0 4104.0 -9.0330183802594 -0.054513050205504426
69 624.623884434947 212.70274615396525 0.375358255265731 -0.5862150942693285 0.27018266914776046 25 470.0 4760.0 -9.194017381801233 -0.16715677597255676
70 697.9195529254645 220.10860289796221 0.6003063997923377 -0.042478046042197744 -0.09388532945343582 25 991.0 8458.0 -9.818169202027203 -0.7051625413751839
71 728.4422560882361 225.69379207834407 0.6519924724167262 -0.3267760866642642 -0.5073780759312078 25 601.0 4034.0 -9.014339734691866 -0.20750987814344762
72 705.3364179678864 229.31133979730708 0.458180334366571 -0.5959246845410604 -0.1132393540517371 25 690.0 7985.0 -9.755687301186255 -0.2848388594643229
73 434.00336078772534 254.31508982357937 0.5647324983433303 -0.05719404011757717 -0.025484693808901664 25 579.0 4957.0 -9.238047297262877 -0.1301800156649306
74 549.8942634272838 265.6074543819231 0.5420031416542904 0.200109665932714 0.387211098281516 25 488.0 4492.0 -9.131099368973551 -0.009131264763574898
75 115.95404149176005 278.45348994621025 0.6408608378882397 0.22745384741795777 0.4653027113825592 25 527.0 3902.0 -8.978218162646247 -0.07091243724891014
76 407.7889133343574 283.5406420263069 0.3928960685149888 0.23636925405970943 0.42989848749780757 25 420.0 3654.0 -8.906921357541297 -0.06983524079177558
77 744.9058191368819 287.1501225042979 0.694282753052687 0.1825493187467288 0.2703512992239398 25 529.0 2855.0 -8.639015281454668 -0.14803922746573067
78 775.9574958197134 290.1199025532815 0.4728902299458195 -0.5173718243095538 0.08807005279196817 25 528.0 4329.0 -9.090968964532891 -0.2602031011602625
79 177.91080108119306 292.400259901122 0.6399244440650228 -0.19996292850491712 0.02238964133261301 25 609.0 5042.0 -9.256507103351069 -0.14186657734103691
80 750.7703201747405 321.74973258504735 0.5274360160841851 0.5385257250665482 0.46243052246671684 25 570.0 5873.0 -9.422150002107392 -0.08128109094027088
81 38.61585313152354 334.25436412220506 0.6831531247553428 -0.18796086297045334 0.01115539728225541 25 564.0 3557.0 -8.87770966296445 -0.14625970371522767
82 363.0038354092046 333.57232035848665 0.5495435214714873 0.5100681962017772 -0.16741867347586553 25 716.0 6381.0 -9.512221861555979 -0.41847710123482795
83 703.427669798594 334.2600267507425 0.5176117820298834 0.05112643413362346 0.024329769239320023 25 461.0 3809.0 -8.952027431652365 -0.012241419630617506
84 577.6298564100408 340.2307562454804 0.4549689343125999 0.5020153685773808 -0.2765627685465616 25 786.0 7772.0 -9.726331979819363 -0.5623816153981063
85 370.2848631799901 342.88823522539366 0.49522760027316876 -0.4687112240504285 -0.04356865413771723 25 605.0 7276.0 -9.654731725978614 -0.07342694192108355
86 585.4460655179644 349.2577359966054 0.5737331693432978 -0.4537398557817536 -0.01726770530241856 25 696.0 7406.0 -9.673959269283559 -0.18539198517028815
87 138.9483118947289 354.65272328341104 0.4830798454324493 0.11022471712925652 -0.03921166098413211 25 610.0 6139.0 -9.470244083450742 -0.24154185389391497
88 632.9851322783385 362.3426296210523 0.5060296395939251 -0.4521182812307001 -0.28135060846185433 25 511.0 4266.0 -9.075052127783525 -0.13908680652981606
89 146.59331642578744 363.5040848164195 0.6392057414519464 0.09424844929599664 0.5950366507346879 25 584.0 5479.0 -9.346753251086774 -0.007439393514017622
90 510.3046371804317 370.01398336451024 0.4239182231986663 0.5541916137774081 -0.168845553354947 25 476.0 4856.0 -9.215696695168003 -0.027993264779123374
91 427.6321417881945 391.89462684708695 0.46843009915720346 0.3826214260300235 0.0005779845783752861 25 839.0 12248.0 -10.220162944225512 -0.16540390269105804
92 704.8578309839078 395.3589149802409 0.4916815724190553 0.08556220631791063 -0.14484861186212228 25 333.0 927.0 -7.4176993353612435 -0.023274638346034854
93 435.0510013738309 400.88958715147385 0.48434299764190514 0.5742711204995208 0.5579238739911537 25 656.0 7197.0 -9.642878756718732 -0.2517362136497945
94 103.05028832786397 408.45067695833546 0.6953080092460219 -0.3086621402976722 -0.12789411512490714 25 523.0 3689.0 -8.917271638067009 -0.03468027929608454
95 594.0451775251723 415.45087499980065 0.6071893153492962 0.38551918549998565 0.4694475001923315 25 494.0 3407.0 -8.830930333919692 -0.03560393875452232
96 2.3908556251027804 443.1808882906273 0.514766616100534 -0.10695472813373383 -0.24659497480366654 25 657.0 5614.0 -9.37318102074605 -0.3600219053902797
97 822.5659619642595 443.53496657375945 0.5966363303841214 -0.5092274131688829 0.2654175153148121 25 643.0 5326.0 -9.316002905257307 -0.2195002640947521
98 745.6650972855525 447.7202514190146 0.40042461122508605 -0.0820028258283034 -0.1255954246160982 25 393.0 3124.0 -8.736777563013158 -0.036257842729158885
99 9.79338864992927 451.902386008579 0.583725205775758 -0.5093327268403668 0.2252979807409898 25 575.0 5277.0 -9.30596773544281 -0.09001519918256959
100 30.330553341478854 454.32433005718906 0.46532969248276956 -0.029684221364950743 0.49995558376523375 25 610.0 6007.0 -9.446644079868388 -0.25761324200748686
101 726.2540133692614 458.3394992238793 0.5742659362692216 -0.4236718380422955 -0.24569274050623116 25 487.0 3058.0 -8.713593702690753 -0.1362759691278853
102 831.7684741325113 468.13558229870875 0.5841879045812648 0.71125162341665 0.297458081647739 25 556.0 4985.0 -9.244162906619186 -0.056733252988482204
103 639.0106627055756 469.19452440008956 0.6401706568873624 0.05633029078695886 0.11718276003721737 25 454.0 2332.0 -8.419321365217442 -0.04668887076472798
104 536.9575220157411 471.0506729263253 0.4170669310467397 -0.39470361480015986 -0.09744102636631992 25 761.0 7509.0 -9.688955260819714 -0.593900421711177
