test_CNN/outputs/tables/00026_b05327m0s0_sources.ecsv
# %ECSV 1.0
# ---
# datatype:
# - {name: id, datatype: int64}
# - {name: x_centroid, datatype: float64}
# - {name: y_centroid, datatype: float64}
# - {name: sharpness, datatype: float64}
# - {name: roundness1, datatype: float64}
# - {name: roundness2, datatype: float64}
# - {name: n_pixels, datatype: int64}
# - {name: peak, datatype: float64}
# - {name: flux, datatype: float64}
# - {name: mag, datatype: float64}
# - {name: daofind_mag, datatype: float64}
# meta: !!omap
# - {date: '2026-05-30 01:36:37 Central Daylight Time'}
# - version: {Python: 3.11.15, astropy: 7.2.0, bottleneck: 1.6.0, gwcs: 1.0.3, matplotlib: 3.10.9, numpy: 2.4.6, photutils: 3.0.0, scipy: 1.17.1,
#     skimage: 0.26.0}
# schema: astropy-2.0
id x_centroid y_centroid sharpness roundness1 roundness2 n_pixels peak flux mag daofind_mag
1 185.10710420008166 0.698507127903071 0.3108453591217846 -0.7306494812253662 -0.6280295577155198 25 604.0 6813.0 -9.583345972348493 -0.043049987595901416
2 288.04784795513854 33.76334611240323 0.5355260801452268 0.4486150587250851 -0.27151066767896415 25 958.0 9437.0 -9.93708488762135 -0.26311534673853104
3 386.2506172496384 36.024549472642555 0.429092776311635 0.4999960460070822 -0.040487303274700286 25 673.0 5158.0 -9.281203344504798 -0.15769085606921998
4 221.4410116730758 46.72075098599515 0.45862596111649334 0.06232400829931533 -0.3881126537609094 25 952.0 8629.0 -9.839901172472915 -0.4446576641903594
5 365.7531115161019 46.88237870632263 0.46861043553250703 0.21146690612956037 -0.3627600973872894 25 1305.0 12555.0 -10.247041792622353 -0.7019885382772629
6 710.2595278016456 54.55072040381879 0.5315914721288244 -0.18948960801523207 0.11150499678822404 25 827.0 8722.0 -9.851540205843518 -0.051765631160744334
7 179.45686514835936 71.10029262350004 0.5228474303772765 0.10401883771579594 0.15314849018811114 25 1149.0 11568.0 -10.15814569987614 -0.4095863545814077
8 297.3025720065941 72.90842431788509 0.5953792427742793 0.9507600261485726 -0.005033544424368224 25 752.0 5086.0 -9.265940889599225 -0.1567340181551355
9 332.6079694359359 80.55877420983073 0.6476279397002711 0.7684842419908617 -0.10795011583348253 25 726.0 4029.0 -9.012993168470944 -0.11810395913394002
10 136.03049354735518 82.67368119002188 0.517156126599638 0.8961047695394785 0.12266165763186314 25 893.0 10340.0 -10.03630134689481 -0.12722498184052333
11 144.3959180660686 103.78528924324685 0.4381752149528742 0.48910333934114086 -0.26198603515632496 25 697.0 6460.0 -9.52558129498771 -0.05481430732066603
12 155.57434722715817 107.59006226651204 0.6824207983339153 0.874957196440198 -0.13095398112852322 25 674.0 2317.0 -8.41231508447494 -0.07919784052657815
13 62.886646749827186 110.32192278983605 0.4949151140140921 0.22187734307249934 0.3524423267863033 25 721.0 5820.0 -9.41230746162472 -0.09311321576045531
14 169.2306691132261 110.38896758713229 0.4108067552369825 0.8448546717298078 -0.00950788929841728 25 555.0 3381.0 -8.822612926914422 -0.14662607421531526
15 206.61372923494656 119.97940626353527 0.4593238445808309 0.6804666244948882 -0.053899666019199724 25 924.0 7291.0 -9.65696774558836 -0.4793826195877599
16 227.43922884067746 122.09048074677453 0.5496793771278666 0.6694810207336434 -0.19191590719225293 25 745.0 6016.0 -9.448269568958965 -0.07741724735335791
17 790.4175677120149 146.55359052693848 0.6455342410195545 0.21959382584627035 0.005876265759508401 25 811.0 5704.0 -9.390448792109522 -0.13881230725665497
18 52.33965205725542 152.33696084113487 0.4279077772995999 0.7946117543619946 0.047984784182817854 25 895.0 9068.0 -9.8937787786362 -0.33018200379397755
19 237.31722826980908 163.7263145686646 0.5850876369993953 0.6080393621916415 -0.06242273877618046 25 671.0 4428.0 -9.115519030516714 -0.0022502785088237866
20 196.36455407850048 165.99423621053168 0.4807863168891907 0.2615931261694111 -0.1885830344670013 25 679.0 4594.0 -9.155477477147517 -0.19455523466171995
21 6.215132981188369 169.58643584491898 0.47472307296994315 0.5827085522983408 -0.23097497338999762 25 848.0 9036.0 -9.889940555620813 -0.1830811205646142
22 183.43044222781032 180.6493610831447 0.47064962994636844 -0.10505826250812017 -0.31774003253787303 25 758.0 5257.0 -9.301844942546062 -0.32841454901828104
23 80.11031042296457 186.80622266370966 0.4673876385927023 -0.3932897717015153 -0.18686290004393732 25 826.0 7556.0 -9.69572987312449 -0.27951262340843874
24 124.94225615211255 199.52094379448917 0.37772795685951654 0.08866079293793414 0.0762307944937165 25 531.0 3014.0 -8.697858119946533 -0.11669737466522956
25 177.2182881243827 202.40467750410363 0.44313538233319927 0.636478587247877 -0.26542052172890895 25 681.0 7073.0 -9.624009145206118 -0.02907659904944015
26 106.11400102645246 224.47967205606565 0.5421208211220842 0.31097809863869674 0.07965454069795246 25 819.0 6090.0 -9.461543231582187 -0.22028235842884386
27 323.5404986072822 238.14032636684422 0.48936024122120625 -0.37682128938007614 -0.1478176289806893 25 622.0 4585.0 -9.1533483500151 -0.0045944984319966475
28 114.14372443251082 242.38104215320683 0.5367164039237143 0.51159172072658 0.435529820722588 25 845.0 7872.0 -9.740212713558213 -0.12716287411935595
29 364.07342767091404 248.2218475294097 0.4387522383768936 0.6875769095411915 0.10471243139021345 25 783.0 6877.0 -9.593497560855056 -0.27494400772607525
30 352.01224508148624 341.56002283067215 0.5129091137567366 0.31672800154083014 0.7942145172846792 25 1512.0 21565.0 -10.834373656204924 -0.3256792357466217
31 825.6477495162286 441.08208245365677 0.3793745179695952 0.20854739395976538 0.07171478130590343 25 1805.0 31653.0 -11.251037194390669 -0.26479452233047696
32 416.6024365169252 580.7255913324688 0.49022493332710215 0.23978913625613046 0.5723746680244616 25 1647.0 25215.0 -11.00414743123788 -0.3409775326681053
33 762.086587858808 668.7253078842574 0.3706250584059759 -0.03377314475772639 0.4375755728213974 25 1397.0 22117.0 -10.861815544849652 -0.2603421228868992
34 249.04322561108216 768.6307240318154 0.41250871324574806 0.20493150504855395 -0.6645417202524395 25 2734.0 53355.0 -11.817937810603654 -0.3638257218715795
