test_CNN/outputs/tables/00029_b05480m0s0_sources.ecsv
# %ECSV 1.0
# ---
# datatype:
# - {name: id, datatype: int64}
# - {name: x_centroid, datatype: float64}
# - {name: y_centroid, datatype: float64}
# - {name: sharpness, datatype: float64}
# - {name: roundness1, datatype: float64}
# - {name: roundness2, datatype: float64}
# - {name: n_pixels, datatype: int64}
# - {name: peak, datatype: float64}
# - {name: flux, datatype: float64}
# - {name: mag, datatype: float64}
# - {name: daofind_mag, datatype: float64}
# meta: !!omap
# - {date: '2026-06-11 11:14:39 Eastern Daylight Time'}
# - version: {Python: 3.11.15, astropy: 7.2.0, bottleneck: 1.6.0, gwcs: 1.0.3, matplotlib: 3.10.9, numpy: 2.4.6, photutils: 3.0.0, scipy: 1.17.1,
#     skimage: 0.26.0}
# schema: astropy-2.0
id x_centroid y_centroid sharpness roundness1 roundness2 n_pixels peak flux mag daofind_mag
[from data line 105]
106 289.7734327623612 479.23337212906796 0.43661172241391694 0.30409093996417974 0.4414181523093448 25 505.0 4314.0 -9.087200351916316 -0.1799264620652843
107 669.413930574302 480.0794230391859 0.4055570002564803 -0.47862191808578514 -0.2322985418274794 25 673.0 8880.0 -9.871032414446502 -0.14688871573018417
108 762.4763281746815 480.76863373354973 0.588650989336964 -0.8425677272441972 0.04241926564824361 25 494.0 4275.0 -9.077340297660479 -0.05783250258880908
109 166.13359104144268 487.50095812074 0.3661036540697647 0.40278490112414406 0.13786850045922308 25 402.0 3863.0 -8.96731177036205 -0.024321126701485833
110 292.132011791526 499.14869897058526 0.3803233714143824 0.27774659372115124 -0.021487591598844603 25 399.0 3256.0 -8.781710990542908 -0.09543419200114131
111 461.7093768008862 506.2827845239907 0.575464680190549 0.12341134854781252 -0.31506074407051976 25 439.0 2223.0 -8.367348656747476 -0.10213812236414861
112 539.7023794445461 518.1863223252087 0.42627033220219107 0.47623303188968247 0.8014768512458827 25 519.0 5459.0 -9.342782735764903 -0.08194824985169372
113 239.43016191425826 521.1389587742133 0.3433093673680456 -0.33465331364554984 0.0666963592713057 25 455.0 4840.0 -9.212113404111031 -0.11251124042000826
114 760.3186912079701 524.1575430011442 0.3910112589952122 0.08674966214970081 0.10781884138936931 25 534.0 4482.0 -9.128679630497606 -0.37524859451746273
115 247.10298967571893 530.0927740101988 0.5150846808550625 -0.44337849542089264 0.31986566690953 25 515.0 3798.0 -8.948887401002496 -0.20371244313623513
116 591.0258158064019 560.5740290542197 0.484410912661546 -0.10886547233144506 0.07451574050796266 25 455.0 3706.0 -8.922263537457196 -0.09302627434550743
117 577.4085095785227 568.2379262680311 0.5187417278230497 -0.2961442283300514 0.011077822743992645 25 521.0 5124.0 -9.274022802681621 -0.053930374216223737
118 210.31959889612318 580.010015745099 0.5771235928330123 -0.13595094529531535 -0.16249047586081725 25 543.0 4490.0 -9.130615852508308 -0.08704604211453652
119 660.9379959599015 583.422070514952 0.7117230634723918 -0.12768935382075955 0.27867216370352926 25 514.0 3338.0 -8.80871583085807 -0.0426905121183833
120 565.3923833932714 587.1942729971659 0.6076625791217262 -0.5075709361218554 -0.0849486320049309 25 449.0 2429.0 -8.463568787012827 -0.11103864099330062
121 233.12465466828817 588.8731973453104 0.5438249370634651 0.08108720003872642 -0.23335642479490756 25 428.0 3141.0 -8.742669840996262 -0.005487978817700955
122 670.8336619159146 588.9069457749623 0.5195516024966276 0.40361395975910286 0.5702286419713141 25 505.0 3734.0 -8.93043578403265 -0.21280788787655727
123 70.38377720161283 593.0092347185364 0.4877656416615918 0.018030456254554683 -0.28509260154878724 25 628.0 6619.0 -9.551980952720509 -0.24314266060471496
124 530.9134703992142 605.3027586798536 0.38093109112713963 0.34004631232503635 0.613206471540392 25 329.0 1867.0 -8.177860794872696 -0.016201122482911327
125 808.4314478980757 630.0353550932955 0.5572108528760437 0.15635132989496903 -0.037145233439152894 25 576.0 4198.0 -9.057606085615955 -0.3203419362975652
126 307.9971633402246 637.9763177466061 0.38885923758132174 0.5479698981472473 0.2271666415171191 25 455.0 4426.0 -9.115028523978099 -0.12614359217592458
127 438.97025567389767 639.1011364751093 0.4010450870928028 0.2915572651948217 0.1968272783820789 25 337.0 1619.0 -8.023117121883434 -0.12184040155759257
128 635.6083100288445 639.6928472806321 0.4847808517628289 0.10884190395731261 -0.0320621613439436 25 598.0 5661.0 -9.382232887211485 -0.23034715609245338
129 665.678378719224 639.8276854309421 0.3656740962658639 0.3700053984154405 -0.012181172529177763 25 505.0 5000.0 -9.247425010840047 -0.2584516343437005
130 643.2728546300074 649.1914879687712 0.407276084085211 0.5049992342720308 0.39815455126296656 25 530.0 5853.0 -9.41844631028545 -0.13017894905866728
131 805.254865006467 678.0200168383841 0.5144040875915218 0.5762848862490912 -0.09364183249968665 25 448.0 3046.0 -8.709324747500059 -0.13526246094058667
132 759.8175813826921 681.1426582113048 0.36400095958088324 -0.01954252364762894 -0.139857559504124 25 535.0 5874.0 -9.422334855466953 -0.2704770275106829
133 514.0713160568079 684.6731702368382 0.39530959142423777 -0.1428367426048739 -0.043771759185374785 25 392.0 3373.0 -8.820040852973003 -0.01565546486414504
134 528.0237658833138 686.7136282875016 0.4218625897772511 0.25194021704486247 0.004401958654168811 25 530.0 3985.0 -9.001070814330328 -0.35258084532284795
135 627.3630523034637 687.714876323298 0.6300072129927484 0.24462372263036974 0.2191482906892712 25 633.0 5487.0 -9.348337400490198 -0.1625219979770409
136 269.0596792151437 692.8076906014429 0.6224060481319723 -0.9628800660978483 -0.25078398041596905 25 564.0 4894.0 -9.224159912539426 -0.07897448667376028
137 716.9899624289889 692.802892978101 0.5068098716684973 -0.31785712974127794 0.41309985221801077 25 514.0 5120.0 -9.273174902439576 -0.04686901642097118
138 535.5247270072807 696.1857820452532 0.44186003964499143 0.2712749642407217 0.266823966123415 25 439.0 3690.0 -8.91756591539765 -0.06661175570640003
139 563.415775216986 719.6858454359716 0.5774012851602364 -0.1295816184626924 -0.428476673982723 25 523.0 4312.0 -9.086696880446706 -0.10245020666277214
140 671.8975424714891 733.8420448914871 0.49713097193789574 -0.09370072195670788 0.17539037154231088 25 419.0 3343.0 -8.81034094148142 -0.011691406650540213
141 685.1784998416641 740.6135423956028 0.4197271648258285 -0.20172449365785533 -0.07769815150932097 25 705.0 7952.0 -9.751190928473143 -0.40213493773633535
142 341.93809961949677 741.9696651514485 0.4209420679596717 -0.21313688034417033 0.09903133106969327 25 485.0 4690.0 -9.177932106787708 -0.10355014936799155
143 633.4758784387761 741.7758271950485 0.4668647928620038 -0.013511951253457798 -0.1657494821767553 25 500.0 4088.0 -9.028777217816641 -0.18169576458381562
144 650.4888183220792 752.1336052761286 0.45347989231826813 0.33480738663280446 0.14143354597575558 25 517.0 4565.0 -9.148601954675794 -0.20872465955155367
145 39.39680647821185 762.8320982481929 0.4363474780462429 0.19616354640185663 -0.04379758747350195 25 582.0 5609.0 -9.372213600023793 -0.3029600598108844
146 276.59194550990003 762.7224751370335 0.5690908686008488 -0.059232370016477624 -0.0878632031868257 25 586.0 4631.0 -9.164186952484734 -0.2172130190472405
147 256.06596790003186 770.0323070859814 0.6800918748951523 -0.4302837610070707 0.04808741109198088 25 594.0 3402.0 -8.829335773191376 -0.24924170946442425
148 46.96046345343356 771.796319663373 0.5145872983046025 -0.17395609628684547 0.5526452061429672 25 532.0 5549.0 -9.360536812035415 -0.011949972105516444
149 710.0390155666217 780.0750351401234 0.6227774956535872 0.3043733743656354 -0.012796421458182815 25 826.0 6854.0 -9.58986025023462 -0.5064786633651713
150 370.9086439482771 787.950217488275 0.5044064124288872 -0.3682718566286871 -0.08504445151524054 25 627.0 4686.0 -9.17700571065236 -0.4115535374388496
151 482.67340583812734 794.0522381523311 0.46757337994908954 0.07498736512731488 -0.4819998227345474 25 425.0 3602.0 -8.891359271208787 -0.03357011047808731
152 337.54346260203823 797.9096142988266 0.5159935648350028 0.37971826958569616 -0.3451772895538008 25 594.0 4325.0 -9.089965279502083 -0.4153183585870393
153 701.5024606891085 798.3797299369602 0.6288649355522788 -0.02448649951996057 -0.2414754636956171 25 623.0 5956.0 -9.437386722700346 -0.08037386888030709
154 399.72485663696693 799.4066206833288 0.5420761692841892 0.6163174184530235 -0.13490147068343336 25 966.0 11440.0 -10.146065061142513 -0.5338352704672268
155 559.8459149617976 798.9398317605304 0.6985991359593872 -0.21216428074338367 0.16611956829519883 25 539.0 2817.0 -8.624467117464434 -0.15144592327276485
156 585.684024304521 798.9274809382113 0.5008890244528128 -0.07915178204320948 -0.1139397554805266 25 617.0 4126.0 -9.038823059092833 -0.4498682857359404
157 633.0356010025461 798.7095682764859 0.4614627522768478 0.31821961999475906 -0.028266533051282728 25 444.0 1128.0 -7.630772749118309 -0.40956657947979036
158 794.0393797967304 799.8342817295124 0.6006875961048405 0.13964754617922068 -0.2937593832782746 25 725.0 5049.0 -9.258013426738716 -0.506117254071354
159 549.9147898040841 802.417503299952 0.49510735616143187 -0.2067826364937715 -0.13378457058218976 25 971.0 7927.0 -9.747772145483498 -0.8523468119681475
160 454.7973997365685 804.1587101626652 0.582104156873153 -0.005162766289587519 -0.14667343355907228 25 541.0 3632.0 -8.90036459962262 -0.24917473134384613
161 593.2644884315554 803.859004307477 0.6713505925276666 0.16403896167806592 0.22508841305023164 25 1164.0 6996.0 -9.612124502016597 -0.9864930478125978
162 130.72843612624058 805.6047962895701 0.48376745693325973 0.2514809413095813 0.09272231471029647 25 637.0 6054.0 -9.455106041551385 -0.3227632691034871
163 391.6288863305767 804.8881018352993 0.5949695249089806 -0.5847835356417083 -0.23555089285804806 25 1092.0 8912.0 -9.874937944574134 -0.9054282578529174
164 829.8977401988778 804.3915385029218 0.4484703742005713 0.3782727710473403 0.44023496487911346 25 484.0 4512.0 -9.135922727438215 -0.08285330728492868
165 261.098298909168 805.6125099252216 0.5352595751010472 0.16750641779795908 -0.16128387318480353 25 591.0 5833.0 -9.414729941075038 -0.1365534891771546
166 699.6575455612985 806.0597445612193 0.4187400974164991 -0.4534066746870418 -0.20317813824309403 25 621.0 5684.0 -9.386635173138579 -0.45704469372428064
167 48.12734912390018 807.2110936026395 0.5128759361071824 0.04958496510673185 0.582400752160217 25 524.0 4960.0 -9.238704191225494 -0.11573990391870674
168 541.766700934965 807.9212630903792 0.6957312070688719 -0.2996055699284767 -0.43641738391045715 25 668.0 3626.0 -8.898569499398723 -0.32977970697856485
169 625.9809987638686 811.3419900427583 0.5932899938109285 -0.8423731326701624 -0.39409914710558236 25 546.0 3700.0 -8.920504310167487 -0.19506608611465445
170 800.7274632807889 810.6990340626035 0.631926675400199 -0.025663920469343713 0.2755039310231432 25 718.0 3873.0 -8.970118742465207 -0.49858134693802403
171 199.52211171554924 813.7590161772481 0.5184641344003761 0.20142234789489383 -0.5185617488626244 25 596.0 5180.0 -9.285824399363083 -0.2811026493904337
172 619.3637958785448 818.0743997756304 0.6239372968619942 0.21838620451502402 0.03631645815057649 25 1446.0 10714.0 -10.074879105092101 -1.1872207856043322
173 667.0543113125563 818.0281050644851 0.5883837204913754 0.18321134372456171 0.40260408838164524 25 469.0 3341.0 -8.809691189095329 -0.051154860612700026
174 636.9651911842648 818.8653246024203 0.7525046304688677 -0.2543652310189676 0.5925814167923263 25 728.0 4946.0 -9.235635280063196 -0.3356483523711713
175 683.7926049042516 819.0755450249114 0.6227892271581242 -0.47031282757574217 -0.08373726218567526 25 462.0 555.0 -6.860732457806691 -0.30741648265371296
176 697.3985585035871 819.5089270003797 0.5850410028426952 0.31214175429552526 -0.13851851391922582 25 578.0 5435.0 -9.337998871055785 -0.16136259177254814
177 602.7916203654672 819.4458460946071 0.6831894355255083 -0.6923748693171401 -0.40810765666205934 25 601.0 3614.0 -8.894970370562284 -0.23137818580261743
178 827.9523344114509 823.2807946714215 0.42655576336483847 0.46044445280759555 0.6092461213720483 25 529.0 5628.0 -9.37588522190677 -0.08122148278761161
179 365.8334440818882 823.8780840858881 0.5210159413347304 0.28222298700170195 0.47710261990443403 25 398.0 2703.0 -8.579615114246813 -0.017583078199099305
180 570.6202936225525 822.6191419661927 0.34887417643665936 0.2555664420917229 -0.13970102830415188 25 484.0 3425.0 -8.83665143957111 -0.47217891169506254
181 730.6166804275284 823.4648476251842 0.6216869185818096 0.5845664864942784 -0.16442860693332517 25 795.0 5355.0 -9.321898687919687 -0.6065868250791435
182 810.0778719587591 824.2638610868852 0.588505425102088 0.022925617014268113 -0.7036344845350864 25 774.0 8832.0 -9.86514765096281 -0.19018647214150672
183 194.64850772043982 824.7294374833913 0.7038090845666817 -0.14142184062162005 -0.6212336132181121 25 616.0 4425.0 -9.11478318758461 -0.151992064446547
184 294.5111773112855 825.4321684916484 0.6585685982675037 0.6683349246028019 -0.4931451344989032 25 613.0 5327.0 -9.316206741962073 -0.0795552734157575
185 557.4306307044302 825.7801596331606 0.4820824676716169 0.06957075827714615 -0.1447534444574457 25 513.0 4852.0 -9.214801980486339 -0.14966312374378787
186 798.1670125886136 826.4722267665824 0.42093704138288385 -0.8581244134643349 -0.18554643925591482 25 671.0 9193.0 -9.90864315029177 -0.05499718102525301
187 457.35122535266754 826.884648132799 0.4565923943591332 -0.25575094891980565 -0.21745004253076453 25 390.0 2161.0 -8.336636917208104 -0.06655000166692997
188 356.1887519342414 829.287499946281 0.6280807478515388 -0.6581796166480395 -0.11274806541812996 25 439.0 2904.0 -8.657491530070141 -0.0013326495756293367
189 255.99122191894196 829.7351889574888 0.6912434332105467 -0.22945472080252927 0.6043100512656847 25 513.0 3832.0 -8.958563751016268 -0.02589072464599211
190 378.17747430831866 829.3819183604887 0.6109807243833071 -0.31618303323612384 0.08602737120119064 25 868.0 6019.0 -9.448810858311974 -0.6821584782279256
191 154.27842776697378 831.0143678203826 0.4419953739248403 0.6150346738727133 -0.245106343340039 25 446.0 3075.0 -8.71961280027859 -0.22386423371063668
192 717.5219893412757 831.393299113777 0.40251838306592064 0.41944234823267457 -0.2337606481474343 25 797.0 11734.0 -10.173615209700781 -0.24358830610939858
193 657.2819270269495 833.4980388672343 0.5115820247179144 -0.661388083298095 -0.5139876312915141 25 514.0 5041.0 -9.256291743595376 -0.00186989571241683
194 414.5993720646149 833.4264501952159 0.5921834085590719 -0.6680634618486229 -0.4178133172632133 25 836.0 5050.0 -9.258228445296654 -0.7417246789944187
195 631.4546297650761 833.5630614738949 0.665820944400909 -0.5981075627573387 -0.5836528013492984 25 445.0 2284.0 -8.396740248934528 -0.012087828770777236
196 693.1955085422372 833.4246911491396 0.7041006656127399 -0.7408011578566723 -0.9028740290425175 25 683.0 5068.0 -9.262091515528509 -0.2628814250471129
197 771.5794796283645 833.4200068960478 0.6792949288101212 0.7302282257152478 -0.3043753252860297 25 487.0 2794.0 -8.615566004445407 -0.0954051273821922
