test_CNN/outputs/tables/00028_b05479m0s0_sources.ecsv
# %ECSV 1.0
# ---
# datatype:
# - {name: id, datatype: int64}
# - {name: x_centroid, datatype: float64}
# - {name: y_centroid, datatype: float64}
# - {name: sharpness, datatype: float64}
# - {name: roundness1, datatype: float64}
# - {name: roundness2, datatype: float64}
# - {name: n_pixels, datatype: int64}
# - {name: peak, datatype: float64}
# - {name: flux, datatype: float64}
# - {name: mag, datatype: float64}
# - {name: daofind_mag, datatype: float64}
# meta: !!omap
# - {date: '2026-05-30 01:36:37 Central Daylight Time'}
# - version: {Python: 3.11.15, astropy: 7.2.0, bottleneck: 1.6.0, gwcs: 1.0.3, matplotlib: 3.10.9, numpy: 2.4.6, photutils: 3.0.0, scipy: 1.17.1,
#     skimage: 0.26.0}
# schema: astropy-2.0
id x_centroid y_centroid sharpness roundness1 roundness2 n_pixels peak flux mag daofind_mag
1 660.9754260689479 3.815255808036179 0.4935684496496326 -0.39023367683836757 0.18263992835057336 25 1269.0 11742.0 -10.174355190104112 -0.06638616612584207
2 208.98843551727686 14.13804472602466 0.5909440465796255 0.25240828437173785 0.035984577834221265 25 1342.0 11662.0 -10.166932592712563 -0.005718347160537672
3 770.2587838473814 58.49785951377153 0.6168212690535809 -0.20456930098843368 0.2608169278601103 25 1267.0 8750.0 -9.855020132555783 -0.016960645855577182
4 682.2499432267664 212.87447976330677 0.5172102997471267 -0.37549677932362896 0.08372871374739228 25 1319.0 10409.0 -10.043522521340527 -0.1458421367844111
5 683.9091722029365 247.52966781253917 0.4144954030210052 -0.29294794740451485 0.02698770404100869 25 1515.0 15125.0 -10.449238458311266 -0.27318848605311263
6 452.97888608123185 278.44907211192645 0.4126826032493427 -0.7472641666130946 0.3687941346617601 25 1784.0 23333.0 -10.919926452608484 -0.2347082078577024
7 18.027124862726204 289.0898847722489 0.5137305865049122 0.03902788512590762 0.2021898294513466 25 1465.0 17576.0 -10.612300109781135 -0.015425237582747022
8 744.8613994128009 323.74062238950125 0.6440382546274058 0.23913490717731412 0.3976236847595071 25 1493.0 11290.0 -10.13173485481242 -0.1404139839817296
9 793.4164178682178 386.31892354708566 0.5031444735837084 0.28545549907215717 0.46804727738483093 25 1252.0 10952.0 -10.098733587814834 -0.039620947005398484
10 446.64716288438547 426.34194221598364 0.4209533749656412 -0.25892055556121296 0.2025678513249128 25 2649.0 40293.0 -11.513074009556926 -0.3630398598597098
11 775.0741454818345 436.622038360902 0.6149787031880908 -0.14152791458606784 0.35840708637698476 25 1626.0 14419.0 -10.397337854574795 -0.19167280594230468
12 797.7828717814526 525.6613829403802 0.3772856351208955 0.25286371744885167 0.36914078046367493 25 1175.0 12058.0 -10.203188198823334 -0.04988737332038483
13 751.7054010547838 527.3252102160582 0.5536909574694892 -0.6615224600036242 0.06552233380287978 25 1361.0 11890.0 -10.18795463654673 -0.08588381336871173
14 744.9257403591242 613.0995756506057 0.44177822974160263 0.08014716666864313 0.07154217557753333 25 1420.0 17165.0 -10.586609519404423 -0.031109034863731237
15 772.695017643036 633.6561418556755 0.431132033607777 -0.5540260248080986 0.6560763310502864 25 1391.0 16344.0 -10.53339588406098 -0.03988783540022565
16 711.5686682601346 653.1996972402425 0.5482180797242511 0.38869411457585146 0.4067168840953493 25 1415.0 14129.0 -10.375278562821954 -0.008191439404801205
17 583.758663688466 683.6986860930872 0.49039728561133417 -0.4537978446396001 -0.016697036733318415 25 1622.0 19809.0 -10.742156379981683 -0.05499770005255144
18 52.70293303988808 712.8877422546628 0.44464055692675175 0.17975682882694458 0.1733199825375046 25 1509.0 18477.0 -10.666578647024792 -0.023102560258668012
19 692.5326487347896 806.4189952090279 0.4693161101048389 -0.2651787993375762 0.28365474479596137 25 2356.0 33529.0 -11.313551502051155 -0.33641853018130063
