test_CNN/outputs/tables/00030_b05485m0s0_sources.ecsv
# %ECSV 1.0
# ---
# datatype:
# - {name: id, datatype: int64}
# - {name: x_centroid, datatype: float64}
# - {name: y_centroid, datatype: float64}
# - {name: sharpness, datatype: float64}
# - {name: roundness1, datatype: float64}
# - {name: roundness2, datatype: float64}
# - {name: n_pixels, datatype: int64}
# - {name: peak, datatype: float64}
# - {name: flux, datatype: float64}
# - {name: mag, datatype: float64}
# - {name: daofind_mag, datatype: float64}
# - {name: aperture_flux, datatype: float64}
# - {name: inst_mag, datatype: float64}
# meta: !!omap
# - {date: '2026-06-11 15:15:13 Eastern Daylight Time'}
# - version: {Python: 3.11.15, astropy: 7.2.0, bottleneck: 1.6.0, gwcs: 1.0.3, matplotlib: 3.10.9, numpy: 2.4.6, photutils: 3.0.0, scipy: 1.17.1,
#     skimage: 0.26.0}
# schema: astropy-2.0
id x_centroid y_centroid sharpness roundness1 roundness2 n_pixels peak flux mag daofind_mag aperture_flux inst_mag
1 123.64332670976735 12.399132970401697 0.5002032982229863 -0.29876658462236666 0.4256425783206624 25 1840.0 19588.0 -10.729975238365451 -0.2920131158310561 28398.942028668946 -11.133255402963586
2 82.18400507858892 21.057995705422602 0.4836242946780952 -0.34979476468059034 0.04040445954193914 25 2648.0 36401.0 -11.402783286630635 -0.36812966439854466 50356.802544853985 -11.755145365880491
3 743.7132325962983 26.046042413615993 0.4347742573940941 -0.38346398443098706 0.09243041764015991 25 1393.0 13508.0 -10.326477629908435 -0.14673784131699205 14480.417108558746 -10.401952679745431
4 245.15323416908348 27.529377850703046 0.46394288298338016 -0.6029882061122998 0.3248927231208754 25 1466.0 14935.0 -10.435513067350367 -0.09303891133316416 17976.432048909646 -10.63675874362705
5 512.423870124936 31.961625029961866 0.38077727805250644 0.4536618653469759 0.02818890775369553 25 1270.0 11512.0 -10.152876952321373 -0.14195229741001997 8915.011211435452 -9.875304734191078
6 445.0835590906043 46.54123833957021 0.5949773023187606 -0.24552737085374848 0.44577061963514847 25 1493.0 12613.0 -10.252045989328842 -0.10730090795565336 19860.6880869192 -10.74498572711233
7 556.095224201359 52.8109080309397 0.5000326045080691 -0.001797988730284801 0.2284955351730503 25 1746.0 20012.0 -10.753226235528428 -0.1164718393582425 29688.85089303302 -11.181483471383793
8 782.3647826417448 58.063436733188304 0.4392593392243303 -0.2078783095387759 0.14891301578451396 25 1857.0 17942.0 -10.634677130849205 -0.41672522566942455 16467.723029282544 -10.541583884964432
9 741.3963333216919 59.806483958983506 0.38627051044401667 -0.38144191169909664 0.3677023253999086 25 1488.0 17956.0 -10.635523991824039 -0.08955344158490099 28910.970871068035 -11.15265669033781
10 517.5407220561759 62.72210366463117 0.4326134353920677 -0.00445274455018206 0.26223882619753686 25 3125.0 43644.0 -11.59981136775584 -0.5961635429197174 54506.99427701192 -11.841130585095902
11 622.1952979633364 64.83211010487516 0.5460615304243707 -0.25238163931041224 0.42472523352019226 25 1885.0 19069.0 -10.70081979686919 -0.24295249551926112 21651.089281793553 -10.838699377262923
12 292.1217587967441 68.73511336557729 0.4256954250234346 0.17768034695278465 0.6489382718130818 25 2705.0 36922.0 -11.41821304490408 -0.47177447939327477 57202.59394102394 -11.893539307503998
13 795.5792326156229 75.39939681380794 0.5785172425316137 0.06629683125777354 0.35435040003307505 25 2283.0 21996.0 -10.855859277524605 -0.4427778326950024 31494.460006009696 -11.24558541618681
14 635.1658551054186 84.3789826225669 0.44534922374331387 0.11540062415588195 -0.07252699913793932 25 2910.0 40977.0 -11.531350399368787 -0.47944110472321494 74911.91398405365 -12.186377233369488
15 203.08692378065163 85.84704820604462 0.572437386683502 0.11553932398818126 0.5478334810833414 25 2024.0 22258.0 -10.868715345191433 -0.22038823004015703 34649.25074283976 -11.349234619608495
16 544.592566213081 87.93468700321291 0.34757172053007857 -0.4166867320448043 -0.12688949878635486 25 3565.0 60786.0 -11.959508914346795 -0.49119625567224445 89358.57540707792 -12.377840591132333
17 707.1970168251587 92.25453506594633 0.44644674539735085 0.19559534352907776 0.07234494920805284 25 1749.0 19707.0 -10.736551291468553 -0.2261020327140053 25947.460629896268 -11.03523715417153
18 608.3875140796121 94.1466062272898 0.48395298345176285 0.020046940923553858 -0.47107056485840737 25 2045.0 27951.0 -11.115993375521487 -0.11402790791724449 51885.348181081645 -11.787611838625532
19 781.977096825847 117.42220034673521 0.4227118959043194 -0.05108838139563288 0.024820818925279434 25 1940.0 23229.0 -10.915076284957985 -0.3213941618042142 33109.17966983151 -11.299871051451376
20 276.2226325117912 124.5546323942724 0.3854251746585537 -0.4933494418401141 -0.1748452447368702 25 2528.0 36769.0 -11.413704546497858 -0.39478317095470516 55197.528136964946 -11.854799073828751
21 811.9028680697303 135.59764631158657 0.5425212554425459 -0.2458877585281003 -0.13759472081865434 25 1356.0 12446.0 -10.237574491621128 -0.01667184889561817 13107.825884842512 -10.293826659714064
22 558.1313291194693 145.26811586639633 0.5223140087669637 0.4487055631935854 0.2200519104400583 25 1279.0 8483.0 -9.82137366750416 -0.15037233252103774 2825.851865993733 -8.627873479885652
23 622.7666570329718 146.91363341784384 0.4728805177058118 -0.6631659057331227 -0.2273810507341943 25 1588.0 17578.0 -10.612423650340494 -0.08541303438863992 22158.482839829885 -10.863850053854167
24 828.6506606923099 158.3643168443856 0.42006967814999474 0.9694658399902286 -0.008725776184807538 25 2880.0 42724.0 -11.57667976598548 -0.4613732925362895 64410.520270027555 -12.022392017859096
25 675.0381415486304 160.21977123341307 0.4570500424358657 0.9170683237888121 0.45989128221175474 25 1513.0 15831.0 -10.498770872241964 -0.1323039653638242 23448.424553849018 -10.925284171939635
26 315.1130149214882 164.0247788326824 0.5417004312269618 -0.4283051053631038 -0.018616938039712545 25 2459.0 26559.0 -11.06052929734821 -0.47293152646075876 33205.51872157248 -11.303025672448825
27 207.98458812675833 167.52047556626493 0.36170155279050803 -0.41266313109794156 0.31646168177113493 25 1591.0 20823.0 -10.796358247805053 -0.1283455748268519 28237.801813429276 -11.127077214531663
28 455.97924966011954 166.63558601765627 0.5703925824061794 -0.13370062444162648 0.44037189399995674 25 1912.0 23170.0 -10.91231508447494 -0.06592438130145316 38653.951496905946 -11.467984743409566
29 705.9851857354889 178.44479600378173 0.44024858360671265 -0.2665534845854077 0.15086429966097362 25 1718.0 21567.0 -10.834474345827994 -0.1454623834859554 36737.60843961217 -11.412777202509815
30 831.1944811871947 188.77486877892628 0.4441913956253101 0.1930724785403907 -0.17810035565417875 25 1437.0 14624.0 -10.41266544597439 -0.14055503951605589 14117.076763413606 -10.374361940629282
31 467.6815965834795 193.40133064714652 0.5945681858038115 -0.1773686018466978 0.45029511293423635 25 1842.0 18939.0 -10.69339261011754 -0.14899581972514347 26572.591044999517 -11.061084759349182
32 209.056292072766 196.81664384266645 0.3734014836454318 0.09787208256832051 0.296356484304255 25 2638.0 36280.0 -11.399168195970145 -0.5608715515869727 49778.59563892104 -11.742606600163633
33 766.6180042719669 203.3907108206092 0.44364284934372855 -0.29296049772169563 0.0847874194607945 25 2510.0 30682.0 -11.217209163995307 -0.511869345460372 39858.41448530352 -11.501300047628503
34 723.8051002644846 210.3210842251807 0.6136829825328876 -0.5958962273790063 0.3350544561943639 25 1527.0 12770.0 -10.26547724315854 -0.06012863936036916 17377.68736470338 -10.599979949329978
35 336.40018298838555 212.83805822225148 0.45130071800618954 -0.15075405343565026 0.3368118807356404 25 2838.0 37365.0 -11.431162466480469 -0.5330013622965606 50900.533639822796 -11.766805838730674
36 438.2823676050567 214.12309253480475 0.45617102576781904 -0.033513931335613194 0.18754189992949916 25 1243.0 11343.0 -10.136819830205495 -0.04060836037538339 12070.08898607327 -10.20427617980388
37 414.75979334988483 216.46050639625088 0.4567421027843271 -0.7246066876428024 0.4735079951710533 25 1739.0 19078.0 -10.701332111128457 -0.2470041340067666 25036.86096541084 -10.996449694047882
38 113.09974592907759 232.44113526111434 0.3650455554495498 0.06166316994546928 0.20430267169189534 25 1565.0 18374.0 -10.660509280098083 -0.21133099148186954 22747.623853448124 -10.892340095754168
39 659.6968369246914 232.43156133294798 0.41308602601046923 0.32940392374795047 0.3549514441488716 25 2501.0 30098.0 -11.196344094647245 -0.603899092415172 40563.80047181394 -11.520346594524689
40 37.8543894439293 247.35625997911677 0.40888613794117984 -0.6282354200059652 -0.09584815403360486 25 1685.0 21750.0 -10.843648153226638 -0.10357321503472783 24475.356188328522 -10.971822551954025
41 651.3531024039971 264.2659218569712 0.5912492513271377 -0.31712948311938466 0.5413810656287569 25 1406.0 9642.0 -9.960417817867471 -0.0760485836721223 4194.098149431258 -9.056596473798297
42 829.0697093572663 268.73395994345657 0.5603422094219366 0.19279679635053057 0.4481633687351487 25 1508.0 11349.0 -10.137393990031017 -0.19704576761787304 13051.502194213008 -10.289151251812482
43 406.7468999074607 270.2244131912555 0.42527665631429734 0.8395304235638448 0.28477549961362236 25 1847.0 23773.0 -10.940209975905903 -0.13792656310494752 31941.37860194178 -11.260884141301355
44 537.01150599999 284.94426587404445 0.5129576637701161 0.34676030140011965 0.4488380697443294 25 1426.0 14342.0 -10.391524295414246 -0.03383593452948532 15919.738201061944 -10.504839803797932
45 628.0765380667863 285.04600912631355 0.4803262195615345 -0.6085352002156381 0.24911321058153713 25 2501.0 29705.0 -11.182073891781766 -0.4976872805173385 35196.8883032602 -11.366260674855921
46 242.8163208649879 288.0407771887997 0.5841990801355199 -0.5100692197776597 0.2862712800699399 25 2396.0 30060.0 -11.194972440627225 -0.2750102159032204 55708.6101131829 -11.864805808206363
47 460.14741433426104 289.7798459865397 0.40849255072901414 -0.5981646744365984 -0.1448586121826913 25 1545.0 18127.0 -10.645814836872432 -0.10650652074603771 23627.730192126794 -10.93355500738374
48 802.4681380018106 291.54598485055584 0.5156590586558518 -0.6199611987423417 0.54047121049523 25 1735.0 20052.0 -10.75539423985254 -0.18034891408054365 29566.352402026016 -11.176994372408855
49 327.57869580623804 312.0571053208188 0.5464757159049204 -0.7452499418777004 0.4147587230094021 25 1847.0 21052.0 -10.808233403363099 -0.15212618706060482 24622.477577671463 -10.978329376583138
50 829.7199676697727 311.8532839516433 0.4351775773487553 0.7763757294467428 0.12746566316251348 25 1247.0 9670.0 -9.963566185207505 -0.17811426676799064 9696.82137782891 -9.966573489196124
51 619.7446404976096 314.49202136184533 0.5248769462844811 -0.0214424785409131 -0.2280109615719317 25 2181.0 24559.0 -10.975526697772617 -0.34552644158770396 39596.871224591356 -11.494152177971777
52 600.5153888743961 315.6483661441162 0.5763281685058492 0.7813041414824268 0.31235585979248875 25 1151.0 6638.0 -9.555093120181462 -0.008374313201777752 nan nan
53 712.0479585070186 331.35195357307725 0.570664380141138 0.23093832193392566 0.2860352613570263 25 1655.0 15110.0 -10.448161160847565 -0.15518482074619547 19879.131789122774 -10.745993532217256
54 644.4503801265196 338.0150115319937 0.5074764838047955 -0.06461997102471922 0.2682826812799336 25 1908.0 19073.0 -10.701047521940499 -0.3542945649228373 27304.04911805905 -11.090567641341085
55 686.5311774225669 359.5782471891188 0.49946830921933233 0.42290444717649595 0.6023503250171538 25 1457.0 15589.0 -10.482045642620736 -0.019356505504289162 20532.93294817055 -10.781127472334047
56 454.26025518329374 379.78498651849947 0.6229074665011463 -0.49052398586828333 0.2171676098888641 25 1761.0 17360.0 -10.598874302101182 -0.11083081524875246 26972.22494381071 -11.077291932406245
57 682.3997533271057 381.7576428304576 0.4765140178277137 0.056394611634404845 0.45642781578814057 25 1477.0 15264.0 -10.45917089340005 -0.035332723852820824 17188.185360956704 -10.588075071397274
58 397.2658539641412 384.6997091897127 0.4721327062244899 -0.2607413381492762 0.2534842509144723 25 1799.0 19655.0 -10.73368262039027 -0.23520428614920516 22161.039913636112 -10.863975339842835
59 496.3792055674685 385.0026537520246 0.4681578940458741 -0.6341136650663424 -0.029776375034349125 25 1828.0 20123.0 -10.759231817987793 -0.23284798708843452 25574.268333951557 -11.01950804407654
60 696.7510402392234 391.055768054091 0.38109911507347033 0.058541719642816535 0.33225976306106825 25 2162.0 27342.0 -11.09207569741523 -0.44826999260674877 33165.82014369032 -11.301726853134312
61 684.2408192789596 392.2409238110081 0.4658146822448423 -0.1905455475168872 -0.07897335545311979 25 2121.0 26024.0 -11.038435125684494 -0.28336957116660566 30161.40622064774 -11.19862896464808
62 6.9943786362410005 395.3331815471876 0.45350442585076256 -0.7734637977627096 0.5205843695637166 25 2094.0 26985.0 -11.07780605600308 -0.2792729724503412 40615.23308600517 -11.521722374855084
63 305.8105715330968 409.17042558911606 0.5421690378327831 0.46472985957691426 0.5631602520181435 25 1935.0 20049.0 -10.755231789608391 -0.2811877130720364 27147.760882901188 -11.084335038191357
64 184.04840164692231 415.3682895911276 0.45319101966132624 -0.9328564523998325 -0.3223430406314215 25 1943.0 27120.0 -11.083224212987563 -0.04981605469869519 36533.21530650217 -11.406719740919966
65 668.467133904818 416.4937977708144 0.5513088604656728 0.12043623328307883 0.15287947798524282 25 1733.0 16180.0 -10.522446293190635 -0.19951225154621383 19768.845325579685 -10.739953258593495
66 374.6979288270483 418.5726683867168 0.48527502474116113 -0.16915265188766745 0.41540283600307415 25 2015.0 24287.0 -10.96343468204058 -0.24500541090823003 32403.951374605575 -11.27649492949444
67 729.391823778117 422.7920681363064 0.5031194947748417 0.2547635102088719 0.40479613127122754 25 1599.0 15809.0 -10.497260998641831 -0.17400941274801465 20863.514331111397 -10.798468661239934
68 563.9129901136056 422.2457417277635 0.3861903788304858 -0.5673730924658703 0.3201422178014466 25 1650.0 20205.0 -10.763647136946668 -0.20271952981652405 33243.759319159144 -11.304275323524024
69 661.9192397276479 435.324231563078 0.39201650428294743 -0.15797235014947864 0.42910223163277944 25 2282.0 30537.0 -11.212065922711108 -0.39523991505858064 39501.64183930053 -11.491537867352848
70 357.90124271539895 436.98325941256 0.4782376047571333 0.30736168714244083 0.30700112883874103 25 1800.0 19000.0 -10.696884002382072 -0.26690493600589926 20851.217458455423 -10.797828543964245
71 720.3605306193757 448.398694073774 0.4009218535167216 -0.02065865458170066 -0.5892866667927459 25 2948.0 47040.0 -11.681168282670205 -0.3342121356740583 68048.39081684056 -12.082044649064049
72 514.6325462847312 452.58871620551946 0.44654523405330215 0.30848541240156196 0.16706606600108675 25 1399.0 15910.0 -10.504175449116453 -0.029582659468667883 24052.037420594625 -10.952879677142985
73 748.871033857537 455.02033765669955 0.5977600887473187 0.12246820706501393 0.4192941556233077 25 1777.0 15584.0 -10.481697348836352 -0.21499889417202872 22045.079894627313 -10.858279192781437
74 826.5483515279873 455.0886009425983 0.49580568959536225 -0.05071017666486588 0.4205274038259613 25 1712.0 17164.0 -10.586546264651586 -0.23293454288683377 17247.229697967425 -10.591798368305012
75 134.05710673078104 458.4620642057915 0.4953469378595726 -0.30075415221864715 0.19783386284771343 25 1250.0 9587.0 -9.954206818428213 -0.012074013816144131 1914.5355013570959 -8.20515855977343
76 356.06641653846054 457.7764923753089 0.3930065170804812 -0.4111815899925318 0.055202261320074504 25 2242.0 33974.0 -11.3278667061255 -0.15457991811099883 60042.228275510315 -11.946142003306871
77 479.005166187927 459.2982153875201 0.45089438281556093 0.10847955162588983 0.5815848065199136 25 1855.0 26620.0 -11.063020127846642 -0.024447523475534454 57097.03743470436 -11.891533937027106
78 330.3894929144537 462.8095142912548 0.4390709819733379 -0.23062924932880768 0.28711837383387273 25 1467.0 17687.0 -10.61913543954756 -0.0030086441911787555 26534.9929212654 -11.059547440271926
79 185.59727999557379 466.51817805358 0.37728037549188354 -0.43915041663298293 0.6570315991627094 25 1545.0 21208.0 -10.816249286812592 -0.04179233216569009 36584.077634484674 -11.408230274957402
80 643.3326342283956 475.20622777630336 0.5099514200195112 0.03449384530592966 -0.043748613458565816 25 2010.0 21551.0 -10.833668567263429 -0.3178563974838628 23389.747543205245 -10.922563835713072
81 755.4986871113394 489.46079403693363 0.3647386615984382 0.044058585978149205 0.6388803573205785 25 2439.0 32255.0 -11.271492615575172 -0.5494163467499436 43411.81285158955 -11.594019805244226
82 530.0278958033523 507.85131343619537 0.4700220647098474 -0.7210090671358611 0.49994516327800365 25 2719.0 36266.0 -11.398749143036685 -0.4690978835158028 51606.95442938071 -11.781770575133606
