test_CNN/outputs/tables/00030_b05485m0s0_sources.ecsv
# %ECSV 1.0
# ---
# datatype:
# - {name: id, datatype: int64}
# - {name: x_centroid, datatype: float64}
# - {name: y_centroid, datatype: float64}
# - {name: sharpness, datatype: float64}
# - {name: roundness1, datatype: float64}
# - {name: roundness2, datatype: float64}
# - {name: n_pixels, datatype: int64}
# - {name: peak, datatype: float64}
# - {name: flux, datatype: float64}
# - {name: mag, datatype: float64}
# - {name: daofind_mag, datatype: float64}
# meta: !!omap
# - {date: '2026-06-09 15:18:22 Eastern Daylight Time'}
# - version: {Python: 3.11.15, astropy: 7.2.0, bottleneck: 1.6.0, gwcs: 1.0.3, matplotlib: 3.10.9, numpy: 2.4.6, photutils: 3.0.0, scipy: 1.17.1,
#     skimage: 0.26.0}
# schema: astropy-2.0
id x_centroid y_centroid sharpness roundness1 roundness2 n_pixels peak flux mag daofind_mag
1 123.64332670976735 12.399132970401697 0.5002032982229863 -0.29876658462236666 0.4256425783206624 25 1840.0 19588.0 -10.729975238365451 -0.2920131158310561
2 82.18400507858892 21.057995705422602 0.4836242946780952 -0.34979476468059034 0.04040445954193914 25 2648.0 36401.0 -11.402783286630635 -0.36812966439854466
3 743.7132325962983 26.046042413615993 0.4347742573940941 -0.38346398443098706 0.09243041764015991 25 1393.0 13508.0 -10.326477629908435 -0.14673784131699205
4 245.15323416908348 27.529377850703046 0.46394288298338016 -0.6029882061122998 0.3248927231208754 25 1466.0 14935.0 -10.435513067350367 -0.09303891133316416
5 512.423870124936 31.961625029961866 0.38077727805250644 0.4536618653469759 0.02818890775369553 25 1270.0 11512.0 -10.152876952321373 -0.14195229741001997
6 445.0835590906043 46.54123833957021 0.5949773023187606 -0.24552737085374848 0.44577061963514847 25 1493.0 12613.0 -10.252045989328842 -0.10730090795565336
7 556.095224201359 52.8109080309397 0.5000326045080691 -0.001797988730284801 0.2284955351730503 25 1746.0 20012.0 -10.753226235528428 -0.1164718393582425
8 782.3647826417448 58.063436733188304 0.4392593392243303 -0.2078783095387759 0.14891301578451396 25 1857.0 17942.0 -10.634677130849205 -0.41672522566942455
9 741.3963333216919 59.806483958983506 0.38627051044401667 -0.38144191169909664 0.3677023253999086 25 1488.0 17956.0 -10.635523991824039 -0.08955344158490099
10 517.5407220561759 62.72210366463117 0.4326134353920677 -0.00445274455018206 0.26223882619753686 25 3125.0 43644.0 -11.59981136775584 -0.5961635429197174
11 622.1952979633364 64.83211010487516 0.5460615304243707 -0.25238163931041224 0.42472523352019226 25 1885.0 19069.0 -10.70081979686919 -0.24295249551926112
12 292.1217587967441 68.73511336557729 0.4256954250234346 0.17768034695278465 0.6489382718130818 25 2705.0 36922.0 -11.41821304490408 -0.47177447939327477
13 795.5792326156229 75.39939681380794 0.5785172425316137 0.06629683125777354 0.35435040003307505 25 2283.0 21996.0 -10.855859277524605 -0.4427778326950024
14 635.1658551054186 84.3789826225669 0.44534922374331387 0.11540062415588195 -0.07252699913793932 25 2910.0 40977.0 -11.531350399368787 -0.47944110472321494
15 203.08692378065163 85.84704820604462 0.572437386683502 0.11553932398818126 0.5478334810833414 25 2024.0 22258.0 -10.868715345191433 -0.22038823004015703
16 544.592566213081 87.93468700321291 0.34757172053007857 -0.4166867320448043 -0.12688949878635486 25 3565.0 60786.0 -11.959508914346795 -0.49119625567224445
17 707.1970168251587 92.25453506594633 0.44644674539735085 0.19559534352907776 0.07234494920805284 25 1749.0 19707.0 -10.736551291468553 -0.2261020327140053
18 608.3875140796121 94.1466062272898 0.48395298345176285 0.020046940923553858 -0.47107056485840737 25 2045.0 27951.0 -11.115993375521487 -0.11402790791724449
19 781.977096825847 117.42220034673521 0.4227118959043194 -0.05108838139563288 0.024820818925279434 25 1940.0 23229.0 -10.915076284957985 -0.3213941618042142
20 276.2226325117912 124.5546323942724 0.3854251746585537 -0.4933494418401141 -0.1748452447368702 25 2528.0 36769.0 -11.413704546497858 -0.39478317095470516
21 811.9028680697303 135.59764631158657 0.5425212554425459 -0.2458877585281003 -0.13759472081865434 25 1356.0 12446.0 -10.237574491621128 -0.01667184889561817
22 558.1313291194693 145.26811586639633 0.5223140087669637 0.4487055631935854 0.2200519104400583 25 1279.0 8483.0 -9.82137366750416 -0.15037233252103774
23 622.7666570329718 146.91363341784384 0.4728805177058118 -0.6631659057331227 -0.2273810507341943 25 1588.0 17578.0 -10.612423650340494 -0.08541303438863992
24 828.6506606923099 158.3643168443856 0.42006967814999474 0.9694658399902286 -0.008725776184807538 25 2880.0 42724.0 -11.57667976598548 -0.4613732925362895
25 675.0381415486304 160.21977123341307 0.4570500424358657 0.9170683237888121 0.45989128221175474 25 1513.0 15831.0 -10.498770872241964 -0.1323039653638242
26 315.1130149214882 164.0247788326824 0.5417004312269618 -0.4283051053631038 -0.018616938039712545 25 2459.0 26559.0 -11.06052929734821 -0.47293152646075876
27 207.98458812675833 167.52047556626493 0.36170155279050803 -0.41266313109794156 0.31646168177113493 25 1591.0 20823.0 -10.796358247805053 -0.1283455748268519
28 455.97924966011954 166.63558601765627 0.5703925824061794 -0.13370062444162648 0.44037189399995674 25 1912.0 23170.0 -10.91231508447494 -0.06592438130145316
29 705.9851857354889 178.44479600378173 0.44024858360671265 -0.2665534845854077 0.15086429966097362 25 1718.0 21567.0 -10.834474345827994 -0.1454623834859554
30 831.1944811871947 188.77486877892628 0.4441913956253101 0.1930724785403907 -0.17810035565417875 25 1437.0 14624.0 -10.41266544597439 -0.14055503951605589
31 467.6815965834795 193.40133064714652 0.5945681858038115 -0.1773686018466978 0.45029511293423635 25 1842.0 18939.0 -10.69339261011754 -0.14899581972514347
32 209.056292072766 196.81664384266645 0.3734014836454318 0.09787208256832051 0.296356484304255 25 2638.0 36280.0 -11.399168195970145 -0.5608715515869727
33 766.6180042719669 203.3907108206092 0.44364284934372855 -0.29296049772169563 0.0847874194607945 25 2510.0 30682.0 -11.217209163995307 -0.511869345460372
34 723.8051002644846 210.3210842251807 0.6136829825328876 -0.5958962273790063 0.3350544561943639 25 1527.0 12770.0 -10.26547724315854 -0.06012863936036916
35 336.40018298838555 212.83805822225148 0.45130071800618954 -0.15075405343565026 0.3368118807356404 25 2838.0 37365.0 -11.431162466480469 -0.5330013622965606
36 438.2823676050567 214.12309253480475 0.45617102576781904 -0.033513931335613194 0.18754189992949916 25 1243.0 11343.0 -10.136819830205495 -0.04060836037538339
37 414.75979334988483 216.46050639625088 0.4567421027843271 -0.7246066876428024 0.4735079951710533 25 1739.0 19078.0 -10.701332111128457 -0.2470041340067666
38 113.09974592907759 232.44113526111434 0.3650455554495498 0.06166316994546928 0.20430267169189534 25 1565.0 18374.0 -10.660509280098083 -0.21133099148186954
39 659.6968369246914 232.43156133294798 0.41308602601046923 0.32940392374795047 0.3549514441488716 25 2501.0 30098.0 -11.196344094647245 -0.603899092415172
40 37.8543894439293 247.35625997911677 0.40888613794117984 -0.6282354200059652 -0.09584815403360486 25 1685.0 21750.0 -10.843648153226638 -0.10357321503472783
41 651.3531024039971 264.2659218569712 0.5912492513271377 -0.31712948311938466 0.5413810656287569 25 1406.0 9642.0 -9.960417817867471 -0.0760485836721223
42 829.0697093572663 268.73395994345657 0.5603422094219366 0.19279679635053057 0.4481633687351487 25 1508.0 11349.0 -10.137393990031017 -0.19704576761787304
43 406.7468999074607 270.2244131912555 0.42527665631429734 0.8395304235638448 0.28477549961362236 25 1847.0 23773.0 -10.940209975905903 -0.13792656310494752
44 537.01150599999 284.94426587404445 0.5129576637701161 0.34676030140011965 0.4488380697443294 25 1426.0 14342.0 -10.391524295414246 -0.03383593452948532
45 628.0765380667863 285.04600912631355 0.4803262195615345 -0.6085352002156381 0.24911321058153713 25 2501.0 29705.0 -11.182073891781766 -0.4976872805173385
46 242.8163208649879 288.0407771887997 0.5841990801355199 -0.5100692197776597 0.2862712800699399 25 2396.0 30060.0 -11.194972440627225 -0.2750102159032204
47 460.14741433426104 289.7798459865397 0.40849255072901414 -0.5981646744365984 -0.1448586121826913 25 1545.0 18127.0 -10.645814836872432 -0.10650652074603771
48 802.4681380018106 291.54598485055584 0.5156590586558518 -0.6199611987423417 0.54047121049523 25 1735.0 20052.0 -10.75539423985254 -0.18034891408054365
49 327.57869580623804 312.0571053208188 0.5464757159049204 -0.7452499418777004 0.4147587230094021 25 1847.0 21052.0 -10.808233403363099 -0.15212618706060482
50 829.7199676697727 311.8532839516433 0.4351775773487553 0.7763757294467428 0.12746566316251348 25 1247.0 9670.0 -9.963566185207505 -0.17811426676799064
51 619.7446404976096 314.49202136184533 0.5248769462844811 -0.0214424785409131 -0.2280109615719317 25 2181.0 24559.0 -10.975526697772617 -0.34552644158770396
52 600.5153888743961 315.6483661441162 0.5763281685058492 0.7813041414824268 0.31235585979248875 25 1151.0 6638.0 -9.555093120181462 -0.008374313201777752
53 712.0479585070186 331.35195357307725 0.570664380141138 0.23093832193392566 0.2860352613570263 25 1655.0 15110.0 -10.448161160847565 -0.15518482074619547
54 644.4503801265196 338.0150115319937 0.5074764838047955 -0.06461997102471922 0.2682826812799336 25 1908.0 19073.0 -10.701047521940499 -0.3542945649228373
55 686.5311774225669 359.5782471891188 0.49946830921933233 0.42290444717649595 0.6023503250171538 25 1457.0 15589.0 -10.482045642620736 -0.019356505504289162
56 454.26025518329374 379.78498651849947 0.6229074665011463 -0.49052398586828333 0.2171676098888641 25 1761.0 17360.0 -10.598874302101182 -0.11083081524875246
57 682.3997533271057 381.7576428304576 0.4765140178277137 0.056394611634404845 0.45642781578814057 25 1477.0 15264.0 -10.45917089340005 -0.035332723852820824
58 397.2658539641412 384.6997091897127 0.4721327062244899 -0.2607413381492762 0.2534842509144723 25 1799.0 19655.0 -10.73368262039027 -0.23520428614920516
59 496.3792055674685 385.0026537520246 0.4681578940458741 -0.6341136650663424 -0.029776375034349125 25 1828.0 20123.0 -10.759231817987793 -0.23284798708843452
60 696.7510402392234 391.055768054091 0.38109911507347033 0.058541719642816535 0.33225976306106825 25 2162.0 27342.0 -11.09207569741523 -0.44826999260674877
61 684.2408192789596 392.2409238110081 0.4658146822448423 -0.1905455475168872 -0.07897335545311979 25 2121.0 26024.0 -11.038435125684494 -0.28336957116660566
62 6.9943786362410005 395.3331815471876 0.45350442585076256 -0.7734637977627096 0.5205843695637166 25 2094.0 26985.0 -11.07780605600308 -0.2792729724503412
63 305.8105715330968 409.17042558911606 0.5421690378327831 0.46472985957691426 0.5631602520181435 25 1935.0 20049.0 -10.755231789608391 -0.2811877130720364
64 184.04840164692231 415.3682895911276 0.45319101966132624 -0.9328564523998325 -0.3223430406314215 25 1943.0 27120.0 -11.083224212987563 -0.04981605469869519
65 668.467133904818 416.4937977708144 0.5513088604656728 0.12043623328307883 0.15287947798524282 25 1733.0 16180.0 -10.522446293190635 -0.19951225154621383
66 374.6979288270483 418.5726683867168 0.48527502474116113 -0.16915265188766745 0.41540283600307415 25 2015.0 24287.0 -10.96343468204058 -0.24500541090823003
67 729.391823778117 422.7920681363064 0.5031194947748417 0.2547635102088719 0.40479613127122754 25 1599.0 15809.0 -10.497260998641831 -0.17400941274801465
68 563.9129901136056 422.2457417277635 0.3861903788304858 -0.5673730924658703 0.3201422178014466 25 1650.0 20205.0 -10.763647136946668 -0.20271952981652405
69 661.9192397276479 435.324231563078 0.39201650428294743 -0.15797235014947864 0.42910223163277944 25 2282.0 30537.0 -11.212065922711108 -0.39523991505858064
70 357.90124271539895 436.98325941256 0.4782376047571333 0.30736168714244083 0.30700112883874103 25 1800.0 19000.0 -10.696884002382072 -0.26690493600589926
71 720.3605306193757 448.398694073774 0.4009218535167216 -0.02065865458170066 -0.5892866667927459 25 2948.0 47040.0 -11.681168282670205 -0.3342121356740583
72 514.6325462847312 452.58871620551946 0.44654523405330215 0.30848541240156196 0.16706606600108675 25 1399.0 15910.0 -10.504175449116453 -0.029582659468667883
73 748.871033857537 455.02033765669955 0.5977600887473187 0.12246820706501393 0.4192941556233077 25 1777.0 15584.0 -10.481697348836352 -0.21499889417202872
74 826.5483515279873 455.0886009425983 0.49580568959536225 -0.05071017666486588 0.4205274038259613 25 1712.0 17164.0 -10.586546264651586 -0.23293454288683377
75 134.05710673078104 458.4620642057915 0.4953469378595726 -0.30075415221864715 0.19783386284771343 25 1250.0 9587.0 -9.954206818428213 -0.012074013816144131
76 356.06641653846054 457.7764923753089 0.3930065170804812 -0.4111815899925318 0.055202261320074504 25 2242.0 33974.0 -11.3278667061255 -0.15457991811099883
77 479.005166187927 459.2982153875201 0.45089438281556093 0.10847955162588983 0.5815848065199136 25 1855.0 26620.0 -11.063020127846642 -0.024447523475534454
78 330.3894929144537 462.8095142912548 0.4390709819733379 -0.23062924932880768 0.28711837383387273 25 1467.0 17687.0 -10.61913543954756 -0.0030086441911787555
79 185.59727999557379 466.51817805358 0.37728037549188354 -0.43915041663298293 0.6570315991627094 25 1545.0 21208.0 -10.816249286812592 -0.04179233216569009
80 643.3326342283956 475.20622777630336 0.5099514200195112 0.03449384530592966 -0.043748613458565816 25 2010.0 21551.0 -10.833668567263429 -0.3178563974838628
81 755.4986871113394 489.46079403693363 0.3647386615984382 0.044058585978149205 0.6388803573205785 25 2439.0 32255.0 -11.271492615575172 -0.5494163467499436
82 530.0278958033523 507.85131343619537 0.4700220647098474 -0.7210090671358611 0.49994516327800365 25 2719.0 36266.0 -11.398749143036685 -0.4690978835158028
83 719.5866345892749 507.70780885032684 0.4184683741239618 0.09966509935716174 0.3550751298886968 25 1263.0 10442.0 -10.046959222186743 -0.15236454944435573
84 506.04436424872796 509.88276637206025 0.39397606822445685 0.5053330126348545 0.21924801503276647 25 2266.0 31002.0 -11.228474279823264 -0.3369659160725139
85 656.244598549243 511.5081198456939 0.527304335548792 -0.38185796529727467 0.3090329681965709 25 1465.0 15014.0 -10.441241028825916 -0.011089084946090554
86 509.4915466206998 525.7725350477274 0.3599067681087986 -0.5342506111944482 -0.06368396358142743 25 2456.0 35948.0 -11.389186832546507 -0.40942613817838547
87 799.966290228191 532.0777785561824 0.5871126318153641 0.7050660840775311 0.5231632980811726 25 2092.0 22010.0 -10.85655010638337 -0.26932648754328525
88 709.5411783038745 542.5312877710975 0.346776859788216 -0.20322321438966415 0.056727977561626626 25 1811.0 22274.0 -10.869495538312048 -0.37592770604055853
89 232.24102965078697 544.0773065857741 0.3949830766234108 0.3675203049951342 0.7283281799185545 25 1365.0 16131.0 -10.519153227991954 -0.017180647557850547
90 260.2722611983274 565.3448095874885 0.4916091982913193 -0.654919751023577 0.13253431554713768 25 1853.0 21117.0 -10.811580549807276 -0.20057533770214975
91 100.5856693993207 569.1525409474646 0.4995822142764984 -0.2525239524932154 0.25911617980907165 25 1947.0 23453.0 -10.925496008897769 -0.18095010972730793
92 822.1397730903122 575.4894411459679 0.5176033270958831 0.05272496352167353 0.4971517219183923 25 1413.0 13357.0 -10.314272314931632 -0.022841984087956412
93 53.87214461104805 578.1250432520396 0.4153923764527214 -0.6870254895279733 0.40492532703030926 25 2195.0 31894.0 -11.259272474729269 -0.2096859670601944
94 416.2242585493051 581.9225040463032 0.5895476988497456 0.7839917027495622 0.4089733108207777 25 2023.0 22902.0 -10.899683525831856 -0.19686096914193044
95 230.98915370612247 607.1138331659342 0.5348701621181479 0.48005423378963025 0.745729981744671 25 1915.0 19904.0 -10.747350907526812 -0.26335974239116455
96 744.3145302544792 618.5749342213019 0.6025807354827015 0.5326269128260782 0.1330936727413898 25 1447.0 12333.0 -10.227671828750031 -0.06089547669123064
97 538.9365058556416 634.9999220065278 0.39215607553406445 -0.11751475656636878 0.628987532684143 25 1689.0 19883.0 -10.746204781283708 -0.26513464232557343
98 773.9217122092252 634.6205422063196 0.37892768250538217 0.4840209028080025 0.2426789769070525 25 1712.0 19946.0 -10.749639536760668 -0.28110575194950355
99 480.2260395272613 641.8269525509435 0.4537097467656066 -0.46176714355356496 -0.11631892707976846 25 1755.0 22198.0 -10.86578461764779 -0.1215897712313814
100 831.8685163578149 652.0436925715038 0.38214802629066263 -0.30332326465213716 0.16900850927235617 25 1989.0 24792.0 -10.985778908078066 -0.34742172299169866
101 438.1748666854053 666.3086208306144 0.4834634929125418 -0.547111769023765 0.04088007393428184 25 1668.0 19664.0 -10.734179663855947 -0.08412257203185601
102 161.9775756826356 676.0883178365901 0.40482653441960936 -0.5728275269976143 0.45948713457621093 25 1999.0 27651.0 -11.104277105523915 -0.19245914465578187
103 541.696890787608 690.6529447345996 0.44804088350847926 -0.4437988952676833 0.7526252867506587 25 1899.0 27613.0 -11.102783982250784 -0.02903448419119682
104 27.561867212158365 696.8884492646131 0.3982471608540642 -0.8864643194219446 -0.195951178533595 25 2228.0 32599.0 -11.283010694867471 -0.24372191386962974
105 815.7067035954011 716.902099956483 0.5036109816088972 -0.5797068973075051 0.5409673595207175 25 1798.0 22473.0 -10.87915262947668 -0.06273133142333491
106 586.9675473266334 753.5659907977188 0.35859273603928943 -0.8280711214805416 -0.03391187436658037 25 2762.0 47416.0 -11.689812285577403 -0.21282299276051075
107 699.9848632177864 761.31744823028 0.4799296308796783 -0.6911264600019683 0.468242162197657 25 2095.0 28170.0 -11.124467117464434 -0.2462640184806203
108 646.2852031896366 783.9169588624712 0.4658065291719785 -0.7451966188947999 0.11200417785687558 25 2164.0 31084.0 -11.231342250720333 -0.13557762502405057
109 484.16969581609897 831.9939362816644 0.4709520932958013 -0.7163780450825051 0.2446036556332519 25 2000.0 25621.0 -11.021490191156957 -0.22406512669640152
