test_CNN/outputs/tables/00030_b05485m0s0_sources.ecsv
# %ECSV 1.0
# ---
# datatype:
# - {name: id, datatype: int64}
# - {name: x_centroid, datatype: float64}
# - {name: y_centroid, datatype: float64}
# - {name: sharpness, datatype: float64}
# - {name: roundness1, datatype: float64}
# - {name: roundness2, datatype: float64}
# - {name: n_pixels, datatype: int64}
# - {name: peak, datatype: float64}
# - {name: flux, datatype: float64}
# - {name: mag, datatype: float64}
# - {name: daofind_mag, datatype: float64}
# - {name: aperture_flux, datatype: float64}
# - {name: inst_mag, datatype: float64}
# meta: !!omap
# - {date: '2026-06-11 15:15:13 Eastern Daylight Time'}
# - version: {Python: 3.11.15, astropy: 7.2.0, bottleneck: 1.6.0, gwcs: 1.0.3, matplotlib: 3.10.9, numpy: 2.4.6, photutils: 3.0.0, scipy: 1.17.1,
#     skimage: 0.26.0}
# schema: astropy-2.0
id x_centroid y_centroid sharpness roundness1 roundness2 n_pixels peak flux mag daofind_mag aperture_flux inst_mag
[from data line 83]
84 506.04436424872796 509.88276637206025 0.39397606822445685 0.5053330126348545 0.21924801503276647 25 2266.0 31002.0 -11.228474279823264 -0.3369659160725139 46441.41380409263 -11.667263580959288
85 656.244598549243 511.5081198456939 0.527304335548792 -0.38185796529727467 0.3090329681965709 25 1465.0 15014.0 -10.441241028825916 -0.011089084946090554 23781.88496536056 -10.940615685169599
86 509.4915466206998 525.7725350477274 0.3599067681087986 -0.5342506111944482 -0.06368396358142743 25 2456.0 35948.0 -11.389186832546507 -0.40942613817838547 52998.868921453155 -11.810666502944747
87 799.966290228191 532.0777785561824 0.5871126318153641 0.7050660840775311 0.5231632980811726 25 2092.0 22010.0 -10.85655010638337 -0.26932648754328525 32313.8775667073 -11.273472687893255
88 709.5411783038745 542.5312877710975 0.346776859788216 -0.20322321438966415 0.056727977561626626 25 1811.0 22274.0 -10.869495538312048 -0.37592770604055853 37851.29200671753 -11.445201770476059
89 232.24102965078697 544.0773065857741 0.3949830766234108 0.3675203049951342 0.7283281799185545 25 1365.0 16131.0 -10.519153227991954 -0.017180647557850547 24781.517127461284 -10.985319726035947
90 260.2722611983274 565.3448095874885 0.4916091982913193 -0.654919751023577 0.13253431554713768 25 1853.0 21117.0 -10.811580549807276 -0.20057533770214975 26561.118918405893 -11.060615915619266
91 100.5856693993207 569.1525409474646 0.4995822142764984 -0.2525239524932154 0.25911617980907165 25 1947.0 23453.0 -10.925496008897769 -0.18095010972730793 33308.85942467927 -11.306399404149978
92 822.1397730903122 575.4894411459679 0.5176033270958831 0.05272496352167353 0.4971517219183923 25 1413.0 13357.0 -10.314272314931632 -0.022841984087956412 20516.04067993392 -10.780233878822722
93 53.87214461104805 578.1250432520396 0.4153923764527214 -0.6870254895279733 0.40492532703030926 25 2195.0 31894.0 -11.259272474729269 -0.2096859670601944 49639.43509977889 -11.739567076383572
94 416.2242585493051 581.9225040463032 0.5895476988497456 0.7839917027495622 0.4089733108207777 25 2023.0 22902.0 -10.899683525831856 -0.19686096914193044 32823.783994089885 -11.290471614935871
95 230.98915370612247 607.1138331659342 0.5348701621181479 0.48005423378963025 0.745729981744671 25 1915.0 19904.0 -10.747350907526812 -0.26335974239116455 26791.961068509936 -11.070011258643689
96 744.3145302544792 618.5749342213019 0.6025807354827015 0.5326269128260782 0.1330936727413898 25 1447.0 12333.0 -10.227671828750031 -0.06089547669123064 13182.983507405714 -10.300034271883865
97 538.9365058556416 634.9999220065278 0.39215607553406445 -0.11751475656636878 0.628987532684143 25 1689.0 19883.0 -10.746204781283708 -0.26513464232557343 33226.10292343383 -11.303698515091192
98 773.9217122092252 634.6205422063196 0.37892768250538217 0.4840209028080025 0.2426789769070525 25 1712.0 19946.0 -10.749639536760668 -0.28110575194950355 23820.235053142536 -10.942365106739597
99 480.2260395272613 641.8269525509435 0.4537097467656066 -0.46176714355356496 -0.11631892707976846 25 1755.0 22198.0 -10.86578461764779 -0.1215897712313814 35785.0807851751 -11.384255004937929
100 831.8685163578149 652.0436925715038 0.38214802629066263 -0.30332326465213716 0.16900850927235617 25 1989.0 24792.0 -10.985778908078066 -0.34742172299169866 36362.231277816085 -11.40162631191879
101 438.1748666854053 666.3086208306144 0.4834634929125418 -0.547111769023765 0.04088007393428184 25 1668.0 19664.0 -10.734179663855947 -0.08412257203185601 25983.1408965635 -11.036729120845251
102 161.9775756826356 676.0883178365901 0.40482653441960936 -0.5728275269976143 0.45948713457621093 25 1999.0 27651.0 -11.104277105523915 -0.19245914465578187 51849.15468017522 -11.786854200716796
103 541.696890787608 690.6529447345996 0.44804088350847926 -0.4437988952676833 0.7526252867506587 25 1899.0 27613.0 -11.102783982250784 -0.02903448419119682 42409.85433032684 -11.568666951861141
104 27.561867212158365 696.8884492646131 0.3982471608540642 -0.8864643194219446 -0.195951178533595 25 2228.0 32599.0 -11.283010694867471 -0.24372191386962974 49317.2519562753 -11.732497172370271
105 815.7067035954011 716.902099956483 0.5036109816088972 -0.5797068973075051 0.5409673595207175 25 1798.0 22473.0 -10.87915262947668 -0.06273133142333491 27402.969353458622 -11.094494062520955
106 586.9675473266334 753.5659907977188 0.35859273603928943 -0.8280711214805416 -0.03391187436658037 25 2762.0 47416.0 -11.689812285577403 -0.21282299276051075 79459.94609255754 -12.250370665210369
107 699.9848632177864 761.31744823028 0.4799296308796783 -0.6911264600019683 0.468242162197657 25 2095.0 28170.0 -11.124467117464434 -0.2462640184806203 45818.285942030445 -11.652597095599086
108 646.2852031896366 783.9169588624712 0.4658065291719785 -0.7451966188947999 0.11200417785687558 25 2164.0 31084.0 -11.231342250720333 -0.13557762502405057 45778.96564976933 -11.651664939518637
109 484.16969581609897 831.9939362816644 0.4709520932958013 -0.7163780450825051 0.2446036556332519 25 2000.0 25621.0 -11.021490191156957 -0.22406512669640152 30949.236692417133 -11.226624855978457
