test_CNN/outputs/tables/00042_b05983m0s0_sources.ecsv
# %ECSV 1.0
# ---
# datatype:
# - {name: id, datatype: int64}
# - {name: x_centroid, datatype: float64}
# - {name: y_centroid, datatype: float64}
# - {name: sharpness, datatype: float64}
# - {name: roundness1, datatype: float64}
# - {name: roundness2, datatype: float64}
# - {name: n_pixels, datatype: int64}
# - {name: peak, datatype: float64}
# - {name: flux, datatype: float64}
# - {name: mag, datatype: float64}
# - {name: daofind_mag, datatype: float64}
# meta: !!omap
# - {date: '2026-06-11 11:14:39 Eastern Daylight Time'}
# - version: {Python: 3.11.15, astropy: 7.2.0, bottleneck: 1.6.0, gwcs: 1.0.3, matplotlib: 3.10.9, numpy: 2.4.6, photutils: 3.0.0, scipy: 1.17.1,
#     skimage: 0.26.0}
# schema: astropy-2.0
id x_centroid y_centroid sharpness roundness1 roundness2 n_pixels peak flux mag daofind_mag
1 524.6173114571964 23.723552526887115 0.4479054280790721 0.3256332065838963 -0.1088519162880101 25 1223.0 14020.0 -10.366870034076602 -1.1236622467816602
2 390.63179120300117 82.01809608833764 0.36667669868784514 0.5928286668543064 -0.36549666222954696 25 518.0 6254.0 -9.490394692267287 -0.26209213811874654
3 582.3322060519637 158.05475995869867 0.37596764254009346 0.6973913254205497 -0.1642244547457251 25 649.0 8634.0 -9.840530110800621 -0.35079015790833823
4 688.8435471468472 192.5322405150773 0.4015107748291733 0.5992672793451181 -0.35681585384666803 25 434.0 5289.0 -9.308433917547461 -0.022149390701899772
5 406.0337462242879 206.5995257695951 0.5353769726083997 0.3811707863787641 0.037331521618627336 25 688.0 7784.0 -9.728007068150738 -0.376810430159206
6 190.08226783543935 269.5279619107615 0.382098205074514 0.7633081848758881 0.20452704319690354 25 527.0 6447.0 -9.523394175527764 -0.23489875028238089
7 368.39964086851006 306.7118297210243 0.5693628911565328 -0.18024617198213105 0.35053533583750407 25 492.0 3947.0 -8.99066781598879 -0.24418331945629076
8 419.80182881041725 313.5538062111626 0.5811591409581706 -0.3470987085679046 0.38791384702009746 25 511.0 3809.0 -8.952027431652365 -0.24953558867762013
9 392.0464561060712 329.25076447362113 0.6365556172773786 0.31018556231165206 -0.11628751621479258 25 454.0 2659.0 -8.561795843328918 -0.21221882743168954
10 280.17382083875793 333.068519552103 0.6028456535585335 0.21280102306507423 0.08821979238611413 25 457.0 3411.0 -8.832204298518494 -0.10865571438492733
11 115.58440038602828 338.55361729606585 0.6338956072740595 -0.06191505775832133 -0.09159822881578134 25 341.0 467.0 -6.673292201415281 -0.14610106105985252
12 262.3108841985821 343.267416344179 0.4934207112621809 -0.32720180434234025 -0.10375326722812955 25 1216.0 12753.0 -10.264030899216962 -1.0961075146891541
13 139.73086817215034 344.41401584458225 0.6376329507618134 0.49067243529030347 0.2977441265417873 25 525.0 2272.0 -8.391020817597454 -0.47505222717440004
14 83.93047743260489 386.5802417441793 0.4857325717621351 -0.7240258222028025 -0.41835988110675215 25 325.0 2174.0 -8.34314884937569 -0.015122342830679793
15 27.70918967580753 390.7878649692308 0.44095488589491677 -0.2994823095334007 -0.13566624309294534 25 378.0 3296.0 -8.794968007562696 -0.05935693577358099
16 438.9731270782729 398.3147822780999 0.41875303310628853 0.0724479105828294 -0.21964864641301154 25 392.0 3442.0 -8.842027164978854 -0.15839037351998908
17 806.3351302927226 415.13148875560915 0.4104646180409678 -0.04300155006928645 -0.7331182821622234 25 1455.0 22356.0 -10.87348525235967 -0.8534458528634368
18 426.2454980751105 436.79045225320556 0.5085304889222008 -0.5818158919475708 -0.2697553923665883 25 1118.0 12859.0 -10.273017990800163 -0.8631686011890484
19 419.7453013229966 446.9593418449145 0.37672384057258673 -0.3558219679829532 -0.32234974261490046 25 746.0 7595.0 -9.701319445497013 -0.7985033913554874
20 629.2129200666295 469.40228583792276 0.4316224310996224 0.27666914539665877 0.06339140842368059 25 486.0 5436.0 -9.338198620151141 -0.11075960305411069
21 819.712633815554 475.1853669323674 0.43182371838888445 -0.13054966014370906 0.16769350684718015 25 384.0 3464.0 -8.848944708363272 -0.086006372645012
22 262.1695807738588 490.8607044684804 0.5263562389254945 0.8137096523491553 0.2642285143316377 25 520.0 3627.0 -8.898868888951085 -0.43914629452563103
23 256.9151523324301 509.41013872198334 0.5187544783356192 0.0011017710035492803 -0.37946662302732376 25 965.0 11597.0 -10.160864142905428 -0.6627304064495896
24 174.0091892516565 513.9015364527754 0.4128028104044033 0.5751326921189184 -0.08443870111915398 25 348.0 2203.0 -8.35753624287692 -0.18147181348715988
25 451.8390076234914 520.1028625545902 0.49403866183503065 -0.32164728957088207 -0.24474543366449378 25 1078.0 14157.0 -10.37742808015653 -0.6535043314528897
26 275.2198608798652 524.0044721484176 0.49606497807126343 0.30429653998696166 -0.39809960340361444 25 325.0 1246.0 -7.738795105807878 -0.16249098445567436
27 615.2008445794211 530.987372399781 0.5805586296518388 0.4993818485417841 0.16423279186506248 25 436.0 3373.0 -8.820040852973003 -0.0759002821272261
28 446.83715316977856 536.4013414253387 0.5239585405873162 -0.8124032382506955 -0.4189286401212852 25 934.0 11154.0 -10.118576600388856 -0.6393407408547304
29 432.5983871908854 541.8028948109348 0.4745248520808198 -0.009785968058428728 0.0657963266053802 25 876.0 9040.0 -9.890421076188408 -0.7958317006692945
30 229.5416693950208 546.8711246234261 0.5729288994635575 0.1794416457128532 -0.21663707951478284 25 498.0 3357.0 -8.814878353120031 -0.3499961724636638
31 502.1041638778643 549.8135412623834 0.3608628727793774 -0.1301907229597508 0.27896134448890675 25 390.0 3302.0 -8.796942672316938 -0.22403818878733023
32 477.7109486013488 554.5852221605181 0.5399228687125782 -0.7327950793315536 -0.1232835415023864 25 671.0 7208.0 -9.644536944927516 -0.40012288302905713
33 588.573819697217 564.5866990376181 0.5597686442743399 0.48259587711343427 0.09720279939965833 25 402.0 3042.0 -8.707898024292449 -0.04868181814965354
34 507.53859735310596 586.119660769917 0.6141946670574944 -0.3771112064009727 -0.06749248560577514 25 480.0 4960.0 -9.238704191225494 -0.016957173155294516
35 356.8605830828115 596.4152024124596 0.4798131437200958 -0.014357724175292552 -0.18084634004539896 25 567.0 5062.0 -9.26080535205559 -0.4481489387212445
36 147.15793238497665 604.4719782809744 0.4350548395304382 0.3326171040196979 0.39717865236918387 25 1256.0 12971.0 -10.282433648332887 -1.2299094297335669
37 399.2607066953527 633.5895319530379 0.520377067074265 -0.5477453469512394 0.17129625247182165 25 449.0 5014.0 -9.250460824055494 -0.0022755737416686704
38 785.4992148105671 639.6612825213814 0.38840097163662224 -0.00028882422388572346 0.11516682914967655 25 400.0 4548.0 -9.144551140039244 -0.057072316657385484
39 376.61088066116383 651.4420338437526 0.5037000694919455 0.11712296824616195 -0.32361575254654923 25 528.0 5308.0 -9.312327285480995 -0.19110421305934422
40 474.1239225414269 663.2546506152121 0.47249885579065704 -0.06665865899469832 0.255359769207447 25 681.0 7704.0 -9.716790685291196 -0.30428929574670144
41 413.7955457135323 664.5905965180364 0.4352686410203211 -0.35288407009409894 -0.13627383379051347 25 359.0 2535.0 -8.509944909173386 -0.1793440409485808
42 107.39782435858142 677.5725480615174 0.586309461553547 0.09511121061453627 0.028155133210721068 25 408.0 1039.0 -7.541538868892943 -0.33186468203888075
43 465.61132313113035 697.2800834594849 0.5039105585745064 0.5191508599594128 0.41887387299278445 25 533.0 4614.0 -9.160193975462686 -0.3523875896314841
44 99.64793284284264 698.310037970553 0.5333377172928416 -0.49564526744879467 -0.5628122633259016 25 502.0 4196.0 -9.0570886988038 -0.2841692604868111
45 287.62878817495795 699.8422614412757 0.36466820304535574 -0.8222516200990911 0.045259763552775646 25 587.0 5969.0 -9.439753947229185 -0.592488760744276
46 96.78391509992002 708.2523302538051 0.3726726058926283 0.17494636262386284 -0.27027187758318777 25 597.0 9486.0 -9.942707800789632 -0.019984106234773726
47 335.7515799977725 725.536305608766 0.43889312167482336 0.3327736888392288 -0.1517405835868476 25 719.0 7014.0 -9.61491440386371 -0.6786296796498654
48 464.1459266213923 727.9832078943357 0.374155233562544 -0.17953224147118582 0.1375719402676924 25 502.0 6137.0 -9.46989030820983 -0.18734491935978476
49 561.7337402794203 730.287948452365 0.5196273835886018 -0.9911986159451329 -0.8009607781529444 25 1141.0 16512.0 -10.544499199867793 -0.6067791456232766
50 25.98983267923468 730.7404628443987 0.6058707115080997 -0.3400948982650653 -0.15827186447252067 25 664.0 4250.0 -9.07097232512578 -0.646847610592223
51 159.7119687560274 741.5462100134258 0.5479740079869704 0.21090426770017098 -0.5391635298104123 25 699.0 6796.0 -9.58063342549252 -0.43986074437571254
52 380.04413741682686 743.305728345705 0.46936039084112896 0.10988874883147043 0.008149905785047706 25 1573.0 14409.0 -10.396584603396562 -1.5472123130604052
53 129.22292908693032 743.615013843939 0.47985364629404675 0.4049164848302071 0.29361205129921475 25 1913.0 18116.0 -10.6451557800273 -1.6945260240084672
54 545.8004496796783 776.3067304677309 0.4091701789345758 -0.35145160523264823 0.005302302877219658 25 2013.0 40105.0 -11.507996301690245 -0.5909347951380175
55 464.63424852689565 779.0444320692233 0.4602692247853231 -0.29155979992457387 -0.011083232981440708 25 557.0 4619.0 -9.161369905616366 -0.5083706365893764
56 774.1333623784469 784.4904414432935 0.426094322277353 -0.49602053716829536 -0.13892039556484911 25 608.0 6562.0 -9.542590565125073 -0.4091708660237248
57 672.5356703750904 821.9201503562927 0.5808002539329865 -0.5409997116289847 -0.6461800720016814 25 629.0 6468.0 -9.526925028085909 -0.29050880603715923
58 529.6786795839994 833.4261515414793 0.3085001936565703 0.10737916593799708 0.04897552984571666 25 297.0 2338.0 -8.422111267064555 -0.09509167917158307
