test_CNN/outputs/tables/00041_b05982m0s0_sources.ecsv
# %ECSV 1.0
# ---
# datatype:
# - {name: id, datatype: int64}
# - {name: x_centroid, datatype: float64}
# - {name: y_centroid, datatype: float64}
# - {name: sharpness, datatype: float64}
# - {name: roundness1, datatype: float64}
# - {name: roundness2, datatype: float64}
# - {name: n_pixels, datatype: int64}
# - {name: peak, datatype: float64}
# - {name: flux, datatype: float64}
# - {name: mag, datatype: float64}
# - {name: daofind_mag, datatype: float64}
# meta: !!omap
# - {date: '2026-05-30 01:36:37 Central Daylight Time'}
# - version: {Python: 3.11.15, astropy: 7.2.0, bottleneck: 1.6.0, gwcs: 1.0.3, matplotlib: 3.10.9, numpy: 2.4.6, photutils: 3.0.0, scipy: 1.17.1,
#     skimage: 0.26.0}
# schema: astropy-2.0
id x_centroid y_centroid sharpness roundness1 roundness2 n_pixels peak flux mag daofind_mag
1 79.47261420780944 19.041079803942424 0.40139981787767154 0.12451604145996197 -0.06373638153065925 25 697.0 5977.0 -9.441208139584203 -0.8293992877253688
2 782.9633587243167 32.79135614897495 0.6233390999405446 -0.051746609521749275 0.3161155434625784 25 474.0 2497.0 -8.493546355878369 -0.27181098119828395
3 831.2172315012941 35.9227066908804 0.30832957687114293 -0.043611099662716445 -0.03250852330063988 25 900.0 15658.0 -10.486840721821737 -0.40782967193532754
4 94.364002283868 41.12925349126166 0.6048760919606639 -0.19901807284847867 0.3407356095772629 25 607.0 3443.0 -8.842342556761684 -0.6016376267164463
5 581.4392869421507 51.15591272339402 0.42708215037358 0.02947275932242709 0.23985845246576978 25 598.0 7743.0 -9.722273148158829 -0.21704069870881706
6 811.0387326803748 71.11343253132003 0.37707253167886634 -0.7753122617609437 0.1979265422635883 25 463.0 4500.0 -9.133031284438358 -0.3139832643203552
7 634.5472655236289 77.95301632901203 0.42250388339924033 -0.6522308291419425 -0.8169855583912522 25 881.0 14489.0 -10.402596031057405 -0.231393859663742
8 22.621856658175133 92.3324741144345 0.4785518697033881 0.09238108455084892 -0.1115182284156956 25 826.0 6793.0 -9.580154036476818 -0.9142338246753307
9 108.64084201539588 93.73718046587312 0.5208428414416651 0.6977440531473166 -0.1197945939758476 25 457.0 5223.0 -9.294800064592485 -0.03809515019899057
10 730.7230509542525 104.87519294212302 0.4952143797189074 -0.7806060425345064 -0.34684184800660006 25 388.0 2944.0 -8.672344514163653 -0.05456494810248901
11 448.3078562270673 111.35066145347116 0.6150789541291894 0.1881787219787187 0.39144910144895095 25 565.0 4035.0 -9.014608847645224 -0.41112941832069433
12 509.72206045575575 163.76001354119958 0.49936731502917087 -0.9550753749270793 -0.1249312187449065 25 479.0 4432.0 -9.116499379300933 -0.2334337832340244
13 131.59491051721758 165.28977524864243 0.6377441431976042 -0.4693101475800012 0.29173340729147185 25 640.0 6618.0 -9.551816907059585 -0.1883830272254222
14 765.1020399208438 172.8634137307974 0.4541765043050118 -0.09025163954956515 0.1454703804313067 25 582.0 6449.0 -9.523730942343354 -0.2651821112622851
15 646.4047872912569 177.1062187752996 0.5279202189438531 -0.7550192589518736 -0.004573088963262562 25 469.0 3594.0 -8.888945181932387 -0.2885746414385194
16 130.46625358638016 198.9400058430864 0.5707540449721986 -0.10015547252560161 -0.18754525790394114 25 616.0 3868.0 -8.96871616352741 -0.6178720603658578
17 368.75221945203714 219.79884899794223 0.4812187668229571 -0.9667941404646132 -0.3659298395518621 25 485.0 4828.0 -9.209418153563279 -0.23376922363039762
18 244.51372387318006 243.07898176575875 0.6324595365736096 -0.5556306665266733 0.19637904424678473 25 708.0 6270.0 -9.49316885207679 -0.5086989343434188
19 212.33790934808326 244.12258333964587 0.49414876419009024 -0.7702313878153192 -0.036949840450051896 25 401.0 2535.0 -8.509944909173386 -0.2271790357940698
20 106.87706157537107 248.65604979336536 0.6938478910222159 0.7500303601898685 -0.2825360478379791 25 590.0 3381.0 -8.822612926914422 -0.444060053521912
21 674.0388776960519 264.6612426747569 0.43698226330132356 -0.5191845479132126 0.04066544911352892 25 351.0 2884.0 -8.649988140118479 -0.0685836173839026
22 704.01517158307 281.6112934091079 0.537950314566163 -0.6860763757221058 0.060727956450323466 25 675.0 4850.0 -9.214354346505658 -0.6655345253455436
23 102.56200129382566 283.43069326067814 0.7649959955541177 -0.1101621096056018 -0.25201671289408495 25 433.0 2293.0 -8.401010136824848 -0.039629924902116836
24 297.82997741366955 310.32405282090883 0.36647378771873396 -0.8680559555128903 0.19342927519232872 25 336.0 3131.0 -8.739207669042289 -0.04005141379577214
25 59.357710138406034 319.38830120617644 0.3572438939513205 -0.8218755063185852 -0.07935605328734024 25 2049.0 24362.0 -10.966782347146491 -1.8012455302046555
26 806.8763927049488 331.3193644672525 0.381543199667011 -0.4074973610644491 0.08831157814645454 25 1098.0 13044.0 -10.288526975334797 -1.0690070410347177
27 816.7787827283249 330.5490856471373 0.6188805731493527 -0.43913759355924126 0.052496714874552236 25 364.0 1955.0 -8.227866904329714 -0.027703785428819242
28 696.1215384047618 344.4903154020243 0.44791688985036343 -0.875484897845353 0.07778016231142747 25 655.0 7072.0 -9.623855630012542 -0.48065483321839897
29 367.31593828115564 367.73772094929376 0.46941551980422186 -0.7444504604053941 0.01767213109433885 25 436.0 4703.0 -9.180937446865197 -0.07201925168565593
30 86.74785816501613 373.8495942482468 0.5408240832395402 -0.16608572341806163 -0.2727859571294933 25 1823.0 17676.0 -10.61845998222564 -1.5172422415068751
31 132.66591421057348 378.81466048222865 0.5280268132028645 0.6677272994106469 -0.32759560874860477 25 498.0 5614.0 -9.37318102074605 -0.06887776642541503
32 438.83636759752176 381.48328055926254 0.43483498479949495 -0.9464447047689442 -0.19638804000076168 25 420.0 4809.0 -9.205136942684518 -0.048856092633856915
33 265.05027229757127 387.2041452451687 0.3941736256320105 -0.350541896599916 0.041646181046858265 25 1384.0 16146.0 -10.520162370368496 -1.3109184024069507
34 228.4176914347944 403.5846164936358 0.686497204358023 -0.5299553732897333 0.2891631489278832 25 590.0 5617.0 -9.373761059690356 -0.16904066169918855
35 5.202626057308575 410.95951159721886 0.6908848398502403 -0.3306359932677836 0.3991397108825498 25 832.0 6121.0 -9.46705594874797 -0.6830872471055577
36 55.85837086924458 418.4842966823359 0.5352318315957113 -0.42890495775905324 0.18020196086677548 25 578.0 5297.0 -9.310074932338994 -0.38137885986413605
37 208.08772660638203 436.5140141354952 0.4468163002899217 -0.6069924010945875 -0.1830203938267816 25 461.0 5200.0 -9.290008359086997 -0.09289903990713819
38 47.57005630013557 438.97301380036583 0.49972466250890984 0.2431813151302455 -0.08502097126628717 25 890.0 8568.0 -9.832198644559497 -0.8515347709015826
39 597.9562536922178 450.7890971410432 0.5234139068923682 -0.2902521774591987 0.2903309409051892 25 359.0 2421.0 -8.459986973604332 -0.03232087894033557
40 239.30581900623352 458.8838599566764 0.4698081534830969 -0.7155016914818332 0.16718413435985888 25 829.0 9422.0 -9.935357749755537 -0.6813323332629813
41 197.1503209642582 489.66767986362447 0.40652337903278796 -0.5644500484482606 0.20466405494378487 25 392.0 3712.0 -8.92401991886706 -0.15148211102418468
42 678.7418019822122 495.4891442734227 0.4573906744919771 -0.7515100997778009 0.13808998463850988 25 560.0 5012.0 -9.250027655805281 -0.47532857894954794
43 166.7746635048368 503.02845706937376 0.6111210257720773 -0.8621924590279734 -0.16367688445904977 25 513.0 3969.0 -8.996702747267909 -0.24618014542104066
44 88.57166365748263 506.2400783880983 0.4179476328125756 0.5067061342225814 -0.1833834609711363 25 560.0 4807.0 -9.204685305321616 -0.5637568396459346
45 268.02448735413446 513.9132841291798 0.4778621356016328 -0.5415844075344614 0.16463864006802215 25 640.0 6776.0 -9.577433493306627 -0.4384840964158061
46 749.8942706403684 516.646231157992 0.6408119114995816 0.003911204510869927 0.07488015513941622 25 375.0 1927.0 -8.212204286638633 -0.010418035148623942
47 576.2930173290981 530.6473437973833 0.4309432617610459 -0.5875189587703924 -0.13190173817352926 25 1304.0 16518.0 -10.544893654442436 -1.0207101906357041
48 693.6211446907823 533.0580173487162 0.5454744467908246 -0.6928561220592238 0.22412460043497862 25 496.0 4119.0 -9.036979479891045 -0.24835773594930716
49 401.149474197641 537.4311587656443 0.6162085581515477 -0.09116190134945171 0.2761588022624522 25 472.0 3833.0 -8.95884704813588 -0.11159035427559567
50 421.3379334563219 554.1089811997638 0.4027622023580701 0.01149067622636135 0.1037352519433438 25 1051.0 16756.0 -10.560425879222954 -0.4563756308927984
51 381.8367451009465 568.9292295134467 0.5576837296237679 -0.7194736592190425 0.21679210617138925 25 788.0 7577.0 -9.698743218123571 -0.6598299083215284
52 277.2738045794452 624.7083701924818 0.45962084167716877 -0.2515388783028411 -0.11953165374386682 25 419.0 4155.0 -9.046427570300326 -0.0546097212059585
53 590.5259271910683 663.1159791843854 0.6014938274760208 -0.7980895695670487 -0.33833126231685473 25 532.0 3752.0 -8.935657074267567 -0.3465447851214859
54 331.3653983790987 678.4308879352388 0.45352114482210343 -0.5096343886258867 -0.24322700122377497 25 466.0 5346.0 -9.320072386051296 -0.0894540883870571
55 776.978401944815 711.8718361598793 0.4969253882915898 -0.7742374912862504 -0.4208256148989754 25 1227.0 14636.0 -10.413556002036424 -0.9632021257974512
56 398.2127055522834 727.2017238813931 0.5913601092637328 -0.47767948023254847 0.16770234617733665 25 491.0 3761.0 -8.938258333555996 -0.2077553184283577
57 503.00391748522185 726.6059014569096 0.5693447241185141 -0.4403076915282218 0.1114976661115293 25 854.0 8047.0 -9.764085003317387 -0.7239547900598657
58 633.526509533811 739.1823228454513 0.32706585456332876 -0.6794248287517369 0.31592633580717816 25 418.0 4370.0 -9.101203592426055 -0.26489854705994587
59 697.2935035937649 741.384673126454 0.46031906763325375 -0.37809012549971593 -0.41405234836902755 25 455.0 4999.0 -9.247207841881476 -0.08123757163533749
60 714.6942927810461 754.2316561596565 0.48751089571869805 -0.41059162250406633 0.18866702072226585 25 1751.0 27407.0 -11.094653749488055 -0.9957626002329233
61 420.6972479379375 770.3523088435376 0.5067579077731865 -0.4898988660890266 0.2730675237302299 25 795.0 7654.0 -9.709721144721202 -0.6865216923621458
62 638.8476355354642 775.152484617176 0.38576776652950984 -0.578354977232515 0.4886215033431281 25 1067.0 15902.0 -10.503629372804298 -0.7030157350476716
63 256.882906988587 778.3096945023768 0.4949178873220304 -0.1364941949443937 0.278475996868382 25 368.0 3222.0 -8.770313840207999 -0.015959282760137
64 241.2973295302908 780.6789810430266 0.42829715778574107 -0.39385089517442307 0.05022691500437614 25 420.0 3749.0 -8.934788601053876 -0.18207997947686363
65 275.26614397497025 780.7998133464638 0.3601399062070134 -0.11564492399623462 0.40847422116352883 25 423.0 4414.0 -9.11208082206409 -0.2246990233404666
66 47.572678344501426 789.9452014823228 0.5034900171619869 0.48063604629947737 -0.23033664534299966 25 654.0 6784.0 -9.578714598121644 -0.4082034320360224
67 587.1966133453114 823.6929072626493 0.5533780142047603 -0.48008876916125015 0.7584118691576612 25 908.0 11047.0 -10.108110885021208 -0.5709428850641358
68 416.65400799739103 826.5405306658625 0.36790347688578945 0.07426460103972413 0.3370657581521215 25 1061.0 13401.0 -10.317843017978753 -0.9396948979489689
