test_CNN/outputs/tables/00071_b09146m0s0_sources.ecsv
# %ECSV 1.0
# ---
# datatype:
# - {name: id, datatype: int64}
# - {name: x_centroid, datatype: float64}
# - {name: y_centroid, datatype: float64}
# - {name: sharpness, datatype: float64}
# - {name: roundness1, datatype: float64}
# - {name: roundness2, datatype: float64}
# - {name: n_pixels, datatype: int64}
# - {name: peak, datatype: float64}
# - {name: flux, datatype: float64}
# - {name: mag, datatype: float64}
# - {name: daofind_mag, datatype: float64}
# meta: !!omap
# - {date: '2026-06-11 11:14:40 Eastern Daylight Time'}
# - version: {Python: 3.11.15, astropy: 7.2.0, bottleneck: 1.6.0, gwcs: 1.0.3, matplotlib: 3.10.9, numpy: 2.4.6, photutils: 3.0.0, scipy: 1.17.1,
#     skimage: 0.26.0}
# schema: astropy-2.0
id x_centroid y_centroid sharpness roundness1 roundness2 n_pixels peak flux mag daofind_mag
1 318.95774400053193 9.378150030608776 0.5302705127188153 -0.1238350278831303 0.42094835739016273 25 1051.0 9857.0 -9.984361891386156 -0.13740721867287084
2 408.2842542159805 38.61062304323579 0.545048083795238 -0.135021882784626 0.33197973028748234 25 917.0 7584.0 -9.699745810825025 -0.014090272173016623
3 276.1960305980112 46.267065284422216 0.43468620948085823 0.06554243873897873 0.43141752845991954 25 792.0 5859.0 -9.419558745018792 -0.06283125312963159
4 731.3973057211598 52.8197860860497 0.39480828599897394 0.41716406396687444 0.2256109494779994 25 1266.0 14706.0 -10.418736404089303 -0.30028107198136844
5 445.8238630968346 55.084054617350816 0.5422632988908245 -0.24012478779954735 0.1356398754374599 25 1204.0 11424.0 -10.144545486080247 -0.198551443823565
6 728.6207327266821 61.326337997018534 0.5043766270630725 0.5729006237234489 0.2982154463781128 25 920.0 9045.0 -9.891021427989582 -0.039701466046811865
7 621.1654302288035 70.08723466983112 0.5416897199817391 -0.3596929372477104 0.23523280015022158 25 951.0 6979.0 -9.609482995814782 -0.1566729859418547
8 375.3789489017013 83.41539698717743 0.44373692734488934 -0.5525770082643626 0.1971352102811233 25 925.0 9716.0 -9.968718765332733 -0.025786170406515756
9 776.1418769798303 85.43250262469647 0.49114885605540837 0.575696322092083 0.5196729169445682 25 881.0 7259.0 -9.652191991008245 -0.09987655673064645
10 630.0772123533051 87.6397436557261 0.5622459142597742 -0.3057869010278808 0.4325643179992058 25 1308.0 12812.0 -10.269042324979461 -0.27726487010055767
11 393.71780581105287 104.89194076015659 0.5217366893961233 -0.4818718109654359 0.3462078677717583 25 1198.0 15354.0 -10.465553840677073 -0.012001705729672043
12 427.9694061425874 110.33004697907448 0.5879408401885887 -0.6780062234861771 0.11579245174497096 25 1103.0 9285.0 -9.919454770189498 -0.18624288387113552
13 9.91872282495411 132.76241809734867 0.5393198783226386 -0.08592018805928885 0.35224624405579064 25 1186.0 13978.0 -10.363612590344513 -0.020312510413450682
14 364.24371840591243 149.82744825168305 0.43223545350917075 -0.21617768367805207 -0.24237479678542814 25 1148.0 15116.0 -10.44859220811244 -0.009532120307269947
15 330.021396298286 156.0763814468666 0.5169577182213775 -0.7121637569388317 -0.04604826387631282 25 1058.0 11521.0 -10.153725441562038 -0.0608279485152812
16 536.0535132954603 159.4012911667996 0.5858554945319825 -0.3873418714807074 0.31802566320318104 25 1131.0 10136.0 -10.014666504688464 -0.14277883151789136
17 618.0382234696522 164.4533475837199 0.586046520257081 -0.3180273801417128 0.3099288173194231 25 927.0 7398.0 -9.672785817448439 -0.026587894544701007
18 641.0718017886077 179.91539126086468 0.5655112585111306 0.43852152269771466 0.6217142628222346 25 1122.0 10650.0 -10.068374019436892 -0.11767402397961554
19 637.0655001794121 187.5190667099221 0.42322897288119254 -0.46988972697926423 0.29451798618457536 25 757.0 6039.0 -9.452412574020792 -0.012559986882252237
20 687.7011454055508 209.87340740257036 0.5793362779894599 0.26289978100092287 0.1842963699467403 25 1353.0 10572.0 -10.060392886149181 -0.4201390318311099
21 771.1242763205513 219.4442951753726 0.523763750403057 -0.04942381077690981 0.47029249990867966 25 1187.0 11252.0 -10.12807430873291 -0.2575957532917256
22 766.8946989675394 232.67717592020892 0.47140853126719334 -0.37383284931551575 0.49856152000868953 25 714.0 4347.0 -9.095474100477093 -0.015695230712975315
23 634.3162937883878 241.45571478643262 0.47626485522075446 -0.29612836975185103 0.47243488274036866 25 1092.0 12171.0 -10.213315656059972 -0.08606191697467266
24 779.0581786018276 249.11019488832247 0.4833036170511875 -0.5158692301980583 -0.10298768568472923 25 904.0 7566.0 -9.697165842391813 -0.06531566792814843
25 500.4276300530867 251.13971454679998 0.3986998599386764 -0.5432564710025153 0.4309629584762168 25 1823.0 31855.0 -11.25794402354515 -0.022986185961867047
26 454.4658279363962 252.39224040944765 0.3973720623118239 -0.5305153268778171 -0.24324539982830393 25 1400.0 22121.0 -10.862011889387418 -0.0384603751238354
27 616.2478433753771 313.2604486102067 0.44847912879585905 -0.8268903236697983 0.2496092157720941 25 695.0 4165.0 -9.049037514357016 -0.05985636231660167
28 542.496073552742 316.4905344075202 0.3832675436676851 -0.22726764115051853 0.3176498373520487 25 1325.0 16098.0 -10.516929807638958 -0.34824431646015463
29 555.8077595518483 321.7354048001526 0.5306296522521475 -0.6379876001353461 0.24103227793068124 25 1142.0 9975.0 -9.997282260896965 -0.27593203189893045
30 484.9641493169304 330.7472421536896 0.5918052415878917 0.319136282324741 0.47850820024382146 25 1212.0 12609.0 -10.251701611812749 -0.06931271114138916
31 582.1880244766164 330.838618240079 0.5598694302940624 -0.07678090875085557 0.478549154684976 25 1113.0 11672.0 -10.167863197213487 -0.07120379047220748
32 778.2658444187917 337.7654722962693 0.39758829318733224 -0.43381936320718767 0.38101798746335985 25 960.0 9839.0 -9.982377401426115 -0.13565922736975458
33 824.9994118807688 344.0006055271567 0.5397549052657591 0.2788050506677719 0.2863382371808524 25 877.0 6758.0 -9.574545468597194 -0.035663282759701286
34 789.2375625303057 353.5663635676086 0.4463522327282401 -0.18141169074651572 0.4681171444789598 25 1156.0 13607.0 -10.334405961968365 -0.13994025963110338
35 634.6075258959305 364.0295534644638 0.6506629460235157 -0.3460836708408765 0.2304990584073674 25 1062.0 8743.0 -9.85415119597098 -0.07084779986033142
36 726.0822422128197 388.790997363868 0.3660568816104567 0.36676087839474775 0.2379920017688751 25 749.0 6836.0 -9.587005135121748 -0.019551455765100756
37 511.05808375029875 418.516678509745 0.5721604916615762 -0.271468282474107 0.6036440303728325 25 1051.0 9277.0 -9.918518891493681 -0.11428117443065353
38 399.4324013766677 427.2108288776857 0.4733959810542063 -0.14945886525755292 0.7001671172350966 25 1054.0 11767.0 -10.17666438363432 -0.01414574015765605
39 426.8644947223091 436.5672347984124 0.5102627302971472 -0.9146581489490346 0.5828016189568963 25 1225.0 13299.0 -10.309547465047492 -0.18958233532470203
40 683.7320681429184 437.4277053583326 0.480881801788979 0.6478483948744467 0.5467979439503907 25 1278.0 15899.0 -10.503424523357804 -0.1788688100566007
41 518.661210773497 453.37657656096843 0.3647154259472534 -0.5904178999412577 0.4940620889307034 25 1036.0 12137.0 -10.210278379851692 -0.1970218222549204
42 263.8679488549192 455.9043380126235 0.47087621956821873 -0.19933113208075393 0.17840425653912384 25 1096.0 13467.0 -10.32317715030329 -0.004763989302602026
