test_CNN/outputs/tables/00088_b11353m0s0_sources.ecsv
# %ECSV 1.0
# ---
# datatype:
# - {name: id, datatype: int64}
# - {name: x_centroid, datatype: float64}
# - {name: y_centroid, datatype: float64}
# - {name: sharpness, datatype: float64}
# - {name: roundness1, datatype: float64}
# - {name: roundness2, datatype: float64}
# - {name: n_pixels, datatype: int64}
# - {name: peak, datatype: float64}
# - {name: flux, datatype: float64}
# - {name: mag, datatype: float64}
# - {name: daofind_mag, datatype: float64}
# meta: !!omap
# - {date: '2026-05-30 01:36:39 Central Daylight Time'}
# - version: {Python: 3.11.15, astropy: 7.2.0, bottleneck: 1.6.0, gwcs: 1.0.3, matplotlib: 3.10.9, numpy: 2.4.6, photutils: 3.0.0, scipy: 1.17.1,
#     skimage: 0.26.0}
# schema: astropy-2.0
id x_centroid y_centroid sharpness roundness1 roundness2 n_pixels peak flux mag daofind_mag
1 559.8945883613611 10.826180878614881 0.4278861952430502 -0.06942881810718299 -0.11745091866898219 25 625.0 6539.0 -9.53877834340691 -0.16528061686754417
2 431.8150732905865 15.566557109684224 0.48058533216553306 -0.6710417509535604 0.4543789075740857 25 954.0 13123.0 -10.295082822071418 -0.14746945899800895
3 149.3829110247228 17.913954732339775 0.3870367356793452 0.15694314445326643 -0.13468184151816787 25 1538.0 24251.0 -10.961824129049585 -0.5623592374647306
4 719.3002823979461 34.23425854321088 0.5005902152498187 0.26233007626157623 0.20501726761580372 25 677.0 4310.0 -9.086193175401828 -0.38389592266532924
5 219.67569476107514 41.90289815576708 0.401982343258356 -0.09242886237593585 0.17966681208199575 25 777.0 9050.0 -9.891621448013009 -0.34605316156578575
6 24.862542494206103 52.07697935828351 0.4999611510679938 0.5022509634831269 -0.1523880296672924 25 751.0 6243.0 -9.488483337328223 -0.4125008869566627
7 106.53018634656733 55.48393231710015 0.6294936555970422 -0.21214674415495444 -0.22380282826370512 25 935.0 5649.0 -9.379928936840818 -0.5594080185317312
8 708.7318864670398 54.58994971436639 0.4151114380716218 -0.08257246058760812 -0.15184153619854582 25 1484.0 17331.0 -10.597059055652686 -0.971751024005839
9 27.674228065979612 64.23824761928306 0.5665981478690361 -0.3837787826061818 0.08216225614844405 25 752.0 7603.0 -9.702462476216883 -0.11887269089744919
10 423.2963306448449 65.8209894338392 0.48433492611962065 0.42080775261387 -0.20489230261792613 25 2510.0 32241.0 -11.271021258991652 -1.3092500414334247
11 191.08745480829026 67.4921780886671 0.3898472276259737 -0.6050875241775766 0.9206138383066576 25 1834.0 25796.0 -11.02888092066326 -0.9849285514565996
12 730.160767048875 69.24931352613596 0.41143075869025253 0.18391753709274752 0.16402788379278724 25 2186.0 28612.0 -11.141370540930982 -1.234337532361613
13 381.51430333807195 70.76909103077183 0.6315044983060772 -0.14701508090758214 -0.2892215066499628 25 1279.0 11940.0 -10.192510816983376 -0.6982449886079628
14 274.8454226366004 75.85628573809785 0.3721453098385473 0.042942061548589476 0.07431729452729767 25 1112.0 14208.0 -10.381332371086314 -0.7197489653173874
15 201.84129996993835 77.81141577352 0.717434066049944 0.053907177301399316 -0.11589481014647725 25 563.0 2705.0 -8.580418173606471 -0.044374466237851726
16 662.4458830987534 81.3821661147786 0.4206262583081552 0.40156263419640426 -0.17365300439374862 25 1233.0 14821.0 -10.42719376818895 -0.7178407293168333
17 446.0544852560085 83.26295240971255 0.5488033689805182 -0.22630528697806382 0.11107610774111472 25 666.0 6809.0 -9.582708335445858 -0.019340048429043945
18 395.92173450805075 85.41031509847905 0.41753481968182876 -0.0751228919042648 -0.028061496930237965 25 733.0 10027.0 -10.0029275373535 -0.035180019657348995
19 115.91460337092602 104.14033948869961 0.40044306273897 -0.9303029986502016 -0.4781098670189803 25 2546.0 54833.0 -11.847605018675676 -0.06739923041591014
20 309.1760754609875 109.03841299522868 0.3632421992896136 -0.2666168033867461 0.05628827874432377 25 1310.0 13279.0 -10.307913427257297 -1.0497583246629936
21 476.0514399401404 128.76759634527428 0.5800435689366179 0.20655145912032305 -0.15046514857735496 25 1023.0 9433.0 -9.936624586096805 -0.5365231924991816
22 659.5816544950136 134.77278170501904 0.39487784577392315 0.13058433955549087 -0.09493021618133768 25 2001.0 24986.0 -10.99424183909841 -1.2552882235301401
23 19.08042932379134 136.1386586805303 0.48379395951279563 -0.14122839816762478 -0.04465235789068749 25 1106.0 8624.0 -9.839271869606659 -0.8534640849412647
24 731.9639799877006 142.88482207894904 0.44078973410559813 0.46719257911826073 0.9012487028587496 25 666.0 7468.0 -9.683010773192603 -0.10151174630672627
25 311.2537976732371 147.0305368184484 0.46030151779704126 -0.5958359465907422 0.15791044122907663 25 634.0 5348.0 -9.320478496474866 -0.2689635067008316
26 793.0155193708567 148.4744943367087 0.4942854424878284 -0.04954773637239587 0.40638991089535115 25 1067.0 10810.0 -10.084564234883276 -0.6201272033504613
27 557.9591480004517 167.34463420912988 0.38290669485507267 0.254700562078034 -0.1408868293423781 25 896.0 10396.0 -10.042165677072436 -0.5030088209069163
28 389.9360642974891 185.94896241411627 0.39980730323439134 0.3398038556011505 -0.2664934231622204 25 740.0 8724.0 -9.851789142266657 -0.2553499507510102
29 522.8527041090447 197.07295399245157 0.512807833868304 0.0774210639348343 -0.40208943455485396 25 756.0 8390.0 -9.809404902071751 -0.09241813047625061
30 340.16587553803515 208.96244393776377 0.4662274019658672 -0.7092558226573464 -0.17751305627024078 25 1445.0 14497.0 -10.403195347269275 -1.0163620979631562
31 312.005715081269 209.73089951706234 0.418728237700939 0.15266643277505187 -0.1561361797470171 25 1240.0 13392.0 -10.317113601622962 -0.8224853701516617
32 385.8908838178337 218.37048232487402 0.4299114536266804 -0.2637026036866369 0.15656725970900318 25 611.0 6677.0 -9.561453440583707 -0.02419490378607731
33 61.72700192905288 223.4778084526729 0.38325922884711 -0.18187110300038067 0.24840376529761443 25 3039.0 58017.0 -11.908888170304389 -0.8202341128267219
34 359.9191633789963 224.27818411718113 0.4593604232469453 0.13890431538277112 0.2187943740130348 25 1653.0 21200.0 -10.815839652321879 -0.8638395085143726
35 63.763780604145815 227.79077421563548 0.414100744338215 0.2576582606730818 -0.04207743121808687 25 2981.0 54219.0 -11.835378758282374 -0.8879022850491662
36 210.7273592666749 234.2619857417506 0.5199000004940737 0.19901979622628704 0.11869626632412267 25 491.0 3236.0 -8.775021282350586 -0.02668052570443022
37 833.2377395953514 251.1516574826984 0.3659501330644872 0.5590245212472766 0.5054003690703246 25 1707.0 16689.0 -10.556075786651228 -1.356864020128297
38 260.41884365231476 256.40414770136465 0.3991083317373758 -0.44425519061140284 -0.44125091732533467 25 1454.0 18311.0 -10.656780156579316 -0.8635238536394245
39 381.22554064687137 263.11885416088484 0.41337851864895886 0.2225122269944079 -0.5001475433461733 25 1629.0 24850.0 -10.988315982673377 -0.6448990833307556
40 346.3778726648388 266.18411268154136 0.362555472414584 0.26827710468907656 0.16543336038161785 25 896.0 10727.0 -10.07619570155602 -0.42196953380474295
41 181.27657265171445 281.83566613060935 0.3780186040233672 0.4103891672710394 0.14375783271031287 25 601.0 6290.0 -9.496626613613174 -0.12921135702714925
42 512.7088840201765 283.52028034389275 0.5804449837438024 0.5473222163167073 0.0619061164897283 25 734.0 6283.0 -9.495417649289848 -0.21866769809444137
43 9.835252211784484 296.34958940654604 0.42302823053450267 -0.3865803018747533 -0.18454939706518123 25 589.0 4880.0 -9.221049555006775 -0.26527978449785
44 399.52208563756767 301.3774515694236 0.3714660592054283 0.15983493768271168 -0.3980457128082699 25 973.0 14983.0 -10.438996948795939 -0.2164211600585988
45 143.86274686534014 319.9353998464587 0.6912243979628131 0.4341165150422472 0.2372291223992634 25 757.0 5199.0 -9.289799543583948 -0.23781971919087183
46 457.61290054104046 321.7273140389504 0.5749140942683688 0.6238520952678512 0.21580159375485247 25 878.0 7767.0 -9.725633262886337 -0.4026397070105562
47 475.68647142707806 327.75811947950393 0.4793173196674844 0.2919338798203996 0.01636378595285807 25 663.0 5364.0 -9.323721922948904 -0.3334025713841893
48 718.2007277768117 333.103178585325 0.41403064172572884 0.4119573181587568 -0.009498808085241492 25 1384.0 14468.0 -10.401021250223955 -1.0006053651222353
49 606.1255031881532 338.14603785038304 0.408537870603922 0.2856054719152874 0.08049993695713437 25 3019.0 45299.0 -11.640221537080892 -1.3279946493627413
50 135.9904775448206 358.1182079842006 0.5373271364611767 0.32382786149610876 0.235776295219503 25 1719.0 15762.0 -10.494028307924285 -1.156112482097499
51 615.491354453214 361.032243088275 0.5287026057878865 0.16982997486164791 -0.29770148491417414 25 1297.0 16460.0 -10.541074577190628 -0.5698286555638856
52 389.8423988953685 362.0792614129402 0.44189826070930577 0.2638843415962904 0.06253835868953869 25 825.0 10321.0 -10.034304445127658 -0.17497977475249868
53 418.8369991868017 365.793872456668 0.498447916371537 0.13341192851893177 -0.23616717769650442 25 1139.0 15555.0 -10.479675038611806 -0.3185106889332534
54 816.0013306056105 369.40441233399474 0.6090132293099639 0.01809572661426616 0.3362031294608733 25 1314.0 12044.0 -10.201926867101804 -0.7703947343025487
55 178.92122207498417 377.3816157438736 0.5011666556290133 -0.2770665559779932 0.2455636849646115 25 763.0 6518.0 -9.535285890322813 -0.4147262841702571
56 606.4019075084127 379.10684897560117 0.5360998764976592 0.24458407551812375 0.745067246735784 25 1253.0 16361.0 -10.534524611603754 -0.42884413077880984
57 273.76224669540636 386.0264735068883 0.5301767865661728 -0.21503068234042144 -0.31805861583742673 25 887.0 6610.0 -9.5505036487141 -0.586468706563084
58 767.3260954428258 402.83310217529413 0.5656038454043344 -0.12224484407828921 0.061653721282324644 25 634.0 6171.0 -9.475888866035966 -0.023476550126299248
59 157.7206942692778 405.681266598073 0.3580623381959307 -0.12438472194486434 0.22099400713060025 25 698.0 7603.0 -9.702462476216883 -0.3248599743385325
60 25.65747103372789 411.93938778403395 0.5738874153811717 -0.14716297008265453 -0.021406737779470556 25 582.0 4119.0 -9.036979479891045 -0.1105890937013103
61 163.41419770332246 417.52953225796153 0.5420787629605137 0.2776523795960483 0.5449981677179486 25 1411.0 15720.0 -10.49113135425847 -0.7453343194903707
62 609.1561438589484 419.4554147420693 0.5656617544582443 0.7514139623042776 0.8561744016945024 25 902.0 11291.0 -10.131831018508047 -0.0790842691506042
63 776.6632128216847 420.2457645276177 0.4381575586115688 -0.3932459942780894 0.26012178750000403 25 1013.0 14413.0 -10.39688596658072 -0.2539516127306539
64 30.077798816792647 421.05937245743905 0.40891616334924363 -0.09862834906738649 -0.3939682309468347 25 483.0 3490.0 -8.85706356739795 -0.08258274376065168
65 316.42337314475105 434.4783852167257 0.5622154835093737 -0.25966320022082884 0.15705547360491656 25 1148.0 10659.0 -10.069291155522475 -0.709766997167308
66 595.3231631900953 435.10393132237743 0.3594997508956539 -0.06261731840641534 -0.10673378839598585 25 1824.0 20323.0 -10.769969542897538 -1.3131550359205002
67 130.61065141234255 437.9874797979869 0.47351812012025074 0.2793468272476301 -0.036156751996770105 25 1244.0 11452.0 -10.147203348373903 -0.8807135524641947
68 338.1397364302384 445.5346199535028 0.49003521385755844 0.26235235678930363 0.08558415855650846 25 1105.0 11636.0 -10.164509281437555 -0.6150391953976989
69 455.23344440676686 451.1113469944971 0.3485672237086746 0.5722751895495236 0.25661778784742245 25 562.0 6313.0 -9.500589473318385 -0.0681800778128997
70 728.3800344746096 459.61487125857997 0.47285892865929485 0.5146554381801357 0.26666439639039163 25 1987.0 26213.0 -11.046291818761702 -1.0221079123588812
71 452.3137455416176 478.8052448203924 0.39306542607277983 0.8841602572426743 0.07365354574683483 25 1463.0 21226.0 -10.817170399734204 -0.7278699809477871
72 384.88956915658304 486.6838005179035 0.6081798836387802 0.2979613736610314 0.3590666098790233 25 887.0 7084.0 -9.625696381295093 -0.4054411722086776
73 647.0191917039159 490.2584223763729 0.43523729703259684 -0.38821707226100133 0.07870686967744427 25 2392.0 42742.0 -11.577137099942249 -0.6720264545047627
74 79.5303884979518 496.5278333415118 0.5432672586945728 0.6417395356326584 -0.27681476229074087 25 673.0 7228.0 -9.647545359722237 -0.05854326803814134
75 617.099393800172 507.82186053497134 0.4349107247769963 -0.0691412247453066 0.31800093899780457 25 1230.0 13621.0 -10.335522482330209 -0.7849192088009488
76 639.6321773909547 514.4587211693344 0.4166652607765245 -0.5394894403911878 0.6123286533983381 25 1736.0 24958.0 -10.99302445094695 -0.8547630632600236
77 333.82716598484166 518.0063997706616 0.5925928634803963 -0.011139698722669959 -0.18546352537929128 25 546.0 3351.0 -8.81293606958818 -0.037818895133946394
78 218.8366607746329 532.6514633605408 0.5807805980756091 0.6873743425864335 0.13014142071618995 25 628.0 4578.0 -9.15168947084631 -0.15830254948904196
79 755.9146063371784 541.7329912900589 0.45246771402096225 0.9554813424681944 0.539513903782128 25 1315.0 16936.0 -10.572027112528389 -0.6521784278891073
80 27.035294440838214 546.8025019264891 0.4336676235887795 -0.34169236798051256 -0.321154323785911 25 799.0 9872.0 -9.986012866722916 -0.21386358708076492
81 515.0264251359042 549.7375417587895 0.3719226653599763 0.6452696329870958 0.27289656878229057 25 2954.0 46510.0 -11.668865848778792 -1.2624026675151927
82 820.4990469758596 550.956019473343 0.582027131403323 0.14283690595094958 0.39113034955834525 25 868.0 10261.0 -10.027974219024978 -0.14075556680169704
83 174.496556026777 557.9532820488246 0.4439994874994602 0.0677763816269834 -0.00023087443224584442 25 1670.0 17969.0 -10.636309771714249 -1.115326429768134
84 498.5141360565453 559.7637812122163 0.35461969478120625 -0.305276070502792 0.16999009289536718 25 1205.0 14569.0 -10.408574358253679 -0.8171591936339258
85 12.169890423558794 561.5226555693438 0.655717441238815 -0.7981788299113615 -0.08086541304234872 25 795.0 4176.0 -9.051901224985514 -0.41518632341940226
86 85.40182706677047 564.4662200784527 0.45468568559857664 -0.03273641252746244 -0.12282609906780906 25 1064.0 13769.0 -10.347255999833983 -0.4000420244987629
87 544.3780203574581 564.0131442480306 0.5560276187054723 0.1559292768237874 0.561321820990867 25 1862.0 20541.0 -10.781553956467453 -1.015404044643688
88 25.99543727449539 565.7543392537474 0.5475508431503182 0.23707858380887342 0.3436226664791344 25 635.0 5200.0 -9.290008359086997 -0.16438158069395625
89 150.9353774001197 575.3240556644621 0.6598837291889194 -0.0931688928257384 0.12561558799117264 25 787.0 5552.0 -9.361123643616997 -0.32557502918834996
90 609.0344142651206 583.631149138693 0.5784354265855303 -0.31489357971150267 0.32359717387643516 25 975.0 8875.0 -9.870420904317829 -0.4747425285338536
91 145.09091943185248 584.0696645668214 0.49675766404776345 -0.2428789377208819 -0.43287320513636623 25 558.0 4612.0 -9.159723246556654 -0.036061389046829276
92 519.4109667257454 597.9282495063815 0.5385903650436981 0.24379577142243963 -0.11049011481266999 25 917.0 10292.0 -10.031249443845773 -0.2779056852402723
93 613.374483390434 602.9156212161649 0.4312365804056174 0.8157448331883699 0.0819457717722872 25 730.0 7480.0 -9.684753994661154 -0.30590926441135413
94 457.51852524533086 610.1731079486774 0.515394997623415 -0.30007631870552454 0.030899598933568435 25 1027.0 11121.0 -10.115359601873067 -0.4756516161207394
95 796.5388095570597 615.0383446546103 0.46290784885057873 0.5835119548993304 0.25111966852235534 25 924.0 12727.0 -10.261815110274936 -0.20961387440750362
96 584.2321186027402 617.3782353909447 0.4198105125452181 0.12009724886480451 -0.026297723977526246 25 1425.0 20387.0 -10.773383307296951 -0.6133958631332811
97 408.08810605543687 618.4359850259526 0.5299039077463185 0.2949302390044913 0.007695764148797454 25 1145.0 12192.0 -10.215187384988813 -0.6146622698471295
98 631.6761612895722 621.7202551009457 0.40243002604909917 -0.45147751695654187 -0.14263677769450175 25 953.0 10149.0 -10.016058131269109 -0.6177058368932573
99 119.57841225356893 623.9756707258377 0.4698560608679358 0.3217127200965012 -0.18799292876777346 25 949.0 11513.0 -10.152971261655177 -0.351827624370767
100 502.86068926245093 626.4031675947613 0.42829260394229784 -0.8064943710122536 0.09970110784070176 25 1938.0 24690.0 -10.981302724829831 -1.1554703956256338
101 576.9207493446559 650.6467299034307 0.3828336031773433 0.12780020406466214 0.2084436367924603 25 867.0 7717.0 -9.718621250624883 -0.6643976003501527
102 125.97854907001035 666.9151488008004 0.6648712315835899 0.07192239583415234 -0.13646195088201862 25 649.0 3686.0 -8.916388327207637 -0.20378998882844562
