test_CNN/outputs/tables/00088_b11353m0s0_sources.ecsv
# %ECSV 1.0
# ---
# datatype:
# - {name: id, datatype: int64}
# - {name: x_centroid, datatype: float64}
# - {name: y_centroid, datatype: float64}
# - {name: sharpness, datatype: float64}
# - {name: roundness1, datatype: float64}
# - {name: roundness2, datatype: float64}
# - {name: n_pixels, datatype: int64}
# - {name: peak, datatype: float64}
# - {name: flux, datatype: float64}
# - {name: mag, datatype: float64}
# - {name: daofind_mag, datatype: float64}
# meta: !!omap
# - {date: '2026-05-30 01:36:39 Central Daylight Time'}
# - version: {Python: 3.11.15, astropy: 7.2.0, bottleneck: 1.6.0, gwcs: 1.0.3, matplotlib: 3.10.9, numpy: 2.4.6, photutils: 3.0.0, scipy: 1.17.1,
#     skimage: 0.26.0}
# schema: astropy-2.0
id x_centroid y_centroid sharpness roundness1 roundness2 n_pixels peak flux mag daofind_mag
[from data line 103]
104 591.1331141160874 674.8152326405228 0.4057257739858656 -0.8086837421985005 -0.03804757182889375 25 1680.0 27159.0 -11.084784437725393 -0.7138152446012959
105 76.98909379312211 678.3899368362619 0.5217864562268814 -0.2166989642695952 -0.08902154612926455 25 850.0 8722.0 -9.851540205843518 -0.30371328462813657
106 63.756887495189915 684.4236434394153 0.5698261394608621 0.824912265786341 0.528453024801429 25 1590.0 15746.0 -10.492925617765001 -0.9522241311205777
107 32.7543597789618 694.512515524999 0.6983793376632168 -0.4155517954184868 0.07709084758426103 25 936.0 6071.0 -9.458150582182371 -0.5197084685407904
108 48.628554909602485 711.9883268780416 0.41410738102433053 0.7217296997941208 0.23008346477688837 25 1669.0 21436.0 -10.827859370928936 -0.9986988413309693
109 39.59552999441533 718.2869692519392 0.45210078387589475 -0.004194439118783307 -0.38988485394918754 25 1912.0 23875.0 -10.944858450639462 -1.0864274277910255
110 560.1791257227409 738.67242241406 0.43891109689476837 -0.06318137998921315 -0.009352631449646499 25 1478.0 16327.0 -10.532265981875755 -0.9641719527685275
111 444.8388936593982 741.0680822132068 0.641413470731924 0.21482989084007909 -0.24572160904419407 25 933.0 6769.0 -9.576311285243147 -0.4857467016277418
112 55.53896284610196 745.7657828356552 0.546940558992962 -0.4211777738203607 -0.2709802867189671 25 863.0 6577.0 -9.545069604648141 -0.5364288707920176
113 547.424930410642 748.0858975172432 0.350863720088987 0.1244182499359319 0.15639743910321333 25 1364.0 15315.0 -10.46279250285648 -1.024171992820352
114 302.7269800556551 749.4281891223546 0.4253464213328745 -0.06036977134389571 0.08394724194955247 25 1293.0 12451.0 -10.238010582804547 -0.9688482870768206
115 525.1686282342088 756.9167664228574 0.5287908093516696 -0.36160192102225425 0.27685430440106407 25 732.0 8014.0 -9.759623345241703 -0.047194028471302565
116 140.40334220876048 760.9445942453419 0.6469260545616328 0.3797294787116112 -0.025931158067819052 25 911.0 7198.0 -9.643029605792231 -0.4160017341409861
117 396.1047576800211 762.0394805380298 0.3705933750273408 -0.1684213283098328 0.21253723508797356 25 599.0 7200.0 -9.64333124107817 -0.0803754571504739
118 210.47171343459036 767.0027537466104 0.38503369612027943 -0.0134118028200408 -0.31758466007262914 25 2973.0 47587.0 -11.69372081670832 -1.2615549277365674
119 698.4600943803293 768.2121523794925 0.5379693682250293 0.2692245651197791 0.20709734086183645 25 722.0 8372.0 -9.807073049166622 -0.019718470372910375
120 110.43880756761241 772.1672148310818 0.5063412514935648 -0.292524925665027 0.02258094059342274 25 679.0 6850.0 -9.589226428731063 -0.14197449934104237
121 604.5540467967922 773.5656314489408 0.34440719955642113 -0.6945915626598412 0.05654704717428787 25 787.0 10838.0 -10.08737286669093 -0.2272809536734101
122 216.7549761510162 777.9530207729151 0.641502934323392 -0.22491501539641603 -0.183533997541994 25 1417.0 11146.0 -10.117797596800454 -0.8862306431207547
123 710.4536396569882 779.3816095420486 0.533766778833614 0.5542261999702843 -0.16037690268115873 25 676.0 6255.0 -9.490568285073596 -0.12688970011138304
124 434.5836658083632 787.2861124189551 0.5343894852383555 -0.28879658794327034 0.21657234000194642 25 544.0 4096.0 -9.030899869919436 -0.008270552736725226
125 238.51572141602605 790.945319885872 0.46828925723510995 0.21174211747640695 -0.24950073077405077 25 1113.0 13335.0 -10.312482550064736 -0.5417248167530536
126 571.4631817898494 792.1640588399719 0.4109318631544851 0.03497808973089144 0.14855715790651816 25 539.0 4689.0 -9.177700581847123 -0.10037629946849447
127 185.0859122475374 799.9555549531384 0.5904503932158883 0.9268362344117865 0.2646250448297211 25 1081.0 9827.0 -9.98105239013006 -0.5882518338323875
128 41.39220058928455 801.5745968632884 0.39573611782415496 -0.07610073272263194 -0.3355323024752178 25 1319.0 13880.0 -10.35597366529709 -0.9673143688444366
129 776.0359167485794 803.1621581249256 0.392453590712853 0.03509045832526931 -0.10298426860243858 25 1343.0 15439.0 -10.47154791801962 -0.8910389767215267
130 21.62387456399962 804.7970479617791 0.49868688732347033 -0.27773187721646825 -0.23956268151139645 25 1546.0 14346.0 -10.391827066248547 -1.0919380131491931
131 758.1112664115244 809.9705156110942 0.4917102582589174 0.322157009298479 -0.22710101513069034 25 912.0 10912.0 -10.09476089328101 -0.26125190027327827
132 331.8105763476403 812.0407246577195 0.621971492297713 -0.5015750075066171 -0.8592129656775194 25 1759.0 19423.0 -10.720790775415729 -0.8637241359158041
133 57.15588486987334 815.8036947749422 0.5490822676111534 -0.25974247319605354 -0.40235656375728346 25 700.0 6192.0 -9.47957736918709 -0.17617602044387298
134 212.7346481397227 829.4600384761034 0.3597068620573988 0.4662777834578564 0.1214890862383396 25 1050.0 17349.0 -10.598186117558141 -0.2548965197675961
135 243.8442984505746 831.7197420709733 0.5967297098236702 0.4946764845244614 0.166413794572738 25 628.0 3952.0 -8.992042339788975 -0.1827068870458336
136 607.9198528436611 833.5135864396004 0.6675421113281563 -0.27864869822524446 -0.42097296549067625 25 572.0 3006.0 -8.694972440627224 -0.061639016483949476
