test_CNN/outputs/tables/00086_b11273m0s0_sources.ecsv
# %ECSV 1.0
# ---
# datatype:
# - {name: id, datatype: int64}
# - {name: x_centroid, datatype: float64}
# - {name: y_centroid, datatype: float64}
# - {name: sharpness, datatype: float64}
# - {name: roundness1, datatype: float64}
# - {name: roundness2, datatype: float64}
# - {name: n_pixels, datatype: int64}
# - {name: peak, datatype: float64}
# - {name: flux, datatype: float64}
# - {name: mag, datatype: float64}
# - {name: daofind_mag, datatype: float64}
# - {name: aperture_flux, datatype: float64}
# - {name: inst_mag, datatype: float64}
# meta: !!omap
# - {date: '2026-06-11 12:14:15 Eastern Daylight Time'}
# - version: {Python: 3.11.15, astropy: 7.2.0, bottleneck: 1.6.0, gwcs: 1.0.3, matplotlib: 3.10.9, numpy: 2.4.6, photutils: 3.0.0, scipy: 1.17.1,
#     skimage: 0.26.0}
# schema: astropy-2.0
id x_centroid y_centroid sharpness roundness1 roundness2 n_pixels peak flux mag daofind_mag aperture_flux inst_mag
1 799.4561317578608 29.54338881269943 0.31182401850863717 -0.17283555026866929 0.1731693652154972 25 805.0 9787.0 -9.976623970797135 -0.11965028589294122 11205.91087639932 -10.123617910213333
2 317.6133032112658 75.3090679066763 0.47796548775623393 -0.308594798536493 -0.23228477976475656 25 596.0 4439.0 -9.118212862563416 -0.007724900829628412 6553.398257497822 -9.541166403324672
3 129.20625788763653 90.08174046367711 0.46386300267453184 0.44497327250720264 -0.3607802457476597 25 3208.0 67425.0 -12.072052387812322 -0.03062011817913964 170601.66989814956 -13.079958194628619
4 490.26667994862214 92.12542964937691 0.3775872693806613 0.12825937535186535 -0.02855913769644911 25 865.0 8199.0 -9.784402216030808 -0.25099483562457814 8386.65662221852 -9.808972154780877
5 492.3742357991188 189.15376550826863 0.43284746815705194 -0.03725756970412227 -0.18045567304372367 25 975.0 9746.0 -9.972066017613189 -0.30988150050191643 15278.78616720201 -10.46022213202819
6 458.5449699340605 222.75082671334312 0.5506070427789308 -0.40419911549851884 -0.13806804608764245 25 661.0 4299.0 -9.083418612792517 -0.027118084474539488 5068.850160333357 -9.262273633216221
7 103.02579665634599 241.1578339863989 0.4005953756432785 -0.7439773112807765 -0.3235833645460506 25 796.0 7619.0 -9.70474493393253 -0.2179473724098131 5340.08437740113 -9.318870298166054
8 386.1738526325266 291.38856226928056 0.5865990270538027 0.14451240800370319 0.2770811492686398 25 919.0 7944.0 -9.750098088718312 -0.1514389873178784 9062.60021745663 -9.893132055471144
9 264.5627126265283 381.12117017407695 0.5318563029973379 -0.4710876746386829 -0.4511803241604391 25 965.0 8391.0 -9.809534302727975 -0.23673069455420237 7298.046307400127 -9.658016536782503
10 268.33608217104774 395.5258438398232 0.3920760231104029 -0.7634005053296178 -0.7911492386477716 25 1079.0 15651.0 -10.486355228605094 -0.07907037048764477 23869.432544048446 -10.944605236256116
11 550.7335177776098 443.5136260070979 0.35916373278908315 -0.6467510572554239 -0.12795614427232677 25 1322.0 15490.0 -10.475128544398016 -0.595234856126411 20777.030776020514 -10.793958707700726
12 520.9026783263184 448.6292519741821 0.556310033164656 -0.1614763053066246 -0.07319653873998669 25 769.0 6598.0 -9.548530778023313 -0.05705755264084528 8907.508184992741 -9.874390575226887
13 383.65883119122515 452.45415777189436 0.47175008465872864 -0.08997433473770904 -0.29856012035849355 25 717.0 6362.0 -9.50898416192836 -0.05471196413536138 8815.874713226764 -9.863163523942566
14 459.78115054359284 470.21384236190147 0.37351409512234707 0.17495539329681656 -0.4457736399306661 25 2824.0 59393.0 -11.934338156202326 -0.00327160534435855 140635.89040156646 -12.870240417895074
15 277.1895505743644 481.6773543978628 0.6314654672297109 0.3434519102010385 0.05752255727489965 25 864.0 7144.0 -9.634853614701225 -0.03277203026866967 9436.97310652363 -9.937081793495825
16 178.27545832072738 506.4140477189493 0.47829299332852315 -0.23111369047902197 0.03716742919056403 25 685.0 4552.0 -9.145505633467536 -0.06561759999003074 1169.1985413648647 -7.669720662202751
17 363.78287352169207 513.7248592518714 0.5106007768724573 0.36905183788855417 -0.15495979299738377 25 816.0 5039.0 -9.255860895889422 -0.2990254191308114 5518.436454376292 -9.354540114873712
18 781.0048868496966 525.0865165330725 0.5168127947372022 0.1412464574112306 -0.3742800447924397 25 775.0 5824.0 -9.413053415762452 -0.11104486146058595 4943.149512099402 -9.235009366177106
19 705.5869586642116 560.6083984011198 0.42801122399652386 0.5718600443291688 0.08665426000269062 25 755.0 7223.0 -9.646794037150729 -0.14533056676511763 5740.2308260451655 -9.397323391474949
20 513.3089652020408 607.5079265832395 0.4748115639290416 -0.21822643786158485 -0.11514888257770425 25 877.0 7777.0 -9.72703024738781 -0.24343828029388465 8485.327606735449 -9.821671536213149
21 523.1489312312713 606.6740905357406 0.4314283399093667 -0.8758503725428116 0.15207531635242053 25 1039.0 12456.0 -10.23844649890016 -0.18044319590374364 14458.601345869043 -10.400315708684314
22 649.5119483776958 705.0926428390699 0.471418956202006 0.30132685054942354 0.05694327711801868 25 1384.0 16022.0 -10.511791818501209 -0.490553890156766 21288.303710292592 -10.820352643660485
23 418.9696600640772 712.5011539924708 0.5641563233884834 -0.4697191791645323 -0.18532793145234297 25 1064.0 7186.0 -9.641218032171576 -0.4818032931107584 7415.577403346853 -9.675362431001853
24 174.75620989513686 755.8121026133883 0.625619585777804 -0.04355891454850321 0.1968311777644704 25 977.0 6481.0 -9.529105053632879 -0.28368989970337344 9495.51370729355 -9.943796162600425
