test_CNN/outputs/tables/00089_b11354m0s0_sources.ecsv
# %ECSV 1.0
# ---
# datatype:
# - {name: id, datatype: int64}
# - {name: x_centroid, datatype: float64}
# - {name: y_centroid, datatype: float64}
# - {name: sharpness, datatype: float64}
# - {name: roundness1, datatype: float64}
# - {name: roundness2, datatype: float64}
# - {name: n_pixels, datatype: int64}
# - {name: peak, datatype: float64}
# - {name: flux, datatype: float64}
# - {name: mag, datatype: float64}
# - {name: daofind_mag, datatype: float64}
# - {name: aperture_flux, datatype: float64}
# - {name: inst_mag, datatype: float64}
# meta: !!omap
# - {date: '2026-06-11 12:14:15 Eastern Daylight Time'}
# - version: {Python: 3.11.15, astropy: 7.2.0, bottleneck: 1.6.0, gwcs: 1.0.3, matplotlib: 3.10.9, numpy: 2.4.6, photutils: 3.0.0, scipy: 1.17.1,
#     skimage: 0.26.0}
# schema: astropy-2.0
id x_centroid y_centroid sharpness roundness1 roundness2 n_pixels peak flux mag daofind_mag aperture_flux inst_mag
1 777.757886695214 4.396234339373558 0.4886902913025983 -0.08080859312118253 0.24407178350446418 25 540.0 3629.0 -8.899467420501392 -0.1420515904971446 3701.4427598258203 -8.920927594288795
2 446.68098435928795 9.60711166980182 0.6549789736800615 0.7923324884204999 0.7178992282866518 25 946.0 10046.0 -10.004982934558825 -0.19692837619819203 14070.761537642311 -10.370794007383191
3 825.1250916710482 38.72056278666248 0.4619881620332712 0.2665169570023117 -0.2457795799500763 25 857.0 8228.0 -9.788235707556716 -0.398218000861845 12072.833472284445 -10.204523025483885
4 86.04148472996076 58.70072434797041 0.5259082685844907 -0.6501637666321208 -0.10186902476050855 25 940.0 6341.0 -9.505394382967404 -0.6579709829280365 7568.530567751637 -9.697528923233978
5 205.9925270242527 100.9201256113934 0.4391219189336072 -0.10096953385174405 0.3715198001912055 25 613.0 5744.0 -9.39803607808561 -0.14852614716836848 7934.1060426731765 -9.74874500176455
6 61.70311820780884 177.2174200886961 0.5362822611753078 -0.9553737141386113 0.019378552844341524 25 628.0 5266.0 -9.303702136925123 -0.06288947514300405 5293.307094951979 -9.309317726558664
7 513.9210606073225 177.6413681244675 0.40604797432815126 -0.22386999860059817 0.06816481596136861 25 547.0 4862.0 -9.217037386268291 -0.07213337624155979 3579.274373143087 -8.884487477446642
8 756.7126992498722 256.7183925086387 0.4659221351367964 0.3614642871378093 0.17888784584754172 25 926.0 10280.0 -10.02998278664814 -0.3700444334780201 14729.447923896161 -10.420466173267688
9 302.78141061963373 287.30598414311834 0.6645103080328089 -0.06648690422103432 0.29236064058600725 25 876.0 5344.0 -9.319666123668723 -0.4039916750554787 4556.418014882289 -9.146558900693352
10 597.0140827132758 338.8860038595084 0.43977528235010616 0.4512930116033814 -0.054594326493367505 25 682.0 7295.0 -9.657563240573676 -0.10196991576290271 8613.045846616562 -9.837891897350648
11 302.6480844314594 345.81578417705657 0.7090746460328651 0.6129028829192793 0.5574398472323828 25 710.0 5475.0 -9.34596030878039 -0.028911559322548453 7824.796162197262 -9.73368258222801
12 107.75151409799234 361.5005686706036 0.6379945555362546 0.5128973438274271 0.38122848230496026 25 597.0 3635.0 -8.901261037987641 -0.01256425181729566 2974.6995377066337 -8.683607764904366
13 610.1052821301555 384.1256745425753 0.372141863430206 0.9280221926421237 0.7792817813226136 25 1045.0 15536.0 -10.478348031409823 -0.2310932226811826 20768.696877651142 -10.793523119455253
14 218.9137239258047 446.30670013882417 0.3809228171668186 -0.5776540188455366 -0.2246174069242017 25 657.0 6646.0 -9.55640084235673 -0.2461822869665687 10472.662769485794 -10.050142797574825
15 754.1115495311226 505.9200872752171 0.47272045943322555 -0.09539949018245854 0.19149712187181556 25 720.0 7958.0 -9.752009837025923 -0.06817427859289768 8479.798173734795 -9.820963789522573
16 412.27000642436667 590.1095037528232 0.4957275772722705 0.035420818564892646 0.31549980214682066 25 509.0 2345.0 -8.425357117627755 -0.13581970178261457 1874.9751275171793 -8.182488777421096
17 324.6679742928848 644.542372095685 0.5310058062793437 0.3524928818179848 0.6517043930008828 25 512.0 2806.0 -8.620219166730852 -0.07120106017292271 2613.305675451927 -8.542975529099913
18 730.8553590042007 724.3216137093057 0.5094194069294985 0.6541476798834318 0.4544407461007185 25 566.0 4715.0 -9.183704242683369 -0.014287597713084356 3800.1975357478595 -8.949515429999638
19 534.8703124004714 731.2044458698349 0.5474528233827827 0.7425913918529545 0.5014172061548772 25 689.0 6324.0 -9.502479653150429 -0.10373036173517355 6446.080825871629 -9.523239366813725
