test_CNN/outputs/tables/00090_b11355m0s0_sources.ecsv
# %ECSV 1.0
# ---
# datatype:
# - {name: id, datatype: int64}
# - {name: x_centroid, datatype: float64}
# - {name: y_centroid, datatype: float64}
# - {name: sharpness, datatype: float64}
# - {name: roundness1, datatype: float64}
# - {name: roundness2, datatype: float64}
# - {name: n_pixels, datatype: int64}
# - {name: peak, datatype: float64}
# - {name: flux, datatype: float64}
# - {name: mag, datatype: float64}
# - {name: daofind_mag, datatype: float64}
# meta: !!omap
# - {date: '2026-06-09 15:18:24 Eastern Daylight Time'}
# - version: {Python: 3.11.15, astropy: 7.2.0, bottleneck: 1.6.0, gwcs: 1.0.3, matplotlib: 3.10.9, numpy: 2.4.6, photutils: 3.0.0, scipy: 1.17.1,
#     skimage: 0.26.0}
# schema: astropy-2.0
id x_centroid y_centroid sharpness roundness1 roundness2 n_pixels peak flux mag daofind_mag
1 271.1872333681621 13.799116470703797 0.7107505566417837 0.26705781155201114 0.07018162565674481 25 1089.0 7978.0 -9.754735079934552 -0.5102104710016305
2 407.15094604934285 17.79794840638757 0.5230706512255217 -0.8220814277927698 -0.5337483579684706 25 582.0 4252.0 -9.071483139628148 -0.03529979104395815
3 137.03733748435278 39.712029807373995 0.48267602825351064 -0.0673546911598203 -0.1329375782337206 25 666.0 5598.0 -9.37008223532536 -0.2288623210211576
4 335.71478189105056 72.26089685063904 0.6053596565573425 -0.48923376653629924 -0.08167385642614557 25 718.0 5472.0 -9.345365221780149 -0.1288119238595949
5 559.4248380063851 84.5767697806158 0.46797725149287 0.7865852394825751 0.009961902041845582 25 563.0 3354.0 -8.813907645675167 -0.1809136353285059
6 284.0715733608295 107.43838852543301 0.36600502058854234 0.17745629952959954 -0.00927230787660819 25 449.0 3522.0 -8.866973379078146 -0.03214230298487113
7 104.81604388527148 111.85148206942402 0.4849357765942421 -0.600990958138603 0.019088343033017128 25 933.0 12444.0 -10.237400006091663 -0.20987119707104435
8 154.22324917918405 210.72470682622722 0.5422245006282279 -0.3706323945450533 0.048989305871087824 25 633.0 3684.0 -8.915799053812028 -0.18412636585557976
9 604.9610485428284 211.79472248786297 0.47689983677354963 0.3481660048602291 0.25494435340940325 25 589.0 2709.0 -8.58202251258292 -0.3353549304167966
10 617.8561278328588 212.53919650973978 0.7058939637835646 0.19654660817015385 0.19475142334490284 25 673.0 2542.0 -8.512938865544973 -0.18422167736059258
11 219.69515261258763 217.47953993536 0.33657265728317054 -0.6265198097007402 0.1837066708982787 25 599.0 4964.0 -9.23957943206673 -0.25463864808495557
12 685.5908159902597 227.0664303373794 0.7051429275523105 -0.5063855958632644 0.025511487373030977 25 867.0 4229.0 -9.06559421286725 -0.3994870141137121
13 414.3265507828007 272.60452337743095 0.4874594781908605 0.5264819245463451 -0.03537051915315632 25 837.0 8026.0 -9.76124788849455 -0.3017879153123247
14 601.9415653297103 280.99931146396585 0.46039163288955515 -0.3393616842474904 -0.3573129816261231 25 567.0 4164.0 -9.048776802096247 -0.08153820443478678
15 401.83747794851064 305.51737739411914 0.40468044496150596 -0.8651933304312056 0.09703683029662295 25 1665.0 21724.0 -10.842349485301474 -0.9164448037735891
16 787.6144209948089 310.09611985310187 0.4954853499559677 -0.035083992617322535 -0.18344953950999937 25 858.0 7022.0 -9.616152062823332 -0.47078562871422563
17 297.96450170105436 311.7395685803386 0.6153933796442338 0.14907514237164624 0.25480613212239467 25 1233.0 8061.0 -9.765972302882078 -0.7714202829493687
18 827.9667001492426 329.99770870212524 0.6680245006687173 0.03821825416377836 0.05086891317379252 25 677.0 2737.0 -8.59318699352531 -0.22294434236829652
19 740.6519754177659 334.0911999271867 0.4719204873606032 -0.3056239573648514 0.012832700023716245 25 561.0 4695.0 -9.179088991505324 -0.053497759428809286
20 214.415936144603 347.797963485495 0.47786034828011004 -0.43542127179776824 -0.02511439240865248 25 910.0 11770.0 -10.176941157108587 -0.16459408960591326
21 221.13173279727607 372.281503255376 0.6238667351027801 0.9145010939852292 0.11847078100270897 25 623.0 4328.0 -9.090718130246282 -0.03161550510991154
22 657.0333220552114 385.5870842189947 0.4128399877601385 0.4234121243798535 0.4872523328502034 25 808.0 8759.0 -9.856136315856194 -0.27522554325798804
23 44.07361739647263 387.06105099036034 0.5763593183357202 0.7744573936908566 0.8835374085866367 25 1415.0 16606.0 -10.55066258396808 -0.5127666323688295
24 288.3587252336342 406.0622219352145 0.40213206066769813 0.22116916357638675 -0.2642243414932288 25 876.0 8019.0 -9.760300533690499 -0.5535332547620414
25 172.9875709587476 411.66035560531606 0.5166802011575804 -0.31751001788506295 0.33367279018921886 25 669.0 5024.0 -9.25262407682285 -0.1920927298503686
26 529.8592698480248 470.1433665389669 0.4496462631718952 0.4244816628931288 0.20489010199112448 25 530.0 3614.0 -8.894970370562284 -0.15532612201013496
27 809.731551853578 470.86197577787004 0.5388263162801392 0.12172908063686055 0.062419289937599126 25 870.0 6549.0 -9.540437476072004 -0.4598860236439608
28 19.48669010233672 519.0977142903643 0.4582217017286736 -0.19332524644065552 -0.0006847229225356205 25 607.0 5826.0 -9.413426200729122 -0.0018856875337339555
29 201.09982473149728 541.8318703878643 0.5090448703088981 0.06691260288253639 -0.0902517578272396 25 589.0 4111.0 -9.034868691950875 -0.12597627683468307
30 264.99804725758 555.8797779097807 0.6126462611735768 0.4625380870772905 0.785519481627276 25 1067.0 8411.0 -9.812119082438842 -0.4970345943937307
31 587.944593186962 561.817647890923 0.513993394997189 0.05117654598082745 -0.5885970796662818 25 615.0 4725.0 -9.186004532113204 -0.11958426345979761
32 565.5650919173801 570.6843172749119 0.6062949798662581 -0.9815010455965875 0.04308700911998935 25 650.0 4639.0 -9.166060931296899 -0.0333707535939621
33 477.11330767508406 636.7416960511603 0.4503363981131909 -0.13085908287741208 0.041382346957989084 25 675.0 5645.0 -9.379159865652467 -0.28572671931779736
34 784.2083794283292 661.7028969169831 0.567574429974341 -0.07947346130590906 -0.24200373664794608 25 697.0 5262.0 -9.30287710937421 -0.15898293292919985
35 69.0951649106392 690.4294345018723 0.5881991518236724 -0.20237577217232025 0.14549939742041768 25 915.0 7560.0 -9.696304488753016 -0.3875256766817602
36 719.7177892977106 755.4097669563913 0.4580705783002439 -0.8263678545234674 -0.19385520227510047 25 707.0 6971.0 -9.608237706841269 -0.23200563213949915
37 119.75900362712848 808.8263873081868 0.5185449161917125 0.2364546689607178 0.8080519907392434 25 1345.0 21455.0 -10.828821297171727 -0.08195136795841704
