test_CNN/outputs/tables/00093_b11358m0s0_sources.ecsv
# %ECSV 1.0
# ---
# datatype:
# - {name: id, datatype: int64}
# - {name: x_centroid, datatype: float64}
# - {name: y_centroid, datatype: float64}
# - {name: sharpness, datatype: float64}
# - {name: roundness1, datatype: float64}
# - {name: roundness2, datatype: float64}
# - {name: n_pixels, datatype: int64}
# - {name: peak, datatype: float64}
# - {name: flux, datatype: float64}
# - {name: mag, datatype: float64}
# - {name: daofind_mag, datatype: float64}
# meta: !!omap
# - {date: '2026-06-11 11:14:42 Eastern Daylight Time'}
# - version: {Python: 3.11.15, astropy: 7.2.0, bottleneck: 1.6.0, gwcs: 1.0.3, matplotlib: 3.10.9, numpy: 2.4.6, photutils: 3.0.0, scipy: 1.17.1,
#     skimage: 0.26.0}
# schema: astropy-2.0
id x_centroid y_centroid sharpness roundness1 roundness2 n_pixels peak flux mag daofind_mag
1 0.281663757864591 19.507082567094745 0.7063465306321854 0.2872319963024515 0.7674068092752112 25 732.0 3588.0 -8.887131085930136 -0.21251163867189535
2 84.0883842678298 60.67350733431362 0.5440232671091925 0.5212412380816039 0.22883308524449456 25 754.0 4863.0 -9.217260673920443 -0.3642354671084318
3 762.4352666895844 66.97290427892273 0.5605105081200475 0.05753649886076443 -0.7282491504231559 25 630.0 4147.0 -9.044335088410044 -0.15389681613790762
4 519.1163100167671 68.8535003244506 0.4231888201685035 0.23685138671179323 -0.8963423948144773 25 846.0 11354.0 -10.137872224723486 -0.017182227981545846
5 115.58509081663433 112.32207134342814 0.5485291801980838 -0.2841034987426848 -0.2496911321412271 25 2344.0 36419.0 -11.403320041700225 -0.8034146285958975
6 125.04928475068093 179.75360358122066 0.580824785176475 0.45634964990793825 0.241830003424997 25 910.0 7962.0 -9.752555433120198 -0.31058800867193054
7 56.57547845826036 199.58028966176502 0.4347395204704319 -0.17884582953840655 -0.0823041101827071 25 687.0 5632.0 -9.37665661533514 -0.30880532767213065
8 90.95547157900214 213.98995589036036 0.4952279136414339 -0.5152440208176815 -0.033604977596452465 25 667.0 5650.0 -9.380121119548598 -0.15521964902706722
9 806.0707900542978 221.28147869376244 0.5892150419369045 0.37836703541763117 -0.11706245180673236 25 941.0 8704.0 -9.84929720588526 -0.32643424778732383
10 491.96404713137144 240.00220277367362 0.3865024984854494 -0.12563310223309512 -0.26618198076787725 25 416.0 2304.0 -8.406206186877936 -0.044643833031697035
11 376.46192034226453 258.91576118365214 0.5166754562161513 0.6910405370415532 0.3361287973051609 25 774.0 7738.0 -9.721571813463065 -0.18374936953783058
12 357.89133187928167 290.5218679474941 0.5081154271555669 -0.9528172378968445 -0.08092004603250529 25 1647.0 22858.0 -10.897595570948459 -0.6585700475072112
13 363.3245990270841 305.6645925434379 0.4648713284124258 -0.2071363558596284 -0.11948709589387872 25 767.0 7090.0 -9.626615587957666 -0.28331426484580774
14 708.0654052676974 327.3206030196872 0.4556979686522076 0.21026662178697125 0.11712498134973366 25 665.0 7207.0 -9.644386305148606 -0.0784325716170208
15 77.68783862715827 342.8113826258561 0.4251589726706614 0.09324828503594083 0.48671752513077376 25 635.0 4734.0 -9.18807063398266 -0.27980805843832707
16 79.45882901208206 365.40905404755057 0.5594000335832472 -0.5095097134905899 -0.851299070720483 25 599.0 4550.0 -9.145028491642782 -0.07295027258125494
17 147.2445914693816 475.34638716094804 0.3818317396742529 -0.7753080950109675 -0.05723788281830549 25 936.0 9859.0 -9.984582166534965 -0.5455605473965084
18 399.84225651410185 545.0804994143629 0.546144772605787 0.058278758086274716 0.29069698648512365 25 591.0 4106.0 -9.033547362586432 -0.044014197407754904
19 132.42419696956827 634.9520955167625 0.5025848874055389 -0.21658725163340098 0.05677803036449519 25 907.0 7468.0 -9.683010773192603 -0.49442138687265536
20 701.7562869472346 642.5453721790366 0.4617823670524517 -0.36558749834655596 0.192698409841135 25 633.0 5523.0 -9.355437608059193 -0.11668759786867176
21 833.2657874660152 646.2711599909943 0.4363167753445171 0.4385501126693241 0.11559645834828648 25 984.0 7787.0 -9.72842543674037 -0.7367605590272085
22 286.97307658581303 776.8433116006919 0.5820986835591851 0.0520017695922757 -0.12208364844759793 25 639.0 4681.0 -9.175846602818606 -0.039892468481990816
23 421.76365097499377 787.7769631685512 0.5579412814734622 0.5759239991764612 0.249803491815516 25 534.0 3235.0 -8.774685712511799 -0.0105831505902279
