test_CNN/outputs/tables/00104_b13484m0s0_sources.ecsv
# %ECSV 1.0
# ---
# datatype:
# - {name: id, datatype: int64}
# - {name: x_centroid, datatype: float64}
# - {name: y_centroid, datatype: float64}
# - {name: sharpness, datatype: float64}
# - {name: roundness1, datatype: float64}
# - {name: roundness2, datatype: float64}
# - {name: n_pixels, datatype: int64}
# - {name: peak, datatype: float64}
# - {name: flux, datatype: float64}
# - {name: mag, datatype: float64}
# - {name: daofind_mag, datatype: float64}
# meta: !!omap
# - {date: '2026-06-09 15:18:25 Eastern Daylight Time'}
# - version: {Python: 3.11.15, astropy: 7.2.0, bottleneck: 1.6.0, gwcs: 1.0.3, matplotlib: 3.10.9, numpy: 2.4.6, photutils: 3.0.0, scipy: 1.17.1,
#     skimage: 0.26.0}
# schema: astropy-2.0
id x_centroid y_centroid sharpness roundness1 roundness2 n_pixels peak flux mag daofind_mag
1 107.26796186263267 3.1887729069555353 0.46341722830496085 -0.10932404471345732 -0.4357070948264088 25 2138.0 23827.0 -10.942673412049134 -0.2992168425469293
2 265.6503108814221 14.056752734759954 0.5691020940169872 0.5598240569560504 0.05075177218375287 25 1688.0 10100.0 -10.010803434456605 -0.2463450958139435
3 751.3834367088007 62.09375730859875 0.43322842746098783 -0.5013815277675951 -0.8457523777695319 25 3277.0 55322.0 -11.857244680819456 -0.2902363140998344
4 707.2582337512603 62.920548998665254 0.3857868694669607 0.04651880654948435 -0.3215991236836252 25 1776.0 14340.0 -10.391372878329452 -0.4474710320961208
5 259.73581426089345 67.38487531871792 0.41035099793375795 0.43410379121628523 0.0038269386322002112 25 2281.0 29550.0 -11.176393713043185 -0.307014120148408
6 657.606391638544 82.30728941506551 0.5554423056769999 -0.1563793599480959 0.03467551890804914 25 1819.0 17384.0 -10.600374283281171 -0.10450478497268047
7 375.2615884277515 84.23979904862907 0.4682705476863612 -0.35497129850494125 -0.19070510113104683 25 2320.0 28372.0 -11.132224877941233 -0.2664809471577054
8 603.9295714288471 131.1508291168989 0.4945292962722144 0.5975811248756256 0.050226996815053424 25 1666.0 14223.0 -10.38247802509655 -0.17364269916541003
9 428.85997288500266 147.5605854627588 0.4506894247985675 -0.029581840827276336 0.5402606726779382 25 1781.0 17558.0 -10.61118761172253 -0.25959486077477334
10 556.0517009785866 156.69008517405618 0.5015955574295687 0.306476987551783 0.28667492504422926 25 1742.0 18739.0 -10.681866028002974 -0.0546485037492983
11 96.6642165472664 206.19777881841267 0.43824874787666773 -0.5174092792976429 -0.1766976913100817 25 1679.0 17034.0 -10.578291607273753 -0.13209633855842184
12 239.72022336669536 212.67021389077945 0.4788670240522322 0.28387157494995696 0.35388573119301286 25 1791.0 19910.0 -10.747678150068525 -0.07649799688937534
13 405.7861174519388 217.54643581643722 0.566603461350303 0.16761547142429775 0.4685882679140622 25 2314.0 22173.0 -10.864561142495496 -0.37118890312084535
14 681.7095611785919 219.0032286149847 0.46526182868272437 -0.07712674058990933 -0.383898278355151 25 3344.0 44128.0 -11.61178561123939 -0.5427870471641225
15 221.6900934495896 229.57724030902997 0.45925620004759043 0.17300332625533624 -0.029400088165906526 25 1413.0 13667.0 -10.339182986048092 -0.02909348526756187
16 90.11973791639346 262.5385479720818 0.3609019794427529 -0.47500922488078323 0.12628372526113466 25 1484.0 16167.0 -10.52157359578922 -0.12165705066482006
17 116.47334175498526 264.8558767694755 0.4216815263582347 -0.6838842324879001 0.2459246188176096 25 1746.0 21939.0 -10.853042070359775 -0.03698346825248664
18 137.7478709116488 325.738206742234 0.6398633816479592 0.9154082277765638 0.3063783251811759 25 2089.0 22961.0 -10.902476996447303 -0.0626326683051709
19 144.04044518065206 341.44343051776303 0.4850920901610247 0.6192678754260768 0.3629825909902023 25 3178.0 43776.0 -11.603090189260008 -0.4193197717797164
20 568.7327686279821 341.4386636592038 0.4552590886114881 -0.4542809816529762 0.27142852140377466 25 2076.0 24894.0 -10.990236713031543 -0.20391245454534035
21 630.5818784709976 355.06654273998765 0.46545920286179027 0.2915697966191309 0.2557410635578146 25 2018.0 24275.0 -10.962898096450107 -0.17996940120666538
22 714.4788111278831 360.2351971504913 0.5911987480692296 -0.29468914022264686 -0.284227095609341 25 2288.0 24101.0 -10.955087656797327 -0.2134934704291872
23 587.0570017763238 367.42322953814426 0.445665482505997 -0.16576312874858914 0.1226517516983359 25 2273.0 27667.0 -11.10490517522132 -0.35899203047294465
24 74.5366779459936 387.81480130857 0.44498961492566375 0.41034873330882593 -0.22278113998770618 25 2039.0 24807.0 -10.986435616623316 -0.16457015250006607
25 34.30129994954838 417.34672516002047 0.34265990717486633 0.14863254279819663 0.16633984960430523 25 1331.0 13882.0 -10.356130100165853 -0.05597291057063788
26 389.0067687274014 445.07293620031436 0.367783304685398 -0.09035636329843973 -0.3122396164033572 25 1737.0 20822.0 -10.796306105353143 -0.19078325091850143
27 545.0842091555562 475.5012390820801 0.4683510594131791 0.1715574430283579 0.02661626791742181 25 2011.0 21596.0 -10.835933296998013 -0.30882915795206817
28 122.24520381624588 488.7458467127592 0.4413585794093445 -0.3348759225722433 -0.4780699398706997 25 2048.0 26336.0 -11.05137453383044 -0.10765114987735563
29 481.78818287422274 493.5698669404121 0.40254079832766493 -0.05427050146875291 0.2710595419176054 25 2737.0 36466.0 -11.404720319087804 -0.46806997457461863
30 736.8886274658257 497.55721276881326 0.4857145941284924 -0.3051940834552786 0.008606140756392955 25 1957.0 19866.0 -10.74527607783928 -0.28385196915895095
31 128.18210659882416 499.49142878492364 0.42074548357944674 -0.2754587381414632 0.08623008032657088 25 2161.0 23371.0 -10.921693238531965 -0.3929192411548038
32 561.5240661965479 500.23836196321867 0.5042420341660885 -0.9589248392546061 -0.4155862672011985 25 1941.0 23592.0 -10.931911898859354 -0.03610727476645213
33 165.53799668087362 508.9773522680508 0.42941246586626186 -0.0530769051578201 0.4588845203703035 25 2978.0 42890.0 -11.580890115597684 -0.3776267911959912
34 233.23512501174537 508.7891877581373 0.3622047121671113 -0.3482932857035712 -0.3217611983290082 25 2161.0 32074.0 -11.26538281216909 -0.19497608151272441
35 502.1647614891786 508.8021839237297 0.5335594671168564 -0.3825913094509454 0.19691350375011418 25 2152.0 24976.0 -10.993807214295856 -0.15572551099176182
36 462.056770106811 519.9209846495899 0.5533003634115478 0.4191540601997174 0.9529597017199298 25 1834.0 19923.0 -10.748386837396266 -0.010540142034331398
37 54.23092006871509 526.4035577136516 0.41132011454477707 -0.20296863759985687 -0.05996576972817657 25 2861.0 38330.0 -11.45884704813588 -0.4472801466373485
38 129.33326013645168 525.6969447704067 0.3709522132791838 0.09391635790552931 0.35492174537264864 25 1791.0 18611.0 -10.674424272807306 -0.31170505165183104
39 253.57283490766036 528.7459260225394 0.3952833995394617 -0.4340402612202014 0.2612488754987982 25 1740.0 21028.0 -10.806994920865968 -0.1336492059638392
40 385.5831695383964 537.1025440072644 0.4371992367174476 0.11063305765036459 0.4341706571673221 25 1986.0 27338.0 -11.091916847933636 -0.052536454240321086
41 344.2428859554446 543.9874383999492 0.6218295443576217 -0.6123936126844872 -0.12032770130954684 25 2355.0 31736.0 -11.253880468665237 -0.020300159808477984
42 364.71466968449226 550.5785120301157 0.4632276054132767 0.005338326778466241 0.5180372300378046 25 2886.0 43309.0 -11.591445390085644 -0.20906808132625643
43 396.0336645655892 552.6549601261962 0.42969794829538216 -0.40222119948336243 -0.006819034911198527 25 2458.0 25671.0 -11.023606966772387 -0.6137696382282388
44 2.2845267216726084 555.9474349712967 0.4717404584934059 -0.8404188731471801 -0.036632352598692255 25 2436.0 27342.0 -11.09207569741523 -0.41216719081249176
45 210.34429141101373 556.4211163382217 0.43656217589863183 0.6408624990171375 0.012729146671180388 25 2732.0 37786.0 -11.443327300586887 -0.379573473510911
46 13.921830707112711 562.2666493465935 0.5369857706714087 -0.13930876713745372 0.07990712923789378 25 1350.0 6259.0 -9.49126237888324 -0.2061343758378006
47 615.0787899630036 562.546325229097 0.5183667923031527 -0.9073565297979552 0.3576092718228472 25 2080.0 26055.0 -11.039727693756948 -0.015238875152537936
48 74.7678927105495 566.789615090988 0.4133115185428459 -0.4623989470005057 -0.032214967357698326 25 2777.0 36798.0 -11.414560537677843 -0.4041279333862037
49 435.62024197343703 574.1987021204653 0.577290305977401 -0.04187174003073973 -0.32340091419420175 25 2167.0 20026.0 -10.753985529573391 -0.33406045287662506
50 292.0120359778032 588.3507168793126 0.3459064736756515 -0.7614007445788701 0.302768819755036 25 1683.0 22479.0 -10.879442468294409 -0.04416505672302562
51 619.5408818794161 600.7205152002718 0.5026491139027611 0.5193517798595498 -0.1703515293963769 25 2313.0 33841.0 -11.323607969846627 -0.03470795250686116
52 268.0217627314943 605.4933413199924 0.5253349631508066 -0.08458612724754738 -0.328387273986092 25 1659.0 12928.0 -10.278828358576277 -0.23853425757242053
53 66.22898616711905 606.8056219597189 0.4059242173489649 0.4064327089080717 -0.5759547333644297 25 3231.0 45269.0 -11.639502252403434 -0.562842219722586
54 513.052950231799 612.4459869834976 0.6315925295764374 0.48603371633510606 0.36871412672754156 25 1666.0 11717.0 -10.172041074805549 -0.14878757749731494
55 601.4598512572469 620.6591661750564 0.5263394346095386 0.016644144697859877 -0.6728218596402509 25 1693.0 16644.0 -10.553144267802274 -0.055170909248367025
56 307.94220771812076 639.8297027260096 0.5880487294339223 -0.34242563575520824 0.4568721405407875 25 2003.0 18446.0 -10.664755510754391 -0.19007716662000385
57 817.3272623199775 639.9672010245694 0.5034820561882697 0.434796083761016 -0.04786866394651645 25 2392.0 28968.0 -11.154796279522387 -0.27985108051837687
58 793.6182310569693 644.9307190094424 0.34738836051018884 -0.783356122385441 -0.3307914449101712 25 2994.0 51100.0 -11.771052250336782 -0.1890961898335861
59 181.7538363786469 648.4175195493817 0.5538713443827394 -0.4540800097457282 -0.7777508004296837 25 2704.0 28076.0 -11.120838084350439 -0.4372377322469801
60 238.6232788945474 651.555776960684 0.36897662929500025 -0.2912657559159275 0.05292354344165552 25 3800.0 74767.0 -12.184274887701216 -0.046130449209316624
61 259.12725687047856 653.0976934918652 0.48939249449431504 0.06879344908454268 -0.5803779208320484 25 2713.0 31788.0 -11.25565801086214 -0.4338644895262911
62 247.2230080900316 654.4936794926748 0.3935414462831441 0.12512134676473605 0.28573182892670057 25 3676.0 68743.0 -12.093071202941184 -0.08778196263775104
63 33.15405718130253 656.8727927577348 0.3993722851894656 0.12310004584234796 -0.1227413617897678 25 2451.0 30043.0 -11.194358244464865 -0.41785133897705884
64 486.533375157272 660.6196609383476 0.38353777622404295 0.1279975975477737 -0.4832587850787379 25 1306.0 12378.0 -10.231626195891987 -0.03342711338567479
65 401.0044264454276 664.543601689225 0.4036529133212722 0.5769459545985248 0.6193181609336311 25 2742.0 37946.0 -11.447915005948648 -0.3974557428101847
66 716.2311368951126 664.1601963308909 0.6059742196983486 0.11735865233515932 -0.18555464563086757 25 1803.0 10180.0 -10.01936944500185 -0.29153070310127677
67 290.6259274298776 672.5639359722705 0.4899001363148118 -0.08547176881304695 0.2594079052987848 25 1928.0 18522.0 -10.669219699664348 -0.23609430752204763
68 749.8068402413921 679.408851068799 0.5602334332897716 -0.6217594349061987 0.15825008730567308 25 1535.0 13531.0 -10.328324735107024 -0.030153649082838505
69 331.7284080363405 682.809058566069 0.4887437135013921 -0.4706720551194174 -0.043376809432674364 25 2333.0 31397.0 -11.242220382468918 -0.09974020935679567
70 760.5035752598434 688.5163685562547 0.46639600229336603 -0.4000048458617459 -0.01759490129923354 25 2375.0 26810.0 -11.070742034957199 -0.38904625475176874
71 90.70667981994455 689.6118439346543 0.45566646748217904 0.09325948975143503 0.04928829908344441 25 1206.0 7139.0 -9.634093454896485 -0.06628395291444716
72 63.1804738067686 693.0282429566475 0.4570089813844136 -0.5581943061920442 0.49015749959378496 25 2449.0 38257.0 -11.456777277366685 -0.017496217681954928
73 826.9311201479593 695.3070874266544 0.5013102918223474 0.2568387724750599 0.3599325718131197 25 2124.0 20774.0 -10.793800318212023 -0.36190715163817144
74 735.1672528913009 695.9042590026987 0.5218704828963515 -0.11838546771965014 0.10145020512523407 25 1483.0 12915.0 -10.277736026273342 -0.06692349191438765
75 417.61668216455115 707.7238025805304 0.4584775431479978 0.09621792504852271 -0.2857896227719836 25 1927.0 24988.0 -10.99432874318496 -0.0351921146752237
76 426.1787075455323 715.1966454615762 0.4144678967524231 -0.1315235237007254 0.3628978460020228 25 2159.0 30772.0 -11.220389309414273 -0.12830816544027707
77 317.0761756296335 720.4385298152403 0.40776691787888786 -0.9015344858837708 -0.12198016769923414 25 1946.0 21065.0 -10.808903658657167 -0.3634151950047696
78 389.9806727654659 735.5224699002017 0.46508091766693754 -0.12657246546271073 0.162282273747713 25 2567.0 25818.0 -11.029806491165496 -0.6012950042904844
79 403.4429453402476 735.6070059393728 0.36691957391801583 -0.2623460183018852 0.287217589639963 25 2852.0 42957.0 -11.582584859513922 -0.35243707978082767
80 248.9322814887581 738.8084822884166 0.46271828760471373 -0.18490914017469134 -0.34598701470210996 25 1697.0 15937.0 -10.506016431598448 -0.25414103499651236
81 78.55232092112001 741.9113420590282 0.3808721452651704 0.012423791766092072 0.18555639270921423 25 3137.0 47544.0 -11.692739293125383 -0.4022931056354084
82 28.617280341322555 745.3056363186698 0.4805103584355678 0.8476467635958368 0.9974324834194459 25 2011.0 25270.0 -11.006513104799787 -0.13252387572271432
83 13.924156282658721 746.8371728875214 0.5039780455641332 -0.024108638258479625 0.5969654153678798 25 2309.0 25708.0 -11.025170728095905 -0.28234640228957475
84 202.1700491159885 747.1374412554479 0.43021054796924957 -0.5227034202896099 0.021919704721335462 25 3004.0 40669.0 -11.52315873444021 -0.4732397025748868
85 617.7920784860665 748.4009505687452 0.4609630877754036 0.048614452326949255 -0.06502311093664223 25 1677.0 19593.0 -10.730252346201048 -0.007871923171397576
86 103.23717061004659 749.1406668991023 0.46584254216890814 0.19626596589257592 -0.0260158676645139 25 1546.0 13325.0 -10.311668044246524 -0.12258930376006826
87 121.22992947240941 752.183119451112 0.434353161641883 0.13709809571704407 -0.01827767376653274 25 2243.0 33619.0 -11.316461977923645 -0.019720572064456293
88 789.4359672090363 755.6056507898431 0.3647040725343452 -0.00439879252008783 -0.6477448263255569 25 3288.0 56896.0 -11.887704337385252 -0.19502556504447485
89 105.13927619311815 757.802159396034 0.46668148737403053 0.08109314893886047 0.06678907782336785 25 2024.0 22276.0 -10.869593023044304 -0.2882954215276257
90 624.9546134832625 758.8310353240827 0.3746840920975895 -0.2931573405058221 0.14648163695834635 25 3309.0 56737.0 -11.88466592126985 -0.17560716853586414
91 285.06669428712826 759.8784258178823 0.47347322105764206 -0.27691123334022166 0.020769576585837925 25 2543.0 32282.0 -11.27240108294238 -0.3524426800395133
92 450.38536978212414 761.093830164189 0.5218502182996825 0.21665404294626217 0.8166690297594915 25 2081.0 27105.0 -11.082623529041534 -0.07666281062322883
93 727.3886760293286 761.5679362866313 0.49102105561699394 0.1417959092781454 -0.06150315630104992 25 2133.0 24176.0 -10.958461117487374 -0.22688109495531483
94 166.17817268234603 769.0428801412752 0.37884835051828636 0.9535739817249592 0.7809760950144179 25 1819.0 22705.0 -10.890303765592463 -0.16873291189858858
95 351.8730416294682 772.7044700938361 0.5044108309716443 0.4680926308599678 0.5962572902634202 25 1649.0 15770.0 -10.494579233322256 -0.1133419413956668
96 374.99115977790626 772.5239553893812 0.46069938980002995 0.46641196858237277 -0.01771304743068966 25 1912.0 19027.0 -10.69842579544777 -0.2881629355772497
97 309.01900542277224 775.910167029845 0.4611472266140703 0.18340350138235872 0.33866315265260427 25 2005.0 25978.0 -11.036514281161374 -0.015531782284270618
98 100.87683564803473 778.1959887841168 0.410640015168289 -0.6797124749420144 -0.19675668529367343 25 1565.0 17942.0 -10.634677130849205 -0.016716389034717102
99 167.28188801256331 780.2248354218741 0.4194653637750627 0.27694538058775947 0.09468023906030139 25 3469.0 58513.0 -11.91813091311329 -0.26769583518046336
100 626.4108610013187 778.7940875849055 0.5994824910751688 -0.0011690212484662288 0.20721908385828608 25 1728.0 12050.0 -10.202467617277218 -0.17641372718235415
101 204.94354609323673 784.2007779029907 0.4042631786358044 0.43635100906035423 -0.34307080147281316 25 3663.0 69300.0 -12.101833086529517 -0.03641929250762668
102 93.8115825151321 795.2178329871846 0.4649534008838441 -0.0790370144190426 -0.38553805517203155 25 1975.0 22581.0 -10.884357926884839 -0.17299461900844207
103 410.161286336986 795.3914719511881 0.42285626642541635 0.19672231866967899 -0.18106253403518266 25 1601.0 19559.0 -10.728366616724063 -0.013012843113497324
104 53.54156616772811 797.6996976725536 0.453144922579856 0.5614425427486521 0.010728414597296164 25 1970.0 22609.0 -10.885703384624321 -0.27177516910374405
105 833.1573953657646 797.6317622549781 0.3897766082639637 0.6086036216471109 0.6201142388987625 25 2915.0 31199.0 -11.235351685251082 -0.7915997362031448
106 159.97104310361632 804.0017388465858 0.42815145458395293 0.4507830162264942 -0.12892977335337222 25 2138.0 29517.0 -11.175180538225272 -0.13208941435910362
107 472.53682796847716 806.0313429132606 0.4617485315422003 -0.09063965350348303 -0.20938465657636635 25 2434.0 25187.0 -11.002941105423007 -0.5021502119032989
108 371.4087926181425 814.5409474482195 0.4481954653301593 0.1883261452504379 -0.22549488318416938 25 1429.0 13963.0 -10.362446845050076 -0.04887846738324529
109 769.4220154847875 820.6385634520354 0.4580611146257224 0.3561300197835344 0.1537554643056736 25 1678.0 18629.0 -10.675473856760453 -0.05591035603187782
110 213.0012238869202 825.0421234239484 0.4874663887786152 0.7298855522545342 0.18710856531494247 25 1827.0 17927.0 -10.633769046206716 -0.27704932619364364
111 803.2188246194519 832.8272205807357 0.3401466897943648 0.287441556688925 -0.1023825160711302 25 1710.0 21876.0 -10.849919786756503 -0.08090888163623432
