test_CNN/outputs/tables/00107_b15393m0s0_sources.ecsv
# %ECSV 1.0
# ---
# datatype:
# - {name: id, datatype: int64}
# - {name: x_centroid, datatype: float64}
# - {name: y_centroid, datatype: float64}
# - {name: sharpness, datatype: float64}
# - {name: roundness1, datatype: float64}
# - {name: roundness2, datatype: float64}
# - {name: n_pixels, datatype: int64}
# - {name: peak, datatype: float64}
# - {name: flux, datatype: float64}
# - {name: mag, datatype: float64}
# - {name: daofind_mag, datatype: float64}
# - {name: aperture_flux, datatype: float64}
# - {name: inst_mag, datatype: float64}
# meta: !!omap
# - {date: '2026-06-11 12:14:17 Eastern Daylight Time'}
# - version: {Python: 3.11.15, astropy: 7.2.0, bottleneck: 1.6.0, gwcs: 1.0.3, matplotlib: 3.10.9, numpy: 2.4.6, photutils: 3.0.0, scipy: 1.17.1,
#     skimage: 0.26.0}
# schema: astropy-2.0
id x_centroid y_centroid sharpness roundness1 roundness2 n_pixels peak flux mag daofind_mag aperture_flux inst_mag
1 776.28633090433 0.6287955044553047 0.3114897708965766 -0.7916114187741805 -0.7436917979692161 25 850.0 10686.0 -10.072037924617218 -0.2428612960024059 14614.904760180221 -10.411989973923518
2 112.51472462518907 53.75664085424908 0.5499513458441989 0.013446386279399493 -0.2822350806007502 25 760.0 7645.0 -9.708443724370849 -0.007185504302526652 13555.139091318686 -10.330259945750734
3 458.88107596141793 54.9331000638941 0.4131349401608349 0.34609840108519496 0.1656701527742277 25 789.0 8244.0 -9.790344957767939 -0.20127115761306802 14111.913509745913 -10.373964765140563
4 379.95529581620775 62.17073030680063 0.3991518870903831 0.42505970369176116 -0.10702404952527476 25 906.0 11302.0 -10.1328882574047 -0.17392818642343377 10757.586019769771 -10.079287068681042
5 214.81190351530165 79.86745048882243 0.3557378702623508 0.8507619642335749 0.09884670478808781 25 697.0 8040.0 -9.763140121871128 -0.09898970399948279 10081.092003489443 -10.00876894570106
6 304.05871819873823 143.92581234935747 0.6612654314231204 0.41240552093517757 -0.3489174319525223 25 894.0 7811.0 -9.731766594514164 -0.12881010603001392 13451.40591982812 -10.321919196220348
7 39.32259980694318 159.12876186557543 0.5064468715111948 0.72527094105067 -0.18949545416176333 25 962.0 9619.0 -9.957824811836751 -0.3353453390789463 14862.115331215145 -10.430201567857019
8 556.853414767842 174.08461899636498 0.5777996631904396 -0.08523078879039903 0.004114768529434759 25 912.0 8670.0 -9.845047743690525 -0.18658349410200945 10871.261361454766 -10.090699842400255
9 150.6697289508183 196.35997493045895 0.4231261408053943 0.31735900749782425 -0.018228018100599944 25 770.0 9231.0 -9.913121877417803 -0.024552148156967178 13846.925137537215 -10.353383360566347
10 572.7366105373385 208.81357013503256 0.4211149492949318 0.18375845762836912 0.0010025099775509373 25 1642.0 21710.0 -10.84164955863605 -0.7148692155921721 32643.624761143186 -11.284495942480815
11 402.11619391946067 221.91430184239766 0.5020511299282843 0.10555135973387227 0.06851925832649328 25 1249.0 12571.0 -10.248424565974597 -0.5628623845220181 14556.997826939745 -10.407679542931485
12 540.6287538951649 252.6463215316261 0.3490310013210834 -0.06130427147848746 -0.00720023015285624 25 959.0 12639.0 -10.254281784616275 -0.25837943881904385 18302.738209125735 -10.656290169702295
13 389.8879515650757 259.4024417910409 0.40301995615666947 -0.3614830042955296 0.03194395276654961 25 2279.0 32719.0 -11.28700005434429 -0.9497110337400899 43777.55089957975 -11.603128654126518
14 794.560361144643 265.0730418005996 0.3955047675297691 0.02037878611647097 0.34695553271721535 25 1772.0 26239.0 -11.04736819882865 -0.6221169110505321 36909.00546810405 -11.417830857669882
15 7.992145472250495 284.5019027369573 0.4181510432142987 -0.04831026591416796 -0.060846688814651745 25 846.0 9293.0 -9.920389842874926 -0.23694668880756048 11380.262093595711 -10.140380660528038
16 123.5226537123861 352.57974600318227 0.48740791783279575 0.6978758449124491 0.04887320579432437 25 965.0 11398.0 -10.14207163159453 -0.19374978759275113 15398.116631718662 -10.468669012079552
17 771.9370067082145 363.8385016385721 0.5522304961919039 -0.16500812250063365 0.4021644081805837 25 1127.0 12959.0 -10.28142872466245 -0.22748556223777322 16917.569941757698 -10.57084495162183
18 489.40372475438136 364.839503246517 0.46578358213404764 -0.10461372383727449 -0.47738570992213136 25 1973.0 26284.0 -11.049228646296195 -0.8055319628862957 35705.97715421194 -11.381852306933729
19 650.7269189107454 389.5123672276402 0.48131104197322755 0.28312910624620813 0.24411108314154573 25 2098.0 33023.0 -11.297041311343525 -0.5665041799270192 55376.61748623021 -11.858316061625677
20 425.5755525586855 390.48138634008905 0.38621802639185776 0.29278636846217926 0.10387955197316687 25 1442.0 20286.0 -10.767991052873532 -0.5667617342290641 33908.78653574697 -11.325780620843135
21 454.3826614304962 418.27850521210337 0.6054722770365997 0.01424853356657631 -0.3338132626584992 25 908.0 7824.0 -9.733572104448863 -0.21256081916138875 9876.77896555231 -9.986538336781775
22 829.1613015832692 448.04706350530427 0.43068436627926376 0.068735733577991 0.20086123188860647 25 1487.0 22243.0 -10.867983404619842 -0.36741293563442545 32510.423231691162 -11.280056558313646
23 295.57533709485256 456.1114027083138 0.4718793894532585 -0.22064466778026823 -0.07629968659222995 25 1065.0 12617.0 -10.252390257648731 -0.3267840252353211 21110.401453369122 -10.81124123074962
24 735.6367621813151 486.3618210095136 0.4150610797531689 0.6383137136511154 0.3069604328069486 25 1047.0 15660.0 -10.48697939430481 -0.010496167083035456 21755.840435743426 -10.843939662252222
25 107.8318932534245 491.4529153902323 0.40161878160264064 0.6487085480068565 0.40177999238917644 25 1021.0 12243.0 -10.219719623732333 -0.35714707753279884 18487.686895627277 -10.66720644348659
26 416.36320756081426 518.4696462779203 0.38271631364126724 -0.3983975127328816 0.23818421180142993 25 785.0 9122.0 -9.9002251697623 -0.1326043866281958 11290.371563286053 -10.131770586705574
27 339.1920267895693 527.3777425565208 0.41079096758597494 0.5113337067794755 0.1542714542940065 25 863.0 9447.0 -9.938234788390515 -0.23382421444002677 11631.26888722076 -10.164067739241183
28 45.17622285183144 535.3461860763862 0.46882750767279685 -0.17872280751924075 0.044787799138528296 25 958.0 9428.0 -9.936048934630715 -0.3989333388095953 10018.577651573562 -10.002015171612516
29 377.4195787567262 537.8602454868062 0.5234981592560657 0.2425108128398567 0.1861461283203611 25 788.0 7703.0 -9.716649744653008 -0.07155488568652246 7653.907970857647 -9.709708090112834
30 578.7715645552657 541.1431297286462 0.4017735352067814 -0.3600053616131845 -0.0957594920235217 25 1496.0 18139.0 -10.646533352006859 -0.7305637035287944 20496.101321972103 -10.779178148324984
31 493.78089939362735 586.6784493425754 0.41499839550360235 -0.4619974549396968 0.10789538321836503 25 2411.0 36700.0 -11.411665160630225 -0.881222833646167 50792.74631970557 -11.764504238472785
32 339.26704432037747 611.8890988343792 0.411058534588199 -0.31606325448768713 -0.15538597557746225 25 1605.0 19136.0 -10.704627905770792 -0.8114822564825264 22437.607317445058 -10.877441357815762
33 168.78386508912055 619.3271053187236 0.3516890691295239 0.09851009650812154 0.0871969630104883 25 1677.0 21978.0 -10.854970422620472 -0.8886599878115651 32800.67060162077 -11.289706807115042
34 245.20687441475317 625.1301277304193 0.4313185093744836 -0.6120333968842784 -0.02653538356511684 25 759.0 9113.0 -9.899153425683739 -0.01175807118117416 10468.545513051964 -10.04971586381133
35 68.8583396092103 644.4980880520943 0.4309070509064907 0.9209608959091297 0.10897327283751969 25 1423.0 17752.0 -10.62311822305988 -0.6420535426773645 25584.83004908858 -11.01995634113548
36 562.8820273244007 714.4302350398439 0.4423009980120184 -0.08718195967514153 0.14654812274671328 25 786.0 9236.0 -9.913709810612847 -0.01149320626436092 11137.8619741877 -10.117004578995665
37 58.57585850830979 717.7955066202786 0.4767904617327768 0.08565566452008079 -0.07308971130679313 25 601.0 4331.0 -9.091470459324606 -0.0345684643897328 2081.311957619903 -8.295842948389565
38 271.28998157687784 749.7339535234003 0.4611960512253114 0.1590709051777525 -0.33988753060290494 25 2402.0 34843.0 -11.355288852302515 -0.9167771500783326 56330.42214358938 -11.876857514691629
39 92.18469014963635 754.1481780731516 0.4930971079616467 -0.06694574654050668 0.1071233432412344 25 1117.0 10845.0 -10.088073890875531 -0.4934393951558714 11976.152117464291 -10.19579325911817
40 76.48144721203732 786.4391979648722 0.5273145014826423 0.03799707382109546 0.0035309892671842803 25 1518.0 15998.0 -10.510164231131196 -0.6926706615499479 19623.105271916414 -10.731919334285056
41 582.2030312167324 795.8439260895946 0.46254355448518825 -0.6414746838474493 -0.33244604410303696 25 1082.0 12662.0 -10.256255772963632 -0.326167347195784 18067.46535942571 -10.642243076805718
42 168.07996899993776 800.8658228596947 0.4148908043350539 0.4444188801119924 0.07729311758305552 25 1163.0 14279.0 -10.38674448399097 -0.4448583158692099 19967.61319915161 -10.750815387966925
43 263.87599049914047 809.5858520219839 0.5061320451359821 -0.14121187535891228 -0.2677175310044045 25 776.0 8287.0 -9.79599334710925 -0.029877865551446434 9797.613319830214 -9.977800738143237
44 288.1791730756065 817.9074421598103 0.3857917702057813 0.36108798175470436 -0.09075605894008283 25 1249.0 15198.0 -10.45446610043548 -0.613155787142018 21933.99094112774 -10.852794149419063
45 458.7102927265759 831.7446640448791 0.4649808020644959 -0.1566731967720991 -0.38064801200698084 25 951.0 8953.0 -9.879921461232277 -0.3503196789764046 6820.9102889276455 -9.584605843927598
