test_CNN/outputs/tables/00126_b15773m0s0_sources.ecsv
# %ECSV 1.0
# ---
# datatype:
# - {name: id, datatype: int64}
# - {name: x_centroid, datatype: float64}
# - {name: y_centroid, datatype: float64}
# - {name: sharpness, datatype: float64}
# - {name: roundness1, datatype: float64}
# - {name: roundness2, datatype: float64}
# - {name: n_pixels, datatype: int64}
# - {name: peak, datatype: float64}
# - {name: flux, datatype: float64}
# - {name: mag, datatype: float64}
# - {name: daofind_mag, datatype: float64}
# - {name: aperture_flux, datatype: float64}
# - {name: inst_mag, datatype: float64}
# meta: !!omap
# - {date: '2026-06-11 12:14:17 Eastern Daylight Time'}
# - version: {Python: 3.11.15, astropy: 7.2.0, bottleneck: 1.6.0, gwcs: 1.0.3, matplotlib: 3.10.9, numpy: 2.4.6, photutils: 3.0.0, scipy: 1.17.1,
#     skimage: 0.26.0}
# schema: astropy-2.0
id x_centroid y_centroid sharpness roundness1 roundness2 n_pixels peak flux mag daofind_mag aperture_flux inst_mag
[from data line 83]
84 192.60504144975255 282.7918491578754 0.6124538449814633 -0.09125691226629337 -0.038062686898438725 25 1197.0 12161.0 -10.212423221187468 -0.6694267148168791 15372.85995784059 -10.466886677266775
85 828.1705006284919 284.4047968113365 0.49169340109982623 -0.3150418295376828 0.3092471795850608 25 1157.0 15380.0 -10.46739083866353 -0.5193866975373914 23387.27811793295 -10.922449200616562
86 572.8577451279082 287.73888527752774 0.5090512567915749 0.5238011843424966 0.18234339933517318 25 573.0 5246.0 -9.299570715635836 -0.11338988508583436 4818.553172060543 -9.20729163931309
87 86.6987906536968 291.6168998728457 0.4215192978878394 0.7256758222104619 -0.0007245874114861146 25 913.0 11542.0 -10.15570267493161 -0.45944572654141264 18110.77744120129 -10.644842734175086
88 360.4588607230555 293.36104779186456 0.406360263259401 0.27222973626661023 -0.27446202776868805 25 1154.0 15704.0 -10.490025716479874 -0.6448819706404199 24602.543484523598 -10.977450020216974
89 529.4109642741695 294.43388389420227 0.4461190169933712 0.09863057449336558 -0.12715997422012024 25 808.0 10083.0 -10.00897441797285 -0.28922740141777875 14374.879050256564 -10.394010498095101
90 787.7417590706062 294.5043474864219 0.3967581992418704 -0.21058621111752385 -0.09657261523595055 25 1793.0 29602.0 -11.178302635723437 -0.7273577479014799 50424.20624361405 -11.756597676149457
91 661.8160615602503 295.46543453298096 0.5284567076896893 -0.3671179450590019 -0.02861885777311256 25 853.0 9604.0 -9.956130378462474 -0.3398797917287741 13377.765489989044 -10.315958946432705
92 489.67889709481534 297.352914084207 0.4262228330255693 -0.03949253265805886 -0.20410325762191878 25 938.0 11570.0 -10.158333397379373 -0.4725340383244816 14762.684724391862 -10.422913362376473
93 209.89200958976107 297.9480520144026 0.3974413499522953 0.14901525695133053 -0.18796347077118197 25 1602.0 20070.0 -10.756368431218714 -1.0999817403459713 25725.702844277734 -11.025918122067393
94 395.4524760410408 302.2882802892494 0.5155757086889187 0.09950927494608569 0.15006538395278438 25 610.0 6707.0 -9.566320765851628 -0.04633743677937205 11404.728763030213 -10.142712402435873
95 459.4462453635861 303.7240753940389 0.391026411046777 -0.30190838186537344 -0.025059205152166367 25 2283.0 35449.0 -11.374009971110304 -1.143344430542609 53724.46386474743 -11.825430225520684
96 409.11776515752643 308.6147827654606 0.45091270553547064 0.0682539359238127 0.10440585322162049 25 1076.0 13893.0 -10.356990089283888 -0.5405955477480772 22315.628385348642 -10.871522801596651
97 206.2448101909305 309.24035776009424 0.49416116144549793 0.35613937231229004 -0.025012203107218155 25 773.0 7511.0 -9.68924440495052 -0.39285962083997644 8645.561209509577 -9.841982974731158
98 329.48429442678065 315.9265226024696 0.4303547903989148 0.006025011643435082 -0.2778053851319275 25 1385.0 18297.0 -10.655949720193409 -0.8289215413289965 26394.245428825045 -11.053773126745858
99 135.15995408118297 321.8017895464777 0.3551233830633897 0.11974070656595968 0.1354141631010608 25 813.0 10182.0 -10.019582731753298 -0.4408226690947694 15452.998275767814 -10.472531890355103
100 237.75391617092697 322.61195803482923 0.444936139410116 -0.24653213224565612 0.06269494676219539 25 870.0 10000.0 -10.0 -0.4586038118476455 13189.359479815806 -10.300559263100943
101 180.05942291276673 325.34458134911796 0.4538564418753446 0.3556536108512389 -0.317017222158862 25 543.0 5870.0 -9.421595253119037 -0.013983590807108636 8382.077270167085 -9.808379150148316
102 110.02086238015913 330.4019501468128 0.4708399153048839 0.3204781558918888 0.014223064024404132 25 2249.0 29472.0 -11.173524021291888 -1.2891200114007968 40152.746549476025 -11.509288143680905
103 266.8315661657125 333.023567120161 0.40833903312944103 0.19497550609949754 -0.007063881654903822 25 978.0 12512.0 -10.243316839289431 -0.4892279837738701 16961.275776646966 -10.57364628871682
104 718.9371077523784 340.2016659379143 0.4017383048591858 0.4197489547845923 0.1524393772272529 25 936.0 14693.0 -10.417776196491644 -0.19003146981128977 29436.79751509087 -11.17222640129199
105 787.464805057322 352.08651990149366 0.49486984363809483 -0.33990815774396177 0.3214555927774033 25 1183.0 15034.0 -10.442686364775192 -0.5987828544859172 20539.421249199888 -10.781470505185762
106 346.3240357453953 354.04605886272975 0.4704725171647163 0.0934115375717691 -0.007572776563905511 25 524.0 4839.0 -9.21188905527156 -0.021152717597431554 4660.736020920866 -9.17113626414115
107 417.16817735612346 354.5347094629914 0.44547240303963426 -0.24975581309534 -0.17231788874453052 25 717.0 8938.0 -9.878100875810851 -0.18060943631348084 13702.068978803307 -10.341965373773299
108 223.8364780001376 354.5394915552585 0.5980825246580298 0.008517197118862256 -0.21107282311424255 25 767.0 7577.0 -9.698743218123571 -0.24466090521624417 8825.718602474719 -9.864375190924127
109 278.9066540568072 356.2100021231009 0.5112577187053675 -0.1208987143874928 -0.304745647191716 25 605.0 5740.0 -9.397279730994935 -0.10869397555992244 4317.362228705839 -9.088046219236563
110 459.4332587131809 356.64916857364597 0.3702121671435392 0.2644619637547679 -0.172277831797112 25 835.0 10946.0 -10.098138609516216 -0.42104454825191034 17820.879592220517 -10.627322839687077
111 82.79635418575599 358.0506999900641 0.40501779615599265 0.15675762028973045 0.10949299136966596 25 1115.0 12352.0 -10.22934320747915 -0.8048753372592664 12392.065001071785 -10.232859206990195
112 0.6251843283901981 363.05096656241636 0.31206974843163116 0.6211658953468053 0.6009571357695699 25 517.0 5416.0 -9.33419663919272 -0.22114871930181187 6606.953031358011 -9.5500030485803
113 365.0478292462489 373.3276869521434 0.5748446806709117 0.03533696393973563 0.04998968806543671 25 582.0 5103.0 -9.26956392083058 -0.06470857254074117 6315.969889518377 -9.501100127261166
114 11.827453659273448 373.94910807848396 0.5124849460137262 -0.4595855048275133 -0.4531120637553591 25 702.0 7384.0 -9.67072922004464 -0.20443786641841644 9357.466168111348 -9.92789566399751
115 298.47203604879576 381.41253712840575 0.43085462115631246 0.49172664273054384 -0.08099907598543518 25 688.0 8482.0 -9.821245670309226 -0.18457580148777758 10089.745953806058 -10.009700578563248
116 733.6516847340205 381.53261470817466 0.4106645036869546 -0.38868505090119776 -0.44728197529938624 25 1591.0 24021.0 -10.951477708067081 -0.7921423135844083 37456.910608993516 -11.43382988636233
117 396.6484830480657 385.1054098486747 0.44180413877849944 -0.26304607749950554 -0.1781728313486155 25 763.0 10394.0 -10.0419567812171 -0.11940247321548526 18600.552982943333 -10.67381463929089
118 574.6829646828508 384.7560330387745 0.3586745059165812 -0.21379780675576948 0.07249517584380741 25 1184.0 17498.0 -10.607471030486987 -0.589586647673105 26070.61293826744 -11.040378104635248
119 157.85663080991262 390.7168226326103 0.5986731450009518 0.15469445901801318 0.1455900714988452 25 652.0 5683.0 -9.386444140111825 -0.1658453666205183 7719.319952026597 -9.718947605084415
120 550.9441944349641 389.99435236081496 0.45525038811572144 0.006929643133152127 0.19461896718117852 25 683.0 8695.0 -9.848173965846827 -0.05389200101688392 13759.598958574585 -10.346514440014673
121 698.5176711820012 393.1374093621765 0.49730342549565515 0.4890866584631878 -0.0690154713138887 25 753.0 8494.0 -9.822780641636651 -0.2955778717099002 14478.701780776784 -10.401824057497965
122 570.783854006316 416.40711513472434 0.5344484925265258 -0.3709651579179993 -0.12874475349612366 25 1679.0 21705.0 -10.841399475436797 -0.8912810434161551 32826.877390087546 -11.290573932626568
123 358.24307894513714 420.7695961530586 0.41587427872703603 0.6346835049555166 0.1022815415129567 25 840.0 10219.0 -10.023520997879666 -0.4103329775701321 13040.956288656058 -10.288273598056234
124 511.46934459872153 430.520929022992 0.44913796617928364 -0.022993199124825947 -0.3135438939453588 25 1829.0 26986.0 -11.077846290062293 -0.911874581735052 45118.08793389883 -11.635876715838462
125 534.3051298527029 437.4376187914705 0.5624878832138301 -0.07932904402631975 -0.20266019608613917 25 1374.0 17035.0 -10.57835534475974 -0.6828238180054322 28131.036670244688 -11.122964342132793
126 330.5654190254268 437.93289847272837 0.5134694053707061 0.0369114924613812 -0.13542075710589635 25 1741.0 21532.0 -10.832710927859125 -1.0161412033637685 30289.20007382912 -11.203219509833517
127 665.7969647158488 442.09037437955425 0.48737652956757704 -0.06503375066832215 -9.73234623646584e-05 25 1284.0 16440.0 -10.539754533010079 -0.6755654598677763 22934.250096622094 -10.901211360382622
128 306.8421125930619 444.58492869217764 0.5438418197557927 0.20926770110916446 0.1617617568434638 25 584.0 4996.0 -9.246556074255244 -0.11052254164070104 7285.087240724149 -9.656086892302852
129 176.3568615502118 461.57259575919363 0.46145432194928593 -0.13931444324156841 0.12482047940574613 25 643.0 7615.0 -9.704174769180154 -0.1145997332698431 10625.64297291607 -10.065888048250745
130 378.91591284218214 468.05349617139865 0.5188435306197084 0.10721036465887739 -0.17053682474666237 25 1095.0 12769.0 -10.265392217417098 -0.573000937209762 18179.107300049836 -10.648931382558487
131 353.49142106351024 469.83722612129964 0.39467229511676855 -0.23489483414977602 0.1903286248737117 25 588.0 6951.0 -9.605118221274095 -0.1254857993220247 7064.253704767496 -9.622665720124937
132 487.48643974818987 469.74550616120644 0.6007108463693577 0.2852634920973119 0.0033241585465008947 25 1085.0 11783.0 -10.178139694203239 -0.5280590235737367 16130.637448480817 -10.519128825305568
133 367.54325234101054 471.11056615958586 0.6185875756927042 -0.29418752216219823 -0.12686927070128703 25 768.0 6813.0 -9.583345972348493 -0.2870290127780723 7965.1300437474965 -9.752982176903108
134 607.5921933996632 477.1453666810856 0.408212408411872 0.541573397824192 -0.12093284233706166 25 1780.0 25878.0 -11.032326771323987 -0.9799731972275172 39666.32604163453 -11.496054943223745
135 501.09312979393644 481.9761879827266 0.37399019464525984 0.29329202401427684 -0.1198590369854626 25 888.0 11730.0 -10.173245030288822 -0.4402445343909207 17892.32151264795 -10.631666733855829
136 451.19420865007413 484.61209983478227 0.5871841116672263 0.8110388205750165 0.2654829713499728 25 1079.0 12440.0 -10.237050950887 -0.48498270615467215 16785.054794028445 -10.56230690830106
137 151.04787133879546 485.0838614309586 0.621129982254272 0.06397244807862255 0.2620993298466088 25 597.0 5451.0 -9.341190455069242 -0.009966865009792011 7896.592762271843 -9.743599353624983
138 228.3816471983595 484.7898335677766 0.41629540251114877 0.056767710848185146 -0.08459957764184467 25 802.0 9713.0 -9.968383471839484 -0.38702406807551826 12721.518956688804 -10.261347423549044
139 690.0496504551481 487.08506470559485 0.601116670833059 -0.22888110812354676 -0.11991471402722532 25 1144.0 11589.0 -10.160114907161207 -0.6445743841152127 14613.572096650803 -10.41189096629813
140 69.93680636691008 492.20754289981926 0.5574289631753824 -0.2149266683195391 -0.01664290659511747 25 991.0 9359.0 -9.928073618190602 -0.5966121873352268 10154.45497082918 -10.01664154522266
141 128.82997686558087 494.6142706152886 0.3897420812279298 0.005683028485628885 0.022464186750603524 25 936.0 10789.0 -10.082452982743419 -0.6136154942865375 10762.02362625406 -10.079734852834195
142 194.54154069814953 502.8115170454762 0.5140775625891605 0.4243175345339722 0.19234237925383563 25 611.0 5122.0 -9.273598935331028 -0.22129452725770377 5223.743269343721 -9.294954561437466
143 188.78611891489481 516.6319894865045 0.5032532651513162 -0.23694781643900586 -0.05881865766323143 25 603.0 6327.0 -9.502994586147873 -0.04141119139644174 5436.420812076978 -9.33828266599806
144 306.37893345751434 516.4506459838183 0.5382930334621442 -0.581297235765056 -0.06802438214701975 25 611.0 6712.0 -9.567129869551609 -0.010377464853452208 9366.618191112695 -9.928957043910142
145 477.29837260998113 518.6277396356064 0.4133791210899564 -0.21824488464637537 0.3091709178300256 25 1700.0 24258.0 -10.962137479293295 -0.9578017361571368 36133.79434579153 -11.394783921143766
146 740.5522833615645 519.3034803190147 0.4174627954266898 -0.3386711293595544 -0.2660434029414151 25 1546.0 21194.0 -10.815532324998575 -0.897383217160646 30313.485618251783 -11.2040896922666
147 353.8138370025832 520.9297338544766 0.4862854546454668 -0.10992119228653696 0.052220332551131274 25 2267.0 30428.0 -11.208183518957453 -1.2051623419626947 41805.033981515706 -11.553071451971128
148 8.912295537435702 524.5852449623102 0.48689844224754425 -0.3341443033484955 -0.02183905311309217 25 774.0 7864.0 -9.739108762060198 -0.4116892692512459 11218.20517955168 -10.124808447342996
149 475.91459658933695 529.5732555062209 0.565602991630825 0.4556281125682864 0.2812204978634715 25 984.0 11182.0 -10.121298719806635 -0.4355637111456726 17767.43576288461 -10.624061884878088
150 41.3129889836236 536.6214940506409 0.44189131599115183 0.06845610379128034 0.12162081205345061 25 1794.0 21899.0 -10.851060708972716 -1.160637490304902 26326.81604086431 -11.05099584701544
151 445.97263874621365 537.6775186432421 0.5391452755282672 0.18761263373227594 0.11597204933446181 25 732.0 8184.0 -9.78241405176026 -0.14764954998689583 8849.248338495734 -9.867265957448716
152 590.9053773828156 538.2304670971126 0.5368962661254627 -0.23051223606269536 -0.05832657463475036 25 869.0 10030.0 -10.003252332551044 -0.3075578674531992 13545.782236210336 -10.329510223877097
153 149.44952256574123 547.6783463759396 0.4988748383778574 0.8279196891649666 0.0042808039170659255 25 707.0 9370.0 -9.929348977219446 -0.009281225065945973 16458.743731451934 -10.540991707913639
154 506.9622082255457 550.3666103972104 0.4455331121516742 -0.42087869702322517 0.10017340850072369 25 1548.0 20947.0 -10.80280458177132 -0.8830431297433328 30694.873367745713 -11.217664615075712
155 84.27054214748878 556.1958851081275 0.40458559299766783 0.36233818975651244 0.2595641273849706 25 609.0 6708.0 -9.56648263483512 -0.175278169954244 7735.082157155941 -9.721162327153749
156 609.461535517532 557.9557393819839 0.36249216166268805 0.32395509980105425 -0.11764700176052083 25 1483.0 22542.0 -10.88248111361757 -0.8463323818788784 40521.633279227484 -11.51921735466857
157 85.27961241385327 565.1621536652675 0.6786372557565773 0.5348684541036413 -0.012999117326978012 25 515.0 2798.0 -8.617119275389522 -0.02844957927641776 1247.9743863453898 -7.740514179746198
158 489.4272036299759 564.8948006140664 0.45703537370751773 -0.06635942865722899 -0.03361963206109121 25 887.0 11397.0 -10.141976370685956 -0.338213578404961 18571.488763095316 -10.67211679969423
159 222.8982673243533 568.5977671689234 0.640509842304983 -0.4614269941730419 0.03582757625907328 25 897.0 8282.0 -9.795338065415898 -0.3871096890831061 10207.554640175851 -10.02230428335713
160 184.32861902279666 569.0310147480374 0.46165616951894217 0.21196407795639616 -0.007074961738493803 25 1304.0 15425.0 -10.4705629317632 -0.7979685424945582 21016.003059040704 -10.806375307482291
161 374.61273579910306 569.1754264877974 0.4976545932904137 0.07295997065948795 -0.3497752477238667 25 1385.0 18189.0 -10.649522057386571 -0.712186952203572 27890.84744899862 -11.113654275700293
162 625.5057134863019 570.6300925954965 0.5101658657076782 -0.06991944386609412 -0.15387465322026625 25 963.0 10998.0 -10.103284288364652 -0.46057145275310235 14825.664112705128 -10.427535391519626
163 336.49124064373297 570.8845758196063 0.4162091537339409 0.38666749400566786 -0.3789699254709755 25 809.0 10046.0 -10.004982934558825 -0.34981139491538077 11251.369631365154 -10.12801348103816
164 261.13049023099717 572.9125009787815 0.4736488249802005 0.20797456706516543 0.017567790490443064 25 1202.0 13426.0 -10.319866607122254 -0.7712320739857871 15384.809669363507 -10.467730319535315
