test_CNN/outputs/tables/00126_b15773m0s0_sources.ecsv
# %ECSV 1.0
# ---
# datatype:
# - {name: id, datatype: int64}
# - {name: x_centroid, datatype: float64}
# - {name: y_centroid, datatype: float64}
# - {name: sharpness, datatype: float64}
# - {name: roundness1, datatype: float64}
# - {name: roundness2, datatype: float64}
# - {name: n_pixels, datatype: int64}
# - {name: peak, datatype: float64}
# - {name: flux, datatype: float64}
# - {name: mag, datatype: float64}
# - {name: daofind_mag, datatype: float64}
# - {name: aperture_flux, datatype: float64}
# - {name: inst_mag, datatype: float64}
# meta: !!omap
# - {date: '2026-06-11 12:14:17 Eastern Daylight Time'}
# - version: {Python: 3.11.15, astropy: 7.2.0, bottleneck: 1.6.0, gwcs: 1.0.3, matplotlib: 3.10.9, numpy: 2.4.6, photutils: 3.0.0, scipy: 1.17.1,
#     skimage: 0.26.0}
# schema: astropy-2.0
id x_centroid y_centroid sharpness roundness1 roundness2 n_pixels peak flux mag daofind_mag aperture_flux inst_mag
[from data line 165]
166 294.0749382481973 573.9052945033641 0.5364334031128697 0.5333005866946067 0.04102790521197342 25 600.0 5754.0 -9.399924643885768 -0.08385880108301169 4337.106684574752 -9.093000262745822
167 494.6094255956468 574.1638860125116 0.3550138344375037 0.07296304016702324 0.17945731532398082 25 856.0 12406.0 -10.234079442072368 -0.3156934438060103 20829.074818646208 -10.79667494994376
168 0.4124615680472367 581.0589817425124 0.7915465841912642 -0.07014189936472036 0.6752390650894711 25 694.0 3733.0 -8.93014497481576 -0.18809456900055083 1764.6277975284227 -8.116632790561983
169 718.3612034611924 581.5778032372306 0.3459066909020054 -0.20543743788714863 -0.21139838359575297 25 1942.0 31172.0 -11.234411668917863 -0.987819985008982 49312.48616387571 -11.732392246747326
170 496.9126798369469 586.8129393120597 0.5789099662959182 0.6209224173288945 0.05210674570057844 25 1073.0 12602.0 -10.251098688197771 -0.46872993325028256 19172.83385323627 -10.706715772005325
171 409.4602534486778 595.9620735699523 0.505105035014227 0.43511070095044263 -0.1388842486152218 25 1495.0 18903.0 -10.691326835836975 -0.8474827607187245 25079.463711377608 -10.998295613722098
172 363.9056306354923 597.3545852453343 0.4915485838789112 0.31825430872795407 0.29241065838527036 25 1608.0 21798.0 -10.846041620615896 -0.8317169636979226 31707.613559216672 -11.252908891328753
173 686.8947631282521 602.284354355522 0.47200756399407995 -0.4556894054289686 -0.02952038770178831 25 1457.0 19225.0 -10.70966587118367 -0.7896682176155602 26968.106823598493 -11.077126149509768
174 528.6640469701279 602.854646696153 0.5308783474781338 0.09083083767927749 -0.20065928708468228 25 1279.0 14839.0 -10.428511587075324 -0.734943923980489 20868.024238200123 -10.798703331208657
175 499.7948991400989 603.4809538018983 0.3383646260009716 0.8974070010289149 0.3705036350347047 25 577.0 7473.0 -9.683737455640422 -0.048229905404304114 10854.347621132732 -10.089009315432724
176 437.77646382234724 613.4292192491896 0.41534066220431204 -0.01549566290568928 0.02312283933452806 25 1022.0 13003.0 -10.285108906370192 -0.5742255718408908 17390.528448739027 -10.600781947945874
177 657.1727831207738 613.7147675942927 0.42908098903146946 -0.1583597112567454 0.0983061130176091 25 952.0 12462.0 -10.238969367296857 -0.43237401925497343 16910.101244351987 -10.570365519546064
178 672.2773744788956 613.7808172646188 0.5503189550671039 -0.023320938889020548 -0.14276112802261334 25 1079.0 12338.0 -10.228111914769901 -0.5283012313376061 16889.924837387913 -10.56906929225489
179 157.19394029632824 616.6789186267665 0.4337145014550357 0.48699672925530035 0.12408038979808125 25 1032.0 13205.0 -10.301846013857357 -0.5377753675447154 20303.446386365453 -10.768924407534513
180 371.12661906385864 619.6339241028767 0.5584094207569139 0.45155594852924996 0.17739765643058317 25 715.0 8073.0 -9.767587381208543 -0.12070627452100899 13867.339105166991 -10.354982839271809
181 529.5751129426725 619.5645081011313 0.45849722273943827 0.48329145043111876 0.007105099227237679 25 632.0 7454.0 -9.680973471044553 -0.08811564932467436 10588.83633892822 -10.062120589751672
182 477.95326254517767 625.5823194936984 0.4135446648107284 -0.09959386112373647 0.013090931565647026 25 1580.0 21780.0 -10.845144688549391 -0.9020134496554787 31229.006614047485 -11.236395424160255
183 333.9563178516581 628.2072769173328 0.3753979065079025 -0.28310953135366823 0.1323945068748761 25 677.0 9410.0 -9.933974058568143 -0.04172955682668255 12506.169624832013 -10.24281078711881
184 325.6097615409174 645.6938254444516 0.47238052581903706 -0.3179790539985845 -0.11073574849415303 25 658.0 7680.0 -9.71340305007878 -0.06711516101915918 9243.781407357448 -9.91462416733656
185 248.52339745818173 654.8795910578943 0.36030018587509266 -0.0601635591750957 0.1558875285546222 25 1114.0 15278.0 -10.460166264229152 -0.6568535427810319 23524.00122867404 -10.928777983533717
186 422.5085427445944 662.677729002099 0.41017708628235167 -0.04142844800040634 -0.06305407973298405 25 1367.0 19621.0 -10.731802844436357 -0.7071875841851339 29758.150169209446 -11.18401482757826
187 144.84175324849969 667.089748980827 0.5111579901848047 0.4026488083339163 0.16917560370183998 25 914.0 10808.0 -10.084363340034937 -0.4416785101571006 17962.310694079715 -10.635905510273965
188 450.86375634161976 671.9623626638024 0.36690954302395645 0.13345489742507707 0.0881228375534139 25 565.0 6495.0 -9.531447888522617 -0.09001843762799187 6354.76972373065 -9.507749544374931
189 501.00755839091744 675.4368903422788 0.44974345495239626 0.009733515616151702 0.19180537075814635 25 2127.0 31304.0 -11.23899958723156 -1.0640359445877414 47441.09108791065 -11.690386671801656
190 725.6972410431717 679.3369070717099 0.5128171888689748 -0.10025423302812039 -0.4421516077615953 25 2134.0 30407.0 -11.207433935289973 -1.022131550071292 46578.47075286144 -11.670463064591969
191 16.86653655394115 681.2025470184564 0.6427038073680382 -0.22028928006411952 -0.10086404238851383 25 1058.0 8802.0 -9.861453410567316 -0.6351193633040042 9502.062314517374 -9.944544685488513
192 75.16732542842765 680.9990645188286 0.37803198679162997 0.42467140756754135 -0.05583150348631116 25 833.0 11420.0 -10.144165259774574 -0.24673570605835793 13157.027905208532 -10.297894489504744
193 441.3356903995228 686.923793732386 0.5541394051078412 0.2628723581123884 -0.31838386867656815 25 845.0 9412.0 -9.934204796259959 -0.2947366706346887 14046.343080534663 -10.368908179523505
194 351.3414015249453 695.0027363775238 0.46908049523542444 0.5017791730690087 0.09211851227856667 25 1624.0 21866.0 -10.849423359421825 -0.9118898164941504 31329.469463509227 -11.239882601390246
195 220.547890257535 695.507210165818 0.49775239987115855 -0.03456815180441642 0.11151787028920876 25 890.0 9417.0 -9.934781426049263 -0.48526130170446924 14168.577054546495 -10.378315590969905
196 589.8046372260633 698.3009743480076 0.4128778471164826 -0.28950709313634615 0.2569039392924713 25 632.0 7950.0 -9.750917821641176 -0.09523320638624472 12561.531575099754 -10.247606485856252
197 637.1881148769285 700.2639368363666 0.4243605836857293 0.3973834714350824 -0.07321040491502277 25 839.0 10333.0 -10.035566073473074 -0.3502168642786488 12920.573882606 -10.278204509479309
198 551.828088385301 703.0471716150495 0.4455783581953294 -0.018449773159548533 -0.0005563826542619784 25 1542.0 20876.0 -10.799118220458556 -0.8524124852214645 30662.074648379486 -11.216503841548706
199 166.24684274426176 705.2864015241245 0.5413881330437916 0.23351714759606879 -0.15811920766035503 25 866.0 8002.0 -9.757996367607445 -0.5266178423522878 9546.48623626242 -9.949608876863685
200 495.6610584573352 705.3933115613357 0.3586807390709287 0.05844784409216304 -0.30815068703921417 25 948.0 12043.0 -10.201836715882857 -0.5840791453357662 15258.76103962076 -10.458798179476332
201 322.0720095462425 706.191111006985 0.5032775713389982 0.03693510798620384 -0.22781486921710445 25 884.0 11000.0 -10.103481712895563 -0.3800089157033275 21482.231484054555 -10.830198480147413
202 93.46228129802338 707.8811940496461 0.565567164185091 -0.15516229586461736 -0.0027054140263989067 25 648.0 6743.0 -9.5721328991916 -0.06828897306843464 8649.577723317318 -9.842487263774837
203 768.2152188542357 708.4375138442471 0.36113291580039864 0.19395307773144058 -0.018759975132222308 25 2133.0 34438.0 -11.342594804240257 -1.064227853627695 51778.31859259706 -11.785369858496786
204 26.48625782478474 710.2409974713015 0.4610735189162568 0.06287581253246942 0.142676504345646 25 1046.0 12380.0 -10.231801611710248 -0.6253623477025245 17173.689785755258 -10.587159034558688
205 137.3348292471424 709.5151128470504 0.4040766261511117 -0.32721277180950864 -0.12754270825407782 25 2749.0 44877.0 -11.630059542244972 -1.2169236916726536 70033.78041764683 -12.113268925401965
206 250.74177155206743 711.4511850300853 0.48787134820849226 -0.15191694385447366 -0.17083430990545326 25 1169.0 12988.0 -10.28385569988491 -0.731329518117491 16364.290683145402 -10.534742963451318
207 99.73183524681802 715.5889593419039 0.5971744977278431 0.31590306530490264 0.04504051287771156 25 552.0 4356.0 -9.097719677709344 -0.03982424521968818 4054.9346075204744 -9.01995963722983
208 279.6641861620012 719.1474878981358 0.5190064133492694 -0.06835891768008855 0.10937115293632604 25 836.0 7693.0 -9.715239331094368 -0.46717419699921464 6482.897494056587 -9.529422886755395
209 218.2054945717534 724.1818100540589 0.4160280026368062 0.3636029288544045 0.12245558055691651 25 793.0 8891.0 -9.87237652561387 -0.4345657879889938 10348.336725018033 -10.037176379507768
210 332.67482932990407 723.6466445643857 0.34628548555403 0.2292020512035871 0.004076109213238442 25 1774.0 27345.0 -11.092194819276644 -0.9598013021657771 41271.7476067118 -11.539132147471117
211 358.520102100882 726.2701526824827 0.5858843136462086 0.4857623418535698 -0.24953562128468643 25 1005.0 10923.0 -10.095854834134014 -0.4656596173465344 15687.203476901728 -10.488863824423353
212 441.10457156427873 726.5205609898301 0.40403516671534045 -0.007770480432935041 0.23732167416420966 25 2460.0 39051.0 -11.479080398921342 -1.1466283541365647 61645.50589772315 -11.974753552493112
213 677.1858680067269 728.2240472989273 0.519550485648275 0.2440915540003928 -0.16252350542295949 25 612.0 5650.0 -9.380121119548598 -0.1574724479697282 4742.349122378226 -9.18998380680322
214 427.969057992448 728.6476782784391 0.5324867153995304 0.14356500764840904 0.19008306017563906 25 1081.0 11552.0 -10.15664295056391 -0.613778812752072 13079.279988960057 -10.291459592113522
215 49.809927121959994 735.2488806211961 0.4516911935073567 -0.5670310536058476 -0.2440623103169297 25 1190.0 15274.0 -10.45988196566645 -0.6308536712508916 21310.625471444742 -10.821490491344477
216 223.22062473876085 736.5748580390293 0.3517938838168886 0.3938321796348333 0.08861952010511627 25 727.0 8725.0 -9.851913589078045 -0.3976929858977378 11919.972704488153 -10.19068815228912
217 463.352489247596 739.4339861919224 0.49160767659501453 0.14093713635428795 0.09995156771061971 25 625.0 6604.0 -9.549517661476889 -0.1105131147264205 7238.408007350162 -9.649107648348894
218 494.1961055606851 740.3303027018703 0.6523180582367469 0.27469128081661237 0.007199799747719114 25 856.0 8506.0 -9.82431344594501 -0.26114642336161326 12236.310360530548 -10.21912620963344
219 752.537673377943 740.157041569445 0.45470300718327333 -0.1575871853323692 -0.03001532438593492 25 733.0 9819.0 -9.980168150069167 -0.06703200100177649 14206.84175196664 -10.381243857355667
220 374.47036997064276 742.5489442752474 0.6475607596253239 -0.009013000429485449 0.05583687056030809 25 608.0 3817.0 -8.954305399872748 -0.17415432596316832 3113.8730339663366 -8.733252251334946
221 73.38525184438903 750.2442461613234 0.5289661286514553 0.0278843792916714 0.22659673387686144 25 1630.0 19151.0 -10.70547864068889 -0.975263170429129 24790.01518586594 -10.985691982019974
222 416.55651450938075 762.43707680873 0.6012822597838313 -0.004264511169157071 -0.045050180235221664 25 1323.0 14987.0 -10.439286768271739 -0.6905110927401308 20762.76510511073 -10.79321297673733
223 378.5874597673457 767.5413642143146 0.5037962998664565 0.048635641220119916 -0.2637420265586449 25 576.0 4702.0 -9.180706561972302 -0.19945935727459427 4681.615632114806 -9.175989386438715
224 129.40012117730382 768.1268792437286 0.5042874036666735 0.3338668575033098 -0.030331778970228696 25 645.0 6121.0 -9.46705594874797 -0.21502245776113874 7317.477609849932 -9.66090350561442
225 619.5898104743613 772.2066460743446 0.5014045670266063 -0.11238203187417789 -0.037020601717075656 25 630.0 6647.0 -9.556564196935351 -0.08450372289805365 7183.792541230137 -9.64088445492348
226 702.2362567112759 771.5535671615091 0.5082068247586141 0.2820035021734373 0.18698338208794385 25 1975.0 26983.0 -11.077725583411526 -1.018594621844076 41691.42711987004 -11.550116903783396
227 33.439440117922686 783.2167477215886 0.48689576081316766 0.1753482782576408 -0.15867336019144804 25 1019.0 11338.0 -10.136341131637378 -0.5940332384617518 15239.406678380188 -10.457420146950962
228 255.90699057715355 784.6216392841201 0.4671549190954292 0.41430854439249803 0.02093387788616899 25 1198.0 15173.0 -10.452678644556544 -0.6761665406222492 22218.79064997393 -10.866801042414886
229 237.64830501977443 786.434821950657 0.5179971595712138 0.2523052336230029 0.08749367875044554 25 1078.0 12802.0 -10.268194557149428 -0.5389971016591328 17270.062670729476 -10.593234783916127
230 194.29519362991178 792.3531623974295 0.42756646453113395 -0.26079345224081335 -0.11975084236297222 25 800.0 9270.0 -9.917699335361243 -0.3781752238649038 9056.196836370293 -9.892364633335214
231 413.0634950071872 792.9414897029563 0.39969711543585207 0.055151073425339515 -0.16457283232090789 25 1309.0 17206.0 -10.58919979641173 -0.8202789556206093 24587.87998469071 -10.976802711574123
232 84.05374318192575 802.5390272555106 0.422006533038897 0.4129720157649017 -0.15766344602136415 25 600.0 6549.0 -9.540437476072004 -0.16665107898375706 9347.119407826192 -9.926694476904242
233 609.1011826537094 806.1618694133034 0.4477381821858516 -0.059587581758482985 -0.004026614176578517 25 1588.0 20368.0 -10.77237096577395 -0.9665336381516115 27887.30827559514 -11.113516493851671
234 728.9585589907987 812.9299743198291 0.5351858297884153 -0.1274480803742731 -0.22426999566456618 25 1221.0 14609.0 -10.411551222699277 -0.6280389933871134 21144.892174731987 -10.81301368716931
235 115.49197071225146 813.7269722197703 0.3557878480682441 0.2279575830396488 -0.00441083146213696 25 962.0 11483.0 -10.150138412062113 -0.6607872269593486 12685.431771349551 -10.25826313449613
236 153.26885137682055 818.9198533398386 0.36947914807609794 0.1942173411932243 0.07611292059397473 25 728.0 8117.0 -9.773488864917764 -0.42742679171891973 10012.925082929483 -10.001402416925963
237 45.129887339446526 819.6219481951778 0.442206167051299 0.11037735367972569 0.02186295002140679 25 1726.0 21116.0 -10.811529133322303 -1.1194515051756015 24476.317539421347 -10.971865197020378
238 278.60812236181215 821.6059524744686 0.4561809424248308 0.45149520593819603 0.037363261192039365 25 845.0 9698.0 -9.966705449448764 -0.42651448051543855 13546.64718858519 -10.32957955026303
239 426.26373257981635 827.1183414722693 0.4653632250854852 -0.27048673198091766 -0.18917205033661585 25 1380.0 17037.0 -10.578482808507804 -0.8309725326657257 23942.83219098089 -10.94793880420724
240 143.26668241141522 828.3935897451413 0.6022610068950555 0.8864825859568489 0.018063971338098055 25 669.0 6905.0 -9.597909207286627 -0.02889120937868407 9594.762980362055 -9.955085627044992
241 499.84153117768824 832.619500895977 0.4155251687974395 -0.1212589952407261 -0.4073603309992167 25 591.0 7048.0 -9.62016473850998 -0.07239114166176913 10622.393445032109 -10.065555958260862
242 615.2177269566857 832.4843820655642 0.3832040617495712 -0.31876405746771086 -0.47401556018931923 25 2128.0 28499.0 -11.137074053345724 -1.326215915258122 41971.197312775555 -11.557378396278345
243 391.69245605230844 833.3672281067329 0.8332008582108815 -0.5366120009850771 -0.9737485530821223 25 947.0 7227.0 -9.647395136795016 -0.35542895789849527 15958.743182196644 -10.50749671463431
