test_CNN/outputs/tables/00126_b15773m0s0_sources.ecsv
# %ECSV 1.0
# ---
# datatype:
# - {name: id, datatype: int64}
# - {name: x_centroid, datatype: float64}
# - {name: y_centroid, datatype: float64}
# - {name: sharpness, datatype: float64}
# - {name: roundness1, datatype: float64}
# - {name: roundness2, datatype: float64}
# - {name: n_pixels, datatype: int64}
# - {name: peak, datatype: float64}
# - {name: flux, datatype: float64}
# - {name: mag, datatype: float64}
# - {name: daofind_mag, datatype: float64}
# - {name: aperture_flux, datatype: float64}
# - {name: inst_mag, datatype: float64}
# meta: !!omap
# - {date: '2026-06-11 12:14:17 Eastern Daylight Time'}
# - version: {Python: 3.11.15, astropy: 7.2.0, bottleneck: 1.6.0, gwcs: 1.0.3, matplotlib: 3.10.9, numpy: 2.4.6, photutils: 3.0.0, scipy: 1.17.1,
#     skimage: 0.26.0}
# schema: astropy-2.0
id x_centroid y_centroid sharpness roundness1 roundness2 n_pixels peak flux mag daofind_mag aperture_flux inst_mag
1 35.121904164118575 3.086750246307346 0.4087319652975118 -0.5896581048086299 -0.5290917127078355 25 2624.0 41648.0 -11.548985376912901 -1.2191694360045193 68155.22579341699 -12.083747902306197
2 606.5457734543944 5.919334307671065 0.3860621633762557 -0.14745791194083552 -0.03150366623452176 25 1548.0 22708.0 -10.890447213883439 -0.864425504850464 37033.829638239244 -11.421496561028103
3 497.55767469470584 7.597769015686897 0.5267044910451508 0.13257038218686648 0.1643835523611392 25 621.0 6661.0 -9.558848584142147 -0.061478903712699415 9513.587297391774 -9.945860769130512
4 443.586553928602 9.959868728316614 0.5206758855826155 0.6561105602267879 0.17116613286120444 25 563.0 5791.0 -9.406883912333434 -0.008195342234846461 8211.387895755366 -9.786041420364382
5 810.99457292482 24.644419226400604 0.5084824904796549 -0.07323863755598255 0.415604934011649 25 1322.0 16603.0 -10.55046641975819 -0.6943677985347121 24217.68328574807 -10.960331488188231
6 740.9428883794482 26.886504328964993 0.3771129263756744 -0.18843690753772252 0.11602227325365383 25 2242.0 36457.0 -11.404452320626621 -1.0256864033459565 57951.84095647803 -11.907668091885386
7 124.99008173606931 31.313911935296215 0.6086146451872981 0.5121076170611942 -0.06395843518902339 25 968.0 9110.0 -9.898795942432496 -0.5295931242140482 12017.393933548521 -10.199525744251998
8 93.66545444189217 33.91590744241017 0.3466584257054902 0.2551567715609327 0.1410018971854616 25 868.0 11257.0 -10.128556665222586 -0.48489177045694676 13672.997035091716 -10.339659299064245
9 228.02417435090408 37.050465332208866 0.4164206860762308 0.16091698976613353 0.030351683571599508 25 1142.0 13304.0 -10.309955590528656 -0.7977147446056285 15643.95084182224 -10.48586610648346
10 326.5969138836973 38.87516909144331 0.6512805906862741 -0.15394113688672925 -0.26681328455376235 25 592.0 4326.0 -9.090216287757682 -0.12619400319260943 5088.726758208391 -9.266522829586352
11 46.9779751463669 40.37490418235778 0.42770186398449184 0.48993023350127757 0.39510716741742763 25 520.0 5019.0 -9.251542989205143 -0.13496890105348283 4274.143179439978 -9.077122666235532
12 246.5968781314455 48.73197040827944 0.6307679476792335 0.22225569315613664 -0.10373352077190988 25 779.0 7240.0 -9.649346415492868 -0.25965879037688644 9242.923281453473 -9.914523370750198
13 254.84275005154288 49.307526929725505 0.3608572353953445 0.5398001680860631 0.14274779621894465 25 1696.0 24010.0 -10.95098040014257 -1.0424580753139225 35819.3203183261 -11.385293351828247
14 105.35732302967303 54.805082838774986 0.38403406026936143 0.21211721239508324 0.514967901506969 25 742.0 9724.0 -9.969612375428245 -0.253732342713095 11975.006422569331 -10.19568938753084
15 185.2531564576898 55.32271102922572 0.6236171207538271 0.40711969944588416 0.10040151034457723 25 1212.0 11352.0 -10.137680956123544 -0.7408972287426476 14582.030787208236 -10.409545027077991
16 297.36282253861475 55.16661206125253 0.3741565458509654 0.03867645668323725 -0.24303815314359772 25 566.0 6957.0 -9.606055008394124 -0.057568521686392586 12157.411772708088 -10.21210281635623
17 529.0295847477748 56.46508571094546 0.46915353137658217 -0.018673599249376793 0.37510085770715484 25 2059.0 28804.0 -11.148632005622158 -1.0891227216798427 43116.47665689621 -11.586608161117717
18 331.95534858093134 59.30409512073762 0.48488261992969894 -0.03441121427124362 0.024744440883212294 25 639.0 6386.0 -9.513072285508565 -0.18027639180893545 6392.104934936539 -9.514109739720496
19 158.81237544410263 61.32124778539467 0.54763477699139 0.18692111986105892 -0.22038980021375085 25 891.0 10394.0 -10.0419567812171 -0.35893239990865383 15600.321169595576 -10.482833848570019
20 586.8045961239063 61.36680429803563 0.5902703547770644 0.09130852010166364 -0.34258419570561366 25 605.0 5853.0 -9.41844631028545 -0.036831735718499944 8466.813988437634 -9.819300046623393
21 215.86471830255698 71.47051467749993 0.6377316295570722 -0.17592710339718756 -0.009959785573739978 25 673.0 6891.0 -9.59570562478672 -0.0527116968995162 11415.875067340912 -10.143773018289133
22 22.190887916164517 74.69231516699175 0.3787114494678784 0.27975379308653514 0.35577887444394707 25 1725.0 23125.0 -10.910204353527675 -1.1162069803628414 33857.77447528052 -11.32414601963089
23 14.75295162246766 81.60811768493384 0.4745909847744417 0.0012137749381279578 0.3254174393594603 25 2193.0 29972.0 -11.191789309815158 -1.165483122857415 42269.43783783846 -11.565066179925743
24 246.65328204977277 89.32753657817386 0.4538024762609075 0.8462452542770484 -0.3488613285898517 25 1425.0 20230.0 -10.764989706927011 -0.7310930377526519 31534.237538274818 -11.246955836783544
25 563.5806324357457 90.33139532869103 0.38989859031565793 0.39975349467178145 -0.24689015226461705 25 655.0 8705.0 -9.849421938633375 -0.10691832609147196 13619.162433482712 -10.335375999172896
26 81.13876261172119 110.32409801195406 0.3690798371772873 0.7822522816565403 -0.02117273870214636 25 2213.0 34712.0 -11.351199092802888 -1.1480348343729667 54376.629839633584 -11.838530718343572
27 5.764743144606679 117.96134773023128 0.43018754932452574 0.5167588251042454 0.15838041017771828 25 800.0 9450.0 -9.938579521273157 -0.33054108738806787 8836.905181816464 -9.865750487818978
28 377.1179281102362 123.64497321463436 0.42450882831625314 0.3986670605758896 0.1967030681663856 25 768.0 9149.0 -9.903434068987004 -0.3162284720851721 11324.474415539751 -10.135045137368317
29 176.3260097752595 129.66290776975003 0.5611522519982383 0.5716875575397343 0.34840016207675956 25 604.0 6048.0 -9.454029456232876 -0.034639549656336435 8861.436144159965 -9.868760280716463
30 295.92361286307624 130.68006145718215 0.5007400661032595 0.549177495921729 0.5267295430528717 25 530.0 4858.0 -9.21614377617278 -0.01893080093004216 5677.2902750098765 -9.385352749748918
31 365.391146425647 130.9744942938523 0.48929799914032696 0.059259382974023195 -0.1284181278261587 25 624.0 5678.0 -9.385488470474595 -0.23145699099216582 4898.303445230796 -9.225114214378458
32 44.36139824099017 132.07502234673666 0.5671552495930049 0.5275348920698798 -0.4094107608074548 25 748.0 9391.0 -9.931779601367666 -0.02308643436749636 15796.397492132455 -10.496395133892548
33 593.94485123206 131.8368213957708 0.4767094561862511 0.4201491598991555 -0.15878384226057624 25 618.0 7794.0 -9.729401003641678 -0.00015873955493254263 15192.025010142524 -10.454039166736493
34 830.3350459352241 133.6198841812923 0.4549515872669949 -0.44970731520887675 0.48084401648673664 25 809.0 10914.0 -10.094959873617817 -0.16683983381728024 15147.380603998814 -10.450843844870777
35 600.9244613393528 135.7991676176571 0.45491833270273957 0.11783426432747568 0.006307672753092758 25 860.0 9831.0 -9.981494240255095 -0.44208783665742185 15647.04904006198 -10.486081109265225
36 651.9879449076066 136.2239662848824 0.37329414787529824 0.2669202703537221 -0.0542190897778834 25 1831.0 26742.0 -11.06798471117455 -1.0715687197784463 39447.90756105357 -11.490059929586742
37 102.90111972435938 139.63838175368375 0.6212976708651228 -0.3820622266512771 0.2106772226489135 25 992.0 9179.0 -9.906988424643083 -0.5388571975665362 10422.928730130274 -10.044974420397812
38 516.5246980037197 147.1112309163137 0.5635775596600854 0.021885737150877282 0.2862363526244216 25 738.0 9201.0 -9.90958757675537 -0.025649832788691724 15607.321535858655 -10.483320944074002
39 34.97203481537245 148.59188157898754 0.496064180389662 -0.23880533919412786 0.26941387544573064 25 1457.0 16972.0 -10.574332557736446 -0.9242909118091179 20851.964039022678 -10.797867418195064
40 6.402631861701106 149.61613032519645 0.4449515692930478 0.06051028204180364 0.1594300686970079 25 1836.0 22580.0 -10.884309843972373 -1.1746311787029464 30465.33381056392 -11.209514852695753
41 284.1791223982699 150.72836835501286 0.5733037918044379 0.0828049476756181 -0.207672159660032 25 777.0 8972.0 -9.882223162277326 -0.16114627701330791 12502.661198235304 -10.242506156660095
42 682.6426076345663 153.97428408754513 0.671937825247431 -0.22574369360590035 0.06014795127225338 25 682.0 6015.0 -9.448089079189659 -0.088149907071157 8498.563745178257 -9.823363840683337
43 752.9943205750303 156.62707828961345 0.37343386088574576 -0.10759708928713922 -0.02704912319221423 25 800.0 10690.0 -10.072444263021945 -0.30733989470103285 14251.618457748695 -10.384660467415168
44 87.14460399642876 161.38111001560816 0.3798764869137225 0.09720669113004682 0.12064170691063765 25 759.0 9174.0 -9.90639683948991 -0.3822520195265053 11928.51341396242 -10.19146580818232
45 424.32489615494103 162.9274628772837 0.44413692074884265 0.03485428971018762 0.034541668883699674 25 685.0 8163.0 -9.779624491248551 -0.17060143773017153 12044.961711449772 -10.202013559500804
46 172.91432663231345 165.2443604699773 0.4935224931721499 0.37204387607296757 -0.05521263483754553 25 1493.0 18558.0 -10.671327925967056 -0.8763743902176502 24525.700147685428 -10.974053535638227
47 474.1165278834972 165.97670023904277 0.6026303940832799 0.074026576363024 0.016461036688401442 25 804.0 8736.0 -9.853281563401655 -0.17715284548702992 11941.137596555389 -10.192614256759855
48 626.0028524781652 168.7516457931149 0.471417626554695 0.13602217556721333 0.049170760898456775 25 910.0 10059.0 -10.006387020371205 -0.5200104375317238 12481.309428477243 -10.240650375171054
49 269.9186306864398 170.13971017304698 0.4755915161018826 0.3520513363532833 0.21770602834704741 25 596.0 4892.0 -9.22371612091062 -0.25138146090574764 2963.485218273449 -8.679506913349366
50 807.9274319399971 170.75672203426132 0.48005631889462763 -0.34701104136249783 0.4097280878726191 25 787.0 9291.0 -9.920156150191122 -0.2527474747329939 14161.562108430235 -10.377777903450285
51 125.9167960672773 171.98092970794997 0.4708816442827327 0.1161480080884559 0.06492782129653915 25 911.0 8851.0 -9.867480851870932 -0.615015523508853 9438.066348210059 -9.937207565109038
52 181.09985912193963 175.4451157422168 0.3994780410832921 -0.1987277140624168 -0.011738613022996254 25 1066.0 12277.0 -10.222730639606798 -0.7529328952238534 13865.024138628838 -10.354801575023465
53 714.6536072895057 178.18599178327946 0.5623825812585697 0.10297573819675428 0.05256253340183374 25 787.0 8642.0 -9.841535654938028 -0.21521968809634293 13129.27423424761 -10.295601799082604
54 726.8599704954394 178.74231711791504 0.3639700166562615 0.2562892750889802 0.18038536040609224 25 766.0 10556.0 -10.058748453870031 -0.24116280466408685 16428.462680394685 -10.53899231384348
55 118.17788142166167 179.55071951107442 0.39526129879557764 0.09923200544491792 0.19389989507171201 25 1461.0 18885.0 -10.69029247290886 -0.9591381588284216 24374.323089052443 -10.967331408847325
56 782.4334074345791 184.53789068379496 0.38980088912567645 -0.03921081975582358 -0.1694055588557608 25 2202.0 37891.0 -11.446340167763296 -0.9082799421079122 62588.95408054087 -11.991244235376094
57 303.12237881622656 188.98226421304 0.43548528243784856 0.2930163256165384 0.14282503583378664 25 1073.0 11864.0 -10.185577845050815 -0.7375766227893487 15195.967227782001 -10.454320870668015
58 152.07185513184444 195.584940996745 0.46896947685005075 0.358663971805649 -0.02376163192981462 25 1497.0 18245.0 -10.652859669251669 -0.945680750203824 28203.873687548457 -11.125771902499789
59 91.2085085102253 200.18861560425162 0.4761381403128858 -0.23082317320875106 -0.05763408503980509 25 1652.0 18614.0 -10.674599273942098 -1.120421298556821 23098.11292019644 -10.908941250398911
60 46.917398411228994 204.8973636968242 0.44912269312352615 -0.82602651339919 -0.3917535295169291 25 1228.0 15746.0 -10.492925617765001 -0.7146080278380963 19858.00286149834 -10.744838922351537
61 210.3717762732655 204.7558069535743 0.4110000645780896 0.5174742354183682 0.2946265611353153 25 833.0 9840.0 -9.982487746078354 -0.45177177243220557 13438.279585563945 -10.320859181035303
62 317.218853052089 205.88004280051658 0.595934897208012 0.1505291810959221 -0.18103171499051324 25 771.0 8031.0 -9.761924064766488 -0.2106363012034808 10612.633156049678 -10.064557880880274
63 280.29827829843197 209.45354112666203 0.4666422552309931 0.27847292194345924 0.13666438669341088 25 774.0 9280.0 -9.918869940547154 -0.2749698077668941 14616.626502115343 -10.412117874000979
64 249.5810381289814 211.7476338605236 0.4696676005755671 -0.4004618365210998 -0.037646050904515733 25 722.0 8279.0 -9.794944706482271 -0.2788477167414064 10645.729102883975 -10.067938526698848
65 723.6683673390486 216.58998365971738 0.40966934261169063 0.18484207038021602 0.18955044763000428 25 1988.0 30937.0 -11.22619549330052 -0.954689429741613 49805.329595196235 -11.743189546153229
66 516.7589781307496 217.9686221311966 0.6110181710871975 0.25923850386406977 0.1759399281753174 25 718.0 7624.0 -9.705457219075676 -0.09491139242485744 10959.96595823267 -10.09952301306826
67 438.5104008531907 230.48592744584678 0.42063142634851153 0.5177027167311049 0.3523372326100344 25 693.0 9069.0 -9.8938985047437 -0.12855099930654013 13322.980438627848 -10.311503475609985
68 27.019237080095547 230.90695067249686 0.5391688418810114 0.15416400510761502 -0.2715131241447042 25 719.0 7396.0 -9.672492256217838 -0.19217741513754452 9532.62406108014 -9.948031165127034
69 259.8006548904263 237.16596939780007 0.48515088563404696 -0.5976611285599032 -0.036021716549118274 25 1374.0 17324.0 -10.596620437644512 -0.761122560132947 23732.719193726876 -10.938368751693286
70 607.1076113623332 238.06951836084497 0.4817956940326275 -0.35967782772838586 -0.014365948934607591 25 753.0 9123.0 -9.900344187159487 -0.17250660709299792 11692.287079320648 -10.169748674991428
71 354.6965698787291 242.23512483515287 0.4464940496531753 0.553187185875921 -0.3364755137746269 25 765.0 9241.0 -9.914297425610552 -0.28953635481427914 14567.175342035853 -10.408438369422456
72 390.55105915980596 244.01699447139976 0.4956064328356141 -0.3095382570773938 0.10228673608698738 25 790.0 9401.0 -9.93293513170743 -0.23126791506523348 13550.149774340285 -10.329860239098021
73 273.9965504746118 245.98885990113033 0.46354077725295945 0.23149788484897596 0.0438977094745163 25 525.0 4972.0 -9.241327799924019 -0.02758434283210108 4837.529676631761 -9.211559105717487
74 519.5503944727684 248.51441379547592 0.5298673153780921 0.3845726189838741 -0.16978973751789744 25 882.0 10070.0 -10.007573676384045 -0.3367393301461718 13227.430478652066 -10.303688719062091
75 308.9841665185322 251.58117848625534 0.6315945761988955 0.18473745336771136 0.2995518135910668 25 576.0 4442.0 -9.118946385531139 -0.05708176035419747 3926.596158986113 -8.985040593548723
76 369.18752361477357 251.93911613276498 0.49945846786576 0.2877535260852412 0.062332534655240544 25 907.0 10143.0 -10.015416063713579 -0.46147577133327683 15451.298260418236 -10.47241243976587
77 397.1949670463909 254.17908072208974 0.4011185778349687 0.05186660667575226 0.022548891789094576 25 966.0 11572.0 -10.158521062439863 -0.6021670737399241 15945.21065728966 -10.50657565305126
78 19.644980919579922 259.5965790370314 0.571221740398198 0.697356573771463 0.18142941503192447 25 607.0 5609.0 -9.372213600023793 -0.06953026667422367 3842.7458789805582 -8.961604163733362
79 446.4823876962342 260.6127464588145 0.5876009633423431 -0.12875175529142227 -0.055269474337951006 25 689.0 7855.0 -9.73786547343998 -0.007122441145977556 13307.557140362243 -10.31024584908657
80 240.08909054933025 264.68939015797196 0.5451911660401825 -0.08799203459304789 -0.060191227394910146 25 804.0 7501.0 -9.687797913656421 -0.39075696486100175 7670.261209827789 -9.712025385118599
81 3.238023261528974 270.84957531388517 0.5746297874411761 0.09116667369482609 0.14186250949931944 25 567.0 4560.0 -9.147412106661086 -0.10462102021679912 5322.658858366213 -9.315321580293418
82 338.79060450632863 273.83430595407805 0.45213412623188 0.15160405490619844 0.19058852704131263 25 801.0 9029.0 -9.88909913255813 -0.34963481346861214 9184.878616571586 -9.90768355307395
