test_CNN/outputs/tables/00134_b15859m0s0_sources.ecsv
# %ECSV 1.0
# ---
# datatype:
# - {name: id, datatype: int64}
# - {name: x_centroid, datatype: float64}
# - {name: y_centroid, datatype: float64}
# - {name: sharpness, datatype: float64}
# - {name: roundness1, datatype: float64}
# - {name: roundness2, datatype: float64}
# - {name: n_pixels, datatype: int64}
# - {name: peak, datatype: float64}
# - {name: flux, datatype: float64}
# - {name: mag, datatype: float64}
# - {name: daofind_mag, datatype: float64}
# meta: !!omap
# - {date: '2026-06-11 11:14:44 Eastern Daylight Time'}
# - version: {Python: 3.11.15, astropy: 7.2.0, bottleneck: 1.6.0, gwcs: 1.0.3, matplotlib: 3.10.9, numpy: 2.4.6, photutils: 3.0.0, scipy: 1.17.1,
#     skimage: 0.26.0}
# schema: astropy-2.0
id x_centroid y_centroid sharpness roundness1 roundness2 n_pixels peak flux mag daofind_mag
1 129.62719306399683 2.079169414003072 0.3643878431423992 -0.47072916881518573 -0.4470640178489558 25 1312.0 16741.0 -10.559453490999534 -0.7764501906636925
2 634.9744577020122 3.0666804835304506 0.4304861944754871 0.2906124305854802 -0.3417573356716686 25 1659.0 20864.0 -10.798493935129565 -0.9496305723205029
3 170.24509310290628 10.493001877740232 0.4284408334823203 0.31114206718974363 -0.04529054092789513 25 1022.0 11639.0 -10.16478917047148 -0.6042736485398724
4 492.3789585127734 25.675430666317837 0.4199777395682686 0.3171523257101986 -0.31719538928505975 25 829.0 11328.0 -10.135383100864235 -0.09150764809958983
5 122.17071098558995 62.98965579109548 0.452650520405273 0.2495643599032196 -0.4798306783950756 25 869.0 11696.0 -10.170093399034464 -0.12459447186644294
6 29.61135687013082 90.91791796177702 0.4978743868565868 0.566447271908152 -0.7283175995843271 25 829.0 8082.0 -9.768797115266572 -0.33410016769508055
7 350.0880106775133 91.42023631165699 0.3904474015940507 -0.13529835107619817 -0.37700504531504747 25 710.0 8435.0 -9.81521271731286 -0.18249505167461244
8 484.4209397898906 105.56053659689186 0.4299043460846049 0.20179073797436792 -0.307982743031273 25 769.0 7735.0 -9.721150795088466 -0.3576545408981505
9 771.8066719976308 125.11352854461256 0.5598576338235435 -0.003185411014644884 -0.778939910206462 25 836.0 8507.0 -9.824441082012255 -0.21258910626058147
10 160.41172371974258 167.3238683942233 0.5364843046901143 0.5379965108766964 -0.2192361137199212 25 643.0 5753.0 -9.399735935063747 -0.08461704846015396
11 604.7820667096574 169.57381759313589 0.5184711921122228 -0.030188960301245467 -0.2263096669768063 25 681.0 7014.0 -9.61491440386371 -0.06571692730390177
12 134.890544305038 196.871565497181 0.5151513850070442 0.14572022833026205 -0.8514119518268447 25 893.0 10194.0 -10.020861573131723 -0.2715145367190758
13 444.4972940380706 213.12637990359278 0.35112237740583435 -0.6451210320344746 -0.4898437377108094 25 714.0 8412.0 -9.81224816003571 -0.22772944594616096
14 687.3346611153062 219.81368222658443 0.3931895979578765 -0.19987196309416763 -0.5209861613759937 25 790.0 10699.0 -10.073357968797767 -0.1151551197166587
15 334.94194060899537 230.35993835994302 0.45301097219907227 -0.21669747656514057 -0.706507857862743 25 2337.0 43168.0 -11.587904819979526 -0.5014363816146185
16 94.06485356275324 240.15278208450488 0.38953563329047575 0.21313658376412764 -0.5117241550307822 25 987.0 11987.0 -10.19677626332069 -0.4830132744270616
17 303.2878474408599 245.2983875677641 0.4995756276231241 0.004801714827519432 -0.5238812337814965 25 1109.0 11986.0 -10.196685683401165 -0.5531948761635775
18 551.3754094128632 255.28324027853944 0.5170810552030051 -0.47318661627791875 -0.8060126634193672 25 1327.0 13832.0 -10.352212450664666 -0.7518699125606296
19 348.42429846610804 265.7562363686247 0.5452189103810883 -0.16456417477392749 -0.3882218861053723 25 629.0 5591.0 -9.368723730646682 -0.06955960405946032
20 728.2634571221145 282.6194092308819 0.626310878244945 -0.15510017003233298 -0.40656946627719975 25 992.0 10226.0 -10.024264470976297 -0.3155748246452928
21 491.42829203564145 300.0251183702736 0.5149810891553415 -0.28834887676405735 -0.3959377712671466 25 963.0 11219.0 -10.124885370055116 -0.34135626957099674
22 512.4794849258608 305.15407868380686 0.5510300168570077 0.056237112306120246 -0.24057975854403277 25 749.0 7872.0 -9.740212713558213 -0.0670840419687155
23 749.7249031961428 325.33554601030136 0.4639815348680097 -0.6098942789295716 -0.48982372762655874 25 1449.0 16074.0 -10.515309909979631 -0.8738360793231721
24 702.4714480758457 329.01081880252286 0.5656884517836438 -0.3126254487892645 -0.7918556043894999 25 1036.0 8804.0 -9.861700084703276 -0.5886651432709654
25 546.939497270884 331.3877224506957 0.4426106400430556 -0.11046208411798317 -0.3744724356063679 25 2509.0 33154.0 -11.301339832842094 -1.295336707778618
26 258.9325032986654 351.2317858989564 0.5101749130775193 0.08249446269036742 -0.4629023741038415 25 1442.0 15846.0 -10.49979912897642 -0.8111555400840075
27 690.7062661416354 380.5611387176585 0.4629390756136906 0.2855424977300733 -0.07778055246266039 25 1199.0 12933.0 -10.279248193933876 -0.7337819474873163
28 346.0591651433711 412.18894392229066 0.4227664132484683 0.2239172996629473 -0.6284821409985003 25 589.0 6028.0 -9.450433109106486 -0.055613220401338676
29 142.26462425928332 418.84538253666886 0.5591277429874599 0.1854729825098519 -0.4486459444159873 25 641.0 5627.0 -9.37569228788498 -0.0580397976451707
30 126.7724002673316 423.52565548813755 0.3888054568605233 0.26133466275163586 0.12445236157354994 25 950.0 12342.0 -10.228463855195919 -0.38427371278571704
31 534.2235656991204 438.35585187552306 0.5050906193591388 0.19548941272550896 -0.4673914013995101 25 1710.0 20124.0 -10.759285771634277 -0.9543215602830019
32 48.0301012548815 468.1170613045352 0.3752590698608581 0.13290490405080518 -0.5365097900300416 25 599.0 6979.0 -9.609482995814782 -0.03877308475230362
33 70.41970783140941 474.04057727824363 0.49731958366617 0.35854882165128993 -0.3675785530521993 25 858.0 8155.0 -9.778559913440736 -0.4236490671209634
34 629.5018671539676 487.61059381136107 0.4797929669922922 -0.4279912995927659 -0.2241792720303154 25 1269.0 17730.0 -10.621771839002294 -0.503377873576661
35 595.4992540945062 498.42904144121286 0.3788688894405628 -0.8884403846080007 -0.7207559047429405 25 1513.0 26910.0 -11.074784244409386 -0.3000063327191297
36 501.7559730553703 507.02200756693554 0.38465978556225955 -0.05372633495542678 -0.6027653428762099 25 1119.0 13688.0 -10.340849991332611 -0.6168003296265199
37 669.9936706357729 513.6453886057885 0.49180739782538857 -0.03451457962267396 -0.7277247418157009 25 759.0 8689.0 -9.847424493057225 -0.15477892559878004
38 255.8030391280918 515.5702476557947 0.48749918414750915 -0.13751826483648869 -0.6464920898114291 25 1871.0 26359.0 -11.052322325245003 -0.8711515298315056
39 245.90479574075397 521.3523817858847 0.3630007695390778 0.03020431493636461 0.07438404596310484 25 1371.0 21780.0 -10.845144688549391 -0.5431856126944716
40 65.33253787155742 527.5244129165542 0.4559295666549719 0.12165490075585227 0.2712468495062696 25 1262.0 18640.0 -10.676114770044906 -0.3118738756348276
41 818.429764464916 538.7869230911384 0.3855404901666894 0.048193764393791624 -0.3316228096388571 25 2559.0 44669.0 -11.625015575194421 -0.8737821180835047
42 645.8605263808391 577.0888784927081 0.40765086458084643 0.3073846094801576 -0.23530106501456596 25 638.0 6068.0 -9.457613930286733 -0.2063359954438448
43 435.3571792929 591.774543621499 0.42966819964413405 0.3211985553736981 -0.5524725045572274 25 613.0 6293.0 -9.497144329368714 -0.1079235985024018
44 753.3176849211669 593.7614573821978 0.4561617382847451 0.14488939741008752 -0.3421306678122587 25 1064.0 12307.0 -10.225380501493468 -0.5594718271885095
45 67.21768444997554 606.0490483626844 0.4465548169754425 0.2516215712823945 -0.10480042177790401 25 686.0 8204.0 -9.785064129240821 -0.05863541879923822
46 279.36575047735766 608.4881888434444 0.4346414766306438 -0.06465703831815248 -0.28563255908360646 25 2776.0 38549.0 -11.46503279123885 -1.3489179256548867
47 402.29263429766905 611.0867925916185 0.6119413247634281 -0.18365193919340742 -0.5270871851307296 25 764.0 6961.0 -9.606679084401971 -0.1579057375734394
48 585.8493475599793 618.1375262044244 0.3745432233570218 -0.1435843038048495 -0.423535424053328 25 1560.0 20047.0 -10.755123475940627 -0.9574955763938195
49 148.51903394562157 628.2965747859391 0.5094602362921947 0.6347246824968064 -0.46210590723089967 25 1118.0 9990.0 -9.998913720564955 -0.7292665630997064
50 352.460774064314 638.9025801614332 0.42426992457752705 -0.46583426666442207 -0.8379919726727754 25 1475.0 24610.0 -10.977779034257008 -0.3227427429051996
51 778.8585255883443 641.097516936745 0.43779481191841646 -0.010540280546713156 -0.4614349596898047 25 2171.0 26992.0 -11.078087663112626 -1.2497586095867457
52 733.4023284309638 650.5529571923215 0.4508141550435051 0.1468817293919252 -0.5186703106242397 25 721.0 7759.0 -9.724514379670214 -0.2041050925066551
53 547.5826335180501 653.7693112518914 0.38785405918719823 -0.09242323102025855 -0.2834351684069538 25 652.0 6502.0 -9.532617412900269 -0.23811376937046477
54 127.62798219558283 665.4539652415739 0.5305208831793129 0.8591434042561915 0.09049955445179207 25 955.0 12336.0 -10.227935901767204 -0.20697805279888964
55 608.97631778187 672.1373404080155 0.41560037860644217 0.32534374113530634 -0.4633510776357005 25 539.0 4639.0 -9.166060931296899 -0.09902900967236014
56 591.2274482924295 685.789771119664 0.5698055662424298 -0.41989271154644786 -0.2708003603767324 25 940.0 9131.0 -9.90129585695177 -0.38667598891452776
57 802.4053639397927 723.8638197779583 0.6119677457097734 -0.4974004924334864 -0.3554434516338388 25 663.0 4738.0 -9.188987640966866 -0.19950378801969484
58 437.672014627021 728.1915628323687 0.4699430141743179 -0.5243997485808645 -0.2790933854198985 25 458.0 2370.0 -8.43687086502526 -0.059374965639696756
59 664.2851714280519 735.615925220118 0.4941031572592888 0.7901736804329972 0.9151193752678287 25 696.0 6719.0 -9.568261602724338 -0.26332692408932923
60 284.18119444677467 737.7027282043583 0.38538152675715787 0.07672050726271891 0.8074309862520859 25 844.0 9461.0 -9.939842606207776 -0.45010199446538557
61 180.0865194853141 738.9257660712029 0.46334732135979423 0.3116305787465667 0.13253811189345988 25 1397.0 17729.0 -10.6217106000387 -0.6945744404293308
62 582.6666967989886 749.9128367629675 0.4841557203896528 0.16455121133466147 0.1654968767085493 25 2996.0 33436.0 -11.310535791397553 -1.6329606657327531
63 621.0174212080477 761.5017763131766 0.3974611175106925 0.46839516018817995 0.14743423613020212 25 538.0 5513.0 -9.353469981198172 -0.07189696650332768
64 83.95876887857442 771.0456661595557 0.488082605068869 0.2917836216518742 -0.033596414446369696 25 410.0 251.0 -5.999184303702595 -0.13477139174929526
65 422.7433872829728 779.9623325145855 0.5403549168009966 0.31913273223690847 0.021736405836724336 25 517.0 1773.0 -8.121771839002294 -0.2333383658423943
66 474.12627878600875 785.8290330639354 0.5254601418778698 0.5338109840875543 0.3106717655669016 25 518.0 2764.0 -8.603845096755403 -0.18350021866994334
67 61.47229600628534 789.1575386358843 0.5739709851313056 -0.18794224721937627 -0.0956764404154112 25 1926.0 15982.0 -10.509077815826283 -1.2686343121048673
68 233.02975652499146 791.5950334530507 0.40885206033548405 0.48661316061548865 -0.14876610537833762 25 992.0 8629.0 -9.839901172472915 -0.7851026320844362
69 672.1587044633707 794.0795867085311 0.6126373194963968 0.3756844146324973 -0.3671731492984067 25 920.0 6889.0 -9.59539046188037 -0.49319216399236526
70 806.6251528485017 795.2808458916629 0.45770345831163806 -0.10196573359102695 -0.39255976431886186 25 805.0 6699.0 -9.565024944477752 -0.47817638815279234
71 557.7183620921838 809.6064265130826 0.5045197664371889 -0.10058683189408014 -0.29949798184620474 25 719.0 5288.0 -9.30822861619396 -0.38828533723337494
72 744.968514033227 810.9984148853648 0.46885552899408794 -0.15845213759062524 -0.14270015878277453 25 1087.0 8145.0 -9.77722772161132 -0.910840161101514
73 756.9338104745407 811.272322795811 0.4466547052554999 -0.15674124070579615 0.18239429291618758 25 653.0 5363.0 -9.32351949240767 -0.3081018778307001
74 147.55351704075318 817.5811241824312 0.39721340402036354 0.42464402378972316 0.04824982614941716 25 1224.0 10388.0 -10.041329852393163 -1.0340233774095744
75 278.92163967498044 818.3507932799175 0.43244258204084485 -0.5158016250869703 -0.0713246824408946 25 1035.0 8625.0 -9.83939775936328 -0.8269197013925754
76 368.6776341227384 818.8959526626196 0.5481493431907056 -0.5933725180365007 -0.4336661481095646 25 678.0 4164.0 -9.048776802096247 -0.3687760229872783
77 260.31819733465255 822.3128987537744 0.4708777923963328 0.5194231945939913 -0.19376909458090527 25 770.0 5705.0 -9.390639121885583 -0.48492353513609077
78 502.036107263542 823.7135579157122 0.4058363801368202 -0.20124323166669292 0.14707682959066254 25 764.0 7918.0 -9.746538743540466 -0.4570148328862379
