test_CNN/outputs/tables/00152_b16142m0s0_sources.ecsv
# %ECSV 1.0
# ---
# datatype:
# - {name: id, datatype: int64}
# - {name: x_centroid, datatype: float64}
# - {name: y_centroid, datatype: float64}
# - {name: sharpness, datatype: float64}
# - {name: roundness1, datatype: float64}
# - {name: roundness2, datatype: float64}
# - {name: n_pixels, datatype: int64}
# - {name: peak, datatype: float64}
# - {name: flux, datatype: float64}
# - {name: mag, datatype: float64}
# - {name: daofind_mag, datatype: float64}
# meta: !!omap
# - {date: '2026-06-09 15:18:25 Eastern Daylight Time'}
# - version: {Python: 3.11.15, astropy: 7.2.0, bottleneck: 1.6.0, gwcs: 1.0.3, matplotlib: 3.10.9, numpy: 2.4.6, photutils: 3.0.0, scipy: 1.17.1,
#     skimage: 0.26.0}
# schema: astropy-2.0
id x_centroid y_centroid sharpness roundness1 roundness2 n_pixels peak flux mag daofind_mag
1 605.6224286700202 9.117439744495012 0.3822907745656714 -0.018225285720637432 -0.30854440046513526 25 1882.0 39703.0 -11.49705830936502 -0.26249186995647344
2 114.84262396534385 92.77927444881233 0.39309307518195336 0.25587874645795444 0.030064571515534624 25 3374.0 77628.0 -12.225045992970283 -0.11762036475183953
3 125.12961739206135 92.73594376301742 0.4153780328332447 -0.2556097339632753 -0.20968694941043511 25 3303.0 75943.0 -12.201219373032334 -0.08646904516592818
4 793.2125267686563 106.00079858754133 0.4313139390447792 -0.01638116122396339 -0.5157526943148815 25 2550.0 55171.0 -11.8542771395457 -0.3389720570578642
5 41.33658994970431 139.323081049962 0.39126478561982464 -0.08478662578611142 -0.4775950529288387 25 2723.0 59329.0 -11.933167570736526 -0.4233533314185317
6 782.4966306025178 164.13857327401547 0.39815428668091474 -0.005766329282243475 -0.2855439989803637 25 1722.0 36134.0 -11.394790100555268 -0.17938437080438963
7 152.9508733126065 234.6722658753841 0.4163375436071793 0.019221134753472327 -0.4657013243537031 25 3284.0 73392.0 -12.164121806969767 -0.35506740427536204
8 715.9383998314165 350.25449780402096 0.38052051967466854 -0.01689071912740076 -0.3216429879003978 25 3401.0 78439.0 -12.236330120787102 -0.12111156623690751
9 417.15655383234224 395.1804059369673 0.4321693613961878 -0.01720175023298064 -0.5105749404282971 25 3172.0 70639.0 -12.122611356323414 -0.3196298477956838
10 780.0011678335113 408.95499840786226 0.3820813847304304 -0.10078709253685147 -0.45013953223565645 25 1593.0 33626.0 -11.316688021598587 -0.0785465730348433
11 465.43725013378065 468.82983675763506 0.41028704072580313 0.10437550206668803 -0.2266306431117414 25 3191.0 72308.0 -12.147965873376387 -0.22579998427433984
12 351.13291771452515 512.9146374337987 0.41950502063779355 -0.08336886835777081 -0.3470215617489155 25 1271.0 25253.0 -11.005782446835 -0.09411021854198351
13 48.92750427275677 554.2286846299878 0.3707261012387007 -0.033336714728844676 -0.5428506273461389 25 2007.0 42484.0 -11.570563500418036 -0.3192578561370623
14 231.3828096694027 569.4988631258914 0.41311801969673945 -0.17227489874699062 -0.3881166426428681 25 1356.0 27647.0 -11.10412003131412 -0.04276614683986505
15 88.68308765898404 716.9870502712461 0.40297408325313294 -0.07894379326799096 -0.5414415366585341 25 2595.0 55385.0 -11.858480400119655 -0.48750465084472494
16 24.075111455063247 737.6689589081898 0.4144103627919886 0.021267249381505853 -0.4752747618054854 25 3099.0 69006.0 -12.097217134582404 -0.3390968362392411
17 96.3741799673017 765.5759754095824 0.41099567152982464 -0.05816214192185541 -0.024008810151255135 25 756.0 12875.0 -10.274368094283071 -0.07317628172970182
18 696.4815449648221 812.0266318613004 0.3997364645856066 -0.08361061027778717 -0.4961783590905978 25 1858.0 39529.0 -11.49228956937784 -0.138450281835096
19 78.00440046352355 829.4143320009313 0.3907363057253449 -0.013058459714109112 -0.4422320357250829 25 2697.0 58763.0 -11.922759898793988 -0.4102985639920143
