test_CNN/outputs/tables/00164_b16483m0s0_sources.ecsv
# %ECSV 1.0
# ---
# datatype:
# - {name: id, datatype: int64}
# - {name: x_centroid, datatype: float64}
# - {name: y_centroid, datatype: float64}
# - {name: sharpness, datatype: float64}
# - {name: roundness1, datatype: float64}
# - {name: roundness2, datatype: float64}
# - {name: n_pixels, datatype: int64}
# - {name: peak, datatype: float64}
# - {name: flux, datatype: float64}
# - {name: mag, datatype: float64}
# - {name: daofind_mag, datatype: float64}
# - {name: aperture_flux, datatype: float64}
# - {name: inst_mag, datatype: float64}
# meta: !!omap
# - {date: '2026-06-11 12:14:17 Eastern Daylight Time'}
# - version: {Python: 3.11.15, astropy: 7.2.0, bottleneck: 1.6.0, gwcs: 1.0.3, matplotlib: 3.10.9, numpy: 2.4.6, photutils: 3.0.0, scipy: 1.17.1,
#     skimage: 0.26.0}
# schema: astropy-2.0
id x_centroid y_centroid sharpness roundness1 roundness2 n_pixels peak flux mag daofind_mag aperture_flux inst_mag
1 435.6784718428539 63.470049529468476 0.6914636133356961 -0.6923267625975105 -0.01456526187466978 25 743.0 5117.0 -9.272538542430294 -0.03897301888771548 7481.485413588469 -9.684969583858717
2 799.6842536171728 107.65156128471561 0.514166148855474 -0.719956486600674 -0.11822827519208111 25 822.0 10137.0 -10.014773616236397 -0.041428794991887175 26841.730618689708 -11.072026283764469
3 759.379019201794 135.09917752933572 0.4819019950410194 -0.434800463123964 -0.18126856771596944 25 862.0 9041.0 -9.890541173108474 -0.19421739773886515 12281.818894792223 -10.223156722687781
4 548.7512597280665 140.98709126243287 0.48173446904356637 -0.08186193865310729 0.2318342258554482 25 1124.0 11147.0 -10.117895002820772 -0.5085795327070104 12005.726227336041 -10.198471089238607
5 72.99779757067341 153.72921267136775 0.5094890003606648 0.7361300938388592 -0.14044527006647908 25 910.0 9415.0 -9.93455081088171 -0.21972742728907077 12111.178425761795 -10.207966005856479
6 491.14749713621734 180.90652836915902 0.5005740524105969 -0.5196273951582724 0.23220139283827723 25 865.0 10059.0 -10.006387020371205 -0.02010442627214955 12643.466038049299 -10.254665365810062
7 447.2685099663826 222.33095530837076 0.3598098079146936 -0.4214193336295614 0.21758426758276736 25 831.0 9010.0 -9.886811977447657 -0.32850005419610784 12919.883902778134 -10.278146527837803
8 275.95668103909514 245.09642157934056 0.5885981001140532 -0.5295751868464778 0.11077997383474944 25 1167.0 11023.0 -10.105749518534065 -0.42499467783044526 13191.64072586713 -10.300747036984932
9 196.5390556388741 284.458999180504 0.5041556991033992 -0.11369217789371018 -0.11924643730104321 25 707.0 6364.0 -9.50932542743636 -0.029689504131778385 6293.604090715611 -9.497248548609532
10 629.4626973127001 311.49209197336467 0.46791347305512926 -0.37740928870050533 0.052418108244562465 25 851.0 7952.0 -9.751190928473143 -0.2787609582299948 9100.406689580097 -9.897652002531816
11 121.8997786454144 349.58928012001127 0.3834338278487331 -0.557397277203378 0.1511342135370435 25 848.0 8872.0 -9.870053832852758 -0.36223258508484 11860.159941337597 -10.185226364470267
12 634.0525467937239 367.2299347309278 0.3727743586604932 0.14914580652751644 0.3210564189514447 25 787.0 9212.0 -9.910884823230484 -0.16726624559443043 12261.616004048677 -10.221369278105092
13 401.9441217564877 369.17570978613446 0.45562375091961377 -0.8013843813384806 -0.1206414317339146 25 712.0 5848.0 -9.41751840987451 -0.2193957548250648 5527.12656130534 -9.35624852315483
14 200.83360513876568 395.4179898116333 0.4589038430690778 0.2227869955211142 0.2322475122911369 25 1232.0 13880.0 -10.35597366529709 -0.5292646616993391 17207.54389836607 -10.589297215402265
15 809.6496406300092 416.5248912831107 0.38237791900196727 -0.3435642521957185 0.24742846808598218 25 711.0 6557.0 -9.541762959166288 -0.26604706486302665 7958.2860435324765 -9.752048862187765
16 301.317311699544 418.01866011972356 0.38301032610184665 -0.03451818107735218 0.035442875167897084 25 1873.0 25565.0 -11.01911449265639 -0.8770045851408761 37300.35002012551 -11.429282267932967
17 186.8173545396853 469.5457784711841 0.3920276740066735 0.4317013135556197 0.1793201756546722 25 2927.0 56472.0 -11.879582922219068 -0.553541447661769 104438.19920612918 -12.547148437042729
18 199.8732100509614 486.2501187154573 0.38082211238792624 -0.2616851449542163 0.0034176908460916843 25 1724.0 23545.0 -10.929746736946854 -0.7601049404233884 29090.09082969222 -11.159362693180604
19 792.8538484154008 492.66120004310505 0.4440929919147034 0.23872561553304492 0.021183418816063757 25 890.0 10969.0 -10.100417591207119 -0.10690361189394591 14539.958879372454 -10.406407945728645
20 820.1929577660803 543.315574606247 0.5377276180948013 0.2315880561418288 -0.2781451190443646 25 858.0 9040.0 -9.890421076188408 -0.04433450695934774 9986.997105356928 -9.998587309999802
21 545.3595080080332 571.9079203227311 0.46790281127076494 -0.33286502040948646 0.05337665920808739 25 985.0 8613.0 -9.837886118040421 -0.44879456080531405 6037.620157014765 -9.45216446727023
22 313.10268679385047 577.0633438534144 0.5120427918700139 -0.14713058357714567 0.5716712053546766 25 727.0 6832.0 -9.586369644202371 -0.05997688822905966 7407.5117410266885 -9.674180871291144
23 122.76563802445118 595.9065762781543 0.41888450821395434 0.4538036091852976 0.39827449947623117 25 944.0 11516.0 -10.153254140515111 -0.2634464029672098 20617.060866497373 -10.785566882674068
24 489.5731664154323 611.901852586488 0.40654654962009307 -0.9081169078929208 -0.29069583603478205 25 941.0 11345.0 -10.137011250552387 -0.28294000623899396 18414.83095676807 -10.662919341254577
25 779.7248348742318 653.279496161108 0.4910497494159397 -0.24509239823182086 0.22217437386218924 25 787.0 8479.0 -9.820861588162156 -0.018772866953342612 11936.266304775627 -10.192171248973542
26 590.5500121994905 660.6348296959037 0.5268907116019288 0.5190185466812782 0.33642613015705103 25 1253.0 13802.0 -10.34985505767495 -0.49544768684996404 19908.025192261506 -10.74757045410668
27 358.91690451695763 663.8741195708544 0.5734135809163208 0.1415823503318973 0.07973427714096863 25 1117.0 13204.0 -10.301763789145685 -0.23902114359379226 21295.828776986822 -10.820736365810541
28 520.1289778260515 674.8568897885979 0.3889820450126935 -0.21561716947712897 0.18351058295449785 25 819.0 9220.0 -9.911827302634073 -0.2123695404413235 14740.436337420542 -10.42127584858527
29 312.68737053269365 689.0339779932933 0.39001942277351 -0.6818337223178399 0.019202247239597812 25 1433.0 17683.0 -10.618889867320387 -0.6735940886519589 17925.28382740179 -10.633665102439346
30 795.0454373695352 741.5997232324274 0.6240481427990439 0.09341156308361623 0.35610993601274443 25 729.0 4496.0 -9.132065756402511 -0.11300400040515557 4064.4098247691504 -9.022493731249552
31 711.0683237282594 741.8537626957809 0.40879702087351427 -0.4832436029992112 0.8195548752290138 25 2405.0 34436.0 -11.34253174786455 -1.0358968398626374 60564.44385529915 -11.955544333957473
32 524.8433634863097 769.7023927789525 0.6159890248391617 -0.7663855974525465 0.133586630358037 25 814.0 6297.0 -9.497834233255157 -0.14489714446625496 4679.417072924853 -9.175479388144735
33 106.39601793814431 791.8211429499788 0.41146124656770156 -0.15727791974184807 0.19542924047683047 25 1408.0 22814.0 -10.895503593028117 -0.1387461029296357 38006.01233683109 -11.449630762473973
34 806.9127539395184 822.7889521445246 0.4867514318645033 0.1364565045862327 -0.05220587598138568 25 1332.0 14528.0 -10.405514577942526 -0.5754603655987982 10594.732643093625 -10.06272500452969
35 108.90353699673167 827.5481570123984 0.36527005008296776 -0.31332050183768273 0.3384254538900333 25 586.0 5878.0 -9.423073954341485 -0.015755405996809205 4309.326670396668 -9.08602354304944
