test_CNN/outputs/tables/00180_b16681m0s0_sources.ecsv
# %ECSV 1.0
# ---
# datatype:
# - {name: id, datatype: int64}
# - {name: x_centroid, datatype: float64}
# - {name: y_centroid, datatype: float64}
# - {name: sharpness, datatype: float64}
# - {name: roundness1, datatype: float64}
# - {name: roundness2, datatype: float64}
# - {name: n_pixels, datatype: int64}
# - {name: peak, datatype: float64}
# - {name: flux, datatype: float64}
# - {name: mag, datatype: float64}
# - {name: daofind_mag, datatype: float64}
# meta: !!omap
# - {date: '2026-06-11 11:14:44 Eastern Daylight Time'}
# - version: {Python: 3.11.15, astropy: 7.2.0, bottleneck: 1.6.0, gwcs: 1.0.3, matplotlib: 3.10.9, numpy: 2.4.6, photutils: 3.0.0, scipy: 1.17.1,
#     skimage: 0.26.0}
# schema: astropy-2.0
id x_centroid y_centroid sharpness roundness1 roundness2 n_pixels peak flux mag daofind_mag
[from data line 206]
207 325.9266139105553 772.5438446456158 0.4910766380934403 0.6240585261015262 0.5165335048724558 25 1261.0 16338.0 -10.53299722930902 -1.060111206893317
208 832.6555815374888 773.6969000218726 0.38096389962489935 0.37154550305683137 0.44783466713793374 25 429.0 4730.0 -9.187152851844528 -0.2544026476057227
209 513.8068383043035 778.1060833996562 0.5958485276913335 0.8298550917329862 0.2030895757919238 25 472.0 4484.0 -9.129164009807338 -0.16104937070637218
210 308.0115849346831 779.6463455014946 0.6010810727764563 -0.13019474066992473 -0.22975648403050117 25 545.0 5190.0 -9.287918394621144 -0.28148900565701196
211 133.8290594987276 787.0718443715178 0.6283354049270634 0.10573196256897624 0.14328644336529775 25 470.0 4535.0 -9.141443228490285 -0.11652992432285533
212 426.0485258060383 789.934611873608 0.6616044552749034 0.17417758657474058 0.17950534504694915 25 542.0 5535.0 -9.357794063036854 -0.16216377793917613
213 802.273412792082 791.8784160795065 0.4767012840928503 -0.08402010016423894 -0.1707590188752393 25 414.0 4088.0 -9.028777217816641 -0.14475532016016884
214 523.6147301521617 792.593276555359 0.4508573334774246 0.19921889237006102 0.0018660712370605268 25 845.0 9794.0 -9.977400249205498 -0.8380712877606856
215 400.8644827192689 795.4538023453632 0.42347620307922124 -0.5016037920318687 -0.03447156875173882 25 816.0 10747.0 -10.078218122192496 -0.6730659003294827
216 572.0557696766809 795.2453184955442 0.5517417714715851 0.13793962706263188 0.1333884278541539 25 1532.0 17549.0 -10.610630934931182 -1.32193868812081
217 25.319210396247016 799.7687331097583 0.44042448298627 0.3748479669065601 0.03676673455579571 25 720.0 9145.0 -9.902959274531089 -0.5855030476580595
218 699.9783743383863 799.9486299998116 0.5192779920371172 -0.23054272523864336 0.033576889869339044 25 1450.0 16267.0 -10.528268666672387 -1.3343368584648663
219 236.79206104313002 801.5168289744712 0.6368994355636785 -0.18243039997223726 0.23178960890367253 25 382.0 2861.0 -8.641294644513156 -0.02742907936449864
220 72.89086804836165 803.6932946182483 0.48167084353765166 0.27600011452714346 0.051928649227513224 25 568.0 7484.0 -9.68533444706993 -0.1880850871837852
221 635.4041307812515 806.0672796243409 0.41392234954934004 0.10070188975867743 -0.054061373274306664 25 1203.0 15863.0 -10.500963310580966 -1.1068302698068135
222 797.9319060112682 807.8552767362129 0.5237515513416375 0.16820466234207332 0.12591119442862195 25 1447.0 16261.0 -10.52786812453623 -1.3206085802450644
223 560.4491958633395 809.01528518475 0.5082298056068777 -0.21582182801351674 0.06958540975956673 25 718.0 7883.0 -9.74172881640721 -0.621870227979532
224 573.8798825889966 808.7931557532661 0.5823825499854693 0.022042063067737136 0.05203422151684535 25 530.0 5604.0 -9.371245316534342 -0.21745949901589384
225 220.2920826191801 810.110696606964 0.4987999781985936 0.2533118859597024 0.09581662776335832 25 474.0 5547.0 -9.360145414697088 -0.17710995211236208
226 685.8911721885612 816.0196670402522 0.4943722914760916 0.06518200664778585 0.07770639782075378 25 869.0 9624.0 -9.958389035829471 -0.8223054098444048
227 513.2138358062954 818.0974031890431 0.5251834626826434 -0.06477416216137195 0.08305367643736503 25 1103.0 12650.0 -10.255226313779591 -1.0138652842016203
228 123.44420577777771 823.2716994984277 0.49107611318889705 -0.48271576534782457 -0.17061293393840393 25 678.0 8187.0 -9.782811975973898 -0.48409001667575996
229 822.4840863465688 826.03616380932 0.6014217301720691 0.09155491167435524 -0.007009505242415938 25 564.0 7099.0 -9.627992940435401 -0.11333956786109275
230 42.01475230952575 826.5085394657488 0.43248671673643213 0.17436039582439236 0.1599201678944061 25 536.0 7102.0 -9.628451669913993 -0.20749211582226035
231 204.9558620905175 827.1510105417784 0.3584231156536394 -0.061024167870196815 -0.24231151061653064 25 786.0 11001.0 -10.103580411700664 -0.6713861726489943
232 685.1642689962506 828.1791253521421 0.5252757821124951 0.00943990817093926 0.12736847124177503 25 1027.0 10763.0 -10.079833350689015 -1.014649335875868
233 468.276961591701 832.9127972427913 0.3923923685858575 -0.2142753244510489 -0.08817244293570223 25 391.0 3877.0 -8.971239502518024 -0.23254607268530583
