test_CNN/outputs/tables/00180_b16681m0s0_sources.ecsv
# %ECSV 1.0
# ---
# datatype:
# - {name: id, datatype: int64}
# - {name: x_centroid, datatype: float64}
# - {name: y_centroid, datatype: float64}
# - {name: sharpness, datatype: float64}
# - {name: roundness1, datatype: float64}
# - {name: roundness2, datatype: float64}
# - {name: n_pixels, datatype: int64}
# - {name: peak, datatype: float64}
# - {name: flux, datatype: float64}
# - {name: mag, datatype: float64}
# - {name: daofind_mag, datatype: float64}
# meta: !!omap
# - {date: '2026-06-11 11:14:44 Eastern Daylight Time'}
# - version: {Python: 3.11.15, astropy: 7.2.0, bottleneck: 1.6.0, gwcs: 1.0.3, matplotlib: 3.10.9, numpy: 2.4.6, photutils: 3.0.0, scipy: 1.17.1,
#     skimage: 0.26.0}
# schema: astropy-2.0
id x_centroid y_centroid sharpness roundness1 roundness2 n_pixels peak flux mag daofind_mag
[from data line 104]
105 352.7621886637213 456.25640328038077 0.41646957676479146 -0.2294226618076965 0.04804463634635233 25 474.0 6289.0 -9.496453986821368 -0.10042365176216815
106 613.0269601304932 456.81104804690733 0.39261694484551296 -0.0874894959760269 0.05041790999220509 25 817.0 10161.0 -10.017341128410733 -0.8129247591096324
107 285.238200791693 458.4714362382349 0.3802534084794947 0.02430171253939599 0.1510110980272954 25 2680.0 45930.0 -11.65524111354481 -1.4955012051903163
108 823.1462407798847 457.6092446699992 0.5506455590668401 -0.7311010270739322 0.02137720645827743 25 481.0 4890.0 -9.22327214780905 -0.19614635337381547
109 199.0025538270142 458.940399329629 0.4940266810513827 -0.17104592122296267 0.18922100747370166 25 348.0 2817.0 -8.624467117464434 -0.02299065257067851
110 130.00028162198427 463.93754477989813 0.5747238290863087 0.10643366540631372 0.11315407944244767 25 549.0 5779.0 -9.404631736165959 -0.273866120366887
111 358.8691765095735 464.87729784283056 0.48924844561097836 -0.2695868891211538 0.058516028730958534 25 882.0 9864.0 -9.985132658969189 -0.847617262950028
112 685.5298779690064 467.3355996367547 0.5663433581036862 -0.3388949416786333 0.22738127480692966 25 599.0 6548.0 -9.540271676849759 -0.3748478377404458
113 375.18234870278314 470.7394858174458 0.41416842402437615 0.02144388031904738 -0.16416153305670578 25 1212.0 15534.0 -10.478208252046288 -1.1692910455531946
114 688.6789431515956 474.4831715238142 0.4864654099485348 -0.15233121951102313 -0.020031016941801434 25 556.0 6884.0 -9.594602154138807 -0.27184039205375715
115 470.5959025443846 475.4639586006716 0.40283553097804753 -0.21811094410838228 -0.18045076663899245 25 1607.0 34289.0 -11.337887048977597 -0.10118952633104979
116 767.0692541038665 476.9352822677277 0.6210808354201414 0.14988064966684547 0.09926741811533038 25 555.0 4797.0 -9.202424296164743 -0.37036970262493446
117 123.6632925277773 479.0572375329523 0.4650308199000496 -0.19375777553721277 0.2658640958253084 25 524.0 6652.0 -9.557380601368704 -0.16975105905955076
118 319.6369046678931 484.1530119886225 0.38919297549493875 0.061651853397435355 -0.02012171711797516 25 593.0 7437.0 -9.67849445371871 -0.4411738368344887
119 448.1793300112752 484.56601371005337 0.35030638668576114 -0.5161453655007446 0.11678544564922233 25 356.0 4222.0 -9.063795572429093 -0.04141274985664376
120 658.1405498530755 484.33315887024116 0.3762725369569952 0.18535527985587275 0.13399662576407714 25 665.0 7313.0 -9.660238933560619 -0.7188553311732484
121 774.6222188147573 484.82892653442826 0.5315093090856262 -0.3228035459535915 -0.04891504051077919 25 364.0 3165.0 -8.750934285883435 -0.026115322103304087
122 744.4726692901263 490.7177317716289 0.4593083824886955 -0.23518370267704253 0.018156166051670412 25 904.0 10652.0 -10.06857789441726 -0.8726102508199635
123 581.1891916674498 494.14314121033743 0.4586581000484923 -0.35986781847863114 -0.09909060583662507 25 512.0 5810.0 -9.410440330975828 -0.28756058343585683
124 785.5625624465571 496.00110638443124 0.38108022489991905 0.0567906895311571 0.23939489718585016 25 558.0 6830.0 -9.586051759203832 -0.4428749003130495
125 127.47539652639612 501.3567062887687 0.46234744663730276 -0.5794157257822427 0.056675041396581624 25 1225.0 16293.0 -10.530002643780724 -1.0435780296769883
126 683.2654440952032 505.60716335624227 0.3614505172426344 0.30348713008549416 0.18797654824045332 25 488.0 6160.0 -9.473951780411063 -0.29458050841115957
127 758.6029752847084 514.2420301464313 0.4390801835494476 0.5539191324146738 0.15224438632903614 25 358.0 3105.0 -8.730154011281497 -0.12645485774527562
128 93.93067718392581 516.7729034037025 0.5283702897952124 -0.15349771542723517 0.024908679358659522 25 709.0 9309.0 -9.92225757575957 -0.41341572373001256
129 440.0933831919229 517.7712801684538 0.47732006013054745 0.2952327871597866 0.1531749534982146 25 514.0 6504.0 -9.532951331465028 -0.18696040146077125
130 580.3647658534189 520.6259087082019 0.40486807181756923 0.2821166528123635 0.07523287945386828 25 689.0 7876.0 -9.740764268665203 -0.7095335878320388
131 180.27061711511394 523.0305329976547 0.4611568448753927 0.41303414743224265 0.035760890183999625 25 1027.0 13510.0 -10.326638372555077 -0.8911238570684333
132 656.4627073647407 523.872574914987 0.3877884694638698 0.1252428093595823 -0.024858482407251237 25 619.0 7759.0 -9.724514379670214 -0.5112887277524933
133 625.4101213289823 526.9154219819201 0.4902776779678208 -0.2766063341631997 -0.13913820798786597 25 368.0 3192.0 -8.760157206696729 -0.05930494632033276
134 427.3819038958238 528.8424797829169 0.5809660266933642 0.24021376838839797 0.32111615914066843 25 565.0 6114.0 -9.465813585975175 -0.2865290509139031
135 805.8861312129702 528.5996426713574 0.3713138746100937 0.05067961761343587 -0.012982731294487718 25 792.0 9550.0 -9.950008428959366 -0.8532115361543555
136 147.65746328260644 531.043470068581 0.4971225040277877 0.3147333863663706 0.14950404955735364 25 481.0 6219.0 -9.484301392033808 -0.008432448894792683
137 783.2887008157653 545.8235773751838 0.5284699323361709 0.1763667224796438 0.083137125085372 25 650.0 6822.0 -9.584779287678447 -0.5613884086571503
138 478.0791412560293 549.2618809278505 0.6422155779462012 -0.20767715507095233 0.16641412298040914 25 430.0 3903.0 -8.978496378203122 -0.040913398796580444
139 674.9800575233397 549.9049471419798 0.5930832241727276 0.030703825684617415 -0.3007180751181176 25 418.0 3505.0 -8.861720055756694 -0.14515751626046705
140 90.97808626874898 554.1881703335993 0.4489683307232639 0.01715596404960369 0.23481923212401742 25 670.0 8008.0 -9.758810161178156 -0.5299267508064928
141 559.693707880324 553.7191858112814 0.5154005458191517 0.38991465265608155 0.15718985928615387 25 643.0 6628.0 -9.553456249368248 -0.5171711484254544
142 608.0057810835679 575.1966840206787 0.5640219230353909 0.09781819237012505 0.1341429659619656 25 805.0 8755.0 -9.855640376048662 -0.6764780554797782
143 625.1479687711076 576.7071310152221 0.4308745595449086 -0.08452020919266992 0.2732727953176461 25 548.0 6992.0 -9.611503549065866 -0.2682828146406411
144 542.0713616402284 580.8699418774049 0.5597053178072339 0.2781985112010398 0.05992360170497031 25 640.0 6045.0 -9.453490762991976 -0.5674200748364557
145 516.3415930950065 582.015667463065 0.43145990725980005 -0.1889286956642967 -0.268092723041926 25 701.0 8260.0 -9.792450118300955 -0.6514620312736873
146 240.7824052604046 602.4709121834329 0.39070520676209025 0.3874201344903669 -0.0178295039031184 25 1102.0 15747.0 -10.492994568719507 -0.9379113916801167
147 698.7993696956964 603.6872568791275 0.38630912533135725 -0.06800010213129203 0.5955600873016859 25 3319.0 60690.0 -11.957792843726168 -1.514560974355708
148 575.2289068664882 604.274901440408 0.6063168597290792 0.370694077650927 0.028866244473241775 25 405.0 3125.0 -8.737125054200236 -0.12273428588300189
149 198.88975305640014 605.9434929842095 0.46575932904899786 -0.1287741410204572 0.12751003314963152 25 1775.0 24941.0 -10.992284655913181 -1.342647157000783
150 422.97009054321296 606.703225533626 0.5132652410704912 0.41124579196216343 0.13780343155239436 25 401.0 4143.0 -9.043287333245734 -0.055386544400460695
151 552.1270243740717 611.6525056407474 0.5154186158880094 -0.3543230041029137 -0.29328052175167824 25 348.0 3154.0 -8.747154222482209 -0.0014807838495582888
152 638.5163913817074 616.3221783083964 0.49201223255437837 -0.20250868138187322 0.1348714012657942 25 756.0 8301.0 -9.797826034651536 -0.702119753524379
153 724.3826431088399 618.0405363092816 0.5461238699724151 -0.41554133719192227 0.3259776020532595 25 437.0 3911.0 -8.980719539880326 -0.17424170726160154
154 797.7057438270507 634.8720242029859 0.37247012630101717 -0.23528388698726507 -0.08543669952877808 25 515.0 5451.0 -9.341190455069242 -0.4762953269223214
155 781.1169295395791 635.3204150324289 0.4600487083831543 0.07388237445798836 0.18552826434447584 25 394.0 4111.0 -9.034868691950875 -0.10035712482919999
156 635.7518240862585 639.2530650623386 0.5107499843963438 0.30635170766540476 0.4247109975186714 25 674.0 6854.0 -9.58986025023462 -0.609827102433532
157 54.26313220621778 640.2110448027514 0.5005821758303513 0.32578132593790443 0.012393044976181279 25 840.0 10428.0 -10.045502556240729 -0.6606601817495628
158 131.94775874765978 639.2644188553622 0.39782534088919314 0.1653053452805651 -0.42648961110845246 25 598.0 8923.0 -9.876277232464991 -0.20846304713192723
159 182.40696351544585 640.6206318199305 0.49065990669617654 -0.05482924860804765 -0.03959668678000025 25 448.0 5198.0 -9.289590687912485 -0.06798068269798398
160 11.808813702267631 643.6360710321305 0.48423867702853557 0.09997835488983349 -0.2135270852376506 25 652.0 8273.0 -9.794157560818437 -0.40752632706941594
161 725.8460220985986 644.4790821615387 0.44261987417702137 0.6065937991379384 0.22782285561364143 25 944.0 11761.0 -10.176110624932367 -0.8711043827315736
162 416.06795347750085 645.4863876589903 0.610394791096106 -0.43701605494159923 0.05770357575891887 25 416.0 3871.0 -8.969557928297387 -0.025860287564383425
163 271.5615374593549 647.6407033530872 0.5232099801118116 0.07331514160326735 0.022716238662861758 25 1110.0 13886.0 -10.356442902301337 -0.9121082630014989
164 542.783466867288 649.7031882307905 0.4883646530966206 0.3155415376501537 0.14721888381166698 25 840.0 9823.0 -9.980610360116929 -0.7653764949092362
165 700.6185950043015 650.1623626829241 0.5390150987580304 0.8493560260279156 -0.3479786328086601 25 428.0 5016.0 -9.25089381955665 -0.008973614445840833
166 830.0492324102803 650.0200324289848 0.4985478534670862 -0.013230115225597043 -0.06712741618690052 25 471.0 3384.0 -8.823575885917466 -0.44190424319310184
167 752.0614227751142 652.7896685352667 0.40072524156579653 -0.024974763175470004 0.2516634586585751 25 1031.0 13071.0 -10.29077203663854 -1.029357373045918
168 129.03740542052316 653.8693114790283 0.45061974295177076 -0.7532089752756869 -0.017933373850476865 25 559.0 7437.0 -9.67849445371871 -0.2896176243040814
169 601.961462061063 653.7898867909406 0.435934995559118 0.029920067928926642 0.035760875264125275 25 561.0 6121.0 -9.46705594874797 -0.4705133212800209
170 820.36954596015 657.0785127311573 0.3821104516177257 0.3782790368032605 0.1139788774385748 25 847.0 9640.0 -9.960192584757078 -0.977419300689891
171 492.1242540964734 660.9429058654572 0.45074589581412 -0.3221610894978647 0.024335781148064096 25 1020.0 11700.0 -10.170464654365404 -1.0493933099309758
172 265.50073244117146 661.1067339407289 0.3453992911813564 -0.3998239501603095 0.14327397383970664 25 454.0 6252.0 -9.490047423367873 -0.127427573149751
173 587.0398052872584 663.9135071800831 0.45452349276551496 -0.0888802042074041 0.1556821002511781 25 1640.0 20776.0 -10.793904841553115 -1.4225821526154114
174 31.67453246944384 670.4246976032933 0.4456264598559306 -0.3354863949200278 0.06431920950781035 25 518.0 6825.0 -9.585256639281983 -0.1878632929994058
175 433.64838957071566 671.9617279781552 0.3825450872152474 -0.17274718590427554 -0.14223901884109597 25 935.0 12658.0 -10.255912728346319 -0.8539381687144962
176 373.50400810335316 674.2456876358495 0.5039444653391368 0.37770334612781914 0.17713231192042353 25 842.0 9974.0 -9.99717340970586 -0.706742897065056
177 84.03166420538012 684.3439952765782 0.4132435621353143 -0.039142531215284736 0.16629554494167725 25 555.0 7212.0 -9.645139295125912 -0.316946968031796
178 18.707073057511167 685.5357625869498 0.4368735534112709 0.5053466996704761 0.16796044791443693 25 1534.0 22421.0 -10.876637446695197 -1.1658984025719517
179 461.66759935772984 685.9099125486032 0.4596484006263829 -0.08392438386523984 0.1350822572792497 25 410.0 4728.0 -9.186693669682997 -0.054869167211440015
180 662.3716365406572 686.0390713376327 0.6037092297454899 0.31099650691511715 -0.22175358997273287 25 533.0 6373.0 -9.510859796199664 -0.07632020933751464
181 250.1885400681775 689.7453719966085 0.391826304172814 -0.0484229165783924 -0.151808015026605 25 493.0 6313.0 -9.500589473318385 -0.19313744384522352
182 519.6923601708055 694.4574355052783 0.522975449686448 0.2548026526682694 0.34948272444240325 25 636.0 7192.0 -9.642124196812931 -0.4269154449732993
183 269.71667273946815 698.2973679753915 0.4759640340833857 0.009257830265756982 -0.006388830265947448 25 629.0 7096.0 -9.627534017059174 -0.49119154867332415
184 343.9176196793746 700.3874656122421 0.4580453209292038 0.2371596001040053 0.23907904384917567 25 442.0 4699.0 -9.18001361255738 -0.20566201469151885
185 431.5830486017364 702.0280032499982 0.35907753752199995 -0.10940001775588333 0.1163528406434648 25 508.0 6508.0 -9.533618860662052 -0.2823186141942701
186 538.0212406935461 706.1551668645983 0.47570819477422627 0.000900889496653093 0.14342103108265586 25 770.0 8639.0 -9.841158685011868 -0.7165635741620879
187 704.9115133949562 708.4059231272895 0.6173378790809277 0.0016809053795697518 0.0904516995342314 25 706.0 5909.0 -9.428784974949165 -0.644510000148842
188 456.5237415986089 715.2948049698382 0.5621157549904168 -0.1495831944951605 0.2263242353967262 25 789.0 8492.0 -9.822524963734903 -0.6543224408191408
189 682.6543177649827 715.7568758862982 0.49597893621167616 0.2673565691172615 -0.006445733775597796 25 971.0 11317.0 -10.134328289719019 -0.892371447817386
190 354.1593052456288 718.2905659073582 0.4427760880635265 -0.358286277174715 0.07044343367976652 25 1038.0 13208.0 -10.302092650636842 -0.9574437584824658
191 651.6165094338089 717.9754714402001 0.42691197985975193 0.21751110100528837 0.06876349404788347 25 464.0 4863.0 -9.217260673920443 -0.2735790802254436
192 387.54034668318786 721.0689071025988 0.4602927848208138 0.08809275288281451 0.0039379900471138655 25 437.0 4722.0 -9.18531495685677 -0.1827857063937212
193 553.7397629369623 721.3098952757991 0.38209496035414364 0.10284070516641136 -0.026364061744836464 25 676.0 8660.0 -9.843794730043367 -0.5861608612868947
194 325.88322738301895 722.1784127217362 0.5227479650234979 0.23311411560974568 0.18215048091525352 25 766.0 8494.0 -9.822780641636651 -0.6413116173427685
195 271.01744522949923 727.0307757854168 0.4990128911049641 -0.331975972095661 0.3276904185645878 25 1456.0 19008.0 -10.69734105825275 -1.1801620475663797
196 605.2407807662906 734.8677638339548 0.6412388907179005 0.25571033701162366 0.6081692615361471 25 680.0 7269.0 -9.653686672142921 -0.42362795182284996
197 684.2535042105161 736.9951653379617 0.4996008224017686 -0.2659829711887576 0.023258698683470264 25 413.0 4385.0 -9.104923994255149 -0.05781333486193689
198 723.5075414957025 739.7790896241797 0.5202402716255714 -0.2998882259792441 -0.004557558432110362 25 818.0 8588.0 -9.834730089410527 -0.799561339590103
199 647.702335932057 745.531768751887 0.4228381367626767 0.11171686352645933 0.18359518163442431 25 425.0 5155.0 -9.280571674048838 -0.09133827068119699
200 41.9752815866072 745.0549839155964 0.4101382435534454 0.3190299090640695 0.36084702307393196 25 529.0 7000.0 -9.612745100035642 -0.2571039686712002
201 710.6320829333956 745.0613035891696 0.5707485268870802 0.27457900391731477 0.35724442314553034 25 491.0 4714.0 -9.183473945470762 -0.24630602022478698
202 244.85524588750334 746.3298933249653 0.4394363495760954 0.4884012518199966 0.21166147268904195 25 679.0 8577.0 -9.83333852519413 -0.48787130974245035
203 472.6645228709368 750.1043754716707 0.5272731506056154 0.1902059683852549 0.11204120736471491 25 885.0 10436.0 -10.046335176070457 -0.7288617700920643
204 65.92165917059553 755.8850261948113 0.5578066826879591 -0.06242817692166183 -0.11548999024101082 25 783.0 8760.0 -9.856260265420202 -0.6247135900226279
205 474.2768426551385 759.8542079403352 0.5847474042755788 -0.2837980828061157 0.01363263084749509 25 655.0 6547.0 -9.540105852304992 -0.49532257584051154
