test_CNN/outputs/tables/00180_b16681m0s0_sources.ecsv
# %ECSV 1.0
# ---
# datatype:
# - {name: id, datatype: int64}
# - {name: x_centroid, datatype: float64}
# - {name: y_centroid, datatype: float64}
# - {name: sharpness, datatype: float64}
# - {name: roundness1, datatype: float64}
# - {name: roundness2, datatype: float64}
# - {name: n_pixels, datatype: int64}
# - {name: peak, datatype: float64}
# - {name: flux, datatype: float64}
# - {name: mag, datatype: float64}
# - {name: daofind_mag, datatype: float64}
# meta: !!omap
# - {date: '2026-06-11 11:14:44 Eastern Daylight Time'}
# - version: {Python: 3.11.15, astropy: 7.2.0, bottleneck: 1.6.0, gwcs: 1.0.3, matplotlib: 3.10.9, numpy: 2.4.6, photutils: 3.0.0, scipy: 1.17.1,
#     skimage: 0.26.0}
# schema: astropy-2.0
id x_centroid y_centroid sharpness roundness1 roundness2 n_pixels peak flux mag daofind_mag
1 675.0504196839757 0.7545197998616927 0.28569633676549666 -0.30296927029598375 -0.5447758076406135 25 350.0 4218.0 -9.06276643850867 -0.10254256529413311
2 600.0208340555487 3.3991739299700456 0.41315296089380027 -0.045481098278922064 -0.0787261692306147 25 789.0 10664.0 -10.069800341014508 -0.6279999322279178
3 531.4793157908357 5.496490373816367 0.4382836157829232 -0.18652590948788686 0.21259626741936882 25 2523.0 44752.0 -11.62703112256863 -1.2711318847911994
4 773.664471319832 19.808031001689656 0.44257140739420564 -0.19948101465589319 0.037019680307375 25 480.0 5930.0 -9.432636733410657 -0.14395675378272485
5 325.84620884719766 34.62197629589404 0.5079387296939611 0.4016416534178576 -0.19015003763693222 25 525.0 7104.0 -9.628757381926361 -0.03339342929586382
6 660.5992328459888 53.56072119767902 0.5335629361880688 -0.15014235431187378 -0.2266216027586304 25 591.0 7421.0 -9.6761560789723 -0.22123701694973438
7 741.4633542743237 55.33732319697983 0.4535697430688893 -0.215948966911868 -0.33491782658731745 25 529.0 7134.0 -9.63333276250584 -0.11833603458652343
8 616.2849820934393 74.1279906856396 0.4542285452656419 0.1499451301157182 -0.14548433241703398 25 575.0 8131.0 -9.775359902661283 -0.13261807889811691
9 832.6519375641157 80.65045715904446 0.26746674163222134 0.24239551467973763 0.3951811002056807 25 609.0 9938.0 -9.993247481023785 -0.2747401700561019
10 121.3277656255992 101.79363107184956 0.4435284152918751 -0.06321795867318337 -0.48922349296056294 25 2899.0 65842.0 -12.046257536060793 -0.11920291537767688
11 184.0112587433205 103.95738134456656 0.550431271397979 -0.42922169403899174 -0.2828240438146833 25 528.0 6856.0 -9.590177022287854 -0.02253067091328271
12 312.93866414233753 103.5745759721563 0.4356819663267368 0.4129583982006587 -0.056586238375414995 25 1450.0 22734.0 -10.891689639146591 -0.9783868114112291
13 495.4594793820078 122.84157179403557 0.4046987797202995 -0.1849599874810866 -0.2301321838811034 25 639.0 9394.0 -9.932126389618075 -0.2825771053306466
14 214.02840052849285 125.42752275486669 0.44235607999347026 0.06511312429196228 -0.21954421045721245 25 783.0 11031.0 -10.106537211471311 -0.5112779065758504
15 134.51353074100433 128.53356198706805 0.5184904313316882 0.25801729600031337 -0.059997014330128724 25 990.0 14109.0 -10.373740583664354 -0.6239125180308006
16 29.437162773573316 142.9321120565013 0.37047778397614023 -0.24612667085482393 -0.3354913799882966 25 692.0 10565.0 -10.05967375347083 -0.3559281255418201
17 194.05311039286937 154.03421957494422 0.516062623773846 -0.09317073386853034 -0.20059351905458458 25 560.0 7464.0 -9.682429076846109 -0.10498311479423038
18 463.4567458036148 158.3650691982684 0.4201330620133449 -0.7615960298646296 -0.34765295014908837 25 595.0 8707.0 -9.849671361148774 -0.20508019405887573
19 261.7370681153038 162.2496269065898 0.4155234883281724 0.3411428955960456 0.1511940451951858 25 838.0 12464.0 -10.239143600821222 -0.521415214783489
20 813.575331793024 172.6165608811563 0.5260700025334994 -0.25529553942202954 -0.19514205205144405 25 579.0 7071.0 -9.623702093109966 -0.2293966787405124
21 30.960294821464387 177.2368319103667 0.4224813846108057 0.11793680799465985 -0.024688322130106022 25 949.0 12210.0 -10.216789159862206 -0.8772088003944316
22 170.75323492270158 183.45937667136906 0.4703098377942662 0.12035979974408147 -0.1297466900520014 25 678.0 8401.0 -9.810827461771696 -0.4908489489874175
23 813.5901907020071 189.30533718239246 0.43629200790629385 -0.31178816739679366 -0.12352926219694303 25 512.0 6974.0 -9.608704857599895 -0.09628985142856214
24 428.040186504165 191.39775100983653 0.44341506786174584 -0.44399425770302525 -0.23210459048309814 25 964.0 13153.0 -10.297562050286956 -0.7826461685235311
25 639.5391109357674 195.35459555372057 0.5979505511602472 -0.12874357907245296 -0.12927143617609332 25 607.0 5978.0 -9.441389776758154 -0.4331416274568759
26 678.4753508385982 194.79107382159276 0.4516176926402331 -0.22018599191774474 0.052586627298598386 25 562.0 7890.0 -9.74269250802355 -0.1312325014133429
27 194.411335609024 203.82569373637534 0.49518924223812655 -0.5644505973844078 -0.03322501772328738 25 513.0 5779.0 -9.404631736165959 -0.2496186020843864
28 199.35616434431785 213.96253330245588 0.5109790243112617 -0.02264167950595418 0.055012545588836226 25 657.0 7208.0 -9.644536944927516 -0.4982074102111569
29 784.597715515193 222.3577885223377 0.4636150728351396 0.12496252589951963 0.14628806675626657 25 625.0 7074.0 -9.62416263869683 -0.5179899879696183
30 696.4350874026057 229.79640206115397 0.4383950824614651 -0.04823458556876029 -0.05272433249772149 25 775.0 8746.0 -9.854523682522094 -0.791858962819713
31 584.9447972643526 232.20697197305637 0.5126654632110752 0.24461466044519556 -0.09754300697171477 25 988.0 11198.0 -10.122851157897411 -0.9021329990551361
32 399.7978553339649 239.6696071747849 0.5301361073761793 0.15765443348197178 -0.10075917901747264 25 1556.0 20217.0 -10.764291777728412 -1.2041928761130833
33 822.6742773086717 244.3264730376068 0.5192612048141935 -0.044158916377418374 0.1217996738959335 25 496.0 5306.0 -9.311918114115777 -0.20972976998587803
34 572.8856632643178 249.0808013004919 0.5535721407666164 0.35536642962010095 0.09537058817084788 25 506.0 5735.0 -9.396333555593216 -0.13735862760360307
35 745.6751097181063 256.24949091757514 0.4868878125603881 -0.15610491785612257 0.27915986062465487 25 596.0 6701.0 -9.565349044839786 -0.4261009561146559
36 403.172549082075 257.77121932040274 0.6486646464496493 0.07817684975304595 -0.17960187117823376 25 591.0 6426.0 -9.519851803038748 -0.2652820510125089
37 73.46898454560274 260.0640807543507 0.42658706840655536 0.15907356720926388 -0.05213812617413799 25 768.0 10014.0 -10.001518967657226 -0.6094107972199401
38 55.01196932304779 260.36387232443104 0.37475308535070345 0.3902422960415658 0.28761803843202965 25 426.0 4884.0 -9.221939138182112 -0.22749867680567148
39 256.38946802485225 262.7003222696727 0.4377950505415478 0.3665427843487433 0.4147312976390833 25 612.0 8647.0 -9.842163647439056 -0.24767048945484235
40 428.51173661898997 262.9426569865006 0.4083845748971156 -0.1656670345200181 0.04794912619765117 25 547.0 6443.0 -9.522720328365866 -0.43348468300190424
41 565.0612208955318 264.749788391611 0.5285345788651298 0.02033379429550492 -0.15221785133822469 25 366.0 3185.0 -8.757773591678422 -0.05588494931533457
42 412.47090930297776 265.7794540455351 0.4476546120332619 0.12161285173270078 0.08349308317759707 25 1552.0 20541.0 -10.781553956467453 -1.33189928928104
43 800.1314615151263 268.2271286202388 0.5225456649910448 -0.018358505853908504 0.4012313177425901 25 1036.0 17543.0 -10.61025965844127 -0.3726126500951238
44 554.8997878239542 268.6511568491042 0.4812992725591008 -0.11266832495824944 -0.04509024231273343 25 927.0 11141.0 -10.117310435575087 -0.8367185943075952
45 278.40073298065107 270.6668146503093 0.3953736931484311 -0.08406891359373432 0.28305915692961836 25 604.0 8422.0 -9.813538092710616 -0.32512559786642126
46 384.7352209680506 271.0127836531038 0.4707181283162343 -0.21137763538368198 0.08564161885097515 25 462.0 5313.0 -9.313349539774343 -0.15894721741592868
47 749.3647803182839 272.56071331183205 0.4775086171941071 -0.21596250969327205 0.2071612877503854 25 1900.0 24374.0 -10.967317016988922 -1.5147150090257353
48 499.1521322672105 276.6331301346827 0.6445404096856342 0.04077729212720567 0.16636474258148223 25 561.0 5238.0 -9.297913735223034 -0.29370767504361134
49 375.57782611849785 279.57999294336776 0.35648206272727057 0.4106252513643255 0.019192489852769994 25 954.0 14622.0 -10.41251694892092 -0.7020733376415844
50 773.4183503660083 278.986511143986 0.5331097239606768 -0.19444663615780106 -0.2542081498483204 25 1308.0 15591.0 -10.482184928856304 -1.1339888249583896
51 472.59075208587916 281.50394073734856 0.5275640591853653 -0.2379603776477595 0.2493793035308788 25 861.0 9581.0 -9.953527100414721 -0.7749870558852858
52 795.3022570320571 282.2974817250727 0.47577972341103214 -0.476242244567919 -0.29087133768645523 25 869.0 11643.0 -10.165162243649192 -0.6926377215296999
53 150.57919630279022 285.0769543596009 0.4770641041334042 0.43063498748192686 0.12928114480432443 25 662.0 8406.0 -9.811473464173545 -0.45256132599284543
54 641.8351293817532 285.70464952712484 0.5450651571631419 0.44014231817058314 0.0029662285893744026 25 438.0 4533.0 -9.14096429764672 -0.05156232093155985
55 314.3023755924702 286.3180078434446 0.4257120480007631 0.24093067650179317 0.06225218679997675 25 480.0 6500.0 -9.53228339160714 -0.09132560092823484
56 661.2182503004941 287.41512956620704 0.47602699251004876 -0.05090046554249419 0.2744626185222411 25 399.0 4328.0 -9.090718130246282 -0.00710727845279043
57 29.66913774916155 289.08979185294413 0.5698484326979221 -0.06764100655576726 0.021851824916037255 25 608.0 6535.0 -9.538113979791408 -0.3648855598728529
58 123.96361280052851 290.85194086972945 0.5864646603885635 0.3783861536084413 0.10766664979048864 25 612.0 7001.0 -9.612900194129864 -0.3317165715955553
59 708.9824505143456 291.3572111080124 0.3484300365941628 -0.21151576221281712 0.5011386436582476 25 423.0 5659.0 -9.38184923483832 -0.07412345475225716
60 622.7649595391016 292.7716404993774 0.4250510635122037 -0.19864096189568636 0.26904522500009304 25 1175.0 14167.0 -10.378194734760307 -1.1608854615405764
61 655.2637921659247 306.8960522577414 0.5987983575947646 0.11554387872117779 -0.07840351605244712 25 397.0 3727.0 -8.9283984818846 -0.01366674928509242
62 134.3220668514047 310.57177984991245 0.5481575809328355 0.04075585487326816 -0.05532570519712006 25 952.0 11127.0 -10.11594522012068 -0.8045867502926319
63 158.89096809511736 311.87055748472574 0.4623510684145323 0.4483698752963228 0.051547664182843636 25 725.0 8629.0 -9.839901172472915 -0.5996700626225913
64 510.33733489969984 314.37383122838855 0.47485659513810335 0.2568450957059663 0.03323900899752434 25 391.0 3902.0 -8.978218162646247 -0.09701999810797077
65 652.1765351093011 318.2308682126464 0.546852008084193 -0.46747982021663614 -0.12010332411054378 25 428.0 4743.0 -9.19013281162968 -0.04022903740231147
66 722.416308894428 326.99470839815655 0.49106599098198744 -0.4116247595022022 0.03606524847922812 25 410.0 4385.0 -9.104923994255149 -0.04642993859056027
67 833.2371725222536 335.1894243450939 0.44898379368534497 0.7568325137011167 0.44400965001312465 25 993.0 9216.0 -9.911356165197843 -1.2100858244575126
68 808.8851916338897 336.73768992700377 0.4949082222355103 -0.49036377187259533 -0.2739448574205786 25 568.0 6370.0 -9.510348580838375 -0.3794166329107095
69 100.95199962096414 339.06643071614747 0.5746335858592366 -0.22454817785604128 -0.004441037065220794 25 719.0 8194.0 -9.783739899042809 -0.48622680303016924
70 588.786545521223 338.95539335238715 0.48686110506055036 0.1897573126492606 -0.1832161884845592 25 439.0 5151.0 -9.279728874701448 -0.09913232019197345
71 79.58320908948646 342.4912578473572 0.5333549701105389 0.04877291482333561 0.53009675323372 25 1086.0 15649.0 -10.486216476374263 -0.6749578210288003
72 286.14536189735304 342.9070770435475 0.37889087471354094 0.06477299483614495 -0.04273148540409745 25 1821.0 27038.0 -11.079936409271651 -1.4179257212457475
73 557.8328091870846 355.9793273318999 0.42136538751107655 0.24393218761915567 -0.23512452477075424 25 1264.0 16855.0 -10.566821892142478 -1.134824181095451
74 213.28626538509005 357.46580741837084 0.4644611170364913 -0.21269996264824567 0.14912739091287058 25 623.0 7402.0 -9.673372701897732 -0.455387134354873
75 232.0610899885702 357.1105186594984 0.4849827712175831 -0.42775930971571346 -0.4446971700284614 25 481.0 5963.0 -9.438662023364348 -0.07561523871801092
76 361.5713443248898 367.81128209568465 0.6340999568124394 0.14587320162183798 0.13456659894525225 25 424.0 4132.0 -9.040400782118956 -0.006369461929002202
77 738.6891284978216 370.49279904673733 0.3881629013980422 0.053126351221971437 0.05121746256538468 25 366.0 4031.0 -9.013531995382628 -0.06959297510465164
78 125.20914056823992 374.86483292197477 0.4737110710874006 0.40599819107311935 0.15304430586659126 25 1072.0 14738.0 -10.421096380466931 -0.8252821755020269
79 203.17743678150418 374.6846294279865 0.5638623026652547 -0.3664787010895584 -0.016926819495228996 25 570.0 6810.0 -9.582867779781964 -0.20805791036452687
80 695.0733228795167 375.88805314231297 0.5295756762947498 0.018404553365871185 -0.08398899304298799 25 870.0 9057.0 -9.8924609193569 -0.8438416859971904
81 597.1714521268107 378.9598087460024 0.5119715296104772 0.11211715292746208 0.18869758553710847 25 646.0 6733.0 -9.570521536169863 -0.5569051456766547
82 151.91259612163117 388.85969470087576 0.43456435806224236 0.15304161503287092 0.12702224593967096 25 837.0 10497.0 -10.052662993006422 -0.7542191252166459
83 186.98147184469482 390.940342009866 0.5011996293977701 0.3566215497446678 0.2951419056796734 25 452.0 5439.0 -9.338797647037927 -0.03940278366712435
84 65.10872288127175 392.68500231825305 0.3986169177726447 -0.27441751835216155 0.023959106203311435 25 723.0 9746.0 -9.972066017613189 -0.5453558356941761
85 176.35046332554506 397.2769411644949 0.45198897976397095 0.056424077658350474 -0.04256328035521397 25 581.0 6861.0 -9.590968548316027 -0.4001855717775801
86 166.19650391633948 397.497207294951 0.45642449251373646 0.3289160144541303 0.06307311388132193 25 612.0 8292.0 -9.796648233554558 -0.2663782155405432
87 772.5634201279721 399.33813903229816 0.657992145986116 -0.22880611491676595 -0.5003036164689929 25 462.0 4623.0 -9.162309733595205 -0.05333727271562885
88 324.2532274988901 403.998174813237 0.4638727172201215 -0.16492419780994644 -0.08516521890489158 25 517.0 5880.0 -9.423443315190346 -0.28699584844210874
89 632.2610713929741 410.39452539964935 0.5042277914031765 -0.030834696472330694 -0.038550629992935695 25 565.0 4929.0 -9.231897045386809 -0.5605745963539546
90 484.5237572197008 413.07061084445695 0.5152061140693199 -0.21599929253536243 -0.12475236335943363 25 460.0 5119.0 -9.272962823875613 -0.12045531119316381
91 656.7696494251483 417.1389554303414 0.4843966780750895 -0.014796072685282335 0.18078289008801848 25 1042.0 11457.0 -10.14767728273245 -1.0503138079003163
92 693.5516328727997 419.3747602773071 0.3648769558981974 0.01917434934707523 0.08121562973431347 25 349.0 4087.0 -9.028511594278983 -0.02124804032751102
93 310.59326046807223 420.0549023038315 0.5191727404231656 -0.43228957170066173 -0.2455168701698179 25 1432.0 17698.0 -10.61981047691577 -1.213665657831027
94 271.475295193931 420.7359157913804 0.47162753682829 -0.07226749010458544 -0.04895030926551176 25 463.0 5356.0 -9.322101420849929 -0.15349838422580084
95 321.4123265027544 421.0148863638588 0.44593787086532966 0.23101785627514143 -0.05130183559146267 25 528.0 6197.0 -9.480453740374198 -0.3285121783553407
96 603.8402419133552 423.55694007609657 0.3633514357252193 0.25708786101397607 0.2518231706144578 25 331.0 3155.0 -8.747498408950383 -0.1280043033843767
97 125.1521699457619 427.4923634265653 0.5214091274094349 -0.49882548393499265 0.14887316870185138 25 413.0 4419.0 -9.113310003905733 -0.013895013621971496
98 110.19307365153279 428.7746558869054 0.5296298764973237 0.013840367083970656 0.17720147044598325 25 689.0 7675.0 -9.71269596037306 -0.5273794086465955
99 638.1563547917981 428.6984945534359 0.4857388216593376 -0.25773006712549007 -0.17247698280659798 25 544.0 5957.0 -9.43756900024711 -0.3303423665885856
100 679.4662067297367 428.825843734827 0.4038244772480702 0.09957187529609521 -0.06904461006569032 25 629.0 7570.0 -9.697739698750182 -0.5387554983400675
101 551.0597479640767 439.65437928727073 0.4545055664651022 0.10887383302851973 0.20278536146767454 25 460.0 5684.0 -9.386635173138579 -0.12788587720854427
102 424.5171788666504 444.8014592115149 0.538203407821455 0.6484086248127452 -0.059610472297855634 25 601.0 7024.0 -9.616461257245115 -0.32988820043355577
103 84.48446540168744 448.36466298426035 0.5121642336779889 0.016375515575837146 0.13415520967495556 25 809.0 9847.0 -9.983259844798686 -0.6451355135537999
