test_CNN/outputs/tables/00193_b18946m0s0_sources.ecsv
# %ECSV 1.0
# ---
# datatype:
# - {name: id, datatype: int64}
# - {name: x_centroid, datatype: float64}
# - {name: y_centroid, datatype: float64}
# - {name: sharpness, datatype: float64}
# - {name: roundness1, datatype: float64}
# - {name: roundness2, datatype: float64}
# - {name: n_pixels, datatype: int64}
# - {name: peak, datatype: float64}
# - {name: flux, datatype: float64}
# - {name: mag, datatype: float64}
# - {name: daofind_mag, datatype: float64}
# - {name: aperture_flux, datatype: float64}
# - {name: inst_mag, datatype: float64}
# meta: !!omap
# - {date: '2026-06-11 12:14:18 Eastern Daylight Time'}
# - version: {Python: 3.11.15, astropy: 7.2.0, bottleneck: 1.6.0, gwcs: 1.0.3, matplotlib: 3.10.9, numpy: 2.4.6, photutils: 3.0.0, scipy: 1.17.1,
#     skimage: 0.26.0}
# schema: astropy-2.0
id x_centroid y_centroid sharpness roundness1 roundness2 n_pixels peak flux mag daofind_mag aperture_flux inst_mag
1 100.94951460277281 2.78672532505485 0.5400654376358935 -0.36455229419384416 0.2875087672523113 25 862.0 6850.0 -9.589226428731063 -0.4444916688557208 8349.56178385737 -9.804159206718959
2 454.5969908407752 4.234306634827023 0.41089668623888964 0.11432612944254457 0.18478134369759847 25 819.0 7945.0 -9.750234753858496 -0.45757429528908516 9052.452057816263 -9.891915583631217
3 822.2271687516617 6.305124009578203 0.45824438325581707 0.8157776518193229 -0.09927654772287607 25 626.0 5173.0 -9.284356196022706 -0.20813598724303145 4481.355666054985 -9.128523533446607
4 426.26365293666294 12.192864425914856 0.3832679661815739 -0.18975450856087941 0.21612028642019285 25 1611.0 18464.0 -10.665814478689093 -1.1069651925299258 24143.248567845836 -10.956989264255089
5 228.025730521943 18.568355994137196 0.49827226564947374 -0.1654086739184521 0.22842481212437069 25 989.0 11216.0 -10.124595001556457 -0.36292843162489274 15822.861797807462 -10.498212587062532
6 643.7505981289082 24.377992118621087 0.6573589966285945 0.2896785427403886 0.2743799695701924 25 1269.0 8793.0 -9.860342682895244 -0.7605815192628423 9165.71149358743 -9.90541545740968
7 653.3084087390998 30.65426577201351 0.6901884353982632 -0.09881907321869052 0.4876008783535097 25 714.0 4261.0 -9.073778835501132 -0.15692322669835707 4203.791500118606 -9.05910291932207
8 103.15179009094014 32.27909355757043 0.5139103583818792 -0.11007139224310288 0.4412099877504355 25 919.0 8699.0 -9.848673327108825 -0.4107089925206696 10092.581782094 -10.010005693166802
9 634.0076487117702 33.023388669114055 0.5239271876054883 0.26585032744822396 0.4333144590086654 25 862.0 7203.0 -9.643783536941724 -0.44214533932682626 5732.278667738687 -9.395818237338142
10 311.3361912301658 39.29840704345041 0.39365621298025916 -0.16612628429433715 0.01693935571974363 25 1195.0 10944.0 -10.097940210940102 -0.9006898037998036 9949.582579073767 -9.994512152264416
11 322.54319838153674 39.1401627158062 0.47177972591182754 -0.42998681439318825 0.28951549781453945 25 671.0 6016.0 -9.448269568958965 -0.1958160210251221 8121.183329904257 -9.774048286220221
12 177.30104473327305 48.80320241438858 0.5426825341800676 -0.7897831593393443 -0.0021328066099192103 25 716.0 6635.0 -9.554602318001136 -0.15430875067755265 7631.5514209351595 -9.706532087043417
13 754.0076512493326 48.749844932268786 0.490507571169884 -0.1772433184811971 0.2692519732403202 25 715.0 7149.0 -9.635613242665297 -0.1679271463633315 11739.044915921024 -10.174081910801503
14 447.8156531396222 52.41056586338986 0.4034080460991389 -0.13255332616220483 0.3623926250748005 25 1203.0 12468.0 -10.239491984012005 -0.8294430005226215 14665.05388943753 -10.415709158036117
15 730.6348540291953 51.90358282758212 0.4098219923708884 -0.49751998435119427 -0.1834972167499431 25 651.0 6824.0 -9.585097545398666 -0.11021732192186752 5696.807329492304 -9.389078828809643
16 761.7731867604467 56.08874215278362 0.5094417981522938 -0.11067063943678046 0.23641068203762747 25 850.0 6091.0 -9.461721498753553 -0.5568349748431436 5750.383118139938 -9.399241951094185
17 240.0458723169201 56.501038132370994 0.3707033301037125 -0.470646267685958 0.16975506811523616 25 593.0 5610.0 -9.372407153140404 -0.21947934390147855 7447.158078705699 -9.679976431466537
18 593.4487555020385 56.50846234845366 0.45927824975337644 0.4965694403895143 0.3247845491486992 25 683.0 6109.0 -9.464925312830024 -0.2508779923178343 6466.259819662764 -9.5266328773432
19 773.7982719072522 61.01815615501609 0.381083729142632 0.22986358149578162 -0.20848672692581144 25 3164.0 45553.0 -11.646292459339643 -1.4925691535550347 57520.56707012047 -11.899557897288345
20 806.6885373986744 63.58655133852236 0.44032486525781794 -0.08843956394120726 0.21054159378542317 25 2448.0 30764.0 -11.220107006707337 -1.3092562889905417 39909.71384951059 -11.50269653481811
21 194.6333699988174 65.19123418294362 0.4486916515385193 -0.6785529546715512 -0.013592406235663873 25 842.0 9551.0 -9.950122112662392 -0.30305940532455283 15404.617785510103 -10.469127318024293
22 37.600213923284294 65.73420016021839 0.40854392291687963 -0.8307660652914262 -0.005804111697147795 25 2163.0 28572.0 -11.13985160363126 -1.201750206854516 41608.95072825797 -11.547966910326322
23 121.75188239748266 67.99965919829285 0.4706148305211837 -0.9426930285207934 -0.4421187683115695 25 937.0 11899.0 -10.188776161311035 -0.25490092605036374 19176.112817788908 -10.70690144023596
24 344.9658322523894 67.54939727215822 0.6789956594104958 0.3226647213615929 0.3863636701305374 25 927.0 6210.0 -9.48272900044145 -0.42941478814054107 8536.978907109215 -9.828260520955673
25 686.1669069062855 74.502864577647 0.6076475141824348 0.19242144351045085 0.21803077635180446 25 665.0 4772.0 -9.19675108749576 -0.1387861997354473 5791.256288303834 -9.406931961950617
26 92.43366868379304 74.80655688331466 0.5187641920864088 -0.3338634252184491 0.28982994797474904 25 612.0 5358.0 -9.322506773180475 -0.06452232929386312 8049.925482671267 -9.764479650418284
27 129.30395972955134 76.29946756943113 0.5221712678962219 -0.42217094570782543 0.3616055139349966 25 2787.0 56246.0 -11.875229106305305 -0.2914752537342843 160875.50646837652 -13.016224817901932
28 428.5866899818038 86.56696311140063 0.5191503636511601 -0.09295110841642995 0.21198399368282744 25 1536.0 16663.0 -10.554382985797172 -0.8604991964613844 23465.14875219794 -10.926058279181209
29 665.3175965062347 90.53509909202964 0.3774799283877348 -0.21962781832422654 0.33718947673788 25 1937.0 22452.0 -10.878137583869087 -1.2777038384598691 28296.500905562727 -11.129331836923825
30 204.96846224794461 91.96666837183656 0.44403706465720577 -0.042023403950926144 0.14731299830654418 25 1483.0 15043.0 -10.44333613876425 -0.9996209679140793 18199.611563355043 -10.650155297202836
31 353.66576940057655 93.24932454756858 0.5416801404233151 -0.7447497844212904 -0.015746819363659674 25 738.0 7722.0 -9.719324493220077 -0.11611764307596448 14094.947593351424 -10.372658663633525
32 404.86097708087385 92.53296091133367 0.5288515102682744 0.18070628177592937 0.5876773459756458 25 687.0 6317.0 -9.50127719223592 -0.14393072146438143 8967.649100747663 -9.881696515528818
33 640.858812336367 93.06681104697563 0.673222731204883 0.28679502439810556 0.3779622730510443 25 1448.0 9277.0 -9.918518891493681 -0.9288515195989919 10069.537062001253 -10.007523761776342
34 539.9523201654572 93.91747992316644 0.6501319154458782 0.30018011235241765 0.8066395434011329 25 549.0 2124.0 -8.31788628102358 -0.06250307458188563 967.731890429067 -7.464387632332649
35 766.6701970725754 95.02675326497521 0.4003249119497533 -0.13941995740198002 0.3608228166006582 25 438.0 2438.0 -8.467584253205908 -0.04008876245605665 701.7586983709457 -7.1154695111610655
36 94.78102041112687 97.73581675612013 0.5685233042781132 -0.15162314910973926 0.2783153906445795 25 795.0 6519.0 -9.535452452600467 -0.3098647628305423 9018.901088795601 -9.887884060000529
37 745.9514971067017 106.26307745328883 0.47541170748608785 0.4499972948812708 0.012180609689930672 25 777.0 4553.0 -9.145744125770474 -0.5346355676024632 nan nan
38 672.428794113771 107.72200118982836 0.3540977962118198 0.07018817256560486 0.11015623652583385 25 1279.0 13180.0 -10.299788525644978 -0.998266518077751 15445.536116374225 -10.472007468279028
39 199.01102641636487 110.87882589067512 0.5675928957094267 0.14585727785390348 0.5027901655116012 25 758.0 7025.0 -9.616615821442792 -0.14672144296425996 8468.956032936823 -9.819574695520307
40 512.4892875459327 116.55314709043797 0.5181902396176676 -0.07853647811547729 0.05003204778504948 25 1529.0 23813.0 -10.942035279920493 -0.44563953706322923 48396.08744344041 -11.71202563187923
41 648.8585914337701 120.42242240593905 0.5333708945363635 -0.5528914171713748 0.46969177974233606 25 606.0 4913.0 -9.228366910337055 -0.116396072601892 6546.298801065316 -9.539989561203349
42 396.79406782224123 121.62288314987794 0.42169021111464516 0.14576472846557925 0.14735493587990706 25 594.0 5074.0 -9.26337615721428 -0.18264154057927728 3164.3199521135743 -8.750700974052247
43 751.8923180675856 121.75525644341042 0.5244263024851079 0.03670351818402455 0.2548671261406581 25 593.0 3497.0 -8.859239080773111 -0.15407555907593207 946.7678362886599 -7.44060873900758
44 588.4384374628025 124.25160753763046 0.5133830851461155 -0.6713447517374703 0.08554974237272679 25 1209.0 10837.0 -10.087272683419371 -0.7929527612747554 10552.3641997277 -10.058374429621576
45 367.5530025398078 125.4833725936298 0.3656188543519562 0.26389367408989134 0.35370608567268846 25 896.0 10015.0 -10.001627384073988 -0.5305478726881375 13001.090638398024 -10.284949465069069
46 99.08517762494616 126.74974224181953 0.39938659321984055 -0.47760789167187273 0.2260108312270253 25 741.0 8347.0 -9.803826033753106 -0.22920109474851103 11132.761027189365 -10.116507216804123
47 604.9170462492438 127.08181853823349 0.47537271587671026 -0.07018425864335612 0.35439336241779595 25 515.0 3632.0 -8.90036459962262 -0.09647810451861798 4829.667427983511 -9.20979306540654
48 692.743462105725 127.03914792498307 0.4170774461722236 -0.23409598048419966 0.30551701863225156 25 956.0 9055.0 -9.892221136625194 -0.6216410667338499 10207.92547241038 -10.022343726562067
49 291.5831979120835 128.2260731242261 0.3915524584754417 0.3291609710668456 0.13033724464595747 25 2206.0 28016.0 -11.118515321848427 -1.2625059936062466 36819.10357455731 -11.415183026595816
50 759.0155582111638 128.08198687936476 0.47015074370269605 0.29503634038865306 0.2434936005858827 25 561.0 4174.0 -9.051381111823588 -0.11025129740241403 2849.954712632974 -8.637094897205603
51 55.85479835180205 128.43589006425637 0.4391901179095702 0.19815636091478642 -0.20801849135179007 25 1611.0 24122.0 -10.956033282815667 -0.6446111315679991 42238.8669916674 -11.564280650597878
52 616.7406858329667 129.5859427262004 0.5520518787896386 -0.2643974057809668 0.30746586605628873 25 570.0 4141.0 -9.042763076255945 -0.01064430576897828 5671.056939616498 -9.384160019483337
53 341.1363493334681 130.3401019559356 0.5252649664589006 0.32041449527013216 0.2312182250777354 25 617.0 5124.0 -9.274022802681621 -0.035191987013274195 6425.417906608213 -9.519753448152922
54 700.5517881890246 133.3113196921553 0.5437324109013277 0.3571117774420865 0.20150805430880278 25 1102.0 10223.0 -10.023945901986355 -0.6209992976380554 11099.580069077101 -10.113266371035916
55 607.2038265227596 136.1939376122435 0.5439454902780095 0.6696866187491649 0.3715132291014295 25 2132.0 22273.0 -10.86944679266341 -1.2018374497007915 27151.438897801792 -11.084482125218845
56 737.9593093932751 136.88486707055822 0.5568330649450914 -0.26089645437667003 0.39151785637565034 25 754.0 7563.0 -9.69673525099027 -0.15074945290005357 11169.66360681248 -10.120100234511272
57 496.46215856813967 137.7642749325528 0.36123468166697364 -0.31926973976290574 0.06604870045099932 25 759.0 7151.0 -9.635916945102174 -0.4933098388649462 9179.407361712005 -9.907036608273668
58 231.27818975517098 143.14406266728062 0.6061287433751185 0.26434566554128913 0.05145139319448271 25 695.0 5731.0 -9.395576021144374 -0.09400191663909022 5267.686339223622 -9.304049768230113
59 266.398135572092 143.42348207174754 0.38198886304881624 0.04007125912975252 0.2752171093261577 25 1261.0 13824.0 -10.351584312837046 -0.8535515422515734 17793.76031419506 -10.625669340577307
60 586.5087089507498 142.6144077962827 0.5589535965383904 0.017996248247885243 -0.4845025684049442 25 580.0 3885.0 -8.973477557842333 -0.12838268368801842 3108.779970525879 -8.73147496290147
61 747.93845064563 146.4905065307925 0.6392387440759822 -0.01279093651729438 0.35414674332004664 25 1415.0 12456.0 -10.23844649890016 -0.786260482690265 15530.845147403948 -10.47798772381383
62 721.5725529569667 147.15001633817496 0.6129718930957244 -0.27902597994468736 0.12154748953620974 25 1620.0 14126.0 -10.375048004787873 -0.9592820394944424 19252.89407855628 -10.711240053815938
63 330.9000001556066 148.5517925742281 0.3797453183599613 -0.547317830716072 0.36734174017677623 25 542.0 5302.0 -9.311099308492686 -0.05728431246098981 4970.163651083191 -9.240926722131258
64 681.222103016106 152.57337443788126 0.4492268979978827 -0.08827196190776625 -0.010950959583885358 25 586.0 4484.0 -9.129164009807338 -0.19784099214368284 4741.174185858165 -9.189714777860456
65 805.6409144522697 154.34368087064433 0.547484246484895 0.5566400291517953 0.5596912435258964 25 2240.0 22757.0 -10.89278752377596 -1.2723209816355683 26237.707427190162 -11.047314712504297
66 253.81188136621452 157.4180710650887 0.3718565692195478 -0.3189851448307272 -0.13046837369182543 25 670.0 6906.0 -9.598066435033589 -0.2785436288668774 8424.00863979492 -9.813797008992166
67 210.46290332128427 158.59283596349985 0.4622115538098525 -0.46748452745418184 0.16684114708787887 25 952.0 9035.0 -9.889820392242378 -0.5514355186560447 8066.124373507288 -9.766662285535148
68 496.27887340810645 159.35271095390857 0.6526933251639782 -0.0024835164827704767 0.35655839270218104 25 835.0 6999.0 -9.612589983783536 -0.210387516958368 7930.329477428767 -9.748228077769651
69 535.9175339198051 162.91525457105013 0.48499105292821754 0.4381782212471973 0.5336134295937734 25 609.0 5581.0 -9.36678005629165 -0.060079304730999296 5814.888781204737 -9.41135353146556
70 101.55254054746194 168.70125689883787 0.6340958467120817 -0.9232188614951088 -0.18895664604096768 25 725.0 6494.0 -9.531280710724957 -0.062395287814662324 9223.29584625353 -9.91221534820583
71 335.5832487670761 169.49461306257828 0.5366084538634917 -0.15168952969679225 0.46737138754085755 25 697.0 5903.0 -9.427681958052986 -0.18293037677786544 9740.029252875382 -9.971400653064936
72 519.7390580079082 173.90674394266708 0.5623742868052897 -0.2398778467918515 0.5375740176670276 25 672.0 4826.0 -9.208968293931918 -0.18788369694839258 1777.7918050529574 -8.124702249837993
73 711.9120577306278 173.82652551825686 0.6394273534955119 -0.009620344273841066 -0.004004103406186226 25 593.0 2491.0 -8.490934318841267 -0.11926201042431313 nan nan
74 820.8597836292173 176.38684350843673 0.6027834816877815 -0.24658616673275993 0.5621025678716258 25 551.0 3088.0 -8.724193229159246 -0.04002333080898987 3078.1946623241697 -8.720740201912808
75 65.94632083386388 177.56451312233347 0.46236247453710483 -0.20371273654351532 0.380968164050286 25 967.0 9635.0 -9.95962929747868 -0.5267042967050221 11864.263105509732 -10.185601922934335
76 806.4200132508948 188.75025449578106 0.4989373800881078 -0.5957353958029319 0.07883272569923713 25 616.0 5154.0 -9.280361035537215 -0.12075565723247542 8161.268569353898 -9.779394174412294
77 198.32361614065385 190.80546055224102 0.5178101904598971 -0.7626080548500705 -0.0619998024489156 25 834.0 7620.0 -9.704887428349002 -0.38550357546549513 11901.929743698807 -10.189043455812111
78 389.19974868895946 191.17057097495737 0.6114164509205441 -0.3003150491476627 0.1649251534287527 25 658.0 5048.0 -9.257798365590196 -0.04752970678171916 5666.656618051606 -9.383317241325084
79 380.9687334917853 192.02188001936716 0.5243799704339365 0.03441449695876772 0.437998961123246 25 604.0 5256.0 -9.301638391379312 -0.0064529480926400345 4961.357574930907 -9.239001321583153
80 474.50704487088746 195.31363889390283 0.38370464802868665 -0.4305470411395988 0.003167161081057387 25 531.0 4762.0 -9.194473477672153 -0.07116722182669634 4752.24151273222 -9.192246259321328
81 777.7580575772065 196.3702127621264 0.48316419935924215 0.15564019453842776 0.3662967286128812 25 679.0 6163.0 -9.474480419326689 -0.1506419953757548 7077.852881882865 -9.624753828202708
82 750.296373416807 201.58934541875053 0.5394380469666942 -0.41602719257657267 0.05089217588785467 25 661.0 4425.0 -9.11478318758461 -0.23124573074378332 4224.571667567757 -9.06445670520132
83 681.3498523497755 213.51140956248767 0.5515715772298488 0.12118722138910507 0.2016396310419232 25 1671.0 15157.0 -10.451533126529007 -1.0377018204049118 17567.83479199129 -10.611795596704152
