test_CNN/outputs/tables/00193_b18946m0s0_sources.ecsv
# %ECSV 1.0
# ---
# datatype:
# - {name: id, datatype: int64}
# - {name: x_centroid, datatype: float64}
# - {name: y_centroid, datatype: float64}
# - {name: sharpness, datatype: float64}
# - {name: roundness1, datatype: float64}
# - {name: roundness2, datatype: float64}
# - {name: n_pixels, datatype: int64}
# - {name: peak, datatype: float64}
# - {name: flux, datatype: float64}
# - {name: mag, datatype: float64}
# - {name: daofind_mag, datatype: float64}
# - {name: aperture_flux, datatype: float64}
# - {name: inst_mag, datatype: float64}
# meta: !!omap
# - {date: '2026-06-11 12:14:18 Eastern Daylight Time'}
# - version: {Python: 3.11.15, astropy: 7.2.0, bottleneck: 1.6.0, gwcs: 1.0.3, matplotlib: 3.10.9, numpy: 2.4.6, photutils: 3.0.0, scipy: 1.17.1,
#     skimage: 0.26.0}
# schema: astropy-2.0
id x_centroid y_centroid sharpness roundness1 roundness2 n_pixels peak flux mag daofind_mag aperture_flux inst_mag
[from data line 167]
168 816.8275929202526 475.8735069395983 0.47838223410259084 0.4730298784471243 0.26604224714424024 25 919.0 7724.0 -9.719605662768393 -0.5805247134773909 8690.318071725398 -9.84758918055412
169 152.53358354872728 477.0414454797502 0.4147935433724099 -0.6521368261266031 0.07841493993951953 25 577.0 5662.0 -9.38242466257271 -0.037704447086367866 4456.040957215942 -9.122372934886315
170 421.5216955076953 477.889715466096 0.6110253861074539 0.007597751509367474 0.1647568416734718 25 915.0 6704.0 -9.565835014055551 -0.46113952363141686 8611.397649691957 -9.837684110425114
171 493.07411681966283 477.8889280976914 0.4615759798531338 -0.528687555931683 0.14389010671931363 25 494.0 3432.0 -8.83886819794167 -0.03743453806372568 1056.1125727384422 -7.55927553203191
172 714.3642433659144 478.430230233783 0.4703029296647044 0.8659510147479974 0.35966021292995326 25 2488.0 31336.0 -11.240108896349524 -1.2764960690595344 41513.32422992292 -11.545468778574445
173 241.06706239602144 481.54457620251395 0.46255074201612034 -0.06906211320666138 0.5125636696347384 25 2021.0 24296.0 -10.963836947275523 -1.1291809935336237 31673.310334175174 -11.251733640016017
174 315.9038374727139 483.3720602096796 0.48177147291959777 -0.4566064375716018 0.2571639510626541 25 724.0 6119.0 -9.466701132991622 -0.336285485874854 9004.64686514138 -9.886166714452546
175 329.06758179369876 486.53493728824105 0.5237435444727169 0.24186164270895838 0.28835869201589304 25 981.0 8400.0 -9.810698215154703 -0.5724087945214782 10227.136749826013 -10.024385157642426
176 278.3147959025042 487.4927649228781 0.4414327394466108 -0.32057206093287716 0.33040416186137195 25 1343.0 15369.0 -10.466614026490008 -0.7834788317044948 18873.511615972624 -10.68963178188457
177 219.9876177954287 490.5970350967104 0.4364798776866684 -0.28625650350720816 0.18546751013118196 25 1578.0 18101.0 -10.644256420941645 -0.9733367247599768 22253.41541989541 -10.868491688200352
178 369.19320264223893 502.8778104359216 0.5137007829980392 0.33954507488019164 0.44661753061460274 25 835.0 7323.0 -9.661722585342128 -0.40868099273074543 7412.639845042468 -9.674932249356553
179 348.53494264362655 506.2605252095429 0.5336193985641818 0.576983157155524 0.3930215447578566 25 844.0 9405.0 -9.933396999715994 -0.19963257731122735 16620.46140776182 -10.55160769062735
180 707.0529258070912 506.6412581861593 0.5566165825724109 0.25124129280418944 0.4058592975155322 25 1033.0 7981.0 -9.755143277021167 -0.6008445128474083 9274.246744208784 -9.918196615631942
181 697.987347205686 506.7205226880719 0.37475769638029044 -0.06773181365346044 0.2051016817967395 25 898.0 10227.0 -10.024370639871385 -0.4636626372682928 12903.58199695872 -10.276775714812578
182 482.297527147711 511.93321583058514 0.4677345672220636 -0.2654972920885204 0.04604730151714417 25 827.0 7713.0 -9.718058328406308 -0.4062544538996616 8557.731539403618 -9.83089664578099
183 325.71159863678866 514.642941101166 0.5768126644905897 -0.2386967884422875 0.4322734995424608 25 640.0 5422.0 -9.335398783111167 -0.007472892390929044 6579.145355372398 -9.545423703809805
184 833.290180245193 515.7198599011547 0.5376380502448069 -0.2632006333396291 0.3262392392310712 25 589.0 3782.0 -8.944303811272553 -0.10722449743013698 2876.189853926901 -8.647043874819067
185 230.7995907650893 518.237669072258 0.39555260866256564 -0.081698816155202 0.5274999483106939 25 1997.0 24145.0 -10.957068024340913 -1.221496331439392 32066.308387023764 -11.265122412338426
186 368.0024569703637 519.9489255896511 0.5590399475917294 -0.2759025475012178 0.06778636651312714 25 846.0 7326.0 -9.662167285821315 -0.3062851163976028 7661.711078140321 -9.710814426956595
187 443.91752122936225 520.7474381009807 0.5160072181983109 -0.11441841278578842 0.22854684466668976 25 2136.0 22167.0 -10.86426730319607 -1.2555174265657163 26759.415366508743 -11.068691552086179
188 772.9274715281272 520.4673876208608 0.49957703542515564 -0.026754539297064155 0.30517283587882965 25 898.0 7053.0 -9.620934709611506 -0.5254908919281047 5171.755898124281 -9.284095046031602
189 521.7334775208199 524.6391272782273 0.47239859421478214 0.35114480321670805 0.3687695299304177 25 1030.0 9710.0 -9.968048074770012 -0.6108789256387617 12296.273984124966 -10.224433828744662
190 832.7101892620634 526.1000841960439 0.403564442293282 0.15061769399804412 0.476125825290861 25 642.0 5514.0 -9.353666904424387 -0.28961534487387564 5062.562759915799 -9.260926050367267
191 431.86173738146834 532.3688628195865 0.4422075918452208 -0.03752587587866146 0.3706733614194816 25 896.0 9464.0 -9.940186829049685 -0.4594453563606462 13573.51989554597 -10.331731209603888
192 798.2409582792943 534.7981571391977 0.4474544984173504 -0.824006640107421 0.05294480720336362 25 516.0 3448.0 -8.843918142881687 -0.08433094241321938 nan nan
193 286.5924189707738 554.5102244598002 0.39668473107635055 0.3217598590461493 0.6169577434446857 25 715.0 8940.0 -9.878343796989794 -0.15034335054890519 13789.080126202816 -10.348838238057622
194 750.8087828966487 555.576500545191 0.3714042840478155 -0.5355822469087531 0.2809954557345241 25 565.0 5201.0 -9.29021713443708 -0.2064922334049043 6684.2012751675165 -9.56262379731524
195 350.18462254207265 563.4621750212854 0.677193679414081 0.20994625038606973 0.2886221371511212 25 789.0 6659.0 -9.558522537231362 -0.12341582828265937 8604.84522928696 -9.836857658282678
196 655.5884421630097 566.2329371966756 0.5001562804491823 0.13672426657640802 0.2044337813159903 25 608.0 5262.0 -9.30287710937421 -0.03115506450620514 5764.429640103415 -9.401890856522636
197 359.0723269344618 569.4361049149582 0.5020211531070188 -0.6125856624161831 0.3403594061212021 25 592.0 5433.0 -9.337599262584302 -0.008673157960866358 6887.2634716620805 -9.595116743001382
198 777.1095119347716 571.7955273887325 0.3562685585150895 -0.2933214620219609 0.1925247907467241 25 651.0 7078.0 -9.62477639575374 -0.17186439087345023 7234.879641171284 -9.64857827657477
199 63.937436257545734 573.8349447706997 0.5437965325237077 -0.3596084051231833 0.351186767409742 25 966.0 8958.0 -9.880527645271673 -0.4406151514235219 9349.508621970126 -9.92697196611855
200 363.21003108592265 577.1120548787094 0.5470427068068785 0.11919356100268172 0.5590106759272702 25 684.0 6934.0 -9.602459593300946 -0.03265068630013913 9472.891812480908 -9.941206443413176
201 54.24146103757722 577.6086795553429 0.43780135876658666 -0.3619500842111968 0.08943775493087058 25 638.0 6205.0 -9.481854464586872 -0.13666275488640606 8585.778904593968 -9.834449251544454
202 188.94544973533513 582.3211212219181 0.5148124449713618 -0.2108787157365904 0.36621427803257844 25 1276.0 11243.0 -10.127205526660074 -0.8261001337200359 14826.009489708573 -10.42756068441351
203 359.3710309717911 584.4695372633358 0.40941481571264743 -0.1590893116287011 0.28080932116761953 25 687.0 6113.0 -9.46563598947445 -0.3407063221004909 7299.893693070213 -9.658291339051425
204 785.599759966238 587.4535858790942 0.43433780740990163 -0.2862487583076114 0.34704120578322845 25 746.0 6671.0 -9.560477351631459 -0.3520597990175684 5622.569657096888 -9.374837111360954
205 38.32702446541092 591.6516505510134 0.46431859724029234 0.14122580994931405 0.5104978402279908 25 716.0 7653.0 -9.709579283323631 -0.13559910533730785 11657.465220943395 -10.166510321119478
206 769.351922914814 604.6022267864477 0.5170137183581672 0.08598856670020176 0.30685564573853336 25 773.0 6903.0 -9.597594683470765 -0.27317571217560366 8563.336335667469 -9.831607504529492
207 54.88040088751589 614.522299559784 0.44618263916608225 -0.45533141170119923 -0.08702784723985714 25 786.0 8218.0 -9.786915342314632 -0.2952731323538089 10508.614224498742 -10.053863623007402
208 25.860425058915457 617.5648901982623 0.4867983485060663 -0.7239978144035508 0.3640587465759566 25 1292.0 15189.0 -10.453822955266258 -0.6762478110960507 22136.316404055047 -10.862763384345735
209 708.2314387472302 618.5216070075786 0.4825932963631639 0.2573759197826185 0.16840966004743715 25 818.0 8770.0 -9.857498983415102 -0.2620581426697691 12145.39629539666 -10.211029225208996
210 674.6417962363669 619.0758567893624 0.564760576697559 0.29266557587848296 0.4314056109740322 25 891.0 7399.0 -9.672932568304208 -0.3820084530364739 7043.679041154852 -9.619498895697241
211 689.2500694040887 619.6790347834279 0.39340490676762 -0.36039282671214884 0.17352662309359176 25 1459.0 14892.0 -10.432382568865886 -1.0327923462781343 13693.202254712616 -10.341262557318814
212 278.0387440919047 620.8887608415732 0.6472346685092117 0.1194792344621659 0.5421799438186483 25 868.0 8298.0 -9.797433576232386 -0.19607974068674275 14431.61224033339 -10.398287128490463
213 576.4298747509441 622.1664531119134 0.3634930862879094 -0.19729105206513423 0.006676053009176845 25 615.0 5058.0 -9.259947062520965 -0.3093244586308167 4042.405670749899 -9.016599736164233
214 459.21457384725954 631.7287912410817 0.5477903792101085 -0.10279659814424674 0.24949644929576292 25 1173.0 10434.0 -10.04612708096589 -0.6891469403139238 12686.087514003782 -10.258319257547559
215 628.7041143087354 635.3459483814752 0.47427307271337515 -0.3867330833436489 0.29704404261692263 25 886.0 8758.0 -9.856012352140267 -0.4412881032013586 9740.619162891568 -9.971466409260383
216 811.4248620878952 645.2820575368514 0.5521327839918995 0.40825407782839207 0.4068633960236025 25 1109.0 9777.0 -9.975514037962016 -0.6490661549543493 11760.639829988477 -10.176077374731767
217 605.2238414787988 645.5236710371704 0.5382979476313792 0.17539974336370068 0.36510775497113834 25 597.0 3936.0 -8.98763772439826 -0.1499649752633492 4242.163071173729 -9.068968397573995
218 468.0489298271446 646.7374631241959 0.3619712453214372 -0.2595482096624993 0.18396413710489806 25 1145.0 13061.0 -10.289941073637044 -0.755277730873693 13650.005289354753 -10.337832049163024
219 315.2502690419636 648.867147400615 0.4143803921966241 -0.006691085488417036 0.14323451106603277 25 1324.0 14390.0 -10.395151984841513 -0.8528214109516539 17226.83651262013 -10.59051383040865
220 51.2015166973084 652.7714649984891 0.542620409524196 -0.28849863099974576 0.14497190182852623 25 654.0 5301.0 -9.310894510566067 -0.15369285898952095 8580.810052528566 -9.833820721002057
221 261.7142030506379 656.8726206765128 0.5899557563191239 -0.3355001768006289 0.2651672209917474 25 1681.0 14766.0 -10.423157160216114 -1.0347364412271391 16212.588015774852 -10.524630867049783
222 570.2215217395039 660.317721040507 0.4743314988633946 0.13738279962201952 0.17325038528008319 25 1437.0 13232.0 -10.304063730521179 -0.9807660166686003 14132.361765785734 -10.375536865367526
223 774.0163305170847 667.5927021195793 0.5722723496467981 0.4373235264475118 0.23266591738717793 25 1182.0 10729.0 -10.076398113227889 -0.6358375220348713 12131.410477796688 -10.20977824435775
224 25.352422037723596 670.2058829744999 0.558998087120484 -0.45405700167059415 0.2837115824634591 25 720.0 5951.0 -9.436474875661986 -0.1900281723566703 7641.293193867169 -9.707917159342912
225 720.1043938053031 672.804064764363 0.42156447483244636 0.35701457396931363 0.1395115138847663 25 870.0 7791.0 -9.728983010872414 -0.5411050622125774 6627.33613614276 -9.553347496030266
226 753.701114273117 672.9339164762333 0.3966490540661443 -0.10594222494472848 0.07713856003082037 25 1848.0 18471.0 -10.66622602077786 -1.328468898830422 18336.505330055803 -10.658291422597426
227 288.50188580591526 679.7276267152764 0.45447949523822184 0.1320337646786141 0.482928510160105 25 942.0 9183.0 -9.907461460792494 -0.5049835186998747 11062.197041821279 -10.109603474831498
228 724.114531004186 685.0241214236578 0.5554551631934083 0.0654549801324606 0.10581153269134676 25 723.0 6799.0 -9.581112602935278 -0.10863511290559966 7834.212058498982 -9.734988307418659
229 195.26454275432855 685.4971483006988 0.45521441781269306 -0.38451482498641615 0.17946011284116012 25 1014.0 12708.0 -10.260193015387776 -0.4013668122162427 20180.33694137584 -10.76232103291856
230 233.06198644521288 686.2177926693978 0.5699061218142935 -0.04098245537884708 0.4733795365273598 25 617.0 3826.0 -8.956862414228192 -0.13491871556091609 3312.3202843729737 -8.800330810477297
231 572.8729385592228 690.7413754282603 0.4605647643488178 0.09233245560563878 0.17108604020706356 25 943.0 7979.0 -9.75487116268271 -0.6111021593880298 8142.246942942323 -9.776860674465755
232 138.0462957015908 694.7273289671436 0.47926059446349445 -0.9847719459613828 0.20950611537849545 25 689.0 6478.0 -9.528602359185395 -0.2086305550758391 7307.310856175272 -9.659393957034863
233 525.0843834051537 701.268599700576 0.4921415104229246 -0.3855657711510408 0.4236964971669861 25 952.0 7532.0 -9.692275778361568 -0.649157504799528 7343.31266697602 -9.664730050483946
234 607.605104801254 704.2159442748978 0.4770622520095109 -0.335725159803159 0.3438881308833336 25 2440.0 28727.0 -11.145725685979322 -1.3288004207084008 35579.24344088108 -11.377991772456898
235 537.4031112344923 705.5420288703764 0.42144970657024255 -0.45412455692408776 -0.06292817855747337 25 1617.0 20084.0 -10.757125531755774 -0.9271425518659682 26015.60461462084 -11.038084808882294
236 761.4652312081857 707.313712674252 0.4167058572815227 0.33746169825567224 0.4104559640839982 25 947.0 10915.0 -10.095059350112896 -0.45506793440935656 14097.309298698701 -10.372840570957678
237 390.9337059220814 707.9236251861381 0.5178930025195408 -0.466003620123718 0.4338973341240526 25 603.0 4960.0 -9.238704191225494 -0.07916332582799056 4085.163001168142 -9.028023474750983
238 41.99218318733048 709.9591760941619 0.5534232214410718 -0.40375697159611057 0.10354612451073664 25 892.0 9469.0 -9.940760291380007 -0.2551408397461139 12353.632949498486 -10.229486733645615
239 639.5662044237974 712.0816968273028 0.47060459053721804 -0.09928002120767435 0.11999456935805071 25 1554.0 15255.0 -10.458530529946064 -1.020769456200228 15552.026571931847 -10.479467474027759
240 590.2564703756394 712.8264792203777 0.4791570982604868 0.6624894984252463 0.31548237261653533 25 1178.0 12849.0 -10.272173322790579 -0.6275396305798224 16912.33533941312 -10.570508953203795
241 281.49616330544546 714.4183763913892 0.41762955726530676 0.6512544221829479 0.2472097613418459 25 873.0 12328.0 -10.227231564275908 -0.11028035479359505 18975.10565497309 -10.695460506905494
242 721.5179883954603 716.186103771448 0.3629158774659758 0.05945718505461781 -0.06875930885979654 25 684.0 7699.0 -9.716085799072346 -0.179891463817833 9718.617862071202 -9.969011264796023
243 798.1887881843675 716.5527655250575 0.4684429959721159 0.2075198601601527 0.06560973399513018 25 563.0 3606.0 -8.892564305965958 -0.18395898688013196 nan nan
244 452.56337564596186 722.9557324003583 0.6441306326894519 -0.05327961688713151 0.4500370744060071 25 817.0 6493.0 -9.531113507181889 -0.2301649391447147 7652.794712178949 -9.709550158613165
245 354.5087186952138 732.5381885918695 0.38495099284900663 -0.22816982493312168 0.5339060138354499 25 1494.0 17767.0 -10.624035255861452 -0.9559824812091464 24918.083352410657 -10.991286585589437
246 481.2702369425436 733.7292769287449 0.4175626942497853 -0.6514094291476442 -0.057398795607053105 25 672.0 6569.0 -9.543748154669396 -0.281201230268487 7414.551717715134 -9.67521224700578
247 47.19639964418481 734.7224952169929 0.5577808342331791 -0.6631707147041965 0.17396678810893412 25 1450.0 15055.0 -10.444201899621945 -0.7999239282622979 21135.98656571143 -10.812556310569292
248 818.6294477011136 735.8875313664281 0.6542252618225165 0.26884887930743034 0.7618766362134994 25 763.0 5588.0 -9.36814099360536 -0.18322124756908803 5051.444645786266 -9.258538995777084
249 203.15894673046344 738.4588551500132 0.42715581844616934 0.1338251215172347 0.17547997090317835 25 591.0 6063.0 -9.456718920587416 -0.06319687866391384 9584.608131565052 -9.953935903421764
