test_CNN/outputs/tables/00193_b18946m0s0_sources.ecsv
# %ECSV 1.0
# ---
# datatype:
# - {name: id, datatype: int64}
# - {name: x_centroid, datatype: float64}
# - {name: y_centroid, datatype: float64}
# - {name: sharpness, datatype: float64}
# - {name: roundness1, datatype: float64}
# - {name: roundness2, datatype: float64}
# - {name: n_pixels, datatype: int64}
# - {name: peak, datatype: float64}
# - {name: flux, datatype: float64}
# - {name: mag, datatype: float64}
# - {name: daofind_mag, datatype: float64}
# - {name: aperture_flux, datatype: float64}
# - {name: inst_mag, datatype: float64}
# meta: !!omap
# - {date: '2026-06-11 12:14:18 Eastern Daylight Time'}
# - version: {Python: 3.11.15, astropy: 7.2.0, bottleneck: 1.6.0, gwcs: 1.0.3, matplotlib: 3.10.9, numpy: 2.4.6, photutils: 3.0.0, scipy: 1.17.1,
#     skimage: 0.26.0}
# schema: astropy-2.0
id x_centroid y_centroid sharpness roundness1 roundness2 n_pixels peak flux mag daofind_mag aperture_flux inst_mag
[from data line 84]
85 219.3443349883272 219.67135342956172 0.5850254765142091 -0.22933982563059688 0.06578577362152219 25 1643.0 16945.0 -10.572603932933493 -0.8681129164898226 21445.67086368692 -10.82834909097961
86 533.9051749147371 225.01476856165166 0.4838740116811681 0.03493124373797469 0.4264462641575983 25 1555.0 14016.0 -10.366560222060013 -1.0869482625386948 17680.842581950455 -10.618757393770169
87 588.4222961876849 226.91591217224936 0.36940728275533274 -0.36395954275746994 -0.33417118072153834 25 660.0 6127.0 -9.468119700829885 -0.33467920455513916 8560.465790301656 -9.831243490154959
88 496.65635606209344 229.5189240714633 0.5321503270869539 -0.1686902547597708 0.2724994449051385 25 2042.0 21330.0 -10.822477138623572 -1.1641049775770649 25466.539463184457 -11.014924836481523
89 819.0722962063614 228.43591783332386 0.5197502166959954 -0.5580139812575241 0.18422125851563956 25 845.0 5277.0 -9.30596773544281 -0.5993377919305956 6201.320943106895 -9.481210521003012
90 83.15172039502048 229.98865562606645 0.38600369080208424 -0.3112632279043793 0.27039442709143185 25 854.0 9715.0 -9.968607012339504 -0.4046365656697582 14854.15629822694 -10.429619973329647
91 344.0747122843308 230.02269603791456 0.527326460180168 0.24383107867143475 0.5953262050525496 25 679.0 4929.0 -9.231897045386809 -0.1879381157284762 4703.915545941554 -9.1811487895469
92 562.8983885568647 229.77615781957127 0.41360077055689837 0.28872675244179613 -0.08371601457418042 25 3546.0 60890.0 -11.961364935136308 -1.2004376009637248 127026.8052365201 -12.759738438963474
93 122.66957175883289 231.27889864094303 0.5044481581414858 -0.5319353923538135 0.24911721319632352 25 881.0 6763.0 -9.575348468563357 -0.505780416377178 5798.977663449821 -9.408378589830889
94 633.7127405297701 231.23047081534233 0.3848088964865035 0.2877985759660011 0.25431517000224824 25 1073.0 11902.0 -10.18904986482194 -0.649010095399708 14297.909504944246 -10.38818135995021
95 314.9147310963338 232.3202980923709 0.3931380557516007 -0.7798454942293849 -0.08258609575381672 25 623.0 6296.0 -9.49766179837752 -0.15839973755266 8294.13473866793 -9.796927715556699
96 582.7760571125206 238.00060473088203 0.44027292362346043 0.20126820164944773 0.3849867801074787 25 715.0 7539.0 -9.693284358280597 -0.14995298509293392 7593.131524598682 -9.701052306461792
97 700.5345573249072 242.3405664916775 0.35345525681201617 0.26581293010734575 0.24525640123976516 25 473.0 3070.0 -8.717845938692966 -0.13979452182839258 nan nan
98 105.45956527828963 242.71761283674718 0.64915371306032 -0.011287608562240883 0.2746931969114583 25 693.0 5498.0 -9.350511838768623 -0.023739087046925664 8893.052785584918 -9.872627175301758
99 201.65388241494736 243.56630675401868 0.41496442988905385 -0.24004423485243906 0.1845685051161927 25 1278.0 13852.0 -10.353781207193558 -0.855189527135486 18502.604108818356 -10.668082141345344
100 588.7291534697218 243.9206299107166 0.6404031624731696 -0.003476112330856542 0.4577063578740625 25 803.0 5151.0 -9.279728874701448 -0.3497159883224024 6314.640562000399 -9.500871587393657
101 641.7443279897376 250.82900908185408 0.4943238073198341 0.7178326365082046 0.6411622215339502 25 633.0 5757.0 -9.400490573637835 -0.13581099794724522 9239.86386974235 -9.914163932093768
102 446.8900037682545 252.10207482077897 0.45565633768362407 -0.32648023492282036 0.22872856295055968 25 1367.0 12648.0 -10.255054642310382 -0.9799840750169033 12879.30205192261 -10.274730821532378
103 516.2562695413612 258.4947720118017 0.3771368455461039 0.12390192331733157 0.2395992796796955 25 646.0 6721.0 -9.568584738501949 -0.2574408233355552 8426.351942504756 -9.81409898574747
104 568.0531368707982 259.7868264421473 0.3688026056759765 -0.11492484164469385 0.9587237762841345 25 3158.0 49360.0 -11.733437877562963 -1.3332701554936457 89038.03578736547 -12.373938926830848
105 595.373543011611 267.8627573794566 0.489572490608292 -0.03873147149940526 0.5583796906560375 25 458.0 2283.0 -8.396264778725588 -0.014380371750838557 1752.2275303925549 -8.108976248840992
106 441.07358792677064 273.7305644980245 0.542018750482984 -0.41957108142263466 0.042131862538597666 25 849.0 5647.0 -9.379544469342198 -0.5224013553703667 6035.762439398995 -9.451830345283541
107 255.1365500099735 275.569598265988 0.5121049168883394 -0.6877310442127382 0.41663102821551334 25 1188.0 12783.0 -10.266581972300289 -0.6152561837605967 18832.568095399598 -10.687273866108207
108 405.11376331317155 277.1804741765508 0.527701225992587 -0.2639925234370202 0.48268192621388484 25 637.0 5711.0 -9.391780400411928 -0.06926748283214366 6764.945777388244 -9.575660799941106
109 27.44902803099051 277.62275031860287 0.641222853726269 -0.4130619685361766 0.273502964790371 25 803.0 6909.0 -9.598537981709734 -0.17798821528343192 10537.48687088815 -10.056842616317018
110 41.489729066165374 279.8180887453524 0.49005668875895786 -0.4864958185222974 0.0357006139788002 25 1844.0 22469.0 -10.878959360604334 -0.9782016885830291 30886.064642666897 -11.224406440156955
111 193.21080669873368 296.15072881632864 0.4316192239713501 0.03011819379082535 0.3821382670553081 25 2120.0 24502.0 -10.973003838820834 -1.2756218270289135 29675.113588763754 -11.18098097499571
112 494.148714371328 296.681346762752 0.661288258672165 -0.16447881709243262 0.5134195267357329 25 887.0 6156.0 -9.473246527898603 -0.3782789259892643 7767.739592009388 -9.725736644319568
113 802.4366500020191 306.0108033110031 0.46036210225228835 0.38000446535771015 -0.03185101255363571 25 1809.0 20489.0 -10.77880190612012 -1.083524475157018 24219.362216001864 -10.960406756006227
114 598.8450325611394 310.0045506928293 0.41002106708159297 0.15799246464835637 0.04022616071204567 25 646.0 6524.0 -9.536284880920595 -0.1734295197274001 9572.962672606078 -9.952615913732108
115 738.3825272938118 316.16507184120996 0.4665664351271569 0.2840417944258354 0.3133604586077224 25 698.0 6907.0 -9.598223640015368 -0.20979030118706815 7959.062198263715 -9.752154746570021
116 338.67978580702 320.3848589608654 0.44228235792783965 -0.09873915337772708 0.06824801310430346 25 1153.0 11320.0 -10.134616067130631 -0.7745754489357213 13646.056858363827 -10.337517941253573
117 715.4201389418381 321.6814220061558 0.457015678322327 -0.08626861364592689 0.33955978504222784 25 643.0 5092.0 -9.267220987454044 -0.20491857120744328 4058.5095497675316 -9.020916430523403
118 407.7959767676896 331.3949367535878 0.39723743232261455 -0.00762760173526417 0.8490167536114195 25 711.0 8937.0 -9.877979394836766 -0.050350531977291876 15228.059178034977 -10.456611389663038
119 526.1255834489951 330.41977086373936 0.5395199759218615 -0.28454819638323076 0.39150224956757135 25 1459.0 12990.0 -10.28402287768257 -0.9293873432630497 12954.881845995234 -10.28108364097611
120 734.7360696896077 332.878784659447 0.38906801312651634 -0.05120735542615301 -0.16276278853308893 25 880.0 8676.0 -9.845798858355389 -0.5572248488753467 13363.56784490898 -10.314806057117796
121 749.2573609823875 333.46687536924406 0.4745751108370994 0.1229675839923611 0.23331836978044307 25 1535.0 15838.0 -10.499250846573778 -0.9682801622390032 19488.739972022417 -10.72445940270844
122 153.74400022679436 334.4045729653222 0.3459690029960171 -0.5303137197323101 0.41439842302755125 25 736.0 8041.0 -9.763275155290215 -0.3750357305327137 9261.834817544388 -9.916742577989782
123 587.521275667489 334.83617071477994 0.3568123022155903 0.14893697073700904 -0.026215635563129204 25 1540.0 17182.0 -10.587684286748766 -1.0737081490948943 18632.122901953186 -10.675655850616696
124 72.12836783681541 335.62648836889855 0.3674554800375742 -0.5367442449193619 0.09966420679563281 25 856.0 9653.0 -9.961655765475268 -0.47069653532716477 14209.73431136929 -10.381464894293524
125 451.8012172510648 341.3036082474664 0.5179029465311955 -0.371965742746458 0.08634786722442704 25 843.0 7044.0 -9.619548368238098 -0.40148347128922246 7822.938015617275 -9.733424722910847
126 605.8023552903705 341.32248898798065 0.526421052772826 0.42450228567808107 0.21806937003126142 25 1944.0 18297.0 -10.655949720193409 -1.2062894513551583 18706.785120895 -10.679997894161346
127 125.75575151342218 341.6015935844429 0.4163488898345582 -0.26326323065233737 0.3726648533879714 25 627.0 6001.0 -9.44555906691524 -0.15648062452873035 8377.540149350252 -9.80779129467009
128 173.1044034700563 342.9547883461811 0.5949046476721602 -0.18517050069781021 0.27908026378535844 25 1559.0 14151.0 -10.37696782741341 -0.9172730496602051 16739.227203573813 -10.559338510342224
129 138.09605069512432 357.6465889388295 0.5844635936148137 -0.20555694876423675 0.49967589675906426 25 1007.0 8252.0 -9.791398048252786 -0.5230140830443295 11959.655572270512 -10.194296681318221
130 676.8928780662769 361.5478926457208 0.5259991499018312 -0.39700042643742844 0.34560523038652746 25 857.0 6514.0 -9.534619385572135 -0.46915369283060826 6390.158517108471 -9.513779078984268
131 42.24152000870194 361.8405977115979 0.5723061609955388 -0.4871960532193918 0.30413572905359837 25 977.0 8483.0 -9.82137366750416 -0.4834131547532776 11219.179557688345 -10.12490274689111
132 548.2514412173385 361.7941979893883 0.49701370383447996 -0.1602404338465636 0.19529631842257264 25 877.0 6734.0 -9.570682780130173 -0.5029237136221898 6042.006888801064 -9.452953040247236
133 69.41742580968867 365.30509923485084 0.43835621048856416 -0.42346581981896575 0.041364418394639994 25 1365.0 16801.0 -10.56333782954635 -0.7077846231747837 25001.26494135083 -10.99490495599519
134 98.51196377248932 365.02780393022834 0.5345802806473134 -0.280600377315695 0.08138248496753799 25 754.0 6785.0 -9.57887462998939 -0.2612207846929445 9043.575045080777 -9.890850366958484
135 380.52251172404016 365.72062646721855 0.40374192939348136 -0.7218124948773432 0.08746775584596975 25 601.0 6021.0 -9.44917156801787 -0.12064795490907514 8757.114662553051 -9.855902590606995
136 773.3244513756973 370.1946713969644 0.641266720214659 0.015977013417575667 0.29436449126501313 25 1188.0 8721.0 -9.851415716225226 -0.6994398845700467 11608.25550388781 -10.161917396469482
137 6.05587188993243 370.88764408333384 0.547776042924317 -0.3757856685502218 0.12794089478730358 25 1135.0 11227.0 -10.125659306614489 -0.5587716224229554 11934.546910547366 -10.19201483967569
138 486.169748442501 371.0512015159672 0.39358527818279876 -0.3396883807300975 0.30526947756104106 25 415.0 2585.0 -8.531151368574903 -0.031063302224457915 2019.1325665528016 -8.262912083927132
139 598.9635784067173 371.4664284271081 0.36747188117159796 0.03761316293123407 0.39556833540252617 25 618.0 5066.0 -9.261662963636322 -0.3221240563805833 4778.820801833142 -9.198301863687334
140 329.13973643858776 381.75606754377316 0.5558410792241247 0.6015582828889552 0.6475239925205214 25 612.0 4617.0 -9.160899686377853 -0.06507649384431571 5725.554331561612 -9.39454385044857
141 467.6889301762206 383.3884488919633 0.6355644554964023 -0.2713247867912116 0.26126769054543547 25 595.0 4050.0 -9.018637558036671 -0.0071629904419838845 5082.601056523753 -9.265215056004807
142 84.99712236898196 382.9906076599418 0.4368763119490744 -0.36471895420161293 0.24694394827858543 25 1671.0 29301.0 -11.167206106096101 -0.3875550310051775 62359.23740618905 -11.987251988858194
143 200.91405816483945 383.3564663717221 0.42255855652711516 -0.2714680055244443 0.09010020699353194 25 1546.0 19325.0 -10.715298756475907 -0.8681556366138701 28863.381736368985 -11.150868033058249
144 711.3143524401277 393.0261578404611 0.38060445388411074 -0.21620505553105016 -0.17364480762920526 25 529.0 5254.0 -9.301225171125129 -0.04864637273773714 6350.908630714533 -9.507089661684745
145 264.33384595366226 393.5917693795645 0.5005130427524351 -0.5941110267367388 0.19851289568108899 25 648.0 7020.0 -9.615842780324513 -0.019535481272965463 8984.053214222855 -9.883680789170597
146 382.6013260529928 394.3772608399805 0.5881406763752024 -0.577524046743491 0.3461307510372444 25 1375.0 12089.0 -10.20597594395429 -0.8173232217211635 16286.860711639261 -10.529593455553519
147 751.507577213553 393.7599948501367 0.529079884062338 -0.5472490623747406 0.06546916307475353 25 767.0 7473.0 -9.683737455640422 -0.2446414961712887 11092.256607692972 -10.112549769920529
148 427.9114845625636 395.34257211333613 0.46474491182388805 0.11595182570917323 0.29549410981815727 25 1103.0 13136.0 -10.296157849438414 -0.5596702555282264 30747.38508036679 -11.219520467477242
149 106.5837336412448 398.5451642435838 0.606203494037081 -0.3969436592751977 0.2606259776855618 25 882.0 7968.0 -9.753373313539106 -0.2888601829898248 10111.007392449623 -10.011986069785177
150 588.1921314417013 399.93100175491975 0.44125497921598655 -0.24501308271179442 -0.2714040543102239 25 764.0 9255.0 -9.915941057722307 -0.1662956760916966 11809.607175307043 -10.180588629632041
151 61.059267241366534 411.06393322010877 0.616912195236436 -0.43420325936485243 0.18147882728001594 25 1386.0 12704.0 -10.259851212707554 -0.7618782514699856 16302.115865757505 -10.530609938799367
152 139.15571044664566 417.4425878481728 0.3584727628049853 -0.16082802992672482 0.4581491714057527 25 674.0 7069.0 -9.623394954153246 -0.28707675621761675 8922.832352729129 -9.876256833224652
153 581.9589934834925 427.672513007795 0.4683501365956653 -0.4139348718371502 0.24961247118881297 25 643.0 5332.0 -9.317225351854555 -0.16311857290884757 1847.1698946477748 -8.166267104484131
154 726.2902826760313 429.32780325082405 0.40057890294567644 -0.4602803899732322 -0.19190187036913414 25 1273.0 14505.0 -10.403794332846708 -0.7787080554038573 19112.15706132838 -10.703274264336235
155 741.0043581631783 428.81204707645844 0.4255667792450911 -0.09969029680724753 0.03168252418294273 25 815.0 8219.0 -9.787047451118683 -0.42145573946952564 10323.50900955968 -10.034568352835917
156 673.6662578262257 431.20685425940087 0.48878979517589105 -0.12536956032774815 -0.13877947895304674 25 646.0 6095.0 -9.462434274886002 -0.10877322177473178 7209.950570469321 -9.644830718301346
157 786.7315714976068 430.5855224777293 0.6037914257117548 0.043913619222021937 0.1854472130108166 25 793.0 7662.0 -9.710855369117647 -0.140097527675824 11992.025899252701 -10.197231394474304
158 687.7098346767353 440.0755873555626 0.48589025509460415 -0.905394346308351 -0.12181994290581961 25 585.0 5216.0 -9.29334395680966 -0.06795625258789426 7090.50912089785 -9.626693550037436
159 440.2313096483644 443.8419703577313 0.47751103805198497 -0.5109628839797107 0.13323432992110473 25 595.0 5991.0 -9.443748298975912 -0.0034866096072930335 8487.427890598889 -9.82194024381844
160 481.51402417114065 452.48168625019275 0.4357244745842146 -0.6589923168823126 0.23067622643367827 25 2352.0 31268.0 -11.2377502582127 -1.268651037823279 65038.8559773394 -12.032932233713709
161 609.0651537293587 457.58580631164074 0.5688884376496475 -0.4855590893907855 0.32733260615869664 25 2096.0 19282.0 -10.712880196312728 -1.2565631244031024 22580.361925318444 -10.884327246641657
162 508.86761986392617 459.23655667045233 0.4823082029216813 0.18103882074798633 0.014498333759385537 25 714.0 5691.0 -9.387971464020811 -0.3168324520516425 3939.084053991547 -8.988488120209727
163 720.2095497251177 461.8361218093353 0.3562953822389923 -0.32883320181237247 0.059036723678896286 25 1189.0 13430.0 -10.320190031671787 -0.8594244572952254 17626.739311229758 -10.61542995401676
164 416.58273864230557 463.6299764010123 0.40518551606344605 -0.2859001729117657 0.11020315809414996 25 712.0 6245.0 -9.488831106775386 -0.3425776609225317 5709.423899633087 -9.391480721651037
165 609.9731054009624 467.4953494429998 0.44490721106890757 -0.23350299109043926 0.12730906978778142 25 2479.0 31451.0 -11.244086146518207 -1.3122957409075848 46228.45799714159 -11.662273518231729
166 765.4324741547651 467.899513094677 0.4962261372965122 -0.17053337658920528 -0.4308973446332822 25 1966.0 21666.0 -10.839446847026174 -1.1472240293666585 24862.87313177376 -10.988878284735893
