test_CNN/outputs/tables/00192_b18879m0s0_sources.ecsv
# %ECSV 1.0
# ---
# datatype:
# - {name: id, datatype: int64}
# - {name: x_centroid, datatype: float64}
# - {name: y_centroid, datatype: float64}
# - {name: sharpness, datatype: float64}
# - {name: roundness1, datatype: float64}
# - {name: roundness2, datatype: float64}
# - {name: n_pixels, datatype: int64}
# - {name: peak, datatype: float64}
# - {name: flux, datatype: float64}
# - {name: mag, datatype: float64}
# - {name: daofind_mag, datatype: float64}
# meta: !!omap
# - {date: '2026-06-09 15:18:26 Eastern Daylight Time'}
# - version: {Python: 3.11.15, astropy: 7.2.0, bottleneck: 1.6.0, gwcs: 1.0.3, matplotlib: 3.10.9, numpy: 2.4.6, photutils: 3.0.0, scipy: 1.17.1,
#     skimage: 0.26.0}
# schema: astropy-2.0
id x_centroid y_centroid sharpness roundness1 roundness2 n_pixels peak flux mag daofind_mag
1 431.53127879940484 0.45578908168381393 0.6639405103309273 -0.5733808387264595 -0.4815550303193565 25 1001.0 5337.0 -9.318243007008968 -0.28013117584420383
2 619.3157847138265 2.0095504949340306 0.3957633679132137 -0.23940945297852587 0.1638392220921787 25 1493.0 19330.0 -10.715579635071382 -0.48394112911112336
3 761.9373355346498 3.3190981667424695 0.5404736388299183 -0.20572617131116194 -0.2534092189083379 25 1202.0 14417.0 -10.397187246139993 -0.1268881375339218
4 824.858417534387 11.033056962646533 0.5028319473206512 0.3802961525965765 0.041668530519094374 25 1048.0 9642.0 -9.960417817867471 -0.2831104937986365
5 554.9026685623251 11.721555218266962 0.5678159968846765 0.41412095107923846 -0.06783524264760607 25 1248.0 11181.0 -10.121201618683756 -0.40587169145027074
6 644.0129857178152 11.935772687177701 0.39722729267299095 0.7122667680558105 0.09363594333304248 25 850.0 9132.0 -9.901414757045494 -0.06070772921732999
7 315.65815778573807 12.838181437755184 0.5478979474576545 0.22021052162041707 0.2272439018036758 25 1665.0 18064.0 -10.642034811452232 -0.5988647116747172
8 832.7841708229939 13.192585704388572 0.4294490814150771 0.35717376280199464 0.11117567987775422 25 2288.0 20413.0 -10.774767088921703 -1.2725812016505351
9 711.4059630338029 14.704427723421755 0.3531552253080517 0.39342383204853665 0.16906401375849842 25 872.0 10005.0 -10.000542732430574 -0.1602030311837277
10 486.4636524708878 14.862128004965525 0.6215555258987021 -0.10496539045406915 0.07242327644732813 25 1243.0 9474.0 -9.941333450979844 -0.44774321169844117
11 77.976964233913 18.82566473874515 0.48297400848204514 0.502745386871439 0.18312472598284274 25 1120.0 12483.0 -10.240797426281524 -0.2862900948107732
12 709.2725141246681 22.459240985033713 0.3952334416945295 0.4861453567858646 0.3289976303254964 25 1254.0 13920.0 -10.359098088186357 -0.48887905991434144
13 255.86586159145364 31.672342341921127 0.46603181269147476 -0.7191814129101706 0.22763749536165065 25 998.0 11638.0 -10.16469588214348 -0.06297603690418993
14 304.67102066856233 38.126486069048 0.602643189164853 -0.17813483610222178 0.5151373644153331 25 948.0 8068.0 -9.76691472385182 -0.08755982617635875
15 391.9179100726574 52.24408571331201 0.5067304243349001 -0.3062406804407954 0.5220308105608392 25 835.0 5615.0 -9.373374401493692 -0.1636880508177345
16 326.4824356606459 55.86130002628837 0.48093488648183264 -0.1863151911456701 -0.07887360140765023 25 2238.0 26561.0 -11.060611054592584 -0.9136127070982996
17 176.36808677887637 63.262684199431924 0.4099742391406933 -0.025272202741753742 0.31353420636647333 25 1116.0 12622.0 -10.252820439596892 -0.33639445344901864
18 766.7090391656892 68.0720665457658 0.4924145288200183 0.2935515355732487 0.1343794573648642 25 1940.0 20892.0 -10.79995004291239 -0.780187914426132
19 453.7137489287441 73.98963203485764 0.6003616849849036 -0.16839166790147497 -0.3989996160305971 25 1046.0 11461.0 -10.148056281324225 -0.030027749864446125
20 335.64435374382646 81.51000946817942 0.46130008440749865 -0.20959539600317345 0.017190783304381285 25 1326.0 15516.0 -10.476949427320047 -0.374445957518437
21 442.86508143111433 84.94190836935644 0.35322712995160976 0.09596281055767895 0.2794840527870635 25 3726.0 66612.0 -12.058881183448714 -0.8799092637828425
22 494.7316223457878 89.62879571891447 0.6594938790021383 0.4348434557650432 0.33115679427710154 25 917.0 7312.0 -9.660090456814437 -0.020173162147850875
23 604.0713393355687 93.13365790867698 0.5520350063181787 0.006668986307976949 0.4542638898116517 25 1278.0 11958.0 -10.194146372710328 -0.4040909319225151
24 382.2064727619815 103.4442695146761 0.4388044603208033 -0.4378416848801112 0.020784861412383452 25 1793.0 19733.0 -10.737982789714648 -0.8074804820220283
25 629.0500951782275 113.83448321803465 0.371799595971819 0.18830068348982199 -0.009496463125953727 25 1042.0 9185.0 -9.907697901604568 -0.46918952703873607
26 249.09037489187054 118.91926804981011 0.4791072662254097 -0.09678203633108019 0.19520580867015902 25 2163.0 23709.0 -10.937283091647219 -0.9411918036690153
27 97.36966448365519 137.96999483822893 0.5049132254455582 -0.8540342630263422 0.16724990506790904 25 1252.0 14502.0 -10.403569751978235 -0.32074757105064877
28 144.19281779019664 140.61703780906078 0.5147720709682958 0.6352094663854693 0.6084195098912806 25 939.0 9137.0 -9.902009062279424 -0.12735535268424764
29 799.9066033690528 143.54659274640647 0.36422415082138 -0.0659950050698811 0.0223524764237132 25 2136.0 26932.0 -11.07567151448977 -0.9534757111637628
30 357.01313919062784 144.86346526647654 0.5209961644029838 -0.609944443691663 0.11101961069530222 25 928.0 8681.0 -9.846424390552652 -0.10406360769886788
31 467.34193710936074 146.41162771436868 0.4244092905432237 0.8322708615959574 0.26817094350809156 25 817.0 8433.0 -9.814955250817757 -0.08569834035706253
32 428.83366741845475 147.59202272236456 0.4385297015525185 0.35911381487994504 0.5605461788853406 25 767.0 7077.0 -9.624622989013146 -0.018319488215849958
33 398.6592329019181 149.49157193367228 0.3618430446096828 -0.28844197293407875 0.47861945121113486 25 1110.0 13682.0 -10.340373965221328 -0.3012627372522199
34 387.7893350245318 167.32896817618155 0.46169331215427967 0.6889070695329885 0.34916959681772397 25 926.0 10497.0 -10.052662993006422 -0.009001987222517063
35 624.1752075024322 167.9884211040158 0.4979398339681264 0.12538722626347856 -0.052244692244166134 25 1170.0 11151.0 -10.118284539538472 -0.3433483479760505
36 245.7992912784255 168.63334878071964 0.4090207822299398 0.3438162202600917 0.2070154301105575 25 1191.0 13146.0 -10.296984069860873 -0.3976144899046862
37 186.07742966354624 174.91992248788458 0.45758401022716055 -0.3547754013998259 0.2311689784088324 25 858.0 6164.0 -9.474656575115954 -0.2550196230863239
38 605.6959270575911 184.01766656178458 0.47946303607295593 -0.37610951627920003 0.11335786063365945 25 3036.0 36297.0 -11.399676828617357 -1.180289144934371
39 522.6389165014093 190.44398310712717 0.41227987304748676 -0.3876957458204289 0.22372917990958444 25 1445.0 15180.0 -10.453179428898654 -0.6492821575496222
40 588.3246978228024 192.33113238538377 0.4028111062448959 -0.005191719745751756 0.3759471912675704 25 1052.0 10091.0 -10.009835515434272 -0.3908909984682314
41 476.6342034916318 199.98475965916123 0.5056076351154296 -0.311618994924075 -0.411746342221721 25 856.0 8215.0 -9.786518919427701 -0.03024080803076042
42 804.7719071158845 199.87761787811993 0.6165328629898255 0.04235386223481732 0.2080520294680978 25 1220.0 10548.0 -10.057925302803492 -0.3342324404990263
43 656.0060209669607 206.65467530232817 0.37043017558491054 0.18430135688523208 0.7007440485590768 25 815.0 8783.0 -9.859107206880322 -0.12922085240240033
44 686.739149423394 210.54628107713629 0.6302070211999947 0.24116657171243078 0.5702995651666928 25 815.0 4694.0 -9.178857713156434 -0.07336992584363464
45 602.0656954173744 220.438378281684 0.4149546919221825 0.28322748775948214 0.15980865702559782 25 1331.0 14316.0 -10.389554224294917 -0.5576110336943034
46 817.3486265126354 220.58262701658978 0.526279044073523 0.014617563932515341 0.11598648759524238 25 1514.0 13233.0 -10.304145781245175 -0.6999695069619204
47 441.5715878172555 234.56677213452457 0.5014032398494468 -0.7131994909212493 -0.29256330217251153 25 915.0 9155.0 -9.904145871594288 -0.0768498045026798
48 812.005709032091 234.98355233875728 0.48775950063990164 -0.1634841795228645 0.25929716275655074 25 1124.0 10625.0 -10.065822346805874 -0.34700990176750357
49 395.9882050593731 242.73312352657956 0.45295236679867035 -0.3891944320016989 0.22550652152134046 25 1068.0 8972.0 -9.882223162277326 -0.4356430988471992
50 137.55656247204476 252.16067878357038 0.46653606366892647 0.34987944057984677 0.29478790193875976 25 1148.0 13117.0 -10.29458629635937 -0.23319903824033095
51 252.14852381296802 256.57917591059197 0.44405359388184196 0.7354054464382427 0.6619113975066923 25 1039.0 11993.0 -10.197319584201798 -0.15313806220443563
52 483.98281613986467 259.1402009132503 0.3895073997824606 0.6027818971661079 0.35898059147238015 25 914.0 9515.0 -9.946021981557598 -0.23144437931081618
53 343.98720609332094 266.80189267904024 0.448403629592321 -0.05733043775541478 0.37411763017821553 25 1021.0 11064.0 -10.109780417753136 -0.15754180748459498
54 404.9486651928242 274.3813535627236 0.5547729906993067 0.2983944856885886 0.062384456907080915 25 1167.0 12332.0 -10.227583790136176 -0.2444496686325341
55 812.4966020170448 277.03042496635 0.44157416111135284 -0.3967124396143753 -0.007734292864510661 25 1618.0 18130.0 -10.645994510238772 -0.6801186121430297
56 638.0597277298933 281.7794443333262 0.4293632466035384 0.07140422017684979 0.2273971447633874 25 895.0 9400.0 -9.932819633999246 -0.08073143669663008
57 468.4178303601085 301.2253054811809 0.546760417405206 0.3906182275558101 0.2834508674524231 25 1269.0 10977.0 -10.101209160515674 -0.45156379323444434
58 356.0265909320342 309.7432122834802 0.6034039453029254 -0.023978859726846827 0.052033518040478524 25 1302.0 10760.0 -10.079530678325925 -0.4475322126615349
59 80.25553826756358 328.94768146025166 0.5794340113210732 0.4993413257693874 0.39425194259703683 25 1136.0 11153.0 -10.118479255501109 -0.22798196487204958
60 522.8479762812034 329.65996870519433 0.41303785130217374 0.49417687288618817 0.40828473018281936 25 865.0 7420.0 -9.676009763197568 -0.23241752299939675
61 52.185346771594766 336.68396066157055 0.4638692024068954 -0.26944602471567036 -0.005803525947505888 25 1684.0 19373.0 -10.717992196165573 -0.6400179335937575
62 501.6028238989345 337.10350990181445 0.4554421664078209 -0.5604594120054013 0.2981864140242953 25 2723.0 34257.0 -11.336873319188076 -1.0570654414489287
63 34.95948239969835 341.68997890738467 0.44686250644205266 -0.2554864224008387 0.09413540302645702 25 926.0 7640.0 -9.707733396439224 -0.29149352856468086
64 619.9703284735133 347.7534797043244 0.47803807308832313 0.3190897889014931 0.4407450396552861 25 1455.0 14329.0 -10.390539706691905 -0.6147876058204077
65 604.8885143857201 353.8329222268978 0.39408042360523765 0.7238693430392692 0.6463852359643972 25 800.0 8192.0 -9.783474859079389 -0.09708159825221323
66 557.5368067896018 357.5901295957951 0.5293038773210345 -0.5724897230830165 0.29487290567801233 25 729.0 5240.0 -9.298328217459316 -0.038939158113791374
67 50.34108341514637 362.01938288052673 0.46763210248666687 0.19203137800304246 0.16232869222198051 25 963.0 11340.0 -10.13653263639222 -0.04537874126171752
68 132.33553333754926 364.6165616393303 0.4808197794560676 -0.3126151482541494 0.07136895177452854 25 1341.0 13885.0 -10.35636471021569 -0.4505132775987341
69 397.21041435792034 367.839890078048 0.6022851598381395 -0.18082484502335852 0.44162499984690673 25 937.0 8353.0 -9.804606203514645 -0.03989478534918603
70 750.925185878275 368.8894573555873 0.45989041122462776 -0.4669160876982345 0.22250623810560521 25 2249.0 26300.0 -11.049889371224396 -0.967873833053438
71 724.604589186019 369.52381955664174 0.513966795552833 0.5547157726821376 0.543879151725923 25 1234.0 13287.0 -10.308567337511052 -0.3416779542322585
72 220.20327735171895 373.36542197171264 0.578406451479309 -0.3596191808103133 0.3932109840828438 25 1389.0 11720.0 -10.172319029205179 -0.539195571324646
73 192.16915028063323 377.6429991030894 0.566814853797025 -0.14609859736265537 0.4666872465342562 25 886.0 7016.0 -9.61522395089496 -0.0913533481690767
74 372.4965612633487 393.3569154762829 0.4598783838825752 -0.35871943890561153 -0.054216390187313196 25 954.0 10691.0 -10.072545823866204 -0.09541042019023492
75 680.1057129248461 413.958560166384 0.49630057276137785 -0.30187386537976024 0.21595814585095674 25 1335.0 11515.0 -10.153159855750625 -0.5805310215283881
76 161.21740982288983 416.69715011293425 0.5259118098473131 -0.13458625487970527 0.3991410064274347 25 1010.0 10780.0 -10.0815469021268 -0.07631030657745907
77 253.60055664363588 435.18989140319525 0.5048886616931777 -0.4069750765117968 0.25976430675933065 25 1305.0 13521.0 -10.3275220319766 -0.3879305772671363
78 314.92391728462286 444.97288955101243 0.37440469240333435 -0.32627570167200187 0.06172215090802757 25 1753.0 21970.0 -10.854575142301275 -0.7698365052660743
79 724.5135207437285 449.2518592794737 0.48320099619131357 -0.11550759416144227 0.1596456909537308 25 1702.0 18328.0 -10.657787690453354 -0.7090900173968329
80 635.6252965332328 449.6659560945293 0.412664558367924 -0.34332609687568405 -0.020296007718166063 25 1075.0 10842.0 -10.08777350736144 -0.389138606205228
81 46.44376965190393 459.10137216246596 0.43096214724436016 -0.4363340754685573 0.012871239902469448 25 1513.0 17950.0 -10.635161132285845 -0.5509805141151276
82 47.764086676218525 467.5140953685379 0.5141860500445556 0.2648250428578875 0.3340972006230312 25 1009.0 9727.0 -9.969947289688704 -0.17540490794620606
83 724.6639212231959 471.5085344430652 0.6407671883340545 0.38864875380136654 0.06220720845596322 25 967.0 8094.0 -9.77040800013887 -0.06687874190864118
84 540.5021604918663 477.93563705497945 0.4112007402658892 0.30521701749630176 0.1473584275937754 25 1751.0 21942.0 -10.85319052680422 -0.6859549943238183
85 178.37304789959447 479.267043981677 0.6772731732939786 -0.23054983363018264 0.5059608681078078 25 991.0 8546.0 -9.829407221202944 -0.029786303501381853
86 98.28455951505192 481.4574406296495 0.4344137281024937 -0.6045109389561393 0.26308221211721017 25 891.0 9448.0 -9.938349711513645 -0.13048894553847454
87 790.3681565588773 484.02762070182735 0.4704110690398366 -0.14808365411916002 -0.07606855102804413 25 1648.0 17654.0 -10.617107805628299 -0.6789356660454482
88 345.3550945883018 484.8924320358177 0.5135401204230855 -0.7279873661218943 0.19968179740875502 25 2086.0 22745.0 -10.892214852914934 -0.8628472893975074
89 689.1107944607888 485.8665440470808 0.4643017450755953 0.39253034036255746 0.14559665179483877 25 3564.0 49826.0 -11.743640059205209 -1.188923051917973
90 111.28286417724935 497.4027195929328 0.46042265735000293 0.026646539466034343 0.6152444672879293 25 1726.0 21366.0 -10.824308060144743 -0.5773374740104921
91 805.6122285186858 500.1919176230337 0.5199720341306354 0.2927647594011789 0.550446870589707 25 1127.0 10911.0 -10.094661389435934 -0.30197387240561063
92 692.2011654726566 503.2729792162556 0.41840502513241706 -0.0041802400746754195 0.16531206050748806 25 1031.0 10432.0 -10.045918945969612 -0.35553287345632856
93 5.4103543065408255 506.08362035431776 0.48803100641915337 0.07132040130431962 0.3029511078612532 25 1289.0 16173.0 -10.521976466370745 -0.1911399430291933
94 638.8993002469704 505.4067431490287 0.45732114030600385 0.39307346628591516 0.21515632678828875 25 891.0 8913.0 -9.875059766308317 -0.163611564367326
95 603.974365534496 511.19254368596535 0.532365910036635 -0.05188364369178596 0.49230930386486466 25 1100.0 9195.0 -9.908879333935241 -0.3653609113935688
96 694.3285723916995 520.9476002800321 0.42465101155215784 0.30984875561296477 -0.0030672959098866533 25 836.0 7622.0 -9.705172361090371 -0.16760489550061705
97 430.5727857017086 529.2760003252109 0.44821021504946906 -0.2165064435236312 0.41660505841991874 25 1255.0 13983.0 -10.364000894130621 -0.39589844386860856
98 691.2022533724714 532.3458504810039 0.49239597899649346 0.4720776894755173 0.034255544420159496 25 1804.0 20347.0 -10.771250962712584 -0.6969030630417493
99 140.38727768967615 541.3116735797717 0.5371072566168745 -0.30024685845853616 0.044176396061386757 25 1122.0 11717.0 -10.172041074805549 -0.21081933883745263
100 624.9413314496476 543.7331358801733 0.6086966847412125 0.03912250566582181 -0.07499921694747921 25 998.0 7926.0 -9.747635169995426 -0.15429969157959655
101 610.8777635334296 546.4791746866608 0.42909389089380856 0.24711724086071915 0.15789377566107882 25 1047.0 9863.0 -9.985022582809034 -0.3811733742709414
102 823.6742190744692 552.7320338831519 0.52349668709138 0.9669401157389781 0.27863652050023585 25 799.0 6112.0 -9.465458363919083 -0.0807041930541265
