test_CNN/outputs/tables/00193_b18946m0s0_sources.ecsv
# %ECSV 1.0
# ---
# datatype:
# - {name: id, datatype: int64}
# - {name: x_centroid, datatype: float64}
# - {name: y_centroid, datatype: float64}
# - {name: sharpness, datatype: float64}
# - {name: roundness1, datatype: float64}
# - {name: roundness2, datatype: float64}
# - {name: n_pixels, datatype: int64}
# - {name: peak, datatype: float64}
# - {name: flux, datatype: float64}
# - {name: mag, datatype: float64}
# - {name: daofind_mag, datatype: float64}
# - {name: aperture_flux, datatype: float64}
# - {name: inst_mag, datatype: float64}
# meta: !!omap
# - {date: '2026-06-11 12:14:18 Eastern Daylight Time'}
# - version: {Python: 3.11.15, astropy: 7.2.0, bottleneck: 1.6.0, gwcs: 1.0.3, matplotlib: 3.10.9, numpy: 2.4.6, photutils: 3.0.0, scipy: 1.17.1,
#     skimage: 0.26.0}
# schema: astropy-2.0
id x_centroid y_centroid sharpness roundness1 roundness2 n_pixels peak flux mag daofind_mag aperture_flux inst_mag
[from data line 250]
251 733.7349263765063 743.7365116892003 0.47433630975454694 -0.1501953150714928 0.03979456364721605 25 748.0 5944.0 -9.435197001881297 -0.3828377636776184 5334.9760859810185 -9.317831192601897
252 152.01460764588683 745.8760197291177 0.39132001258103444 -0.6224329949191889 0.3429002647168265 25 795.0 8652.0 -9.842791276917636 -0.3678109133786192 11324.360933734062 -10.135034257223435
253 542.0629432457407 748.6762170529771 0.4064953671095426 -0.0853277374246256 0.533320984057521 25 709.0 6652.0 -9.557380601368704 -0.3390734415486569 8417.02841000699 -9.812896982632761
254 29.54009545666695 749.6436386504562 0.44721091828614706 -0.1996373792164834 0.43592972112394757 25 773.0 9954.0 -9.994994091020011 -0.0010436556601374617 19842.169522402975 -10.743972889315545
255 582.4437604488259 752.3670344524011 0.5060597172047577 0.08599782224301361 0.2440120317068588 25 893.0 6084.0 -9.460473013452402 -0.5978120632179249 5388.074783934857 -9.32858403723801
256 612.7320068119449 751.9979375177495 0.47198822585594313 -0.23768592418573029 0.1165942000285541 25 1633.0 15781.0 -10.49533629957919 -1.0869011962301596 16638.282801738565 -10.552771254374063
257 782.1374143889227 752.1489662391919 0.4819389191873281 0.03920194191582306 0.1906316628859892 25 600.0 4919.0 -9.229692056398328 -0.11174908195154855 6446.569766732208 -9.523321717729969
258 660.6776368974967 755.4145211569506 0.6069094041322359 -0.03497084975458124 0.42294760175071133 25 1837.0 14962.0 -10.437474126018335 -1.1258457456809707 14417.010580679236 -10.397188042964734
259 299.27186385638606 769.6859321536547 0.4096099007228044 -0.6116631741289614 -0.11401219449252821 25 828.0 9319.0 -9.923423279333818 -0.34183998672452115 10143.455222559294 -10.015464790966174
260 582.188232537385 771.5311346780279 0.671154713323863 0.606367368823447 0.6582407083059012 25 987.0 8454.0 -9.817655608732501 -0.33973675661876396 11999.474267020458 -10.19790554679955
261 542.8927126864002 774.3202329878947 0.390643192040134 -0.17780331324512155 0.5092623848820299 25 527.0 3571.0 -8.881974625481956 -0.16225482271744607 nan nan
262 409.3192828493846 776.9331541271466 0.3915913485342039 0.7527681987702158 0.381479627361251 25 676.0 7288.0 -9.656520909912356 -0.19772266833216884 9249.483270601451 -9.915293678065202
263 128.96771305718673 777.4208399192485 0.5101030301100696 -0.027103717142772484 0.22004111251047836 25 603.0 5046.0 -9.25736811545389 -0.11863867974990351 6881.4973298216855 -9.594207364239685
264 648.6884592597456 782.9996260195151 0.46691074624223855 -0.3204543097588287 -0.03920500076515463 25 569.0 4194.0 -9.056571065323313 -0.13569618259561955 2731.6080491401017 -8.591045959424
265 501.7693716674809 784.04035293904 0.5031160531214388 0.042969764827172234 0.3598982649238448 25 1039.0 8857.0 -9.868216611694496 -0.6649932693437666 9763.985022087827 -9.974067761349358
266 129.31920135240483 786.7376201947973 0.45331485594672044 -0.605864600501835 0.3457299879256271 25 651.0 6909.0 -9.598537981709734 -0.07466083329100015 8715.668455945484 -9.850751753312554
267 640.894463150181 786.7174935878767 0.5585683988079742 0.6438044110173715 0.5153484541258458 25 1517.0 14276.0 -10.386516348209057 -0.9120572371230907 18772.936685031727 -10.683830538551724
268 591.7798989558406 799.2243773541104 0.5925512671413196 0.14670639883204584 0.3135970670445117 25 519.0 2171.0 -8.34164955863605 -0.030876668579219765 nan nan
269 98.2376945340787 802.6984170186911 0.4280031019746515 -0.1147536819912987 0.4553366920268554 25 740.0 7360.0 -9.667194535843747 -0.30726634522005336 8707.670394446866 -9.84975495406283
270 352.10695556054606 806.9064422897835 0.7173093178377742 -0.34353487005100797 0.4090261263404159 25 684.0 3511.0 -8.863577073663379 -0.12028732165354265 2666.818946592967 -8.564983829846454
271 145.46274569150637 807.8021292339042 0.4869247604204584 0.33867318304389527 0.1091016934909125 25 2666.0 37239.0 -11.427495025274268 -1.1671197535255797 50100.85488916792 -11.749612841139205
272 533.6194435739111 811.7279137865885 0.3837453062181402 -0.13358217289218724 0.35807441477722224 25 1200.0 14778.0 -10.424039155556867 -0.7189396696487242 18262.74893654544 -10.653915371949477
273 264.04254384284997 815.86739454357 0.5416365382162176 0.102459153194101 0.3242636149174337 25 660.0 5281.0 -9.306790418721237 -0.15516954585420878 5492.286033445498 -9.349382867074693
274 559.896638379911 827.1059916815587 0.42086192946795187 0.027851557742569633 0.15520835338498715 25 601.0 6500.0 -9.53228339160714 -0.055192783800941364 9297.250495586628 -9.920886330754751
275 268.98501754088295 828.5246595077828 0.4739070442080706 -0.3294638314388072 0.2595611582889938 25 843.0 7593.0 -9.701033499694793 -0.42465286201389224 5214.521761995882 -9.293036210645528
276 739.4449080675093 830.2060442956504 0.5085672183557266 0.5218067335098525 0.10206918594437621 25 583.0 3610.0 -8.893768004764144 -0.16053594655610595 508.5752264648559 -6.76588800289233
277 200.6365345085474 831.2565271157189 0.37090333586506574 -0.3386209605209365 0.1180237463500578 25 896.0 9184.0 -9.907579687634746 -0.5538705181765847 9082.358665097765 -9.895496620810944
278 444.4394094402165 831.2957353483109 0.4505185143768833 -0.9096228059384345 0.029936347475929333 25 447.0 2338.0 -8.422111267064555 -0.015556757950103818 nan nan
279 593.3271622413297 831.0040909226678 0.5147112018326464 0.024412306058748 0.12782572697281724 25 704.0 5298.0 -9.31027988490303 -0.3095808317227049 3517.509086019905 -8.865588069817926
