test_CNN/outputs/tables/00192_b18879m0s0_sources.ecsv
# %ECSV 1.0
# ---
# datatype:
# - {name: id, datatype: int64}
# - {name: x_centroid, datatype: float64}
# - {name: y_centroid, datatype: float64}
# - {name: sharpness, datatype: float64}
# - {name: roundness1, datatype: float64}
# - {name: roundness2, datatype: float64}
# - {name: n_pixels, datatype: int64}
# - {name: peak, datatype: float64}
# - {name: flux, datatype: float64}
# - {name: mag, datatype: float64}
# - {name: daofind_mag, datatype: float64}
# meta: !!omap
# - {date: '2026-06-09 15:18:26 Eastern Daylight Time'}
# - version: {Python: 3.11.15, astropy: 7.2.0, bottleneck: 1.6.0, gwcs: 1.0.3, matplotlib: 3.10.9, numpy: 2.4.6, photutils: 3.0.0, scipy: 1.17.1,
#     skimage: 0.26.0}
# schema: astropy-2.0
id x_centroid y_centroid sharpness roundness1 roundness2 n_pixels peak flux mag daofind_mag
[from data line 103]
104 519.3717688936491 559.8356569117217 0.5850623413339192 -0.027807994388002282 0.22188745779048347 25 860.0 4959.0 -9.238485270727775 -0.17424893945414008
105 702.7300825736767 561.6762180738274 0.4829068188801497 0.6621551024416555 -0.09694962660169237 25 833.0 7683.0 -9.71382708297023 -0.023896933774547997
106 440.75461069733143 562.9736673560975 0.3743441074811466 -0.07587466677954602 0.2750596401072391 25 847.0 9031.0 -9.889339605694165 -0.11454059143852681
107 652.2618736601779 566.4818963445991 0.6361650529310188 -0.2138059760334718 0.04007717446176339 25 895.0 5526.0 -9.356027201451232 -0.14685624979496942
108 23.30912474502077 574.3550906362473 0.5364584833468717 0.2871313750905529 0.4732634709832582 25 822.0 7411.0 -9.674692033166917 -0.04525749838715644
109 289.54962739092286 581.1029955767075 0.4381805637620808 -0.25888408048237976 0.004225832721422362 25 939.0 9114.0 -9.899272560616074 -0.2363886576995181
110 199.17867008919848 581.8460980830349 0.3815659279307692 -0.3748587133908154 0.19879409239308854 25 847.0 9296.0 -9.92074028761564 -0.095702035526785
111 831.7466006921969 588.3727125177275 0.5749859250216274 0.029478464476131932 0.3191169733583184 25 1122.0 10112.0 -10.012092652345775 -0.23412401934383487
112 354.7781318027449 595.6112346257098 0.5451235093910445 0.07473371669101425 0.26699559905950965 25 1087.0 8972.0 -9.882223162277326 -0.3445105121395634
113 425.8332423966285 600.9383454469936 0.4723613248902793 -0.13774140038151017 0.49537048974654224 25 1799.0 23026.0 -10.90554625081513 -0.5577670356648281
114 604.9671031208107 601.3800860233845 0.5361224068284338 -0.2833681876274341 0.22951911843270853 25 1787.0 19152.0 -10.705535332655838 -0.6800761162760534
115 773.9655351614379 614.7445832594809 0.3825675459240991 0.22251101467264267 0.016625032836701123 25 930.0 9597.0 -9.955338737009424 -0.24695389121213387
116 46.0038443542861 617.677877833236 0.4834453687774904 -0.5096281621925887 0.21322262156183067 25 1004.0 11994.0 -10.197410111254401 -0.061079943436746074
117 201.15438187070652 623.5870483215184 0.41485362944876125 -0.5663814749895387 0.49894128201956883 25 1388.0 15632.0 -10.485036365936743 -0.5708882221397514
118 710.2092369962936 631.5951503101279 0.5031707091991896 0.46155246640478564 0.42591150485310325 25 932.0 10298.0 -10.03188221872804 -0.004488650180752897
119 530.0460148137811 633.3773165555617 0.6419152243461238 -0.6910253412446719 0.4577791047325528 25 1079.0 8992.0 -9.884640745562464 -0.18985205072681519
120 363.22586149265663 634.0330584339133 0.3649165318953384 -0.3125926214439625 0.188313473108968 25 728.0 7808.0 -9.731349511646588 -0.021456501876884953
121 71.31886459682006 635.8235549977313 0.353148987916194 -0.03183817854257297 0.3415106478893423 25 789.0 6642.0 -9.555747178155915 -0.2483211521650168
122 617.8941617222139 643.3112544513027 0.47522710763121523 0.0500424963564245 0.17333033641569623 25 870.0 7866.0 -9.73938485518432 -0.1447212806613332
123 444.91247453726976 647.0190762461644 0.620722969986932 0.0036329827834288893 0.3112183212658057 25 1480.0 11742.0 -10.174355190104112 -0.5618501696200497
124 211.8047484732789 653.1645341926734 0.6362051949422546 0.0001259369122378354 0.5666144460705352 25 993.0 6175.0 -9.476592404829258 -0.21678163947294432
125 20.232862979440895 653.399226250974 0.3688267602464445 -0.1104806537865591 0.27687648039998813 25 1529.0 19557.0 -10.728255589399625 -0.5948127799952776
126 817.0262664445238 653.7706044609583 0.3831011398818217 0.5676603319633409 0.1926929225678354 25 1155.0 13595.0 -10.333448029808798 -0.32184410229087324
127 518.4695443158603 656.819401786307 0.568036404830058 -0.15504123047908705 0.21408606914087933 25 1043.0 10792.0 -10.08275484165962 -0.10925616942453648
128 21.89023188310093 661.3795160778789 0.4245355170862323 -0.26771874543634455 0.37440843015981046 25 1630.0 16916.0 -10.570744191187158 -0.760772049858921
129 606.5006773779359 662.4734812926896 0.4357675485061886 0.15341799946589474 0.0869108797488811 25 827.0 8032.0 -9.76205924950236 -0.04958505605946805
130 83.91255362285533 662.5169132088546 0.5268203814342914 0.36299331709723537 0.2766218402344096 25 1538.0 17530.0 -10.609454790234487 -0.4704653342033266
131 347.7139891303087 664.3629436718039 0.47494294831790457 -0.14909561301833102 0.0714382057923773 25 2144.0 25549.0 -11.01843476577751 -0.8558638009501689
132 229.59770434924727 675.4684332246711 0.5308564205064674 0.1696011301772041 0.5104888442658451 25 1399.0 13591.0 -10.3331285311808 -0.5139944964789884
133 797.9658923375973 693.0533592385158 0.5024370374955215 0.3158205000329688 0.03388749529263394 25 639.0 2011.0 -8.258530176491854 -0.11232800530773886
134 664.7777103088106 698.9311874119384 0.48683921472349423 0.1816303413971582 0.11086377846873792 25 781.0 6729.0 -9.569876320756576 -0.012559735937069137
135 188.59919639990028 703.5291337063502 0.36904871393475774 -0.15007814724228596 0.36821022588956775 25 870.0 10803.0 -10.08386094022737 -0.04018983647840524
136 830.7495536170695 710.3938826800494 0.38495752925835697 0.05745832004858257 0.2234451806161473 25 890.0 9672.0 -9.963790719631788 -0.10846439195123404
137 354.20312201194605 722.7219523885127 0.3692448917514426 0.14047790912411973 0.6648935988890252 25 834.0 8445.0 -9.816499134767568 -0.19506162150402864
138 292.016949995852 726.6231175167471 0.5546613370300874 0.18008364103519076 0.6596858934545665 25 2863.0 32874.0 -11.292131377045884 -1.0496096646428508
139 623.2877427510666 737.1743743125346 0.4698510045800264 0.12620421159619022 0.39079986768071995 25 826.0 6515.0 -9.53478605012151 -0.18594607459459356
140 293.8950852630063 739.6555671311106 0.5546326530007741 -0.162587109894815 0.26637577941329904 25 859.0 7771.0 -9.726192272400427 -0.004407369218752199
141 64.82743983226487 740.7002169219236 0.6273932837587685 -0.06402267388195093 0.4015995707076942 25 1470.0 12229.0 -10.21847736249297 -0.5535091141666928
142 125.73764610615288 748.5515262832206 0.3592232883692523 -0.6886082435016198 0.21150149091908602 25 1191.0 14023.0 -10.367102335087669 -0.4372182139182862
143 771.6650402669791 750.043710671018 0.3800801664935371 -0.20823774857608346 0.1671792783063453 25 980.0 11052.0 -10.108602190611185 -0.23688886479915755
144 809.5962081450017 751.8454225862217 0.41682630209991645 0.37264169165771305 0.13474436886608757 25 1354.0 15501.0 -10.47589929066331 -0.5096636682523559
145 195.1337105371261 761.9951913421951 0.39582396223815497 0.4893236426618042 0.34143670526911746 25 2859.0 41278.0 -11.539296616775243 -0.9989070331845985
146 724.0251699459303 767.209629758033 0.6061553502757075 0.38482647737340003 0.2792530038920911 25 1392.0 10831.0 -10.086671389585602 -0.5309340300379021
147 666.6510816637897 768.0198404028753 0.49338221276342015 0.4410011015355895 0.49315319035011446 25 904.0 9326.0 -9.924238527796183 -0.06637833599189899
148 414.4506015174119 774.9073140908414 0.3871388940388565 -0.34496716802272487 -0.17750806005846845 25 847.0 8286.0 -9.795862322405688 -0.21065062085818004
149 809.5571586315107 778.0100743860884 0.37578974286410805 -0.11703257762515017 0.35165834514534317 25 734.0 7134.0 -9.63333276250584 -0.05523896302287533
150 65.13574372490913 779.8328847491235 0.382782206702513 -0.7024361505244116 0.04005826670953311 25 1495.0 16877.0 -10.568238125979278 -0.6850754840186006
151 682.4773902517599 790.3938710603743 0.3724424185227442 0.5115372715777209 0.354269951593948 25 2390.0 30714.0 -11.218340949834722 -1.0446010969740462
152 169.7574404606985 797.2304408351802 0.49709402592250496 0.04430696684969856 0.5172696517939017 25 1600.0 17111.0 -10.58318847823486 -0.6148945310741561
153 779.9637643713379 817.3480655045043 0.5573749061279571 0.7278325111234349 0.515449604097822 25 2069.0 20488.0 -10.778748913650933 -0.8747889093524035
154 696.0226640715346 819.1680421354746 0.406647681390332 0.5403689226656344 0.5319357327541419 25 1359.0 17945.0 -10.634858656673147 -0.3525256131116745
155 767.4478044426581 819.561539337807 0.36930850361423295 0.2788024477896643 0.38379928601158037 25 885.0 10011.0 -10.001193653436138 -0.13848056561407404
156 519.7344679658978 833.285047671158 0.4301009955373584 -0.43468851612020726 -0.1325480373950517 25 1030.0 7656.0 -9.71000481192197 -0.501533504471551
