test_CNN/outputs/tables/00204_a02337m0s0_sources.ecsv
# %ECSV 1.0
# ---
# datatype:
# - {name: id, datatype: int64}
# - {name: x_centroid, datatype: float64}
# - {name: y_centroid, datatype: float64}
# - {name: sharpness, datatype: float64}
# - {name: roundness1, datatype: float64}
# - {name: roundness2, datatype: float64}
# - {name: n_pixels, datatype: int64}
# - {name: peak, datatype: float64}
# - {name: flux, datatype: float64}
# - {name: mag, datatype: float64}
# - {name: daofind_mag, datatype: float64}
# - {name: aperture_flux, datatype: float64}
# - {name: inst_mag, datatype: float64}
# meta: !!omap
# - {date: '2026-06-11 15:15:18 Eastern Daylight Time'}
# - version: {Python: 3.11.15, astropy: 7.2.0, bottleneck: 1.6.0, gwcs: 1.0.3, matplotlib: 3.10.9, numpy: 2.4.6, photutils: 3.0.0, scipy: 1.17.1,
#     skimage: 0.26.0}
# schema: astropy-2.0
id x_centroid y_centroid sharpness roundness1 roundness2 n_pixels peak flux mag daofind_mag aperture_flux inst_mag
1 54.35397044255665 0.024330746567009093 0.8256162243282756 -0.0703277024240395 -0.41990883280822927 25 474.0 512.0 -6.773174902439577 -0.12837095351485828 nan nan
2 128.331770023522 1.3145229064838797 1.1114449265470232 0.2750982419930579 -0.20828687020250297 25 928.0 2227.0 -8.369300542585096 -0.4641128237690334 1904.5804994762514 -8.199498333460511
3 61.214643195230856 2.9383810239992147 1.0134105521233945 0.07510650543702635 0.16285252272443712 25 722.0 246.0 -5.977337767758448 -0.3748418489077218 583.170082441228 -6.914488089698139
4 44.43220063442083 4.055775847202856 0.7024225901387166 0.9217456475849302 -0.387264937524154 25 1151.0 5780.0 -9.404819596051322 -1.0232290123771548 9781.26445916351 -9.975987503058123
5 170.93023142188724 3.622903279825867 0.8308899628843907 0.5513156069081885 0.38709393830389277 25 485.0 189.0 -5.691154510433111 -0.1606120351581169 219.01367123990178 -5.851178062884957
6 182.997842180177 3.6497639131623685 1.0146803154277204 0.19892928670825505 0.1095973199623013 25 753.0 1544.0 -7.971618239999293 -0.3464964447179574 2518.8287493636326 -8.502996604002735
7 516.7041327461257 5.0774724106225415 0.9517830799842818 0.32917158708602307 0.07012311485880351 25 702.0 465.0 -6.668632382224885 -0.42003929649736155 1668.6955449002314 -8.055942766157067
8 717.3418401584959 4.975639100779852 1.1241473829688846 -0.48751167932391426 0.18101464077938736 25 773.0 1811.0 -8.144796125785147 -0.3050868690534835 3241.0827021694063 -8.77672528248454
9 306.99212948158714 7.809684836553197 0.33869642112140314 -0.26447762035469996 0.5926711699507753 25 743.0 8833.0 -9.865270576092266 -0.5163467765784371 11991.485968030243 -10.197182508983335
10 605.3589637889868 8.463157420593873 0.5455999766826366 -0.5737982272342967 -0.26136467904569355 25 1487.0 15734.0 -10.492097864582782 -0.9675150564649495 19325.527588619632 -10.715328397575334
11 792.0680193511383 7.567544909234494 1.0136049161828962 0.44405466473107086 0.16119332456327096 25 535.0 1109.0 -7.6123288653729 -0.02017660678866492 600.8352288681807 -6.946888472001394
12 640.1195747320518 9.012795841008016 1.1445189254152017 0.33720459987956386 0.06357748278335366 25 687.0 526.0 -6.802464360384349 -0.2143161033258131 1041.0658851501737 -7.5436955381176425
13 673.8939734533559 9.946464539724243 1.2319681517154197 -0.3254732143674984 -0.3835803283019313 25 718.0 797.0 -7.253645803490281 -0.19275907359689837 nan nan
14 314.9007376186021 11.52310482104125 0.5127034436787069 -0.38343844657464077 -0.34367259762652264 25 1228.0 7573.0 -9.698169892061532 -1.2218080472364776 6545.163699136362 -9.539801282580786
15 569.1844160227187 10.797097862562575 1.1130473852813052 -0.3438859154353276 0.12829585501157428 25 782.0 1097.0 -7.600516568936778 -0.3129004413386643 96.44252006107217 -4.96067137512414
16 240.0329958721795 12.759201602375452 0.5600868888179099 0.4356452747995204 0.6473818319602435 25 302.0 584.0 -6.916032117780999 -0.03395655775097015 1476.1813817886666 -7.922849308809395
17 422.8099349583037 15.18013932641903 1.242515681724005 0.26896824013152176 -0.2350493982383315 25 742.0 724.0 -7.149346415492868 -0.1759979600927898 nan nan
18 588.1046705930839 18.082898058332088 0.7035687596749018 0.886835201195983 0.1446402359904858 25 611.0 1818.0 -8.148984697214871 -0.4432487079174282 1041.295655918373 -7.543935141508237
19 65.97276918821825 18.145127774147422 0.7160365228610449 -0.010729028044188023 0.4838756623108336 25 457.0 807.0 -7.2671838368051755 -0.2048372746172435 1060.717639855384 -7.563999478196295
20 683.6925673042144 18.794176194964543 1.1961537701053324 0.8362206894499692 0.07379616951923014 25 592.0 1153.0 -7.6545732682367476 -0.01399693152623664 1899.8259742368302 -8.196784552526712
21 215.17876846821568 19.98010791823059 0.7690048037875543 -0.18952894810509924 -0.08708701597311651 25 1943.0 5995.0 -9.444472968587169 -1.5864139197354896 6506.527793370958 -9.533373223160604
22 104.81999878336995 21.76832587981943 0.971474661314352 0.5959275352933106 0.04141021100889403 25 602.0 1584.0 -7.999387943133687 -0.09864033502737557 2755.953623241727 -8.60067976264297
23 691.0242738865951 21.567978723412175 0.9857235331512365 0.7745487146465961 0.42784068722907054 25 496.0 336.0 -6.3158481934746105 -0.031107104848491707 nan nan
24 752.6966689505167 21.97439254593768 1.1432500463694597 0.7848846484539941 -0.2846575429655146 25 658.0 1029.0 -7.5310384369060825 -0.1103537406387213 nan nan
25 797.7868344650772 22.002259048648245 1.1745968623388354 -0.29824328293194047 0.21355151921412482 25 612.0 89.0 -4.873475016612282 -0.09050751602120116 nan nan
26 672.0032460033237 23.023264236293183 0.9405194934190386 0.3583283726448718 0.8338503733353939 25 524.0 1785.0 -8.12909555112053 -0.01936748882528079 2573.6220208589552 -8.52636190973383
27 251.01671133768602 23.858475469306057 0.6501841849949688 0.48325512025907325 0.7249188285419769 25 406.0 1047.0 -7.549866704197106 -0.09267456908904195 1501.7578498937223 -7.941499776854987
28 166.83477812866076 25.99989802805725 0.778014204501654 -0.05885058574649952 -0.06118523943766577 25 452.0 2210.0 -8.360980684212777 -0.06789830581010894 4543.076712165421 -9.143375175400454
29 398.5853469732811 26.213469364947198 0.6750178837402347 -0.225417167826177 -0.8004136038491418 25 478.0 1390.0 -7.857537000635237 -0.2946667319173612 nan nan
30 500.67441365944984 26.299232989366825 0.8117806155163008 -0.3909015205606979 -0.4214321173479963 25 399.0 -521.0 nan -0.04108462121242544 nan nan
31 646.7850095388882 27.06628363076034 0.8871252684938662 0.1265727158164845 0.11207129819956 25 561.0 1852.0 -8.169102455864788 -0.13042102148537518 804.8631719230802 -7.264305139647772
32 613.9823637163396 28.093060454437833 1.2042093124146416 0.31067445900398666 0.11602534981876879 25 1326.0 768.0 -7.213403050078781 -0.8793847753166452 nan nan
33 10.952232682279268 28.819350630711142 1.176048844285557 0.2985227312118294 -0.13973791160004817 25 965.0 2251.0 -8.3809387375013 -0.4390679353591048 2527.862211340589 -8.506883494352882
34 531.744445848814 28.96971489114863 1.0647214599008918 -0.9191679303356607 -0.09130987223581283 25 645.0 1339.0 -7.816951442530023 -0.14926841286709286 2507.892232562898 -8.498272175882306
35 103.92848366138263 30.042270747038543 1.1884579512357145 -0.21134645924731246 -0.08450406480664707 25 1006.0 2418.0 -8.458640741311882 -0.5007187292670041 2306.8129423801024 -8.40753094839008
36 545.0084920419242 31.844682564015987 1.0926002847311251 0.12372656442850515 0.31114596287035196 25 780.0 1688.0 -8.068431105724091 -0.32060855578212916 2922.7380955310323 -8.664474750708207
37 484.11496710101784 34.02130048517104 1.2873308201827214 0.7940531768462884 0.1389990919006698 25 1092.0 1073.0 -7.576499304914877 -0.570366542127526 523.0923602852844 -6.796445943109247
38 351.1625630994139 36.94137019433099 1.2452498114977837 0.5583182302954721 -0.10512164347993141 25 882.0 2291.0 -8.400062722973495 -0.2957595696646978 3940.6291246932815 -8.988913907083752
39 113.84176328892232 38.1953475146868 0.9251358133828504 -0.204747252157982 0.022977899229669103 25 1274.0 2907.0 -8.65861257942607 -1.027823937127866 3424.474618508284 -8.836484879144288
40 475.04599914784967 40.331164640059725 0.9904375730674366 0.265104329283598 0.23326232509322828 25 809.0 934.0 -7.425867190575234 -0.5170746055233012 2308.1628753795617 -8.408166128824904
41 190.58849217957942 40.74275901340142 0.5803572881044974 0.5575318359381333 0.7489489638420678 25 472.0 2231.0 -8.371248925709594 -0.0772454194548483 3412.863479506345 -8.832797290222748
42 213.09649606493622 41.31612545546844 0.75087588438684 -0.0033896114812485595 0.742137693490771 25 570.0 3100.0 -8.728404234585682 -0.1612848253891081 4054.562637826768 -9.01986003525659
43 243.73441354353912 41.000342083135145 1.0068902748467643 0.062214268929257834 -0.12159139418916777 25 889.0 2707.0 -8.581220639426267 -0.4513370481324627 4077.9491447405985 -9.026104513698334
44 744.6978857543241 42.15105282565775 0.6356668608128495 0.5686621141989728 0.024082950924414533 25 464.0 886.0 -7.368584304717627 -0.2923744793841249 1417.854541105086 -7.8790791962365745
45 637.8780588471368 43.25034970186444 0.6655043983052591 0.09078609295063239 -0.02621100533083498 25 604.0 2357.0 -8.43089895631081 -0.41577890666039297 1912.3466745608644 -8.203916562424928
46 658.100692327569 43.380819112117415 0.9871360795971771 0.2042900332191571 0.15026022113259013 25 901.0 2836.0 -8.631765566277572 -0.4889563357031906 4010.0646417692046 -9.007878433631124
47 683.3337999040516 42.74315934946311 0.6782007299514496 -0.42396195347120175 -0.6634393217904538 25 980.0 3701.0 -8.920797712737778 -0.9170326279782988 5105.258827994427 -9.270044412443344
48 532.2860921680001 43.779885624319746 1.0223829763873937 -0.06937107141842268 -0.07494007185672028 25 596.0 287.0 -6.144704741834981 -0.16857331851804533 403.4231143477991 -6.514401944323236
49 576.9781316829615 44.00411976808395 0.7375298631984822 0.7512012697107269 0.7933053505071908 25 425.0 619.0 -6.9792266225502955 -0.07468178794166806 944.3398028236265 -7.437820737697253
50 231.65108989819876 45.97425559619922 0.547963341250372 -0.903708018134596 -0.5586236604611767 25 1144.0 9188.0 -9.90805246630747 -1.0940993974271636 10899.275181477296 -10.093494044128764
51 289.9792274380826 46.36445079410617 1.0762989777716787 -0.6341042651403461 0.044631727376080794 25 719.0 1265.0 -7.755226313779592 -0.23372263191476814 1480.8379269782179 -7.92626882241591
52 389.9602468493061 47.20388836223102 1.072732091309512 0.40536825064767185 0.39529069041145515 25 1269.0 2758.0 -8.601485654599578 -0.8857190781661191 4618.209718712411 -9.161184127219189
53 399.04493112757405 48.96942676196773 1.1633183458820244 0.6300344393895361 -0.0954987706546404 25 673.0 1108.0 -7.611349400981028 -0.15410689605695255 2313.158318526422 -8.410513395058203
54 60.85400352349275 49.99291521307693 0.9234959079198898 0.29554680161127334 -0.27324523818426644 25 810.0 3032.0 -8.70432299240004 -0.512256978810097 3888.5300816256754 -8.97446365750361
55 756.573933058664 49.99791750845298 1.044252887133189 -0.15032834996219602 -0.2050521980722324 25 697.0 253.0 -6.007801302939545 -0.34906149715441254 nan nan
56 444.8957514066856 50.94719517620608 0.9280322871983303 -0.3413610104984305 -0.01497859241469227 25 1363.0 2038.0 -8.27301044917602 -1.1062699655577395 1130.8606269614388 -7.633522708884443
57 559.961205439862 52.04730738967128 0.8310874088929805 0.07773526352065968 0.07502389953298881 25 798.0 1981.0 -8.242211188846367 -0.6010263365954903 1936.4585859705326 -8.2175205334798
58 353.7060941232427 53.39924470203524 0.7128419035967589 0.5062004554298032 0.31404004778321554 25 828.0 2461.0 -8.477779034257006 -0.7206017296053726 2304.503147677394 -8.40644326413897
59 406.9722941210968 52.92214670164944 1.1247964795741572 -0.18112847599736467 0.30055459744271384 25 1243.0 1589.0 -8.00280974301845 -0.8366795018697628 468.5782152119 -6.6769552345897
60 523.0290110767507 53.710182473046025 0.9858424326361673 0.26962342925869864 0.3266302218772885 25 737.0 864.0 -7.341284356197233 -0.4060672877363668 357.7832964500994 -6.38405015284163
61 224.727807086248 55.25112880419793 0.9888571460307237 -0.4965815569854632 -0.011291587175627872 25 623.0 810.0 -7.271212547196625 -0.1973759297918165 263.9827325849214 -6.053938800239504
62 373.87438634375775 56.03864859469082 0.9956211832272558 -0.5142158565939828 -0.3704066440972707 25 634.0 1532.0 -7.963146913241462 -0.15141056071890321 2653.8651741900712 -8.559697138453084
63 615.3408878896191 55.556747636509556 0.9184441738898748 -0.0801581640153547 -0.17403820794661942 25 865.0 1603.0 -8.012333805885362 -0.6163534043456064 663.0995848162113 -7.053946889972735
64 788.0169732398359 57.35961091094401 1.086314211960973 0.12651023816089185 0.06568472639950783 25 614.0 474.0 -6.689445854185213 -0.1462231934533682 nan nan
65 457.2854334349596 59.02278593118008 0.758966987387576 -0.0028430183998885547 -0.409518992720197 25 466.0 277.0 -6.106199422661121 -0.19257948905630967 160.8902109571886 -5.516324052811196
66 714.8456766686118 58.830353696515104 1.063937448530023 0.2077490176762039 0.1820012437454759 25 1079.0 670.0 -7.065187006752066 -0.7825965703903519 1443.822434707043 -7.898784464440246
67 669.0100638440392 59.906870135814074 1.014811956794558 0.053771564239843056 -0.6121616105553067 25 950.0 3326.0 -8.804805612208751 -0.46354380703475306 4071.5704998490187 -9.024404897668836
68 204.57948626777494 63.66886015294873 0.7008320483003538 -0.026045346244828516 0.02535629702801092 25 435.0 1193.0 -7.691601109175855 -0.08143199165391724 1533.775521573213 -7.964404505818824
69 602.9774482536601 64.11301284105086 0.5281684928721582 -0.21420859672162093 -0.31085179920542266 25 624.0 2792.0 -8.614788534877809 -0.6147659909260557 4635.211326631793 -9.165173847764333
70 420.7584824441197 65.62712032835866 0.8781529634056464 0.7830679599625346 0.1810177682466455 25 682.0 537.0 -6.8249357142488885 -0.4763939445095975 nan nan
71 699.7813705565425 66.99745524036392 1.2548554426811718 -0.316958058026284 0.012497973723110886 25 1077.0 1160.0 -7.661144973067296 -0.5846285579552194 nan nan
72 310.8079665721405 71.28932715503838 0.577418913652313 0.46385665265887865 -0.1961465945292274 25 644.0 4650.0 -9.168632382224885 -0.5213155806523252 6332.2739219597515 -9.503899233346335
73 349.9084107848891 71.32971295671638 1.0885250879820043 0.13150799449117434 0.1428583886526134 25 630.0 1529.0 -7.961018713530801 -0.07029803686914654 1848.4123874555266 -8.16699717589014
74 537.8101989580014 71.37699530766376 0.6356100080596281 0.09467030452320466 0.40680868200245357 25 413.0 374.0 -6.432179005501201 -0.2764850010003621 661.0430905290435 -7.0505744254502245
75 755.9501207864154 70.90382447671024 1.0594669628419677 -0.5375047836150776 0.061070038380462224 25 584.0 1055.0 -7.558131149084279 -0.00828653691716794 nan nan
76 726.0379814665675 72.18448660640439 0.9914158968794806 0.5219663827068504 -0.15977446810752746 25 660.0 671.0 -7.06680630042248 -0.26564663692567414 nan nan
77 39.308852191737 73.7919341451419 1.0662050610537188 -0.09436419586093148 -0.06184911640674595 25 818.0 1763.0 -8.115630780748305 -0.43577462814377266 2759.5223254786856 -8.602084780015687
78 109.23934283610136 75.1061251274645 1.2144772012644842 0.16669056897412374 -0.024091606716796384 25 741.0 1196.0 -7.69432794913098 -0.2091565869184005 562.6118839308292 -6.875522253589457
79 551.145069504503 80.98894970609113 1.143386785488033 -0.19301827714572248 0.16429311963684773 25 883.0 1874.0 -8.181923966379399 -0.4265487171981961 1033.9441609993683 -7.536242712405753
80 481.22348838686463 82.29074168794844 1.0844063658982732 0.27863539118384734 -0.184630256289346 25 692.0 1407.0 -7.870735243586864 -0.21119031918438935 232.26255372077142 -5.914947991963616
81 368.8294829252905 83.29405968223399 1.0078070197976219 0.04480406234246444 0.5940311569422584 25 921.0 1679.0 -8.062626740345122 -0.5834396308470855 3469.5226640837145 -8.850674321981334
82 305.95646913002616 84.49635729445974 0.8208458822700138 0.34432401627836945 0.4719930513551509 25 467.0 1022.0 -7.523627239496735 -0.0989494936994417 2382.3023428592737 -8.442492194612202
83 407.9635222012418 83.51114782824236 0.99326499907282 -0.22940565476697541 0.4532964752640858 25 626.0 1125.0 -7.627881306118454 -0.24064177739619966 1007.635218309915 -7.508258345780854
84 496.9336524739705 85.7882395764444 1.1944040591650873 0.05619191160634632 0.2803086092778226 25 922.0 799.0 -7.2563669482849775 -0.4650086200948305 nan nan
85 524.0010896824068 86.06862148661347 0.9969708095371553 0.3511883624903401 0.48679956858416185 25 684.0 1348.0 -7.824224730498253 -0.24529209869179047 1620.0685715120967 -8.023833492527977
86 181.3483677554037 86.83718010197713 1.1666225566647228 0.22220658250182196 -0.3386519569688781 25 662.0 674.0 -7.0716497413383 -0.09933927336976817 562.4959739661206 -6.8752985458893665
