test_CNN/outputs/tables/00204_a02337m0s0_sources.ecsv
# %ECSV 1.0
# ---
# datatype:
# - {name: id, datatype: int64}
# - {name: x_centroid, datatype: float64}
# - {name: y_centroid, datatype: float64}
# - {name: sharpness, datatype: float64}
# - {name: roundness1, datatype: float64}
# - {name: roundness2, datatype: float64}
# - {name: n_pixels, datatype: int64}
# - {name: peak, datatype: float64}
# - {name: flux, datatype: float64}
# - {name: mag, datatype: float64}
# - {name: daofind_mag, datatype: float64}
# - {name: aperture_flux, datatype: float64}
# - {name: inst_mag, datatype: float64}
# meta: !!omap
# - {date: '2026-06-11 15:15:18 Eastern Daylight Time'}
# - version: {Python: 3.11.15, astropy: 7.2.0, bottleneck: 1.6.0, gwcs: 1.0.3, matplotlib: 3.10.9, numpy: 2.4.6, photutils: 3.0.0, scipy: 1.17.1,
#     skimage: 0.26.0}
# schema: astropy-2.0
id x_centroid y_centroid sharpness roundness1 roundness2 n_pixels peak flux mag daofind_mag aperture_flux inst_mag
[from data line 599]
600 793.8511045365269 599.6758189626498 1.213907593529025 0.3195536256095457 0.1609878163641448 25 700.0 250.0 -5.994850021680094 -0.1882825776143935 998.1114710102602 -7.497947617099232
601 183.35181417712084 601.1882598810316 0.6764518149569724 -0.3416454709348022 -0.2515967040235162 25 2347.0 9141.0 -9.90248427235584 -1.8479482411693442 10785.200611244529 -10.082070569133316
602 426.0799238744562 602.0378227049864 0.607878773457699 0.10804201976164474 -0.22194797796556998 25 527.0 1637.0 -8.035121698529853 -0.3766776843839238 912.839189549776 -7.400985691802861
603 647.2260339027324 607.3043561507018 0.9867471146065583 -0.5603618893707824 -0.19444458931850384 25 511.0 342.0 -6.335065265140337 -0.007325673732903301 nan nan
604 794.0384344596257 608.541822061869 0.6380049255572341 -0.34422654750313214 -0.06978204265855767 25 349.0 471.0 -6.68255226782224 -0.028391811577583914 472.77603490904306 -6.686638634940264
605 417.1297480250168 612.086637826329 0.7796368855948232 -0.3703933109605065 0.21848829258674868 25 568.0 1243.0 -7.736177821604112 -0.3265725877206021 1567.0919156102145 -7.987736175395492
606 444.94542906461817 611.6394045349978 1.3114543416356992 -0.8581543981279054 -0.26267725777144046 25 645.0 -445.0 nan -0.07826518859488035 nan nan
607 702.7710594407359 614.6607345333551 0.8926124432460711 0.02319170340031188 0.06169668962401285 25 753.0 1328.0 -7.807995187579997 -0.5086684157876893 nan nan
608 461.005282330715 616.1292176777923 1.3491310059835493 0.09311656641742555 0.058024362537527 25 781.0 950.0 -7.444309013222119 -0.11694196049888181 nan nan
609 547.0381935797202 615.2985881711566 0.8590293364768096 -0.4565940793232243 0.2973638130637137 25 615.0 139.0 -5.357537000635237 -0.406978216605147 nan nan
610 731.7273597614295 615.7257255907923 0.8736187078407796 0.012695385033745111 0.02777708894128887 25 1276.0 2970.0 -8.681891123293031 -1.0348842667524731 2787.0796200339046 -8.61287343904865
611 373.1182305642926 617.1071256810266 1.1210123575814046 0.5284801285252351 0.1054544790669688 25 971.0 1397.0 -7.862991015285454 -0.5617169104554351 nan nan
612 783.3201258364631 616.6076309098949 0.6860972433445276 -0.781602733948047 -0.4109878055958828 25 386.0 666.0 -7.058685572925753 -0.008617797897011302 610.409982193041 -6.964054067838502
613 583.8709000765062 617.7131555573405 0.8745286279170346 0.0866911785466649 -0.007824888461092945 25 753.0 2973.0 -8.682987273012344 -0.32239183741642036 3006.6784490695013 -8.695217461786166
614 791.5272626154275 617.8518066735687 0.939200162335089 -0.6291277216480206 -0.6120210147479989 25 664.0 395.0 -6.4914927390661505 -0.351991642887199 509.9665196159495 -6.768854161699071
615 410.69757476585704 619.1566310495137 0.8738154621853964 -0.35674394058891556 0.18631842898198328 25 784.0 1401.0 -7.866095338214436 -0.5435446711256564 1117.2087398178307 -7.620335811216821
616 554.8840341262664 619.251484585712 1.1947540481950107 -0.5053963244351372 0.060035412010136006 25 858.0 88.0 -4.861206680375422 -0.4215186674927237 1083.6576474003534 -7.5872302504126505
617 174.82342617597695 621.8973400412224 1.0393224425985477 0.04388248729179172 -0.1659357459565995 25 1062.0 2230.0 -8.370762157620401 -0.7086965888559498 3893.240861407067 -8.975778182133933
618 305.3759605767073 621.6116192825389 0.783981430776012 0.3326814372368417 -0.20150977635028525 25 1133.0 4151.0 -9.0453818334463 -0.9367322359241701 4601.429065834338 -9.157231828671751
619 714.8080607225426 624.2649140337629 0.3593538864552766 0.8228211390494776 0.658930341975491 25 1115.0 9385.0 -9.931085692393413 -1.14248446794806 11028.228614296477 -10.106264401042253
620 706.8183498070064 627.2182230385613 1.0303441941204456 0.2753012867144525 -0.047294804234159334 25 723.0 660.0 -7.048859838854672 -0.3856794890991093 nan nan
621 601.8915536935517 629.8994527962055 0.8000515238493093 -0.6605747485552944 -0.7993520190128077 25 437.0 83.0 -4.797695230940185 -0.12354021525881773 nan nan
622 182.42500572131462 633.9140185972635 0.8986477442969881 0.20456890834484856 -0.13709163224943308 25 733.0 2149.0 -8.330591038728608 -0.4338323024614442 4217.133014601113 -9.062543248800042
623 237.32834180490423 635.0862022221155 0.9450948368761185 -0.13711163713762742 -0.18912581914477683 25 763.0 1518.0 -7.953179428898654 -0.41955106823024585 3718.242277964981 -8.925844211676825
624 503.0834586931379 637.0558439482362 0.9730935514704483 -0.3913947057484623 -0.1896627061270175 25 559.0 1662.0 -8.05157754862023 -0.014114109680801257 1842.9873486295862 -8.163805884928832
625 764.9058194853394 637.2925835612942 1.0475485248501701 -0.16755671829235033 0.5068015466810024 25 704.0 1640.0 -8.037109620119246 -0.2366945662343788 1852.7815680852818 -8.169560554008319
626 815.0125683236487 637.5402813842552 0.9550591420120678 -0.2659507941953129 -0.1087971840562806 25 565.0 907.0 -7.394018217650238 -0.13678982261545 506.50027745124106 -6.761449218986602
627 345.85870842250995 640.9986397414289 1.110172436709436 0.06935313789443251 -0.08817162355675544 25 656.0 1113.0 -7.61623791083677 -0.15819876303125752 1252.0047784094002 -7.7440149660216395
628 229.88142400529063 641.9921344544928 1.151525635599081 0.19068062454466558 -0.20423722551561777 25 743.0 1717.0 -8.086925737902291 -0.20241510734805232 2999.139242449262 -8.69249157355483
629 378.61861104082686 641.549016916866 0.8909632281451569 0.1853698563351258 0.10739517755832681 25 640.0 2049.0 -8.278854896002986 -0.2621779800738348 2335.201456827453 -8.420810882292228
630 537.7004465277901 641.6948131792226 0.8030550133851501 0.34340781904579165 0.07923222098052421 25 838.0 2282.0 -8.395789100205489 -0.6543987063744319 2143.66275686804 -8.327891156899424
631 139.90614649086632 642.7993066473799 1.1898190585238666 -0.06878052542481837 -0.12942517011467022 25 919.0 1942.0 -8.220623063929965 -0.43513652869889285 3711.651191469469 -8.923917889814069
632 206.37804926124898 642.7615984825949 0.2565869116977134 0.3361903704896588 0.20582077237608792 25 267.0 2122.0 -8.316863448913304 -0.05030158823007903 3723.4418424708856 -8.927361437149003
633 286.2349366090329 643.8738288056269 1.0330378289674902 0.19908852951745093 -0.29649567436679786 25 635.0 1103.0 -7.6064387811004766 -0.19475446236847366 2210.558996068902 -8.361255274948519
634 559.457523670038 643.8745897854944 0.39664155202350093 -0.1828384949321586 -0.14995522827997312 25 861.0 10375.0 -10.039970263460326 -0.5416522962739863 12663.694676841234 -10.256401077724517
635 26.18902387545364 648.013633394636 1.193795236544669 0.24315489740388954 0.02313639036232012 25 968.0 1633.0 -8.03246546184167 -0.4579309810139731 3182.223387399014 -8.75682665803556
636 746.1193140071697 651.6823310878532 0.5910099360007829 -0.14023499980114348 0.4734858842442798 25 485.0 2524.0 -8.505223376430243 -0.1491688527813048 4640.673570202875 -9.166452551921573
637 471.0563494650211 657.754732423761 0.7223665646590876 -0.6784036841434226 0.15566659408603079 25 450.0 1112.0 -7.615261968115097 -0.02996250721004134 206.30986253336823 -5.786299974215946
638 772.1017202392378 661.1630580291744 0.719000973510829 0.01662042262554057 0.29057560939629734 25 1000.0 3568.0 -8.881062114260214 -0.8657384035427809 4351.771752160909 -9.09666527200073
639 539.2693171428402 661.5864670042 0.7887938706729898 -0.31839836119528736 0.15896519392623037 25 1016.0 2918.0 -8.662713218893582 -0.8528715016952283 2368.960463311086 -8.436394531598902
640 349.06982413179503 664.989591143452 1.1342259247713862 0.10605804423752618 -0.5828774237013198 25 769.0 1650.0 -8.043709860534765 -0.2590720665443895 1275.106530458364 -7.763866174978872
641 506.4357046604123 665.7732451294539 0.963622092002639 0.33596685244209984 -0.3884457476639118 25 571.0 997.0 -7.496737895779139 -0.06239732020019889 258.2790728278266 -6.030223046757443
642 626.8624341371855 667.0790577636195 0.7942428183663665 -0.25628956255869784 0.014519661492473858 25 1828.0 5899.0 -9.426945990422869 -1.481609708088697 6548.801410069181 -9.540404552030623
643 59.46742785313831 668.0839430350337 0.7431036981950477 -0.12347555277908559 -0.3421816784586065 25 614.0 2594.0 -8.534924929370153 -0.31170336665807097 3677.439484987329 -8.913863837045954
644 401.9013800033974 676.8248206499804 0.8774928671034127 -0.22202341300478962 0.22595172607031574 25 662.0 1208.0 -7.705167335712782 -0.36493942796535617 536.6080647805499 -6.824142988690017
645 5.298699880158407 677.6763500298453 1.0266440827641121 -0.018509241974833973 0.05278048923550212 25 692.0 1833.0 -8.157906162405542 -0.23380294991731515 2512.972714719374 -8.50046943287107
646 476.20533140071916 681.1352086848652 0.9750122431625979 0.19856804559001806 -0.0628949400240613 25 974.0 2013.0 -8.259609437221636 -0.6641433231804579 1920.545275365894 -8.20856137444396
647 556.26819628613 684.7518435076669 1.0739132590126053 -0.21998097543027198 -0.26666800890708836 25 581.0 453.0 -6.640245505032079 -0.061181534483387034 1351.1634005535516 -7.826769682080657
648 28.801740044839512 685.9940745262296 0.8389027569333741 -0.1689132684704492 -0.1628163036276419 25 695.0 1641.0 -8.037771452632732 -0.42712786977970085 3598.3873775823968 -8.890269786691814
649 454.0538500223838 686.0761884479426 1.0707048766159242 -0.1442244644970991 0.09755953698412012 25 750.0 1421.0 -7.881485194818675 -0.30042374934995697 2214.720600384601 -8.363297363231958
650 639.8600177367348 688.0626116116629 0.8896551653086997 -0.006533598540176836 0.3965280426793741 25 940.0 3038.0 -8.70646942381692 -0.667666984923797 3055.289846399726 -8.712631041946384
651 16.030363191822463 690.9741693770236 0.9201815687575683 -0.15656675011009158 0.17269905782758305 25 643.0 2135.0 -8.323494698402607 -0.2065773316811595 2936.146696035331 -8.66944437511886
652 834.0193709969318 692.986829234088 1.0472082830973966 -0.7087159596352874 -0.15032146941925278 25 688.0 472.0 -6.68485499658522 -0.28926940156398434 329.1354677379213 -6.293436711303354
653 433.64217863245153 695.8397266080725 0.9810576602237987 -0.31538905307302434 -0.5234608122606759 25 600.0 1718.0 -8.087557898738059 -0.12476210529399069 1110.1095405394235 -7.613414587742778
654 796.08995843336 697.5683349011935 0.9903124919366554 0.680038661599899 0.5966724528582882 25 638.0 2307.0 -8.407618986302733 -0.10536303970128778 2873.2198929894466 -8.645922161618834
655 452.11983789074867 698.5450382092323 0.6145872176594744 0.17140911580715043 0.23469157389720136 25 813.0 3124.0 -8.736777563013158 -0.7640626432620677 3161.143706865133 -8.749610598725729
656 504.02724813153134 698.5764917010894 0.7790113856704074 0.12116975099685834 0.28013743634292876 25 1177.0 3360.0 -8.81584819347461 -1.0195977381873012 2471.911517460967 -8.482582302605257
657 548.1098770310201 702.5534785554404 0.6854515155670842 0.47171293450405066 0.14144490545850458 25 461.0 1469.0 -7.917554489475641 -0.14533146681444892 2737.879409561648 -8.593535789082864
658 605.2512358890036 703.7520221246367 0.978683679459586 -0.3954747527269552 -0.23136094493190296 25 589.0 1078.0 -7.5815469021268 -0.16923855734428928 1701.7460403482555 -8.077236871884988
659 749.9538339397712 703.9280223450373 0.8186990200725657 0.20319311455076883 0.18586474826466662 25 523.0 1443.0 -7.898165827733735 -0.11738611118491364 1741.0864052021252 -8.102050811152514
660 597.1650269514824 710.091233496052 0.7976795233900738 0.2259805752686675 -0.12552481961016643 25 954.0 3663.0 -8.909592296661362 -0.7256439565589866 4083.014130630358 -9.027452207365766
661 26.772874945566432 712.1436518751344 0.6616991559818116 -0.25676702268468515 -0.2263984031187478 25 1496.0 6608.0 -9.550175085780815 -1.3372657950417959 8449.171653022968 -9.817035333275054
662 354.91424174247913 713.6454766349258 1.0194469793325815 0.2614355090882135 -0.08846467394281735 25 627.0 1466.0 -7.915334925762773 -0.13021154196676843 1571.759127907486 -7.990964977929098
663 642.5266087038718 715.3515488961973 0.6706535562033774 -0.48625104114174317 -0.199315971674974 25 1007.0 3994.0 -9.003520151336708 -0.9321999058813148 4893.957454219256 -9.224150473696904
664 88.5647743516426 716.3940767268735 0.3975116286134962 -0.22995161434825964 -0.2851449335173625 25 1828.0 25321.0 -11.008702133093351 -1.0787975148384394 33539.255494581914 -11.31388354473722
665 713.2214985446126 720.5075076749837 0.7787768777340608 0.2010070604972507 0.17776315762875733 25 531.0 1207.0 -7.704268175243373 -0.2284604324767195 1802.8704169696625 -8.139911281285395
666 21.42322349555481 722.3067525590766 0.48379126055023375 0.9909434604582634 -0.4350229471854438 25 1141.0 10775.0 -10.081043197081922 -0.9811158755870755 16285.312341562565 -10.52949023115709
667 833.9512148198005 723.5024704472462 0.7824818790136185 -0.13860725279972255 0.4272066188144682 25 456.0 951.0 -7.4454512923435345 -0.048088628831282274 937.2438187892033 -7.429631462225588
668 44.43201340952413 725.4231345380413 0.6761871078004988 0.34548979420703696 -0.06499169041499259 25 649.0 3663.0 -8.909592296661362 -0.3400054812302727 5290.904430125802 -9.308824792299308
669 187.047111139639 725.8363675417585 0.43429414083667317 -0.349280345048361 -0.3008574169645317 25 728.0 7839.0 -9.73565166111747 -0.35885330304308305 10476.10819905188 -10.050499938111631
670 144.1239016507275 727.2411501338496 0.8446892088541008 -0.1322537534022547 -0.38467728494990105 25 553.0 1967.0 -8.234510899798341 -0.06928804566059527 3010.0616943661353 -8.696438492513009
671 752.856703865838 730.0539515083638 0.7207860158273086 -0.918730681950683 -0.5403200356939016 25 465.0 1165.0 -7.665814813405094 -0.15791440010573313 2304.650678641765 -8.406512769178477
672 24.59938089024782 737.4292666334293 0.4068737217038723 0.15738000159313184 -0.04603250544319156 25 2635.0 46447.0 -11.667394170661542 -1.0111992738510378 86553.70022341877 -12.343214097404969
673 534.1904625431723 749.8832170544708 0.640891147119475 -0.422678207784278 0.1786053196905491 25 1217.0 5395.0 -9.329978622547323 -1.1324884893173657 6067.1530555086865 -9.457462377472371
674 821.3266503870665 754.2336497476177 0.8384438420112104 0.6467838924351587 0.14844106072279126 25 568.0 2399.0 -8.450075619919577 -0.12125989740767831 3792.6542003655477 -8.947358118015053
675 512.0253221719207 758.8760490556256 0.8792228090134415 0.1892331256248266 0.31372929183373494 25 518.0 922.0 -7.411827302634073 -0.12052601733823866 719.0056068311329 -7.141830692599514
676 795.2362940336922 759.212362252223 0.6778529970030913 -0.200007064881817 -0.2970748679509732 25 708.0 3032.0 -8.70432299240004 -0.5337986810805679 3536.2397659264666 -8.871354258986518
677 308.80190650436265 762.3148316513838 0.6953197757413886 0.0005974534570104447 -0.09812492827022398 25 647.0 3052.0 -8.711461323207107 -0.40967179287557287 4860.814079041269 -9.216772525227693
678 269.3852576544806 765.1381777007235 0.7441064521637013 -0.17061287267746808 -0.02103133853261116 25 499.0 1899.0 -8.196312411842543 -0.07451955359556667 1998.5504222654172 -8.251787774329182
679 702.0668809707072 765.7062927154751 0.8153080081523479 0.025950858856659657 0.1838023877996455 25 622.0 928.0 -7.418869940547155 -0.3606230747979788 nan nan
680 524.6429208386191 766.7654683549576 0.7303537001402165 0.4684175418324868 -0.048339532442366474 25 502.0 1366.0 -7.838626748363784 -0.16300338026432204 2308.3761901638613 -8.408266465280938
681 673.9909006426444 770.3223462807057 0.9293677912257132 -0.24193899564625623 0.11700464861793874 25 505.0 829.0 -7.296386326375684 -0.05337508118574667 2501.313000582604 -8.495420100898087
682 711.9675601807047 770.8342776625026 0.8425717126248371 0.20223735436022877 0.21189861144154604 25 1201.0 2986.0 -8.687724508472517 -1.0104215152943343 4593.090422273475 -9.155262488195289
683 622.5938588071982 777.2042456827181 0.5105044733459921 -0.7297851203814016 0.024646453545259704 25 1452.0 9447.0 -9.938234788390515 -1.3937753845501153 9743.649597560701 -9.971804143532417
