test_CNN/outputs/tables/00204_a02337m0s0_sources.ecsv
# %ECSV 1.0
# ---
# datatype:
# - {name: id, datatype: int64}
# - {name: x_centroid, datatype: float64}
# - {name: y_centroid, datatype: float64}
# - {name: sharpness, datatype: float64}
# - {name: roundness1, datatype: float64}
# - {name: roundness2, datatype: float64}
# - {name: n_pixels, datatype: int64}
# - {name: peak, datatype: float64}
# - {name: flux, datatype: float64}
# - {name: mag, datatype: float64}
# - {name: daofind_mag, datatype: float64}
# - {name: aperture_flux, datatype: float64}
# - {name: inst_mag, datatype: float64}
# meta: !!omap
# - {date: '2026-06-11 15:15:18 Eastern Daylight Time'}
# - version: {Python: 3.11.15, astropy: 7.2.0, bottleneck: 1.6.0, gwcs: 1.0.3, matplotlib: 3.10.9, numpy: 2.4.6, photutils: 3.0.0, scipy: 1.17.1,
#     skimage: 0.26.0}
# schema: astropy-2.0
id x_centroid y_centroid sharpness roundness1 roundness2 n_pixels peak flux mag daofind_mag aperture_flux inst_mag
[from data line 87]
88 131.65968463247688 89.70363570110632 1.1254585811004818 0.006525977991508844 -0.4080200071629294 25 817.0 891.0 -7.374694260092188 -0.37739807623490773 1800.710198837221 -8.13860956082035
89 190.94578382890748 91.14872353564878 0.999362657978744 -0.06987861152239438 -0.36596216820309213 25 562.0 847.0 -7.319708525826767 -0.056647411195943784 945.8522538597434 -7.439558257641311
90 226.8724077131174 90.48326353724487 0.899709555927047 0.21560568683738246 0.26467011407369984 25 749.0 1206.0 -7.703368269510332 -0.4856993912256323 1955.5207533682 -8.228156073381411
91 117.45536879476622 92.25990695939065 0.3705622871377624 0.18389849139963493 0.4194228407260758 25 3025.0 58466.0 -11.917258455588955 -0.9366500304188329 176206.75233996875 -13.11505636699768
92 445.6999671070852 92.20656556282847 0.21109254215075146 0.10169931460306261 -0.7926095142042741 25 218.0 1576.0 -7.993890532883841 -0.2408416587902606 1963.9274398445323 -8.23281359526524
93 531.3431680580193 91.98085203462146 1.2422074841047983 -0.7980784998492471 -0.28651597026118863 25 804.0 244.0 -5.968474565846823 -0.26643115836920184 802.7702451744453 -7.2614781672739515
94 9.842356632810292 94.84178265372444 1.039057368650604 -0.2611789239981289 -0.19269683474261037 25 1325.0 2408.0 -8.454141206464467 -0.9777130989271525 3258.7834009959415 -8.782638738783033
95 81.90993952602408 94.5397907152725 0.9196120697475041 0.21151048468627637 0.5398516361803891 25 497.0 669.0 -7.063565294419558 -0.04530669832852144 1909.9612960495804 -8.20256141670256
96 620.1022056578702 95.22552304561056 0.8914820558349152 0.1929303509776101 0.1153977285077638 25 1009.0 1594.0 -8.006220792650234 -0.8375255437860929 26.115418930302894 -3.5422424924016633
97 593.1328902656666 95.95205315993648 0.902566149209585 0.4311542293385961 0.17749975781002578 25 566.0 -362.0 nan -0.26720222107509006 nan nan
98 566.9349744420464 97.13036240226646 0.9963722776717028 -0.11937329266729006 0.24631410226444675 25 1409.0 3050.0 -8.710749598366965 -1.063875171214407 1938.2404056466928 -8.218519107187493
99 106.19964328433011 97.67671771245709 0.8658283919959412 0.8093537974849746 0.0981410061231934 25 941.0 2639.0 -8.553598475550125 -0.6779126750649916 2744.9210890336035 -8.596324659679421
100 251.0887228607824 98.11343856789131 1.0909834258106041 0.05109419129995145 -0.28893215061874883 25 632.0 722.0 -7.146342993924097 -0.1363895912690022 nan nan
101 736.3007659118488 98.06147234887845 0.8318839709155933 0.2315596728133544 -0.15195729983603354 25 565.0 945.0 -7.438579521273158 -0.2768443847432043 nan nan
102 96.66635298859916 99.86262128222377 0.9822716941270988 0.2938333839855107 0.01866638251259787 25 652.0 1834.0 -8.158498328335005 -0.18260441045363374 1067.781092714843 -7.571205566257174
103 141.5632247236457 101.38450029724028 0.8254296176272025 0.5504616216075352 -0.1884623843360366 25 498.0 1316.0 -7.798139723194842 -0.035310633777083315 1755.6014978741796 -8.11106485677976
104 483.20924276858153 103.2003466578214 1.0138247883730374 0.29934771892204637 0.11420571576012394 25 1112.0 1151.0 -7.652688309074479 -0.8649949538896146 1354.0465159068362 -7.829083960087475
105 267.97813755072286 104.51509177329463 0.6999023398307894 0.4072602232657349 0.7397535990726708 25 1398.0 5915.0 -9.429886872409872 -1.261994573156696 6967.025810614353 -9.60761854865113
106 793.2462760540723 105.27926307343395 0.3861396687396341 -0.09322956116970309 -0.31124835932833306 25 2348.0 35323.0 -11.370143953297013 -1.1788230105726816 45153.70813729436 -11.636733553702285
107 418.0282965261993 108.2645070847057 0.9080143072237317 0.2834381077528802 -0.071623387037146 25 570.0 1081.0 -7.584564234883276 -0.20776633794881477 569.7987630387479 -6.8893037552648355
108 605.3027738565982 108.04589385009616 0.8722651555265732 -0.42938057252267664 -0.22611647290472578 25 779.0 520.0 -6.790008359086998 -0.6018695290875367 nan nan
109 288.3989906943018 109.98258228632731 0.9826256681683311 0.6026137825296566 -0.24549884099159536 25 1009.0 2720.0 -8.586422260085497 -0.7024295434806428 3865.8643921554662 -8.968116539148875
110 497.5156211770179 109.72734719226857 0.44385943918740584 0.7483386598303461 -0.33611754654703124 25 280.0 1420.0 -7.8807208609576405 -0.00839368973846187 432.34489457186993 -6.589575837229282
111 152.26401973358418 110.71599679642998 0.8228614540701529 0.7513649591841464 -0.08167125322977369 25 838.0 4283.0 -9.079370185991424 -0.45412160154437226 6855.621645725329 -9.590117103345376
112 615.3989957115491 112.49499319594557 0.6321632940269775 0.20172534106395978 0.182176836354286 25 552.0 1203.0 -7.700664068349612 -0.44860464657293986 773.3302895974459 -7.220912552108153
113 394.6658157695049 114.2978147482572 0.6449498779634587 -0.27871794668294586 -0.27805654059273144 25 481.0 1215.0 -7.711440694835828 -0.27729452114908115 2739.434895619811 -8.594152459034833
114 165.51795792597585 114.68490508260763 0.864323547517297 0.5110998897097129 -0.1360508737985858 25 568.0 1058.0 -7.561214169247918 -0.2081504552496175 1371.0157724637422 -7.842606127591155
115 233.5403925743 116.77649035555302 0.8065067036712217 0.9809149854842928 -0.1383776998533419 25 520.0 1013.0 -7.514023613400701 -0.19314122618631638 2176.388969705989 -8.34434129041057
116 809.2304477093319 117.3244379682324 1.1688007485515006 0.15117198297489431 -0.2323868484882248 25 644.0 253.0 -6.007801302939545 -0.16717955365251758 908.1143767016883 -7.395351378026586
117 183.41804194284208 120.99182034504373 1.3760132049567608 -0.26442624819095845 -0.0942090963004033 25 773.0 2298.0 -8.403375060880666 -0.010363638074717156 4731.764828064709 -9.187557879401664
118 437.95482751701945 121.97767561980724 1.0948369972059804 0.019762060705483173 -0.0786973559293647 25 1861.0 2830.0 -8.629466088810725 -1.2790205540372468 3516.280444217063 -8.865208763358481
119 643.9793346028275 122.15163980740284 1.1837796240427534 -0.283921435325477 0.08380159815498728 25 1090.0 1385.0 -7.853624433501168 -0.6242202074167198 356.06967982116936 -6.378837485105468
120 338.8342153937761 122.81319078014658 1.1964648415124355 0.5055941027945943 0.013474950870128765 25 1008.0 1776.0 -8.123607403606455 -0.5085989306262289 2392.435740684831 -8.44710070432411
121 324.1731622543196 124.34749597725065 1.1218217624797562 0.8023082253003733 0.04632870890533793 25 755.0 1448.0 -7.901921404652821 -0.2781209558352982 227.24561994733665 -5.891238802880949
122 79.86410672512054 126.2313445067596 1.0339477108849469 -0.039021422254060384 0.09713024078126817 25 718.0 730.0 -7.158307150301139 -0.3502362022080323 2629.892938649524 -8.549845172460003
123 653.3868721456314 126.58373154082939 0.9344559890104097 0.5073913683153146 0.36275482790201274 25 527.0 790.0 -7.244067728226104 -0.1230937812580726 1352.5615944504552 -7.827892629032194
124 403.50430098297613 127.99223932789185 1.2085665509818697 -0.32195191969341225 -0.07906780891601888 25 595.0 413.0 -6.539875129141003 -0.015727953351831338 1025.6905628732018 -7.527540899244606
125 669.2625962815806 127.9785287718559 1.1212279387374258 0.6056513500620854 0.5443375774831263 25 901.0 1470.0 -7.91829333687044 -0.43033038845182453 1713.3559238566947 -8.084618976168061
126 800.9614242025804 129.73960845599916 1.2877091016937754 -0.4737236237619733 -0.5821144757442642 25 668.0 171.0 -5.582490275980384 -0.0814511920968709 nan nan
127 826.4964076812144 129.7955297086261 0.8247001250587899 -0.6453083353316221 -0.416772996551493 25 1431.0 4443.0 -9.119190783102177 -1.1901720888843674 4144.579741566073 -9.04370124965721
128 684.0778381301263 131.05570770539452 1.0962682504591692 0.15928679948041966 0.020335783060461778 25 846.0 361.0 -6.393768004764144 -0.5009861742249493 nan nan
129 646.5869144726859 138.22111185531182 0.9877751290704175 0.24484558837546957 -0.4585676963210955 25 659.0 1518.0 -7.953179428898654 -0.2451789748397101 2029.5426178164591 -8.268495438453522
130 41.034952650433645 138.7452670980212 0.5091409131560033 0.20857641907819557 -0.17425383437650807 25 2253.0 31909.0 -11.259782984999053 -1.1157843969197685 40496.55512421398 -11.51854520284062
131 358.01127106844064 140.2179309298797 1.3240256377361714 -0.01063401238017115 -0.029355589741521824 25 747.0 1270.0 -7.759509302389892 -0.15693232081850522 1362.6878849041072 -7.8359909870076265
132 675.1765134852202 140.0330266589233 1.3002747630837435 -0.12641438045187203 -0.10507310738581506 25 955.0 1705.0 -8.07931095832129 -0.3634534042957515 1073.2161555615855 -7.5767180041537765
133 788.9865720454076 141.03816826222962 1.0714776422064303 0.6641958017762245 -0.23917774379098894 25 585.0 -598.0 nan -0.1847992061646565 nan nan
134 62.97694982843099 142.06030061939322 1.2011358904444458 -0.040377126423093525 0.12790016633152154 25 940.0 1622.0 -8.025127124687844 -0.4065333747806247 363.8316048957028 -6.402251055370255
135 152.06701142246766 141.9671032700142 1.2334851434838836 -0.30513198304871497 0.019285030451758618 25 1216.0 2241.0 -8.376104641337653 -0.709950002130225 2466.120731377627 -8.480035835239327
136 382.8300373187697 142.9916337641417 0.8639426068280046 -0.5454209527089756 -0.42879424931448096 25 714.0 726.0 -7.152341551750235 -0.4849105165632849 790.4203682911364 -7.244645307575167
137 205.09953522182192 144.07055127345268 1.3277160066098337 -0.0014924603019760144 0.056730879681443115 25 1082.0 634.0 -7.005223144704332 -0.5574419403480819 458.4236666468827 -6.653167576220472
138 485.952023314222 145.23947918774678 0.9333880004093146 0.9887930347727952 0.030819429993072092 25 552.0 708.0 -7.125083144224423 -0.1569591087570611 1207.7857134464482 -7.7049747203920615
139 225.7880912007814 146.98676172600628 1.1417741378582678 0.4386427410770679 0.4014355119532563 25 905.0 586.0 -6.919744040045227 -0.5114319408172373 199.48463095710636 -5.749773604096569
140 494.03299179869674 147.20586271006678 1.274396284124255 -0.12885673571273756 0.1539318805088092 25 704.0 1894.0 -8.193449936668136 -0.015814134429663625 1740.033818491054 -8.101394222777365
141 559.1785274644268 146.90642839039313 1.0235262731734542 -0.44399379327565036 0.09626561793786163 25 1452.0 2120.0 -8.315839652321879 -1.1027047525441678 1407.7409613583836 -7.871306868899993
142 793.1035377896663 147.09578159256068 1.319745120695999 -0.040702687992531864 -0.05052758920101032 25 1105.0 247.0 -5.9817423831491645 -0.5967130897331792 nan nan
143 615.8293209250147 147.99839434775103 0.7244435051309878 -0.8277442896226875 -0.5539470305234415 25 492.0 611.0 -6.9651030256063855 -0.32251688613607354 861.5746148636488 -7.338232236440194
144 106.35103545885933 148.69511246562323 0.9154009073844951 -0.07851553762047071 -0.2784762998230751 25 897.0 1602.0 -8.011656279370547 -0.7099575313341249 938.1936894569394 -7.430731268598713
145 333.75179661424676 148.80637092196423 0.926627468372548 -0.25565539340219573 -0.348079012213142 25 941.0 1445.0 -7.8996696177314165 -0.6876206060347889 145.78409216555295 -5.409275341819764
146 586.9691735236645 150.6471004362374 0.42474053765569403 0.5674408295650839 0.2600064625145271 25 355.0 959.0 -7.454546517926659 -0.37049075643026574 nan nan
147 825.2449769460427 150.04000701185254 1.0271418390069469 0.6257607073912623 -0.17953742776123813 25 653.0 112.0 -5.123045056675454 -0.3036815101000388 nan nan
148 388.01260680885946 151.1127958260644 1.0607273766962602 -0.13073781237703055 0.1715258210032351 25 901.0 1056.0 -7.559159795494484 -0.5180469331724677 182.50452663484447 -5.65318410168198
149 625.1764276595353 152.09835318943138 1.0806095839873078 -0.2591697203216226 -0.2257078210649062 25 703.0 508.0 -6.7646592807097985 -0.2659940978400178 216.00678265603818 -5.836168470745871
150 30.826933066644962 153.14890931750347 1.1718547667539496 -0.39269055921351337 -0.07665190005863369 25 887.0 1186.0 -7.685211722570609 -0.4520672602350291 1461.2113712013017 -7.911782608122149
151 703.8785668905904 153.08852356524238 1.427218578098997 -0.2538799475634675 -0.202894542223954 25 938.0 1665.0 -8.053535594605846 -0.22285177149687274 523.0510412463718 -6.796360177474343
152 418.5671610783613 153.55336333464984 0.48906258808587644 -0.9307716923256487 -0.23844546586780416 25 931.0 4776.0 -9.197660795303282 -1.09371038728213 4348.580077795938 -9.095868679716872
153 49.820381840950986 155.17017867283414 0.8249504289544001 -0.6099461984953205 -0.7502607500687782 25 449.0 7.0 -2.112745100035642 -0.08390472349169525 nan nan
154 164.3216930263178 155.93338732605548 0.7586614950823855 0.4644736637704322 0.11034973925856603 25 452.0 1262.0 -7.752648387270289 -0.015313234949701235 947.0021555261807 -7.440877418817742
155 534.1239867032448 156.9431926515804 0.9652790401276243 0.43341023888502256 -0.02097923595250072 25 572.0 345.0 -6.344547737683185 -0.17438649819522117 1369.9793571865669 -7.841785058169288
156 608.8725409621621 159.93076309580957 1.3618867558747942 0.29484349205593985 -0.17791403783677168 25 775.0 861.0 -7.3375078786341374 -0.11608305918092146 nan nan
157 447.9664312839311 162.05563426389148 1.2175399432744425 -0.263525847561807 -0.02015817186704421 25 982.0 864.0 -7.341284356197233 -0.4962415611892127 nan nan
158 782.3307807330496 163.17296288187208 0.4799299152684574 0.21701733323802022 -0.2652757256275195 25 1202.0 10667.0 -10.070105737726873 -0.9968576829028839 10425.939000356895 -10.045287949116602
159 329.94990328896324 164.03924399249254 0.9946266824803464 -0.14508360587151722 0.0008770472708939657 25 1000.0 2061.0 -8.285194979448033 -0.6984948741552388 1661.6595789685916 -8.05135513869456
160 520.4720800875426 164.8755665854501 0.6045579132805833 -0.8141086145142347 -0.15950383743154095 25 368.0 496.0 -6.738704191225494 -0.1990362253871648 365.81879104666956 -6.4081650253925115
161 112.58084438999474 166.40360031335356 0.4443433185863712 0.28051662626286494 -0.16859197419964678 25 385.0 1889.0 -8.190579894804584 -0.19844606662966202 2799.4896796963985 -8.617697177024223
162 540.041823984 167.0813571674637 0.8799519688665135 0.32750343481713856 0.41425900930031045 25 658.0 1079.0 -7.582553611707277 -0.3506419653597209 320.0683376172546 -6.263106785499128
163 290.4324701513407 167.32984427606306 0.3496255286144505 -0.6412428216658023 -0.3910607879567514 25 306.0 1080.0 -7.583559388717375 -0.19370378625875728 1541.061325078314 -7.969549803501412
164 570.9372659303607 171.11774930259438 1.0746096310126478 0.5709942976082721 -0.25954901428654165 25 733.0 1799.0 -8.137577908363879 -0.2526039762298437 1660.5175509975975 -8.050608675688354
165 338.900230083275 173.20867619492785 1.1839064453982202 -0.19582616303213607 -0.17888284553576447 25 686.0 1698.0 -8.074844214769834 -0.08666640425409025 1847.1379373805294 -8.166248320363461
166 452.0370886944471 172.81794295828902 1.070800544757818 -0.43934980422156444 0.057472677298138854 25 545.0 554.0 -6.8587744118210745 -0.0501976010230128 nan nan
167 470.11103955860807 173.10611057288926 1.1409416889362651 -0.12110829522520197 0.2893093216213172 25 530.0 -278.0 nan -0.015438684015008058 nan nan
168 11.932399264163477 175.13706514918726 1.4804830896870858 0.13666214274128632 0.2744327507748684 25 883.0 2140.0 -8.326034433372978 -0.18034481022772123 3257.440068809875 -8.78219108550139
169 661.9530802234701 175.06748942156267 1.3780297531973082 -0.009167127863541577 -0.05190800044343802 25 1383.0 754.0 -7.193428364674435 -0.7703545912518952 nan nan
170 635.471777940963 175.85215617011986 0.7871366200516322 -0.2072178663253613 0.036872181717275423 25 588.0 1174.0 -7.674170242278989 -0.33242483323401656 332.9080274142106 -6.305810668574029
171 683.5433671537661 177.0331678234137 0.822537718545338 -0.1527773018613456 -0.9296762122990737 25 531.0 1653.0 -8.045682133928619 -0.17100997167693144 200.56101459061915 -5.755616294871321
172 793.0379306733074 177.9669495657724 1.2435326593987968 0.3987034997480995 0.7097724468616379 25 753.0 907.0 -7.394018217650238 -0.23350847705831776 1215.9797800561355 -7.712315883305903
