test_CNN/outputs/tables/00204_a02337m0s0_sources.ecsv
# %ECSV 1.0
# ---
# datatype:
# - {name: id, datatype: int64}
# - {name: x_centroid, datatype: float64}
# - {name: y_centroid, datatype: float64}
# - {name: sharpness, datatype: float64}
# - {name: roundness1, datatype: float64}
# - {name: roundness2, datatype: float64}
# - {name: n_pixels, datatype: int64}
# - {name: peak, datatype: float64}
# - {name: flux, datatype: float64}
# - {name: mag, datatype: float64}
# - {name: daofind_mag, datatype: float64}
# - {name: aperture_flux, datatype: float64}
# - {name: inst_mag, datatype: float64}
# meta: !!omap
# - {date: '2026-06-11 15:15:18 Eastern Daylight Time'}
# - version: {Python: 3.11.15, astropy: 7.2.0, bottleneck: 1.6.0, gwcs: 1.0.3, matplotlib: 3.10.9, numpy: 2.4.6, photutils: 3.0.0, scipy: 1.17.1,
#     skimage: 0.26.0}
# schema: astropy-2.0
id x_centroid y_centroid sharpness roundness1 roundness2 n_pixels peak flux mag daofind_mag aperture_flux inst_mag
[from data line 684]
685 113.9390381220002 785.5701077721435 0.7154137278380731 -0.0916769929460865 0.22164430381700712 25 725.0 1844.0 -8.164402291794026 -0.5994235158981448 2304.5190665307755 -8.406450764070474
686 786.0539771300296 793.4151152719692 0.8097417374569199 -0.3335361987969853 0.07228309406945799 25 517.0 1086.0 -7.58957456313207 -0.15240671881635467 611.9904611306546 -6.966861632526463
687 436.07313419451356 801.1143135023531 0.9384488877627228 0.08045831630417567 -0.1808551116569637 25 598.0 1921.0 -8.208818412154233 -0.08482990809507046 2488.3723172989785 -8.48978840312091
688 654.8505795502406 803.8966591004073 0.8375302989448443 0.49852296153596437 0.7107424648077089 25 472.0 1182.0 -7.681543691363092 -0.003911999098783428 517.8964866580409 -6.785607412077457
689 230.09646405914842 805.8600609331835 0.8752094349541713 -0.23714344026416773 0.1820613288876769 25 729.0 1635.0 -8.033794392490762 -0.4472269400730524 1949.067767984929 -8.22456734888467
690 551.0586397768832 810.3721879510836 0.8664431339894992 0.13843503029323062 0.44888584463371534 25 559.0 1917.0 -8.206555282195156 -0.12043824778630116 2301.0813032854844 -8.404829909279659
691 833.8174117679544 810.2387343545256 0.8978763938868991 -0.13955431936279059 0.3723556006675033 25 515.0 1238.0 -7.731801611710249 -0.05799739416539351 875.9622835170492 -7.356213517666044
692 697.0441080004184 811.2300230818056 0.42139994036868467 -0.0617061710409422 -0.2131071589462719 25 1607.0 19506.0 -10.725420549699425 -1.0788037301217763 23065.694340025035 -10.90741633146029
693 639.5082849489326 813.3407433185841 0.6326000286621359 -0.5869787335364737 -0.1794473916773418 25 568.0 2542.0 -8.512938865544973 -0.27558261695368647 2828.0896720539276 -8.628732939492478
694 797.4077974833119 816.5402700346245 0.8020410857827001 -0.14306826401950642 0.03679550287884389 25 1116.0 3060.0 -8.71430356620395 -0.9524106369803025 3804.133915186622 -8.950639492011309
695 744.2228430628678 819.5098912022736 0.7023136724665917 0.4362797734682743 0.1752973089692972 25 527.0 1167.0 -7.667677140113426 -0.3071420398567715 271.0175839242281 -6.082493673251711
696 569.0159018499627 823.9593779362249 1.0236764509090237 -0.17056779632639962 -0.016842301208024338 25 1019.0 1988.0 -8.246040950153237 -0.6585792738726527 1490.0911422356578 -7.933032082707606
697 500.53581955016546 827.0519764769479 0.8758588332334848 0.5307026799267862 0.07222809299336422 25 794.0 2467.0 -8.48042287372434 -0.504261973707414 2919.0678572780585 -8.663110477020293
698 78.73695530337055 828.9450936110708 0.37926454316100305 0.16558797804250863 -0.13956813994899273 25 2579.0 43602.0 -11.59876602644226 -1.040859450424844 61835.10013252907 -11.9780876709968
699 48.271601417513196 829.9495883264692 0.6921346118874571 0.6960569135330891 0.560858988631504 25 492.0 1963.0 -8.232300749000016 -0.14782496019537866 3251.9013945305323 -8.780343420671828
700 105.0703442895713 832.6453755366882 0.5251771722759084 0.3926433586367904 0.6809643865326206 25 1698.0 10464.0 -10.049244327450479 -1.5166996024449269 10249.00638684899 -10.026704409424473
701 574.5779521218933 832.94518228428 0.6428220660272316 -0.7414629737254977 -0.23865913549283616 25 998.0 4722.0 -9.18531495685677 -0.9470660699546147 6187.565527802069 -9.478799528121602
