test_CNN/outputs/tables/00210_b19305m0s0_sources.ecsv
# %ECSV 1.0
# ---
# datatype:
# - {name: id, datatype: int64}
# - {name: x_centroid, datatype: float64}
# - {name: y_centroid, datatype: float64}
# - {name: sharpness, datatype: float64}
# - {name: roundness1, datatype: float64}
# - {name: roundness2, datatype: float64}
# - {name: n_pixels, datatype: int64}
# - {name: peak, datatype: float64}
# - {name: flux, datatype: float64}
# - {name: mag, datatype: float64}
# - {name: daofind_mag, datatype: float64}
# - {name: aperture_flux, datatype: float64}
# - {name: inst_mag, datatype: float64}
# meta: !!omap
# - {date: '2026-06-11 12:14:18 Eastern Daylight Time'}
# - version: {Python: 3.11.15, astropy: 7.2.0, bottleneck: 1.6.0, gwcs: 1.0.3, matplotlib: 3.10.9, numpy: 2.4.6, photutils: 3.0.0, scipy: 1.17.1,
#     skimage: 0.26.0}
# schema: astropy-2.0
id x_centroid y_centroid sharpness roundness1 roundness2 n_pixels peak flux mag daofind_mag aperture_flux inst_mag
1 280.7091147400545 6.359087172051242 0.5486260058192026 0.2539827847583322 0.4358845366481185 25 823.0 6784.0 -9.578714598121644 -0.07109933721361193 9757.463665657782 -9.973342356882009
2 306.8809025226124 8.57467944586051 0.456766889296947 -0.1063370668116062 -0.18009202489024362 25 2256.0 39915.0 -11.502840334017675 -0.22809445858771743 81317.7699851404 -12.275463650676578
3 605.7739280573923 8.481101836716814 0.380451440475427 -0.08247497841879865 -0.5583255729381976 25 2857.0 58438.0 -11.916738360223277 -0.046113435599481806 130530.57183830877 -12.789280601517543
4 183.47508580373136 33.88598959961967 0.4253148971306312 0.7043597329154069 0.34091533861960915 25 3113.0 49937.0 -11.746056120640008 -0.8652737451986059 84549.8460012524 -12.31778205228067
5 104.90231433392216 53.10337791481062 0.6019824264470335 -0.09485981460312443 -0.3988373143537668 25 1589.0 16295.0 -10.530135912002907 -0.512987956762641 26168.011052511287 -11.044426786371842
6 134.40520528460831 66.03449028921426 0.36978353298883604 0.1941417831220889 -0.05244833433808703 25 2198.0 27676.0 -11.10525830482864 -0.9858580555632139 36411.31263156376 -11.403090838942198
7 360.515638187597 101.66201688215786 0.5391517267888774 0.7333259903634097 0.011925354775109599 25 812.0 6090.0 -9.461543231582187 -0.03786827671970697 7755.884544760689 -9.724078338707958
8 210.68474999696087 106.02857544637246 0.46672184146571366 0.1542001185734121 0.0013023987542721063 25 788.0 4975.0 -9.241982712704361 -0.2370444540143313 3046.4521972708135 -8.709485919695956
9 258.9997805690375 112.50868290732743 0.5006648966594438 -0.5645030930370495 0.06300509843116281 25 881.0 9974.0 -9.99717340970586 -0.0249408748135539 13761.218153861177 -10.346642199226189
10 597.9555588501867 114.95511097634792 0.45007286265187535 -0.4503335253096897 0.1092864535835425 25 951.0 10891.0 -10.092669395106395 -0.08359514363425788 18563.83777377538 -10.671669411344693
11 629.4387574252555 115.22466037567355 0.39735225323977713 -0.14631078240505935 0.004707655004544826 25 1207.0 15455.0 -10.47267252349831 -0.30078446149593996 25364.282255065445 -11.010556443484061
12 40.41156633530687 139.0758965662314 0.393269047782981 -0.29110044482893876 -0.25031579539699017 25 3392.0 70862.0 -12.126033514104744 -0.14146701623824234 195515.22600936663 -13.227951460779346
13 106.58089506698703 142.75310173227794 0.6471639194613793 -0.06477265287020323 0.3055640304531437 25 782.0 3753.0 -8.935946411032706 -0.05967873281744718 3964.890735197633 -8.995578058733939
14 428.0279319161067 144.77609641729114 0.46323350422437587 -0.05874440822174386 0.09167895658082799 25 938.0 8469.0 -9.819580332166455 -0.21808987996728438 9771.148873136452 -9.974864075604422
15 239.6675190703575 147.15882056273304 0.6377966799581538 -0.5051962065196214 -0.1556655526011382 25 919.0 5275.0 -9.305556159924325 -0.22775466437293043 3358.468433631348 -8.81535317676011
16 325.4254569953048 155.8816921222746 0.6597746352624697 0.28260616336301675 -0.23761024722783544 25 1208.0 10884.0 -10.091971332769301 -0.25348201273123117 15955.422936413925 -10.507270801724376
17 420.4719008563036 158.1898837543555 0.5782908529025618 -0.8070886499246472 -0.03567132339432335 25 914.0 8084.0 -9.769065762108166 -0.0712917630106316 7587.198463748461 -9.700203610906023
18 54.68380560597587 163.3870349865128 0.5733340304993719 -0.6137494463977494 -0.04816101334465756 25 1226.0 11511.0 -10.152782634794947 -0.3450375636146246 13288.084069848772 -10.308655917767721
19 43.419476390535394 167.14159685133595 0.5248358883122247 0.35099340857165384 0.3169378022130094 25 1069.0 9057.0 -9.8924609193569 -0.32863292828662327 10982.215244068724 -10.101724878344896
20 639.3100166783724 176.36372620893113 0.44118467158382285 -0.045043274786903446 0.09118611452708283 25 797.0 7151.0 -9.635916945102174 -0.08436642531385613 9283.030326868447 -9.919224423146668
21 437.36948818687927 183.52902933468755 0.5068474033528565 0.6355479242830387 0.06745504587066731 25 1406.0 16091.0 -10.516457587094479 -0.39663791879740595 20792.36815850941 -10.794759890909377
22 154.7903772451903 184.44614630681272 0.6217151805124886 0.19694001274248604 0.13803395680952993 25 953.0 8363.0 -9.805905241961975 -0.07787487383658755 10604.12091965744 -10.0636866784619
23 35.901555246606385 187.63617631211275 0.48574611331654644 -0.3428595453056504 0.34502266009602395 25 1050.0 9727.0 -9.969947289688704 -0.3301508217809021 11711.353218938935 -10.171517699158976
24 683.5853277403917 197.98014903716088 0.447523215001809 -0.5433730359940402 -0.10564473121573169 25 991.0 9587.0 -9.954206818428213 -0.2701812188794781 8972.58456335361 -9.882293900231161
25 743.9098637864761 204.3938280128818 0.4073696380641506 -0.48192567716689827 -0.10057344173592107 25 2019.0 24488.0 -10.972383291473196 -0.9077108878420513 31544.502509523223 -11.247309206271112
26 246.94674981782381 209.40805277523637 0.4076138017077474 0.2011418997684858 -0.1772594006162865 25 1276.0 12700.0 -10.259509302389894 -0.5796565290357474 14552.275786680066 -10.407327291605444
27 349.0990038094974 230.16906644137694 0.6723687658504116 0.3852279218743982 0.29414062071338526 25 1121.0 8073.0 -9.767587381208543 -0.29607716893079483 11947.374160694302 -10.193181162199723
28 158.24963572764838 234.70322186641243 0.37581232991963276 -0.24094682674277818 -0.46160506798291384 25 3022.0 63157.0 -12.001053731365136 -0.015975218285523125 159249.77036072683 -13.005197036880462
29 727.7395274989253 239.04668576231285 0.5089017177410795 -0.6818599946455335 0.05216465899898755 25 703.0 3897.0 -8.976826014481725 -0.1127718311627871 1573.0045219936685 -7.991824927782112
30 258.8283418411071 248.46232380906133 0.41398216447988645 -0.03957322141971636 0.030089960403726693 25 1648.0 17635.0 -10.61593866000877 -0.8076606181464084 20688.418453233982 -10.789318229650512
31 424.89018032083885 250.12635667634197 0.4264434537554283 0.9732354670247554 0.4244591259957208 25 1673.0 24304.0 -10.964194391296777 -0.40680400608064576 35462.37644558829 -11.374419589204505
32 723.0534159972972 259.3951209108235 0.39094030490966275 0.37295367970825777 0.39706423960317666 25 1014.0 12481.0 -10.24062345797403 -0.0903030625274167 16648.278911288322 -10.553423357674172
33 212.5728274211184 269.3132262297105 0.42162732296094074 0.2688509383064257 -0.10866998441887797 25 953.0 8380.0 -9.808110046575692 -0.32409483954971563 6291.375627059866 -9.496864038860357
34 496.1230019118755 280.5817169268898 0.4478614130847659 -0.3575743664250909 0.09421872815648667 25 1061.0 11247.0 -10.127591737853033 -0.27115119355759565 12960.99824415291 -10.281596129459826
35 636.3339593772382 294.03039639471444 0.6259581412033217 0.4506228133524235 0.014046578988692614 25 1032.0 8764.0 -9.85675592222167 -0.14070111129144974 9993.536773933245 -9.999298037274345
36 150.20935260870488 296.4677672267951 0.6772356803061496 0.21385722472459306 0.17723781412249198 25 1035.0 7502.0 -9.68794264953676 -0.23549308984666323 12836.273007677311 -10.271097363234365
37 355.68779397854246 301.5665067883014 0.36505221575003727 0.6078909673115578 -0.19811793448146486 25 2050.0 26986.0 -11.077846290062293 -0.8824228681705466 37323.94047589047 -11.4299687203627
38 38.85520086382384 304.8101241603738 0.5074340269772377 0.9595738966714794 0.19771495494136557 25 583.0 2165.0 -8.33864475172346 -0.027179496768981754 nan nan
39 650.6926048677179 305.4900470328297 0.4441607795495406 0.13796563565356026 0.044257824867708045 25 987.0 12238.0 -10.219276122151575 -0.023278671144279582 16424.659094846964 -10.538740910607967
40 316.6878599130438 310.31538893374534 0.36729574577532736 0.0721464148599965 0.03531484813157947 25 908.0 9385.0 -9.931085692393413 -0.28097882963234316 16890.640730125702 -10.569115311061928
41 514.5723648940683 321.0755574426845 0.3814087750251825 -0.09154457748418611 0.1077794234863386 25 1547.0 18688.0 -10.678907063580763 -0.6443807003093884 26628.31730276081 -11.063359308397846
42 511.6310467205289 333.328672114086 0.41973585986586026 0.23105227338763942 0.2802144885065433 25 884.0 10177.0 -10.019049436293507 -0.058955224757087754 15231.524874553877 -10.456858460154548
43 722.2843858682313 349.93466862995854 0.4664370111781017 -0.4690932221808089 -0.3265619687633479 25 3064.0 62781.0 -11.994570572573132 -0.01744575241741711 159755.34417772945 -13.00863848801627
44 88.98792146650996 359.184976354309 0.5294840237852226 0.43825377517806885 0.4347250173147663 25 1754.0 18604.0 -10.674015827098698 -0.6867897474155324 26707.8883666898 -11.06659888076598
45 645.588079564146 366.7404623367218 0.4455027665067745 -0.5833346618090154 -0.09626690538416906 25 1026.0 10897.0 -10.093267377242727 -0.23824479812822486 11862.806333285384 -10.18546860091982
46 0.660433946902243 373.9482915965766 0.3543191112996806 0.8575998692483789 0.5049917080431466 25 1341.0 13197.0 -10.301188041741314 -0.7648136422004702 14873.802091416328 -10.431054996331394
47 635.395856865017 397.66379433296066 0.5577971555454138 -0.43371357652703524 -0.010943488525458508 25 1408.0 13075.0 -10.29110424384828 -0.48169168749017494 12846.789638074839 -10.271986531879891
48 779.7836828554011 407.6784964521353 0.35785260218435766 -0.12195486475221812 -0.543738758988437 25 2429.0 48353.0 -11.711058561250603 -0.00940715847195098 108889.46200565399 -12.592464630191959
49 123.30670405906685 412.8599371197072 0.6362444375561879 -0.29875278868080996 -0.1652469178422129 25 997.0 6416.0 -9.518160888190268 -0.22428264316264002 4089.9780582671533 -9.029302445324554
50 378.779755448644 417.98725984122524 0.6710661048293833 0.5636585675462795 -0.06196384034639575 25 1253.0 9645.0 -9.960755579949758 -0.37207254807945683 11841.072856688625 -10.183477633212
51 339.8080183108055 448.2327761349093 0.5586927449933 0.01879342957580279 -0.06382444315196296 25 873.0 7316.0 -9.660684242010948 -0.09868729649883558 9334.238370173738 -9.925197218373393
52 267.928305333193 464.68161014382 0.5833785048942605 -0.01043159842829412 -0.06770628028099053 25 1454.0 13527.0 -10.328003725065582 -0.4974360506792427 16082.872253186391 -10.51590903085624
53 131.63823090607025 474.01028539041744 0.4022035417725631 -0.22607599570365886 0.0489995830763035 25 617.0 4701.0 -9.180475627970631 -0.027255739473186734 3852.9077312959903 -8.964471521839007
54 789.0763187206624 479.4633261863917 0.5193618881454521 0.09338118838887229 -0.14369157674374733 25 992.0 9081.0 -9.895334189190589 -0.1799969390464945 11475.55063661247 -10.149433834151765
55 678.4458487239016 486.38908083014894 0.4521294706828431 -0.6339340843453611 0.04542422703255625 25 2029.0 25435.0 -11.013579354918434 -0.7726675882468401 33553.45608907925 -11.314343150540626
56 663.6798232226139 489.0252569291959 0.42748142862845334 -0.159269289208854 -0.34135866801517256 25 1856.0 33794.0 -11.322098999347991 -0.0013246080947145647 77327.91278003406 -12.220840719860382
57 292.04972337140316 491.16718323030545 0.6792608596580589 -0.1372313721783271 0.04527480631609606 25 991.0 7703.0 -9.716649744653008 -0.12198454157466398 9596.847574822528 -9.955321492573876
58 158.22347675397899 505.4612751817894 0.6281084150337872 0.11350341872327656 0.1940645335558417 25 915.0 7127.0 -9.632266896992384 -0.05160815658794216 10108.62872666645 -10.011730614785247
59 290.40932209104676 505.02128944903353 0.5416981765471081 -0.04433772878139288 0.03973905165425589 25 1157.0 10648.0 -10.068170106166548 -0.3482668335267356 13906.690652038253 -10.358059485197133
60 95.52792298667248 507.1189319051605 0.4836357314369568 0.15580576806630464 -0.242601197540408 25 1813.0 19553.0 -10.728033500683992 -0.7607810692940155 30107.50563233652 -11.196686940676166
61 350.7905830133203 512.4329291799895 0.3959014001562478 -0.16118538747541455 -0.3830455345948641 25 2118.0 40566.0 -11.520405465799403 -0.01349214479820047 84830.37931461066 -12.321378522327748
62 699.4571399446419 513.2118239118047 0.41388514281085564 -0.48650980086523926 0.3656783970595636 25 971.0 10712.0 -10.074676410009882 -0.1774196677145835 13283.915906181634 -10.308315294085501
63 151.01239011116505 515.831391737229 0.6694047198768479 0.5310035766138452 0.11620380769066913 25 1140.0 9385.0 -9.931085692393413 -0.2388455519224381 13644.641465007948 -10.33740532091725
64 247.76873706939037 517.5867832646509 0.49875640694316825 0.6364384320660986 0.17373539270464114 25 1205.0 14385.0 -10.394774665565862 -0.2239509126079131 18212.819144911104 -10.650942937567551
65 268.50071939380655 524.951919466657 0.467297928191557 0.06496516090251143 0.21199343396857015 25 1053.0 10195.0 -10.020968075285397 -0.29338196079664136 11628.747127679433 -10.163832316733934
66 26.717533113412465 539.3904700381232 0.41716206005905543 -0.2148318553773113 -0.33348073761531055 25 730.0 7290.0 -9.656818820794937 -0.019010033433921193 8480.330467259924 -9.821031941169792
67 321.1924803062921 549.8036347259907 0.3932164453778555 0.4896660445006052 0.3863081795163473 25 1072.0 9638.0 -9.959967304912974 -0.5443900507072761 9909.865562267163 -9.990169407161332
68 48.24980988596741 553.9996946378039 0.37145539739406375 -0.0353308733442265 -0.3149178874268181 25 2790.0 57338.0 -11.896106350750431 -0.03073124665763467 139355.74108469038 -12.86031216297927
69 401.66352637960307 561.8643179962085 0.4873901957691115 0.3961148408177137 -0.4886726054984451 25 1997.0 22357.0 -10.87353381703683 -0.8310616032819856 27353.850264150577 -11.092546163125643
70 231.31955119706205 569.1217033919228 0.39129825587840944 0.14563739392373512 -0.20626684193721403 25 2531.0 48440.0 -11.713010336177536 -0.20381070015216946 100106.51958061206 -12.501155906127918
71 322.1899031568844 568.0933875063238 0.5541340166415633 -0.3458908841971112 -0.02922358535423815 25 1253.0 10130.0 -10.014023613400703 -0.48489486784295555 9858.609510477165 -9.984539162476857
72 365.8100990000937 580.9262829200529 0.44712341864664334 0.38671643674966943 0.11958478415342881 25 839.0 8402.0 -9.810956693004933 -0.10868398503076288 15315.016959201477 -10.462793705155457
73 4.324208275482266 583.3443715016496 0.4130348262740163 0.4553666226209511 -0.07558327017827497 25 1174.0 11557.0 -10.157112783192625 -0.48464803898231495 11009.466045453397 -10.10441564094971
74 284.9396231177641 600.8624660042697 0.37791106274455666 -0.2618533406591564 -0.10762792555719157 25 1284.0 19980.0 -10.751488709724908 -0.04877225290796614 38094.533009253886 -11.452156635102853
75 131.88120284882638 625.6217567358723 0.5163918634004366 0.14801409116713835 -0.2232017753374851 25 890.0 6871.0 -9.59254987135227 -0.2255761773631801 8828.167538057272 -9.864676416163826
76 247.10595108242873 639.9327192591562 0.7166315811183204 0.4692958632106216 0.1640937443504552 25 994.0 7068.0 -9.623241352086817 -0.13130212921003037 11877.62204494895 -10.186823753942706
77 759.2969155509254 645.1475977276925 0.4868690217384593 -0.27341911928570234 0.013910460717216843 25 1222.0 11904.0 -10.189232295504508 -0.4212036776148484 12788.866040113753 -10.267080095685714
78 40.20870605617659 662.4910244698292 0.6106329078108718 0.36278948773331443 0.2805148870720103 25 1876.0 15372.0 -10.466825939480778 -0.8391472242227472 17092.669542915904 -10.582024740947176
79 118.24904580877086 663.8524655839724 0.5555000805124295 0.36154354291314017 -0.45702240335217087 25 782.0 4591.0 -9.154768231915053 -0.12489299945673377 427.72494346413737 -6.5779114439314945
80 204.05917710889767 675.4050810954966 0.44090374899910606 0.34699333314245157 0.36714758562203126 25 1296.0 13506.0 -10.32631686346041 -0.5058636482904325 16587.71565071305 -10.549466455024998
81 736.3707479562256 688.3786704794504 0.4657588437440019 -0.709855440019309 -0.2317491049474708 25 959.0 9993.0 -9.999239718527097 -0.1889378283951254 11813.869503573162 -10.18098042328953
82 359.4661179652635 693.2991856440894 0.6603697308510588 -0.6056403109059698 -0.419526888925943 25 1063.0 7492.0 -9.686494421757999 -0.2887763872667367 10528.284656116804 -10.055894046418793
83 314.3182330665737 707.5272836101675 0.4225247010553897 0.0805094133789144 0.338949457346162 25 655.0 4766.0 -9.195385095026094 -0.0335651257550597 4823.154842865716 -9.208328011907481
84 236.12372351695916 710.7904080334605 0.5204794114608106 -0.5343812861182244 -0.317639553977324 25 875.0 8015.0 -9.759758816725409 -0.04183121773300415 7876.3863661851865 -9.740817529389753
85 93.32153362063069 716.8804285103128 0.4660841522473031 -0.026175444471529703 -0.5744052880077675 25 2583.0 50288.0 -11.753660909183763 -0.09728180270514704 109452.90009407027 -12.598068183105367
86 778.769704484425 718.2630589882197 0.6073375548249701 -0.7405758694760778 -0.1461322936599217 25 995.0 8188.0 -9.78294458497617 -0.1971222019486539 12440.662606827054 -10.237108780232882
87 52.99106016472413 735.2721896268921 0.49319963639361003 0.37272724708301236 0.5366894453559727 25 779.0 6523.0 -9.536118446306219 -0.0503580182670019 5968.4860005838145 -9.439660448853449
88 26.8415681478914 737.3924613288134 0.37151846007345085 -0.0673738450736496 -0.16557317750463457 25 3337.0 71329.0 -12.133165338632732 -0.0029894676134045207 229595.26164064414 -13.402407302253035
89 830.9539434252051 746.659538580594 0.5120318333780806 -0.3814637106744427 0.21438460571513873 25 1550.0 14897.0 -10.43274704441557 -0.6429029535817786 19127.843823692456 -10.704165042913395
90 278.07901543323004 750.1077031709784 0.5121411427107315 0.0892888236340716 0.07933191497976862 25 1375.0 13046.0 -10.288693435466172 -0.5289081752095204 12720.996183189342 -10.261302805781327
91 789.1226538771818 765.2859816845279 0.3725353140491263 -0.26682640136561764 0.20779047125943498 25 945.0 9461.0 -9.939842606207776 -0.35543852402580145 14247.502287763049 -10.384346838454517
92 810.9423378894556 782.495438351698 0.363684579721721 -0.1684472478947479 0.2573338127368582 25 1297.0 14201.0 -10.380797318561614 -0.6033324971184626 18628.4394584904 -10.675441186763797
93 192.86463166865883 805.20761192716 0.3509414124619069 0.028687827355287864 -0.0702629331354788 25 973.0 10073.0 -10.007897084877156 -0.3870472119325665 15541.887964434334 -10.478759434928781
94 696.4403255847985 811.3510714051428 0.4195677236794929 -0.10141826952364416 -0.46126475930595134 25 2816.0 57102.0 -11.891628299237757 -0.008992261109014592 138489.9480559319 -12.853545630933175
95 426.00698872241446 814.5036946130978 0.4977491443799744 -0.03538773352237603 0.1070470376097767 25 912.0 8835.0 -9.865516384606957 -0.03484514016791046 8780.80183063166 -9.858835439742107
96 155.6824218733744 814.393859345025 0.42083317729654474 -0.0741002766812795 0.02830709980365837 25 918.0 8536.0 -9.828136016041034 -0.263443963742994 8904.077219673245 -9.873972294290509
97 83.31011863514873 829.0961128563339 0.4202000216829686 0.2653500431668861 -0.5530480281470588 25 2757.0 55242.0 -11.85567348383782 -0.09550835434990952 130147.50908977052 -12.786089651264504
98 76.64177738768484 832.499361948085 0.3128874036528185 -0.7361937380123166 -0.13821508825663947 25 1923.0 37595.0 -11.437825222904117 -0.0169794660321648 138269.49421306176 -12.851815935517232
