test_CNN/outputs/tables/00235_b20056m0s0_sources.ecsv
# %ECSV 1.0
# ---
# datatype:
# - {name: id, datatype: int64}
# - {name: x_centroid, datatype: float64}
# - {name: y_centroid, datatype: float64}
# - {name: sharpness, datatype: float64}
# - {name: roundness1, datatype: float64}
# - {name: roundness2, datatype: float64}
# - {name: n_pixels, datatype: int64}
# - {name: peak, datatype: float64}
# - {name: flux, datatype: float64}
# - {name: mag, datatype: float64}
# - {name: daofind_mag, datatype: float64}
# - {name: aperture_flux, datatype: float64}
# - {name: inst_mag, datatype: float64}
# meta: !!omap
# - {date: '2026-06-11 12:14:18 Eastern Daylight Time'}
# - version: {Python: 3.11.15, astropy: 7.2.0, bottleneck: 1.6.0, gwcs: 1.0.3, matplotlib: 3.10.9, numpy: 2.4.6, photutils: 3.0.0, scipy: 1.17.1,
#     skimage: 0.26.0}
# schema: astropy-2.0
id x_centroid y_centroid sharpness roundness1 roundness2 n_pixels peak flux mag daofind_mag aperture_flux inst_mag
1 529.4539195035727 3.2891471071178646 0.36683971225438283 0.5533178595932339 0.07270878431777678 25 669.0 7529.0 -9.691843242851661 -0.248506569584598 9049.550919858188 -9.891567570149292
2 784.7306040898964 34.24834284926239 0.4139264521766898 -0.02653963225225761 -0.14780655043304308 25 495.0 4153.0 -9.045904827774695 -0.03504718641431977 2475.5510420159158 -8.484179713093043
3 415.8512761788812 114.07660837832735 0.4996313071375313 0.5944652610848765 0.3728675593857724 25 482.0 3057.0 -8.713238596815224 -0.03736932033821129 nan nan
4 383.11960428773733 246.514408285057 0.44455820448468236 -0.1199151069961632 -0.0787710694271694 25 1083.0 12846.0 -10.271919794195206 -0.5646375637036889 18127.125684634037 -10.645822364862969
5 758.3801798117884 262.48517039299395 0.409019292608087 -0.14934007481133002 0.17773068259561675 25 736.0 7733.0 -9.720870025445123 -0.31720143483196783 7867.815958809878 -9.739635481254963
6 545.2654072034438 273.7646558634768 0.6388948892922586 -0.12659487068767816 -0.024535470326608404 25 1087.0 9071.0 -9.894137917358728 -0.6068114890806712 12590.529419958923 -10.250109980419111
7 765.3621098683894 278.4643940694235 0.4530526609483941 0.27185764212672714 0.0732143240936235 25 586.0 5592.0 -9.368917906844063 -0.08191555447689847 5681.438478332888 -9.386145770663587
8 451.1784518737355 307.82037136246794 0.48570772537053736 -0.0015100211856215152 -0.004548518223807135 25 1628.0 19162.0 -10.706102089574674 -0.9537264562918129 27381.153594220224 -11.093629353564527
9 227.78980098914568 386.1505077117657 0.459174039898365 0.1911872784049021 0.38902816056769224 25 831.0 9700.0 -9.966929335665611 -0.2684115669465774 12842.8535068308 -10.271653821907417
10 561.4501447490983 408.1270726533473 0.39968915276606026 -0.08979472080700322 -0.09824441188065403 25 1409.0 25042.0 -10.99667252802705 -0.1760795190646423 42739.71761328146 -11.577079120997434
11 586.2079971662743 451.50794747650826 0.5715159243888143 0.05644107556622354 -0.10924766281433483 25 672.0 6542.0 -9.539276349472408 -0.040459669210638496 8002.257981698189 -9.758031370801
12 807.7772834967408 488.6712475620891 0.491555626194623 0.18695291230678887 0.3069116018082374 25 539.0 4295.0 -9.082407920418152 -0.06041564626971159 1736.2299673697516 -8.099018119706562
13 809.6494442509618 564.9826709162343 0.42620219597920117 0.2433980665232289 0.5251071284542138 25 2114.0 29293.0 -11.166909628992915 -1.0942274324378667 37909.51085267506 -11.446870451876256
14 709.7045112397451 567.8582059412946 0.4458905584443083 -0.18964035868403065 -0.029269423866671824 25 1114.0 14282.0 -10.386972571846876 -0.4889415639787812 21399.73184391833 -10.826020828298653
15 387.092217882095 620.4148436730151 0.4582391341416216 0.3169655863094432 0.2206085934811841 25 765.0 9992.0 -9.999131063415197 -0.05203914140503429 14790.123861254766 -10.424929527628171
16 463.9336837336048 620.9101476268072 0.41507700044456836 -0.09051611825890453 -0.001651831117785106 25 754.0 9573.0 -9.952620147282932 -0.17696559417746094 13625.625029445579 -10.335891082988818
17 169.44695830370446 630.1066762491536 0.6012002479745866 -0.6066693372995821 0.11965322441426836 25 753.0 7198.0 -9.643029605792231 -0.11797169752078167 9879.407987172013 -9.986827301851735
18 28.794236230652952 634.6950886531016 0.5345116079214919 0.26816038091547495 -0.08422171565117895 25 1022.0 13520.0 -10.327441729014042 -0.221985353690419 20398.5717316723 -10.7739994000882
19 678.1312006415285 665.5442408377618 0.40665587712016615 0.7418650471124135 -0.01984913431313572 25 534.0 4929.0 -9.231897045386809 -0.09660643111970896 4976.897812203811 -9.242396809288424
20 399.8288319695056 688.7431685558431 0.6039471450624746 -0.0508356067660073 0.0542776714225974 25 1173.0 11502.0 -10.151933408154266 -0.610580396829742 15189.5508363472 -10.453862329294886
21 382.79192566836247 729.7250374544939 0.4816770531454363 0.14645524854438086 -0.18367198831790713 25 827.0 8782.0 -9.858983581920922 -0.33124740179616835 11747.336203234123 -10.174848495585099
22 617.565664409074 783.5223668040175 0.44573296506650206 -0.1454399913503827 -0.24608316042840245 25 664.0 7228.0 -9.647545359722237 -0.13542783346502324 9322.642200864704 -9.923847541247175
23 582.3815940945668 786.4465352995225 0.40932549343107044 -0.2984343660153508 -0.041671534465642195 25 847.0 9216.0 -9.911356165197843 -0.4094437521239285 10526.587682211173 -10.055719030775643
24 514.2780486152992 825.837442488267 0.52358538009652 -0.37980546775145657 -0.4856078712911394 25 613.0 5623.0 -9.374920208773506 -0.05087886987058261 6543.57437769786 -9.539537607988914
25 77.85116605580433 832.1308453839704 0.29230658712899527 -0.27247180760424644 -0.8044140431952433 25 1131.0 19829.0 -10.743252031928698 -0.17029263506617986 54610.170622873746 -11.843183833595624
