test_CNN/outputs/tables/00237_b21098m0s0_sources.ecsv
# %ECSV 1.0
# ---
# datatype:
# - {name: id, datatype: int64}
# - {name: x_centroid, datatype: float64}
# - {name: y_centroid, datatype: float64}
# - {name: sharpness, datatype: float64}
# - {name: roundness1, datatype: float64}
# - {name: roundness2, datatype: float64}
# - {name: n_pixels, datatype: int64}
# - {name: peak, datatype: float64}
# - {name: flux, datatype: float64}
# - {name: mag, datatype: float64}
# - {name: daofind_mag, datatype: float64}
# - {name: aperture_flux, datatype: float64}
# - {name: inst_mag, datatype: float64}
# meta: !!omap
# - {date: '2026-06-11 15:15:19 Eastern Daylight Time'}
# - version: {Python: 3.11.15, astropy: 7.2.0, bottleneck: 1.6.0, gwcs: 1.0.3, matplotlib: 3.10.9, numpy: 2.4.6, photutils: 3.0.0, scipy: 1.17.1,
#     skimage: 0.26.0}
# schema: astropy-2.0
id x_centroid y_centroid sharpness roundness1 roundness2 n_pixels peak flux mag daofind_mag aperture_flux inst_mag
1 307.58051815858937 8.229433612085566 0.4102995729233183 -0.1358567434533038 -0.27002893436216446 25 731.0 11247.0 -10.127591737853033 -0.3459496902183357 18566.093861625304 -10.671801354289638
2 605.6582718030007 8.372994588494334 0.47132869481395206 0.11341359916900465 -0.16431406466173548 25 1131.0 18407.0 -10.662457530791151 -0.5779290026113395 32668.82059753882 -11.285333639890267
3 574.5235916700609 10.718730886706823 0.4595596742138709 0.03702877707053499 -0.08891428541561823 25 422.0 3789.0 -8.946311513187483 -0.28861452379144054 4588.436409921044 -9.154161793238222
4 831.9556171140582 11.211381582894996 0.5221496606260737 -0.5141852461787969 -0.3032540684497151 25 814.0 7713.0 -9.718058328406308 -0.9003387427465258 7854.418547604224 -9.737785100774905
5 376.0256865212077 12.598106790598742 0.5216398655204967 -0.14038490962420672 0.2756280666603383 25 1773.0 17596.0 -10.613534883262064 -1.6888230899162164 21416.411570249107 -10.826866760801435
6 119.70733654392343 14.18931729565698 0.4856224635937922 0.14857510769475216 -0.2797453857070418 25 457.0 4253.0 -9.071738456785058 -0.3694284611958739 5019.8400480995115 -9.251724697576456
7 374.84329557321144 68.85787185300818 0.6082067512484362 -0.12137699272706454 0.07139191179561456 25 385.0 3056.0 -8.71288337475913 -0.12309908092090485 4352.300546037624 -9.0967971943097
8 166.56134769766896 77.80605284275494 0.6368960493348543 -0.4214558653923453 -0.22498694225840757 25 494.0 4136.0 -9.041451325214716 -0.3400077026246926 6561.593904573384 -9.542523371258726
9 133.18534166527346 84.07718100162488 0.5527935107961424 -0.054102167109499825 -0.2104881112817944 25 1037.0 7034.0 -9.61800590995231 -1.3268520150129373 8514.23939533301 -9.825364642736007
10 545.6081958996808 89.69625450486828 0.47734168231460095 -0.4806923625492336 -0.16907428870847505 25 865.0 7886.0 -9.742141931843012 -1.046807036175407 8041.965573239573 -9.76340552401121
11 118.45847222598653 92.74873314675072 0.4010184019163723 -0.6514400811483796 0.19348063546295816 25 3476.0 76034.0 -12.202519596177163 -0.7971201102384269 283029.8427107455 -13.629580575041274
12 755.5671761526615 90.92626902979276 0.44779973597132805 -0.2346286339362526 -0.06942359717756975 25 750.0 7066.0 -9.622934082747067 -0.9022262160094042 9169.840723561936 -9.905904480538494
13 125.25117876526458 92.6823216323307 0.3887682182768903 -0.17511915262997652 -0.009066917970667245 25 3229.0 69383.0 -12.10313268512133 -0.8826411633416411 185809.55070633983 -13.172670082976941
14 117.51765190521637 95.77505466159451 0.38725285036817475 -0.05654914527633579 0.02584745609412276 25 3358.0 72339.0 -12.148431252165617 -0.8660719303550195 244203.52529949122 -13.469379822722662
15 329.2428350682974 104.3927652081344 0.48001625247950813 0.5227002923728314 0.07441670544036942 25 404.0 4056.0 -9.020244865813199 -0.20161397318182994 6882.764637691186 -9.594407296795985
16 793.8555138060968 104.51739739059816 0.43653751421662457 0.027241637505635116 -0.5479589416800096 25 2175.0 42696.0 -11.575967974488828 -0.7537787928862488 85167.72335198379 -12.325687595309828
17 387.55451271872903 110.36292830465239 0.598590050551569 -0.5942858499769774 0.013941728515835576 25 2108.0 20583.0 -10.783771685115184 -1.7687447095201625 24676.906749481786 -10.980726799887599
18 169.9304301491464 113.06272123766863 0.5413166171733793 0.1387609648060582 0.2192839709775465 25 984.0 7797.0 -9.729818835551688 -1.1862919074687486 9615.849290674845 -9.957469120023013
19 41.24478992901946 138.66781791730688 0.3868764152225605 0.19293536360626198 -0.28392194196357123 25 2329.0 45155.0 -11.636764616534212 -0.9786133254465447 91266.28289059227 -12.400775907168512
20 87.10655493847334 140.378586815547 0.5303263845696032 -0.4996687661528178 0.19654630317009225 25 379.0 3045.0 -8.708968242422236 -0.14237787239320576 3547.248123708494 -8.874728919156015
21 223.49796015506266 142.75439619355538 0.47613198463501766 -0.4475857904842161 -0.021809284328218874 25 358.0 3182.0 -8.756750438276407 -0.1668219432849419 3683.5247858750618 -8.915658991254746
22 783.2864055332208 162.83170948949316 0.4578973572061143 -0.3492299863937295 -0.32464747564519614 25 1046.0 18225.0 -10.651668842475031 -0.39078068647894265 34347.03653271683 -11.339723180053056
23 607.9051645236063 162.55442227664136 0.44699527462518046 0.2084864333547982 -0.08356205361277548 25 565.0 4351.0 -9.096472708231792 -0.7335328864364548 3847.561910871252 -8.962964041910793
24 734.4268698664633 173.1657521202083 0.37942111456831695 -0.4390105022574917 -0.4785352881866625 25 387.0 4394.0 -9.107150131461228 -0.18047121719936887 5374.250091260022 -9.325794681260271
25 225.97699958505194 185.67294229854426 0.6905862559146414 0.1285475370733105 0.15438354394287385 25 1312.0 9743.0 -9.971731756374542 -1.3357272709010708 10726.78791666207 -10.076174235271436
26 467.9355430613117 187.85087018342992 0.36899283317820825 0.2713203540091282 0.1623363063786896 25 2785.0 43179.0 -11.588181450280912 -1.8021922356827627 60921.99018601599 -11.961935205828048
27 147.73526608009013 190.90154863126236 0.7148706069410241 -0.2353249519073081 -0.12599981962898982 25 375.0 1724.0 -8.091343153721734 -0.14697579858092436 2900.088161769903 -8.656028001288945
28 50.48142040742787 195.81924652371836 0.4462525346145421 -0.9358913911308953 -0.42381015481667983 25 448.0 5553.0 -9.361319183681417 -0.020216629694878967 7422.995536647689 -9.67644799854261
29 255.19724815371777 200.56911862051123 0.46220193361183587 0.8220134333855943 -0.17125436173747707 25 324.0 2765.0 -8.604237839101792 -0.07446440701340791 5617.884662303429 -9.373932046740542
30 171.98454955147236 203.24735256594238 0.5118002661559234 0.4891122707537546 0.1251278086783096 25 351.0 1692.0 -8.071000896757512 -0.3309511660944236 nan nan
31 39.391750270735 216.2857253939834 0.7019990340718002 0.2370990714524379 0.00758111871979978 25 492.0 1753.0 -8.109454790234487 -0.4983524408631368 477.0756195208556 -6.696468057336812
32 554.883545601077 232.415062744866 0.45623239268036203 0.5225885007303249 0.5250077252307472 25 552.0 7143.0 -9.634701625311356 -0.24801952381168318 11419.318524095213 -10.144100467730805
33 152.83787596191772 234.0970723494692 0.4287556424362171 -0.22721213490774475 -0.17386253982787078 25 2999.0 58877.0 -11.924864182474483 -1.1980254662450847 166557.14204860094 -13.053908150445409
34 279.2428968066799 233.59795717895122 0.5168376491241524 -0.09305641425829997 -0.33301190779049655 25 391.0 2488.0 -8.489625940046952 -0.344912259379891 2456.6478377407543 -8.475857261277955
35 189.10331210579236 242.7451032338289 0.6237979823350124 0.08113761851134826 -0.05014252227429789 25 1165.0 9451.0 -9.938694407914687 -1.234178934704728 10435.456927639003 -10.046278674665087
36 89.15276919106053 256.56294623344786 0.6478952110922473 0.08790420339809735 0.07580970371938331 25 1004.0 7784.0 -9.728007068150738 -1.0652651860454996 9787.050291210302 -9.976629549917144
37 15.015778544943133 266.56197874779775 0.5367583401695925 -0.04534403976237866 0.13260178644848886 25 448.0 1958.0 -8.229531718667797 -0.5390690477668599 nan nan
38 779.7999860292107 271.58756485958276 0.6569616515961169 -0.6966599327718543 -0.3237731205897592 25 455.0 4091.0 -9.029573698745935 -0.16274248323906862 6652.7674144465645 -9.557505851156792
39 684.3736660891786 291.7138298712886 0.42799759091988726 0.2543085966754266 -0.12836924120141596 25 389.0 4136.0 -9.041451325214716 -0.14280803392337096 4673.182840345827 -9.174031933301118
40 680.6265503440903 314.45262307768326 0.37410557508869513 0.15351863980080288 0.19673844827458675 25 647.0 9788.0 -9.976734901699379 -0.33004302204776925 17737.697578197734 -10.622243115123393
41 511.781802807283 322.3989597682129 0.49246549103539916 0.028374314483025718 -0.2175319198877368 25 1176.0 14099.0 -10.37297077634002 -1.0756128034456396 17675.000523360162 -10.6183985883212
42 297.3893245763462 324.3695625399662 0.6397956084797681 0.5768869193693501 -0.021928353007013325 25 317.0 1738.0 -8.10012443028162 -0.02840723688506172 953.9932088951102 -7.448863207855947
43 164.16747965201336 327.45298532878195 0.7562097254124012 0.30130389600683405 0.573543715559572 25 432.0 1962.0 -8.231747507609825 -0.2537229715732905 1975.3056284402599 -8.23908575304047
44 252.21133091389999 333.04019109816755 0.7569173775885144 -0.6361573280080574 -0.4889139636113654 25 424.0 3091.0 -8.725247512658262 -0.03782525165546612 5790.120585044173 -9.40671902109491
45 461.03722483326 344.0861126023376 0.6098003046382853 0.9500128230665755 0.44723197798366215 25 463.0 3492.0 -8.85768558758383 -0.2677213007396587 4190.944823531948 -9.055779857767414
46 717.1948614907828 349.12936812902626 0.46648283824089354 -0.5468560727015824 -0.44235938300355904 25 3177.0 67234.0 -12.068972374531686 -0.8100300507764104 199925.68104978098 -13.252171460305943
47 576.5331010625342 347.52966846967684 0.5751668156643971 -0.14921582562866023 0.018826574089932845 25 1596.0 15865.0 -10.501100191091076 -1.4835435103013572 19570.698002995225 -10.729015788396827
48 26.574093343664337 350.59788380305463 0.5468369459221893 0.7317003668621134 0.3985460620172236 25 366.0 3265.0 -8.784707964027731 -0.03875585997776778 4484.200765040276 -9.129212621090389
49 237.06224895054405 384.8104259862525 0.5747478713704924 0.2753878236512882 0.8261687554141414 25 637.0 6440.0 -9.52221466839953 -0.46150370937847524 9734.595145202195 -9.970794735592655
50 414.7675696352193 394.68248985843957 0.47026895656539575 -0.21866921987188634 -0.5393613842099871 25 2883.0 58200.0 -11.91230746162472 -0.9217876865617725 132718.89348787666 -12.807331880511816
51 195.72839579408168 394.9378270503793 0.5497463851793412 0.1686034961057095 -0.009050524233846042 25 804.0 5305.0 -9.3117134705934 -1.035878080263091 4563.553726765932 -9.148257919624385
52 417.8444292022122 400.3002595513822 0.49571864191752385 0.43459817740468476 0.3987955543354058 25 1278.0 18933.0 -10.693048587236095 -0.9509498827132481 69533.63023424993 -12.105487259410626
53 779.0921859973804 406.2609849642546 0.555075249393769 0.33014334357651026 -0.6398725508701735 25 960.0 14115.0 -10.374202206207347 -0.5267681687742116 30824.357867822902 -11.22223509537819
54 183.13549202260614 423.99380803410645 0.4085931653406921 0.21562181302258102 0.13417265488412336 25 664.0 6061.0 -9.456360710025026 -0.8775355833813543 7182.11536520746 -9.640630942127812
55 292.1146931369305 437.42526714154394 0.5619745763332906 0.7527915127808184 0.32773509742611595 25 457.0 3578.0 -8.884100840578386 -0.33090755114589504 4741.330769955184 -9.189750635268183
56 33.45293429347202 443.66938750768946 0.5332608130113013 0.3505433951815146 0.09343792136926113 25 467.0 3362.0 -8.81649427275863 -0.43291064050621963 6009.615194686843 -9.44711666079951
57 170.28002036713994 444.8637322359867 0.6481229484178649 -0.42282350208565955 -0.567639567253396 25 375.0 2459.0 -8.476896321846793 -0.08597982994805956 1141.1291524149556 -7.6433370010693995
58 195.0605980555267 450.73482947556715 0.5036635800835647 0.3125565423367783 0.4384141753425348 25 292.0 1762.0 -8.115014760190073 -0.05334194875957378 1107.4890459673268 -7.610848598412776
59 429.95816337704684 452.42912239178054 0.5028895076547206 0.17397900375443975 0.2890792346881088 25 485.0 4739.0 -9.189216771748503 -0.31580950835437016 4474.5212634228765 -9.126866440595862
60 95.92548348971746 455.98513895017743 0.49225041875124065 -0.240745583292147 -0.890157744279487 25 899.0 10278.0 -10.029771533372884 -0.7940295638973254 12847.35711647772 -10.272034490806366
61 214.72008393184302 460.7572210089661 0.5324176791533799 0.08030500828976278 -0.2038910849775875 25 528.0 4526.0 -9.139286374046774 -0.4957397786632314 5438.585104225489 -9.338714822153637
62 466.81798289435403 467.96302460453256 0.3686002039279917 -0.5449561722194095 -0.18579631886019574 25 3141.0 68422.0 -12.087989411551472 -0.7275096813801591 209805.76937078687 -13.304543566310269
63 152.96698346330226 473.54780539657884 0.45132652225649333 -0.04834454804935702 -0.11300467758115941 25 330.0 2590.0 -8.53324941020313 -0.1496291010644733 2252.2025111789103 -8.381518595924883
64 664.920318820666 488.06124375608556 0.45821914782864576 -0.17821358768656767 -0.17597393372882833 25 672.0 9791.0 -9.977067626418698 -0.2926721764499796 16645.32559230208 -10.553230736574486
65 168.48734325033706 502.05846532256487 0.4277128252964519 0.21778658632519673 -0.029340219701733297 25 591.0 6998.0 -9.612434845367218 -0.49869631019872196 10863.828524271048 -10.08995725511017
66 351.7332921470861 511.30276777279374 0.3805728786449665 -0.041244459819138636 -0.2499044679693631 25 621.0 10170.0 -10.01830238230686 -0.1410059099507598 19762.412782716976 -10.739599915691167
67 762.7648576267034 520.8489518304353 0.5389228356499131 0.29415311627659796 0.04778754983381246 25 569.0 5912.0 -9.429336063466923 -0.38885863743433474 7460.662531322727 -9.681943489901954
68 655.1275239307001 532.1457972174262 0.46929527403167137 -0.28904781403366503 0.009451292731569902 25 616.0 5728.0 -9.395007523249499 -0.6515565934707457 6486.310823946215 -9.529994390556498
69 298.3978005265148 534.1137518124679 0.6597906500787554 -0.11290818040916889 -0.7267091216234145 25 618.0 5220.0 -9.294176257505654 -0.4414081449100979 6246.106229134624 -9.48902341528727
70 353.0417212161464 534.1867618441632 0.5985907226593028 0.3313446005931698 0.39247928736551474 25 1439.0 10996.0 -10.103086827928578 -1.521648819763404 12724.520267419179 -10.261603544488583
71 48.74612491751002 553.2542597705396 0.41001106996141845 -0.32115111359251136 -0.18413795699841876 25 1457.0 24404.0 -10.968652540800875 -0.937634795863189 43632.75402110784 -11.599531564350096
72 203.2797746918194 564.5766316775599 0.6107290709760046 -0.541731276352007 -0.04853010722464686 25 817.0 7050.0 -9.620472792478497 -0.8330807624750398 8125.295705027085 -9.774597938196402
73 231.5703466706327 568.3931639492353 0.4518727258408971 0.10438111053307308 -0.01467344010703829 25 1067.0 16853.0 -10.566693051961389 -0.6982091472082695 30179.597721562004 -11.19928361639298
74 680.9234863649771 588.7725936603035 0.4174324614799084 -0.2943968159545721 0.37199358551392103 25 729.0 8998.0 -9.88536497207387 -0.6491930318233381 13512.010209089207 -10.326799911742903
75 313.63802016005616 606.9246666407608 0.7874892668237977 0.12468506822713245 -0.480502852177491 25 418.0 1541.0 -7.969506596796049 -0.1993779172027758 877.5817412864575 -7.358218947136131
76 90.88650746020508 609.417249749019 0.6609237880714021 -0.3856365122392351 0.10194809244023015 25 1546.0 11783.0 -10.178139694203239 -1.5412113640877134 15178.26226739926 -10.453055131981772
77 482.12032770700785 613.5069224363708 0.47239896736579634 0.08608895214649748 0.14192883139224985 25 553.0 5207.0 -9.29146894418923 -0.5329359685841114 4643.804459827196 -9.167184810716538
78 505.9777477432872 626.2785884762393 0.6447679910739612 0.24319963605894007 0.017247305180817293 25 908.0 6929.0 -9.601676403333522 -0.9660370739502978 7969.400071142486 -9.753564073377694
79 633.9577267456342 629.8477058188654 0.47758347813079993 -0.05818618935761553 0.157622541609239 25 762.0 7253.0 -9.651294193654365 -0.8464349081178411 8886.43215813997 -9.871818574234833
80 513.9905391403946 633.2982427222448 0.5185535582021823 0.533666594076081 0.40245005400071776 25 463.0 4671.0 -9.173524668219457 -0.20516996177986374 5403.384948925966 -9.331664771818119
81 189.23870144221934 637.5333181100575 0.6765358492082164 0.5440226305285027 0.19974013783140546 25 723.0 5232.0 -9.296669338290528 -0.7282179827111229 6696.650853482115 -9.564644141263516
82 149.6429915876461 683.1870647917358 0.6678349130695854 0.4255359335696311 0.2906942791527586 25 358.0 2411.0 -8.455493025943635 -0.01568868608119778 1483.3497707638182 -7.928108922078684
83 117.96160074426007 684.3667251713741 0.48429212766358665 -0.24866607445528424 0.15131229292662268 25 376.0 2834.0 -8.630999614778604 -0.1984016621391274 2367.463201655245 -8.435708093325267
84 400.54435154782107 683.8825109952637 0.6354717147608031 0.14036385301504903 -0.6380679634303278 25 404.0 2977.0 -8.684447086616812 -0.1343124987788531 5889.4912023745055 -9.425194443442424
85 89.06658560576986 716.2622530652716 0.38997627655198974 -0.12272066802974256 -0.2040129955091315 25 2196.0 40609.0 -11.521555737710003 -1.0781346393106352 76870.67429382018 -12.214401726570687
86 24.610323068210526 737.0811197072859 0.392637439156743 -0.21547723269045527 -0.006209738892740989 25 3260.0 68307.0 -12.08616302954049 -0.9516357797773632 159863.87122077553 -13.00937581380072
87 509.5390714405282 742.0419511433242 0.4111160847281021 -0.013895870117461306 -0.24202431147438816 25 454.0 4954.0 -9.237390005624546 -0.28626488098923686 5586.800683498496 -9.367907944016643
88 431.9628181966215 748.9132502482382 0.7259170664408977 0.3877213791015105 0.19809871778996313 25 365.0 2063.0 -8.28624806993288 -0.04423277650782626 3131.271277486423 -8.739301735803588
89 433.5825023399099 803.392184358008 0.5412150063628982 -0.6442815563630131 -0.1878393287999473 25 588.0 5651.0 -9.380313268244745 -0.49051654279450074 8012.417006816946 -9.759408860242893
90 690.4241877893238 808.5171940945522 0.4114496421113002 -0.34675379057081707 -0.40489884326620473 25 2092.0 37749.0 -11.442263628308101 -1.1106807976271917 101759.96280576686 -12.518942348914022
91 121.72506595170309 824.4422200895553 0.6179656366110997 0.3428206389977233 0.034675533522085855 25 756.0 5408.0 -9.332591707333949 -0.8638375450949125 5820.508225577601 -9.412402268294574
92 78.8349026028387 828.5248089005823 0.42217798189280425 -0.16158327517166962 -0.41937951650285427 25 2912.0 57983.0 -11.908251704235099 -1.0557033486197138 121133.2388235663 -12.708158323525359
93 136.95441330372626 828.9322983196028 0.5904773069865406 -0.286162439409415 -0.36217769363107677 25 385.0 3320.0 -8.802845209260092 -0.05091813941998656 3613.0888195571742 -8.894696594599157
