test_CNN/outputs/tables/00238_b21158m0s0_sources.ecsv
# %ECSV 1.0
# ---
# datatype:
# - {name: id, datatype: int64}
# - {name: x_centroid, datatype: float64}
# - {name: y_centroid, datatype: float64}
# - {name: sharpness, datatype: float64}
# - {name: roundness1, datatype: float64}
# - {name: roundness2, datatype: float64}
# - {name: n_pixels, datatype: int64}
# - {name: peak, datatype: float64}
# - {name: flux, datatype: float64}
# - {name: mag, datatype: float64}
# - {name: daofind_mag, datatype: float64}
# meta: !!omap
# - {date: '2026-06-11 11:14:46 Eastern Daylight Time'}
# - version: {Python: 3.11.15, astropy: 7.2.0, bottleneck: 1.6.0, gwcs: 1.0.3, matplotlib: 3.10.9, numpy: 2.4.6, photutils: 3.0.0, scipy: 1.17.1,
#     skimage: 0.26.0}
# schema: astropy-2.0
id x_centroid y_centroid sharpness roundness1 roundness2 n_pixels peak flux mag daofind_mag
1 435.1430005281722 9.658605666142364 0.446549382405265 0.28611804163351257 -0.11001965010876652 25 708.0 8818.0 -9.863425236225758 -0.017199477424053738
2 610.6422007302752 9.04585917232738 0.5121953185279122 -0.33625905896005964 -0.19758241493256912 25 980.0 12093.0 -10.206335132181783 -0.3103750720654004
3 728.8126193950355 39.95295114561285 0.5741514134372359 0.11713113953889527 -0.2896302549963887 25 1005.0 11435.0 -10.145590422356918 -0.2950068303358379
4 460.2382164646582 53.16679029410723 0.42726412936078983 -0.15536502155426188 0.022493089942725475 25 826.0 9814.0 -9.979615134112242 -0.23229933297060937
5 235.93647660162748 54.069329930801516 0.5031811506577315 -0.22471859554801543 0.2748507300892566 25 635.0 5434.0 -9.33779908520468 -0.10508812236812215
6 800.7691764163906 72.48548747370263 0.3970461190655926 0.613786474933552 0.25838339328761634 25 862.0 11472.0 -10.149097845809312 -0.18289484544388
7 695.3341713332694 93.98316358195537 0.49799017668840057 -0.02259112242078486 0.25736545298830976 25 1112.0 13652.0 -10.337990699016505 -0.3922556810141597
8 786.7687665510946 128.99560198259383 0.45356034253520944 -0.5271938990387678 0.18066804772728745 25 708.0 8852.0 -9.867603513138052 -0.028577676874919966
9 310.2947219078392 156.91999963735876 0.46703947829175335 -0.6294920412007877 -0.23362607514539369 25 907.0 10936.0 -10.097146253899414 -0.2382387395291587
10 137.52113006025093 161.447030363255 0.36337712092985847 0.22541812776085104 -0.48398582057533085 25 1050.0 14380.0 -10.39439721511716 -0.4391653916892791
11 379.7946226772417 164.4197017832789 0.4382368846942283 0.654441199269512 0.04111245196418914 25 1228.0 14744.0 -10.421538305527545 -0.6570165043828056
12 459.41778927703086 187.4259808550492 0.4678002268400033 0.14784043359092325 -0.02406316778109099 25 649.0 6810.0 -9.582867779781964 -0.10903332831570399
13 304.18466549035253 190.23062690281526 0.4697267723149243 -0.19510887848426148 -0.16376361626851918 25 1237.0 13293.0 -10.309057511878185 -0.7362942187332677
14 108.28725369480549 206.20992369554267 0.5557383076617505 0.15816476517779635 -0.30864155799606674 25 906.0 8587.0 -9.834603657246802 -0.38017814559154417
15 628.5743413988918 234.9742542134125 0.4747344188281757 0.2506602527718351 -0.11613110650432037 25 1001.0 9786.0 -9.976513028559799 -0.5914880987624026
16 460.6123818022325 245.42784185412583 0.47918543348387455 0.47976296025125764 0.3756015473652085 25 1030.0 11812.0 -10.180808595732602 -0.48307338625310725
17 168.1132099618639 253.564886400612 0.5093109534588612 0.6777207655700744 0.38601492088909545 25 887.0 8848.0 -9.867112784901558 -0.38523984051140664
18 175.0322046703152 264.79119863468674 0.35802927807555684 0.8094721790828205 0.5719964210646643 25 806.0 11897.0 -10.188593653964034 -0.006115533598643521
19 260.43678246440476 302.3544087179947 0.6192986526436104 0.08099226066446837 0.12526119925360257 25 732.0 6097.0 -9.4627904875548 -0.1513330558263081
20 91.20594450254079 326.274303771783 0.3655269519597065 0.07009508293762462 0.2659101854177281 25 1543.0 26377.0 -11.053063498350458 -0.4648991300641137
21 695.1690495554983 326.96965358581417 0.46874514397035305 -0.5433664614892159 -0.19716555425263407 25 820.0 8681.0 -9.846424390552652 -0.3088252162797696
22 582.0110360695834 329.0191277115176 0.32450155983504797 -0.21560407339506457 0.6059021289031744 25 1064.0 17370.0 -10.599499546117748 -0.13639802849028435
23 801.8663238137069 348.8482139466428 0.4961860628702792 0.1329253357790376 0.0663665400922913 25 1154.0 14527.0 -10.405439841325405 -0.48683315383586506
24 225.8909277758878 369.1023642886663 0.4060826460945297 -0.7384264062759331 0.22891601278948345 25 569.0 5833.0 -9.414729941075038 -0.02274698702291459
25 311.82335371971817 386.2866570511635 0.36006589261165023 -0.059141377935715236 -0.289529870122169 25 558.0 6089.0 -9.461364935136306 -0.031215788144987672
26 170.703836749509 420.80109842387753 0.4304751761340106 -0.4339183464733421 0.007689188090887588 25 630.0 6062.0 -9.456539830079008 -0.12344197290003897
27 474.9386289691859 430.76009769217933 0.3794506205191519 -0.4783045493228427 -0.36893941203110014 25 1144.0 14105.0 -10.373432726228462 -0.6572706751601327
28 727.4525468773745 446.53511864707855 0.46897647463753833 0.3136166487213535 -0.0789073837875508 25 614.0 6777.0 -9.577593714100063 -0.020525174936389765
29 343.54208691217224 468.84341349740066 0.3826297404670561 -0.7037300760334037 -0.2587570208798145 25 1115.0 18725.0 -10.681054565928761 -0.12529109964246096
30 423.29031798566 492.80183430741994 0.47972611082531397 0.22705156776695837 0.23646202114709428 25 731.0 7058.0 -9.621704135059876 -0.27010709498371666
31 23.743191537037095 508.7259317135195 0.43372652776717907 -0.6075220996531342 0.00017905326086193162 25 1432.0 16711.0 -10.557506098026025 -0.8779928912323259
32 631.6495735145463 509.3948463400345 0.5607825291502975 -0.6421858254536983 0.0189244186542699 25 1111.0 10687.0 -10.072139523476109 -0.6055422668665595
33 637.9867670897385 557.4227878920303 0.5120824280813204 -0.2545196495094887 -0.0673674261450741 25 719.0 8044.0 -9.76368015481176 -0.08461792291574262
34 801.13668555609 567.4958617689351 0.45494854496116394 0.7474620913981916 0.20677470307731072 25 987.0 14221.0 -10.382325341056813 -0.20789309078220003
35 89.55098365996324 604.5928353936293 0.5337086925722371 0.30185652214014774 0.15060275412108262 25 677.0 6800.0 -9.58127228176559 -0.02092458363809717
36 799.2250425491305 611.519765474259 0.38607547719787594 -0.27654825897010066 0.26239157400873026 25 981.0 14142.0 -10.376277082269919 -0.285769478851058
37 568.0643298025328 646.0254096021188 0.5527645400903374 -0.1760117800260157 -0.13277933741205397 25 650.0 5991.0 -9.443748298975912 -0.059626117995416054
38 782.9613102327189 645.7528639113129 0.5099869255432168 -0.13091236336348908 -0.0574481974772755 25 724.0 7369.0 -9.668521391306978 -0.1632520825800511
39 556.7830611979659 653.8422260201595 0.5147858125170514 0.4961672774078386 -0.08112987459324911 25 654.0 5404.0 -9.331788350874982 -0.18990924406833534
40 223.44346210300637 721.8107019916944 0.5014917354751318 0.7078568914312067 -0.1262477284210864 25 765.0 8516.0 -9.825589131915713 -0.15877978778643023
41 18.40063352350082 724.8400720398722 0.48138260487025053 0.40813112968633936 -0.017095492469396095 25 839.0 10588.0 -10.062034831573277 -0.13993220099364162
42 163.17137448952838 756.0503261706638 0.5466680799898979 0.25594538244496634 0.1746478142103447 25 693.0 5713.0 -9.392160560151373 -0.2149484936152692
43 72.82215725891787 787.9063472641404 0.5852394492767241 -0.19705166762807205 -0.05806010984822606 25 1253.0 13184.0 -10.300117985882602 -0.5990906075828679
44 774.1659541618452 798.1436415619105 0.39241420898053353 -0.04773937365524606 0.057934985272121986 25 1518.0 21081.0 -10.809728020642202 -0.8025070901039415
45 394.21935759379477 805.9381090862701 0.4863720446156895 -0.6165942154053683 -0.2992386518668552 25 905.0 10205.0 -10.022032522630225 -0.33730491142476127
46 267.8453069822873 806.6087706211056 0.44590005406237054 0.3667739345115627 0.056886043290473365 25 964.0 11016.0 -10.105059818122168 -0.45550629673953225
