test_CNN/outputs/tables/00236_b20115m0s0_sources.ecsv
# %ECSV 1.0
# ---
# datatype:
# - {name: id, datatype: int64}
# - {name: x_centroid, datatype: float64}
# - {name: y_centroid, datatype: float64}
# - {name: sharpness, datatype: float64}
# - {name: roundness1, datatype: float64}
# - {name: roundness2, datatype: float64}
# - {name: n_pixels, datatype: int64}
# - {name: peak, datatype: float64}
# - {name: flux, datatype: float64}
# - {name: mag, datatype: float64}
# - {name: daofind_mag, datatype: float64}
# - {name: aperture_flux, datatype: float64}
# - {name: inst_mag, datatype: float64}
# meta: !!omap
# - {date: '2026-06-11 15:15:18 Eastern Daylight Time'}
# - version: {Python: 3.11.15, astropy: 7.2.0, bottleneck: 1.6.0, gwcs: 1.0.3, matplotlib: 3.10.9, numpy: 2.4.6, photutils: 3.0.0, scipy: 1.17.1,
#     skimage: 0.26.0}
# schema: astropy-2.0
id x_centroid y_centroid sharpness roundness1 roundness2 n_pixels peak flux mag daofind_mag aperture_flux inst_mag
1 82.2168818347434 4.607300312351104 0.4418198070121326 0.6551724126642957 0.24931552724043893 25 421.0 3701.0 -8.920797712737778 -0.22769387095980426 2676.1612126633204 -8.568780679747336
2 59.4427680436372 22.7957014394345 0.5918765622899871 -0.4927496392948351 -0.15196553741314694 25 604.0 5701.0 -9.38987760251033 -0.3816004648608835 7512.740283815427 -9.689495938738741
3 623.9326293065703 47.69036042072363 0.5156063198154199 -0.37413927679232645 0.3483608971838502 25 983.0 11067.0 -10.110074774866165 -0.852280443331316 15371.145310398544 -10.466765570417365
4 497.7492584868026 74.63332266680885 0.45784389292733996 -0.44360359930807264 -0.44365872871041223 25 596.0 8759.0 -9.856136315856194 -0.10158379258825159 16924.220344394085 -10.571271677451072
5 127.20925916860622 92.5094011727216 0.399531356815122 -0.032467525856224325 -0.8951828046448478 25 3081.0 66010.0 -12.049024331878964 -0.7099869888478108 156772.65017584316 -12.988175749925073
6 111.804870581126 94.01133544819986 0.4262808884748133 0.01690737155949024 -0.5856636939855329 25 3450.0 72461.0 -12.150260808081692 -0.8778139813543351 166212.5774781666 -13.051659710513864
7 18.894135796349225 99.74652801173794 0.5648486950354347 0.29452908666640415 0.2985921517881487 25 756.0 6940.0 -9.603398676137138 -0.6372628430938626 7963.750509811051 -9.752794114730227
8 57.83743132821488 102.15264349000716 0.4263763069175502 -0.5329201540852745 -0.05249992134837427 25 1940.0 25898.0 -11.0331655663323 -1.4941921164421978 34735.67152715981 -11.351939248217446
9 544.9459182643213 120.50462813384205 0.38463981632659144 0.7003973828840462 -0.014692811693519235 25 1449.0 25803.0 -11.029175505964524 -0.7016905930275577 55809.64324327968 -11.86677311587012
10 383.36765274776974 145.53983511585523 0.4865481783313382 -0.14380190137440954 -0.13579163981604633 25 487.0 3944.0 -8.989842265672934 -0.3907503718268096 3259.9760682963283 -8.783036029736568
11 811.265007499364 178.6700178471113 0.35577263511559026 -0.5788309574630324 0.1495635813363584 25 572.0 8202.0 -9.784799412378666 -0.24470052102233772 14286.466389755415 -10.387312059520827
12 72.13682950985977 187.09771188661298 0.46837384197824605 0.2641680046376617 -0.09059340163939715 25 828.0 8695.0 -9.848173965846827 -0.8174762625853417 10143.510600069281 -10.01547071845361
13 127.57846000491497 196.12011250857864 0.3902630872312853 -0.06779603854827262 -0.19566189632501868 25 692.0 8305.0 -9.798349091968534 -0.6461997988012926 11139.341982228776 -10.11714884290949
14 591.4590490683066 195.59037616439906 0.4862076422048712 -0.5299771467694975 0.1512369985634007 25 736.0 9290.0 -9.920039284984105 -0.44326286084902444 13043.017293051354 -10.288445175219337
15 126.175213471651 207.8648588792605 0.4837666377007444 0.2436041961704156 0.37776194457033896 25 819.0 10581.0 -10.061316785967879 -0.523412434959522 14490.517385680767 -10.402709730712909
16 104.82434877904764 232.09543686174894 0.5843204942742192 -0.6368309233769599 -0.49388678389015545 25 943.0 12499.0 -10.24218817014922 -0.5415484286556049 22875.443785079126 -10.89842382040266
17 154.93767501648375 233.43894836514514 0.3843095542160059 -0.11159160608067267 -0.7255556619480267 25 1670.0 33910.0 -11.325819474445215 -0.3157493628002728 97374.88891340134 -12.471117438079617
18 252.38032366279234 273.55692453117837 0.42223371010205035 0.3439183946565849 -0.08672542477593262 25 480.0 5003.0 -9.248076257208522 -0.29164815150070766 5597.673060752064 -9.370018823366754
19 538.3331470415236 279.66316510252585 0.38746527698868827 -0.04793901447078425 0.4232144363210572 25 488.0 6188.0 -9.478875762568325 -0.1465441264431205 7769.636358222536 -9.726001732551506
20 374.9256148375257 284.90062043382403 0.447826441266693 0.39652841976045333 -0.046107000363822426 25 390.0 4132.0 -9.040400782118956 -0.02036713868015202 5688.665090774055 -9.38752591566824
21 327.0313911772183 293.42376990700984 0.4060550796029798 0.06625205425403292 0.2002662993588401 25 636.0 7125.0 -9.63196217170137 -0.5751015221319247 9796.483866912406 -9.977675569025813
22 478.2880929553437 317.08020839861365 0.5647795635049586 0.11627893157685244 -0.5376988932602618 25 549.0 6679.0 -9.561778608661836 -0.052807136656042725 11054.664170866856 -10.108863884257719
23 150.46329439512567 322.6319057268479 0.46683611789412605 0.6116997596441406 0.10682573030412569 25 1102.0 12741.0 -10.263008789275855 -1.0146425806906074 16188.227133310229 -10.522998223121911
24 195.7488797616179 324.10706641867694 0.5774323743255904 0.06937942696418205 -0.1755008362590861 25 725.0 6921.0 -9.60042212310189 -0.5793203553351067 8856.395558029097 -9.868142513588396
25 279.6728737112028 329.02904847395513 0.5811107667953922 -0.025931092907087505 -0.07266512917013032 25 933.0 9089.0 -9.896290258557602 -0.8119626039623145 9486.761007872286 -9.94279489974156
26 192.4750651440809 355.7212004800554 0.5437305808543732 0.10183124784950895 0.1818684861816457 25 545.0 4793.0 -9.20151857247947 -0.3600039935504825 4678.573583097746 -9.175283660775522
27 615.156910491531 356.65180785131923 0.4090991837594913 -0.45841120498249144 0.30819200891239656 25 707.0 8406.0 -9.811473464173545 -0.6043209428340744 9506.44621550146 -9.945045488599222
28 472.3205328943781 361.9312380954 0.5696837299816474 0.013109299174486012 -0.25634972445293774 25 903.0 8473.0 -9.820093016017207 -0.8564128959398583 11208.198255820971 -10.123839510870853
29 828.9666454307948 371.4352198786237 0.49286272691911726 -0.28714506235122217 0.36726451488958733 25 503.0 5623.0 -9.374920208773506 -0.13429949827453783 6269.768358963749 -9.493128739524089
30 137.8738581355077 371.99717034212256 0.4728677323939493 -0.12254950023268332 -0.1468231006639524 25 388.0 3546.0 -8.874346828162247 -0.11834155454629783 3890.4290871703997 -8.97499375904269
31 718.2620806721314 374.5464746273235 0.38049132334221886 0.10699241898946618 0.4797625515683908 25 910.0 13643.0 -10.337274697829695 -0.5581458284261257 22000.467221967894 -10.85607975998368
32 419.1476595740854 394.77768120350015 0.39107821707685003 -0.04740708041230494 -0.8794878266609496 25 1295.0 26175.0 -11.0447167258772 -0.10169358259048097 80470.36936526632 -12.264089986942615
33 258.46052068054246 415.24437268811687 0.4959317025436358 -0.2668363350192887 -0.01610448741257201 25 555.0 6439.0 -9.522046062730311 -0.2569029419002824 9913.471937264503 -9.990564453852722
34 543.5202473771026 414.97293238176593 0.3575118004563609 -0.21335072302014124 0.22123863820966613 25 518.0 6871.0 -9.59254987135227 -0.19570165780797763 9548.493821388156 -9.949837178527956
35 65.30062249394369 446.5614257708579 0.6149971437875749 0.3645892048821248 0.026282686379286685 25 396.0 2652.0 -8.55893379933184 -0.10720934077310809 2352.597907824108 -8.42886926615997
36 343.9816624908897 445.95149112030475 0.4018814363812241 0.42000718763207057 -0.2558625808176648 25 407.0 4322.0 -9.089211906368057 -0.1134848199552301 4358.213816726044 -9.098271332987128
37 575.2521923694383 456.42916846754497 0.3912128924145908 0.08330364725633059 0.7025813171847929 25 684.0 10665.0 -10.06990214946362 -0.1692521793455622 16340.484864019509 -10.533162347541785
38 58.83148691939461 460.9935898079953 0.3666388816741288 0.7708448574695229 0.6769976638121165 25 737.0 10456.0 -10.04841393643122 -0.52025570450107 18693.258281759896 -10.679212516483187
39 624.873597477834 467.2628244309903 0.460001650489974 0.1744302992594103 0.4974473322844101 25 639.0 8181.0 -9.782015981653231 -0.2589661343511516 9998.707371775097 -9.999859645602195
40 412.7621161456484 468.73829101698004 0.5602443307681626 -0.2523256526635936 -0.20517501167370855 25 736.0 7363.0 -9.667637001191755 -0.5821327928963635 9068.330200497407 -9.893818313716444
41 24.644883536052397 481.92404580361483 0.5333412456319732 -0.026993628507327744 0.13851408301291684 25 533.0 6123.0 -9.467410648589333 -0.15789250438447883 11045.261810323407 -10.107940036469557
42 509.9057058574408 483.55541837769056 0.4932896494451545 0.050576458675589527 0.008436580831720858 25 470.0 5143.0 -9.278041310802724 -0.06404804292597598 5597.882760498688 -9.3700594964
43 124.03172729097324 488.9451886533225 0.6318048628919867 0.007582691059961829 -0.17608866822373803 25 737.0 6440.0 -9.52221466839953 -0.5840346631436178 8201.825944041702 -9.784776371551942
44 717.9420822994582 495.1794984651233 0.42962338259622956 -0.6060556379850125 -0.40824202435507234 25 1109.0 17590.0 -10.613164598643653 -0.6167125918783651 26295.63575469822 -11.049709188246341
45 502.9915195599024 504.4031462230334 0.5876831218654961 -0.01392232789031543 -0.21106590472516118 25 516.0 4832.0 -9.21031731403269 -0.22737183493788243 5828.770542290453 -9.413942397614733
46 734.9474704886745 515.5806272026053 0.5185368358958073 0.236907065226346 0.5720733974929811 25 1210.0 15285.0 -10.46066360765527 -0.9135022251511464 21446.053188284204 -10.828368446865458
47 82.75953526184345 518.5933669238315 0.5145003560890978 0.2539275584491318 -0.08476677748756746 25 541.0 5852.0 -9.418260793633182 -0.24734146495173223 8564.689283649575 -9.8317790297996
48 336.0587949202667 542.3152671284696 0.41389299287326864 0.24349119506053182 -0.25486385643485154 25 381.0 3780.0 -8.943729499593063 -0.1016213335660293 3225.8087222659615 -8.771596529666422
49 206.2889291151547 558.9339943149542 0.38592094550475803 -0.06361621451355778 0.323416200830658 25 1184.0 15071.0 -10.44535517459436 -1.0982298193938385 19147.646041683896 -10.705288476578211
50 9.270675494947405 562.6597147463128 0.4308164164809641 -0.1047443262353207 0.19816769120301567 25 614.0 7881.0 -9.741453318764332 -0.3200262191980597 12676.006822969002 -10.257456160702604
51 809.6069225044581 599.1912047491738 0.45055442355879904 -0.000964496031847083 0.5734175884278913 25 656.0 7781.0 -9.727588538288277 -0.45041936329592935 10578.94958297288 -10.061106368452524
52 774.7228135994861 654.1269207376031 0.5021546361146296 0.4455673203017784 0.6177981967045469 25 1548.0 20709.0 -10.790397820269922 -1.110274207397445 27931.968522646246 -11.115253859875194
53 678.880216803276 671.9195095833784 0.5280259370975997 0.2658166050516367 0.5763745621280271 25 769.0 11121.0 -10.115359601873067 -0.16558797399110006 17445.449024913363 -10.604205380366379
54 653.7758077189518 699.4345725075988 0.45564247751594333 -0.27336853603198613 0.4508202727752151 25 829.0 11473.0 -10.14919248396189 -0.4731797416104108 16610.57505370954 -10.550961669679026
55 370.9680404489401 699.8792707842454 0.5584073913407296 0.02707235696373942 -0.0865927596161436 25 1006.0 10737.0 -10.077207382774167 -0.8692979473057639 15084.511017392464 -10.44632809140013
56 262.8981707389476 715.3287387674039 0.4922306257906068 -0.35054484791789386 -0.3680402111298258 25 1286.0 16075.0 -10.515377453990649 -1.0261479578909305 21100.425914615895 -10.81072805418032
57 20.274460505894492 738.3298114085065 0.40966051383569707 0.29231250271944137 -0.8124798350600445 25 1507.0 31519.0 -11.246431075551786 -0.05584236056115756 79079.81684920184 -12.24516413701528
58 26.745575291434353 737.1800023793556 0.42924130135585375 -0.3877385159353834 -0.8348731758242388 25 1593.0 32633.0 -11.284142502394594 -0.17599667575142325 81760.47258887696 -12.281358482727214
59 798.7923198826139 737.6971453625229 0.4369127933546797 0.19729145530281986 0.2651962359480864 25 1669.0 24739.0 -10.983455351484643 -1.140598670432302 34915.864118408535 -11.35755698671537
60 210.25594586638417 748.1392482558546 0.39342069862663537 -0.06234443726510607 -0.0017206000405293328 25 1938.0 26456.0 -11.056310454764116 -1.5182526013011537 35016.94981529263 -11.360695784402893
61 4.713778276591197 817.4699660930193 0.5871347913163779 -0.11059312589104696 -0.22806401125041267 25 733.0 8031.0 -9.761924064766488 -0.45143847563810824 10300.533647478858 -10.03214931277064
