test_CNN/outputs/tables/00239_b21184m0s0_sources.ecsv
# %ECSV 1.0
# ---
# datatype:
# - {name: id, datatype: int64}
# - {name: x_centroid, datatype: float64}
# - {name: y_centroid, datatype: float64}
# - {name: sharpness, datatype: float64}
# - {name: roundness1, datatype: float64}
# - {name: roundness2, datatype: float64}
# - {name: n_pixels, datatype: int64}
# - {name: peak, datatype: float64}
# - {name: flux, datatype: float64}
# - {name: mag, datatype: float64}
# - {name: daofind_mag, datatype: float64}
# - {name: aperture_flux, datatype: float64}
# - {name: inst_mag, datatype: float64}
# meta: !!omap
# - {date: '2026-06-11 15:15:19 Eastern Daylight Time'}
# - version: {Python: 3.11.15, astropy: 7.2.0, bottleneck: 1.6.0, gwcs: 1.0.3, matplotlib: 3.10.9, numpy: 2.4.6, photutils: 3.0.0, scipy: 1.17.1,
#     skimage: 0.26.0}
# schema: astropy-2.0
id x_centroid y_centroid sharpness roundness1 roundness2 n_pixels peak flux mag daofind_mag aperture_flux inst_mag
1 4.537652876582985 38.934275533820724 0.39557400885271277 0.3195912818032913 -0.14128282453753602 25 2334.0 30427.0 -11.208147836229498 -0.2814561013599083 46080.474612509206 -11.658792358792462
2 102.95135745433667 54.96663421312629 0.3569697428455209 0.49766137691071954 -0.26322051741443225 25 2420.0 35781.0 -11.384131184933686 -0.17680958450799888 54831.927704788126 -11.847583786185798
3 607.5726370736894 140.5174037675846 0.4275955564562778 0.14239508962226277 -0.16513919409310368 25 1922.0 23711.0 -10.937374676312373 -0.06891406356725081 24851.240004411593 -10.988370159095691
4 437.01347586535354 183.61140158739354 0.39398230171274834 -0.2286489134407773 0.46870520995221965 25 2702.0 36544.0 -11.407040205574337 -0.3864867356503715 41404.80556322901 -11.542626873845407
5 199.20497818934894 195.38737739396845 0.4583299133618905 0.4647643130958346 0.15539519104875596 25 2103.0 24654.0 -10.979718479113787 -0.17340916425983424 31729.156918812547 -11.25364633134054
6 191.74630465193013 232.79830370616224 0.40917427692489894 0.25842940139335085 -0.15719024404524617 25 2133.0 28157.0 -11.123965952093918 -0.1618636492707898 45439.082234508576 -11.643573877591816
7 410.92627868622145 292.8533686514382 0.37537636398717644 0.8845639501840781 0.26017135234118904 25 2160.0 27548.0 -11.100225185783206 -0.26960388260053847 39451.84004793708 -11.490168159169652
8 657.168889595498 310.3442304055548 0.5065159896366828 0.39524269359847375 0.0009091058378128919 25 1652.0 15488.0 -10.474988349910797 -0.04035740161571966 6023.826608765002 -9.44968115634635
9 605.2958448117079 386.8424680590493 0.4111154555232119 0.4598819247561647 0.2753162281491677 25 2160.0 29020.0 -11.156743520254294 -0.11568538291692028 43429.66397945205 -11.594466172966111
10 267.69861990016017 444.69256422307313 0.5225626148214332 0.14716776384868438 -0.12247872890330375 25 2977.0 41568.0 -11.546897823482334 -0.24723030471077928 78955.68308482543 -12.24345848796819
11 704.9071900179953 447.5605270121437 0.37044256674616144 0.11947032407759929 0.21291529267872486 25 2361.0 32108.0 -11.266533135761838 -0.27008630908150183 40231.34834822493 -11.51141147034071
12 756.6731102991345 463.0625035080167 0.4513321559992093 0.5844043184349067 -0.010345120929607102 25 1627.0 15785.0 -10.49561146557059 -0.08558811127123032 19110.29352633265 -10.703168394231927
13 394.2435192914124 474.4094343851915 0.4445498827212716 -0.5622597618306797 -0.22581500994667816 25 2138.0 28282.0 -11.128775294835789 -0.07373722972569022 37803.65966613862 -11.44383461175416
14 317.99090492563914 500.411522060606 0.39245989621746846 0.698440825273084 0.24436877655374079 25 4159.0 67646.0 -12.075605303173445 -0.5096661991317123 96589.71865650098 -12.462327252674816
15 455.97410616754433 511.3508631889701 0.4933692854895378 0.48228630228278824 -1.243303184530028e-05 25 1524.0 14102.0 -10.373201775852559 -0.004478538587113985 12335.993381486911 -10.227935319247653
16 187.246280638307 535.8864919441054 0.6055262658827268 0.23861676196162307 -0.18812306723657357 25 1652.0 13334.0 -10.312401126973862 -0.01451412848606311 16645.206919228895 -10.553222995775986
17 546.7707305834853 546.0506555780711 0.48123246690080174 -0.1687583700983888 -0.03694851513177704 25 1835.0 16449.0 -10.540348751507857 -0.22267309884852332 9926.486703302991 -9.991988912942313
18 818.3436617671871 590.5415841616745 0.3888150212410403 -0.06974058918482416 -0.31104542910359156 25 3430.0 61522.0 -11.97257611342546 -0.09403868724627325 120998.28238897568 -12.706948013512523
19 94.17641567854862 597.8178580872309 0.5232127633618995 -0.09884906929972331 0.24790135906469113 25 2547.0 30284.0 -11.20303309378052 -0.3017965789661103 39826.234264986044 -11.500423110032036
20 727.7402208344331 603.5553944739688 0.5811619274496899 0.47664475780384924 -0.39660073422452735 25 1927.0 18498.0 -10.66781193777538 -0.0963149169374273 18468.588001106997 -10.666084232811649
21 808.0303287413946 610.2609466699677 0.519195947699787 0.2507184301117159 -0.0861121012043852 25 1713.0 16897.0 -10.569524010188038 -0.023338833551197948 14021.461590311945 -10.366983216587755
22 349.1588202315651 643.0555286885627 0.5786598752369658 -0.05588448319275393 -0.16237272567445787 25 1888.0 19035.0 -10.698882202875966 -0.05549705471079521 20185.55953489103 -10.762601980916193
23 312.6575605893802 689.1286571380336 0.5363601930000557 -0.5578008569278124 -0.020679159378880416 25 2261.0 25811.0 -11.029512077038559 -0.19344162124536965 38519.7613058155 -11.464208968204945
24 741.5327687207382 702.1075701668433 0.41373618469173756 -0.11361963352674456 -0.2415076378432738 25 3455.0 49144.0 -11.728676255778767 -0.5061793340152824 66075.97442392838 -12.05010894100444
25 631.2858957296492 755.4307862991521 0.39521723155068694 -0.1580969691276416 0.06550628728367873 25 1630.0 18158.0 -10.647670029405795 -0.08099292710030906 21600.88827292844 -10.836179026499927
26 79.7566127707895 763.126967267817 0.4446826597502635 0.03818198957169838 0.5147692145627022 25 3396.0 52281.0 -11.795859714788882 -0.27756274434133354 80268.02842356366 -12.26135648946876
27 378.13252789860996 809.7015823745807 0.4347683576686302 -0.21343908667930508 -0.06384932420589207 25 2650.0 32351.0 -11.274719274163235 -0.41823260025132647 38903.04833343617 -11.474959081882485
