test_CNN/outputs/tables/00240_b21238m0s0_sources.ecsv
# %ECSV 1.0
# ---
# datatype:
# - {name: id, datatype: int64}
# - {name: x_centroid, datatype: float64}
# - {name: y_centroid, datatype: float64}
# - {name: sharpness, datatype: float64}
# - {name: roundness1, datatype: float64}
# - {name: roundness2, datatype: float64}
# - {name: n_pixels, datatype: int64}
# - {name: peak, datatype: float64}
# - {name: flux, datatype: float64}
# - {name: mag, datatype: float64}
# - {name: daofind_mag, datatype: float64}
# meta: !!omap
# - {date: '2026-06-11 11:14:46 Eastern Daylight Time'}
# - version: {Python: 3.11.15, astropy: 7.2.0, bottleneck: 1.6.0, gwcs: 1.0.3, matplotlib: 3.10.9, numpy: 2.4.6, photutils: 3.0.0, scipy: 1.17.1,
#     skimage: 0.26.0}
# schema: astropy-2.0
id x_centroid y_centroid sharpness roundness1 roundness2 n_pixels peak flux mag daofind_mag
1 443.51020632975315 6.194720136418001 0.43407225360118123 -0.4631555360505647 -0.04282106538356017 25 718.0 6422.0 -9.519175753076208 -0.3504051903403261
2 658.8738268835164 14.087656334997462 0.44873321785838693 -0.3595691171046074 0.10344317920404195 25 1330.0 13997.0 -10.365087406506255 -0.9257225983240146
3 787.6704853853964 15.131300469475896 0.5850967556144224 -0.3839606319327569 -0.12249159958475306 25 592.0 4281.0 -9.078863069585774 -0.10035378400754211
4 75.65950202334577 19.857064811099523 0.4991003401659716 0.3638348756595515 0.0757094940491257 25 574.0 4811.0 -9.205588392256411 -0.08643258269703727
5 745.1101451172666 20.242017167242487 0.48714045983312576 -0.03822874856132712 -0.264615156481387 25 843.0 7596.0 -9.70146239016245 -0.4403365270866548
6 761.9609728864765 44.50121665318187 0.4528736277769524 0.46281767296689835 0.49236202310867105 25 671.0 6747.0 -9.572776775388236 -0.16487192341202148
7 254.31796714656366 56.78073231055603 0.38163120241653714 -0.3736874791646744 -0.021237513447099832 25 771.0 8562.0 -9.831438058745727 -0.3479275969385922
8 638.8886705008651 66.59195795662474 0.4538107501748682 -0.6175652858696364 0.24985276283625799 25 808.0 6890.0 -9.595548054769065 -0.5047640979868951
9 604.7315219291726 87.28424130644625 0.33981199901552084 -0.7336692744907108 0.1818455006500122 25 611.0 6531.0 -9.537449209401892 -0.21013415117452097
10 113.8273113036177 90.93641596654903 0.43467985129591796 0.9329023574199132 0.1131985473442994 25 2833.0 61047.0 -11.964160816260867 -0.13245556050331514
11 130.3546433913762 104.02611746204727 0.42255933935473894 -0.16286729111666715 -0.8686023820121055 25 2393.0 49653.0 -11.739863733492662 -0.11617458361799796
12 18.61697166626545 111.21118708680645 0.43294996397011476 0.391347592657178 0.08440649878774655 25 3162.0 49273.0 -11.731522513043762 -1.2706771514535569
13 381.3692264661614 112.67262533210503 0.4137691979055334 -0.009805972203597193 0.05401915856511876 25 989.0 11807.0 -10.18034890809935 -0.5052557752979956
14 293.66596332139636 119.45668974957596 0.3999707339633014 0.6813639730517645 0.7612929638343106 25 2220.0 40800.0 -11.526650407724699 -0.5867575000633919
15 131.0974657765095 136.48850682058904 0.46083890070182665 -0.02040111687400207 0.11259806529236475 25 1026.0 10737.0 -10.077207382774167 -0.6029890515298963
16 444.71839070183455 144.53070696452787 0.4393747489712729 0.11496559480569743 -0.009306010853499757 25 1592.0 20527.0 -10.780813705787828 -0.8380631838848501
17 535.1575347379564 143.75511023550345 0.4242357249574054 0.521514049945277 0.39102025785867756 25 1067.0 12945.0 -10.280255136927227 -0.5085206006402897
18 469.82273712734684 161.45306035731383 0.5395869269231679 0.5923857370196426 0.5183928268803976 25 791.0 9212.0 -9.910884823230484 -0.08029782194410148
19 552.1757514815368 187.0148126807549 0.4236143151945452 -0.290805031281665 0.005552633087714188 25 1116.0 12099.0 -10.206873691818203 -0.7337692454463841
20 54.78918972827382 193.40401394567914 0.36603209310112367 -0.06521885143515982 0.4671126147768556 25 693.0 9690.0 -9.965809442626913 -0.025320791345789614
21 407.0693362336852 207.14206758725817 0.44741094919809576 0.4181362460914532 0.28873154399370554 25 997.0 10025.0 -10.00271095323055 -0.6148807887309033
22 441.75483636822094 251.120902782944 0.5046894144136513 -0.4809473689982209 -0.5244336304258645 25 791.0 10109.0 -10.01177049136084 -0.03641359455690447
23 339.14690645504 255.28311572656 0.38480328610239034 -0.34989758706022284 -0.008397068548942973 25 1507.0 17498.0 -10.607471030486987 -1.010554409248451
24 20.862458503937145 278.976989157729 0.47966122263536587 -0.7045182577543498 -0.31252847197464456 25 702.0 7818.0 -9.73273916524057 -0.10093595576895298
25 686.3195891487725 299.7265782020755 0.4788343809255799 0.2098150929610796 0.17583493046442766 25 981.0 9322.0 -9.923772746491418 -0.600927583853119
26 693.3516969269277 313.10672145988724 0.4694746739473602 -0.044922834117342686 -0.027553877755027975 25 864.0 7813.0 -9.73204456077394 -0.5141478786693228
27 669.5413238400225 315.47232407818075 0.44649505345614454 -0.9535523630864333 -0.08629857422864706 25 780.0 8321.0 -9.800438805025056 -0.3276001112148633
28 61.926967605677454 320.12596608411235 0.4402743530236557 -0.7064339208235374 -0.280016441663791 25 815.0 9014.0 -9.887293884337398 -0.3358145649751965
29 446.586774068007 333.5327218535818 0.4069313643381492 0.18437835747429282 0.0705031887872556 25 571.0 5475.0 -9.34596030878039 -0.09488972351712074
30 610.5954629980591 349.0991975300033 0.4057816990029155 0.020363481749509478 0.2061228976965939 25 603.0 6716.0 -9.567776718665028 -0.052770420622879725
31 239.09598049770076 370.83918987142863 0.5183122398547965 -0.13034046017467735 0.3518190946567163 25 933.0 9424.0 -9.935588193607567 -0.47173572611283326
32 187.98042523739122 393.8618099490606 0.6256764360727225 -0.23003308020743968 0.07877939434571188 25 1257.0 9615.0 -9.957373221436246 -0.7930827860689826
33 419.9041112724367 413.8105126337562 0.3595303441770874 0.12500204659084274 0.3525504399548731 25 724.0 7001.0 -9.612900194129864 -0.43532510293695503
34 713.6635823633147 432.60040836152365 0.49694557365987563 0.0005322191239726873 -0.15918615511300116 25 943.0 13887.0 -10.356521088756184 -0.030873273613823554
35 271.6109699858886 441.53703300332427 0.5437091823779421 0.17348592727258674 0.22367606036757479 25 1383.0 14987.0 -10.439286768271739 -0.7639478947283866
36 611.1929097904821 479.97029312087125 0.3961436833165771 -0.20728215151867604 0.22473115852416659 25 1040.0 11061.0 -10.109485980814448 -0.6955251318160112
37 768.994693523031 484.30523762210305 0.6337181517732219 -0.20382711907054532 0.33659430143658126 25 738.0 5955.0 -9.43720441454699 -0.23834868585955837
38 209.12776026176883 488.4684530073065 0.5277005175069487 0.2820537639703743 -0.21806901603238935 25 877.0 6833.0 -9.586528551806717 -0.5461078813198103
39 427.0355412353654 499.7963203268803 0.4707932723316534 -0.6143416319242818 0.0656468461708915 25 668.0 6947.0 -9.604493247185887 -0.14862359513212411
40 197.75018889408244 522.6136354211692 0.4633366616424461 -0.15066016150137385 -0.010658795279986614 25 2036.0 24324.0 -10.965087486851584 -1.1663305169715348
41 649.8685703258407 525.8058821555934 0.3660062213508393 0.5214077438696094 0.20817514017884528 25 1835.0 31004.0 -11.228544320542236 -0.6976775731112981
42 741.52703853186 530.4946988128988 0.6287258600117079 -0.5774779571726839 0.32051647969145514 25 656.0 6233.0 -9.486742817229995 -0.008000255419519374
43 196.34505861647182 532.714198622423 0.6519807352198083 0.4013280765202497 -0.072019119166627 25 617.0 4587.0 -9.153821850329956 -0.052686385546841026
44 33.399880137228635 543.3057878769495 0.6956790013352834 0.05830605841455726 -0.07944679372154233 25 638.0 4581.0 -9.15240072944021 -0.062085246108396074
45 650.6552608452605 568.4493928455066 0.5409988866275284 -0.5047394702902429 0.19726003671983433 25 662.0 6825.0 -9.585256639281983 -0.050853478108802974
46 386.4061764661031 575.7399217538992 0.6044482477204975 -0.026413427561964856 0.3287279257621828 25 859.0 7812.0 -9.731905586539542 -0.2989141667107279
47 535.5346123554593 585.3343800878255 0.3826648938362856 0.2854458736968639 0.2982102215046134 25 1184.0 15162.0 -10.451891230758896 -0.6678687100622039
48 426.98697378471303 596.4235145099834 0.4935532224471854 -0.3707591878748633 0.19527739074115733 25 676.0 7094.0 -9.62722796033981 -0.09374712141551064
49 156.26738021633764 609.732832995862 0.5548475016678285 0.306458841265327 0.30393830191201326 25 1662.0 17938.0 -10.634435049197199 -0.9318707420109169
50 820.0435116233524 609.6999618067672 0.48265890426304403 -0.13224680576306438 0.10973646587102975 25 1463.0 13652.0 -10.337990699016505 -1.0473712234316612
51 481.3601158153105 610.9511999327059 0.4498104972353101 -0.10901832591871989 0.12540867383943405 25 1181.0 13796.0 -10.349382964238384 -0.674847194629078
52 770.2600195745066 650.6464728847295 0.5247654700553648 -0.04040518701249304 0.15295343279079585 25 2101.0 21147.0 -10.813121913218843 -1.2723317431904533
53 199.24015908534233 664.8445848046309 0.5017575217574992 -0.06130962389499282 -0.1800048553968685 25 937.0 9189.0 -9.908170628815588 -0.5198932318805193
54 358.30980837583144 685.7558117714829 0.3967341298390957 0.417581301316541 0.0950238809194535 25 637.0 7344.0 -9.664831670482965 -0.09840157502054665
55 49.66690254550137 689.9101539182737 0.4205264204696753 -0.3143770260448871 -0.19899768031246612 25 2256.0 30104.0 -11.196560513279518 -1.2319524776700723
56 212.52279927951253 689.6784461468025 0.49798030563271745 0.1752654272096304 0.21215013327341875 25 806.0 8159.0 -9.779092332823605 -0.321485073856287
57 565.2568633637962 690.1076944947262 0.3778218142119336 0.35222400945303384 0.1686667430117104 25 691.0 8755.0 -9.855640376048662 -0.13409092153033403
58 551.2616651246495 731.0106458771834 0.40979089989938366 0.1887514395431569 -0.07586842008601302 25 1839.0 25663.0 -11.023268559879945 -0.946232970736111
59 427.25648596922963 738.314481300177 0.4092032761320782 -0.16625378075750238 0.06084140544159928 25 1239.0 16954.0 -10.573180447053225 -0.5593746089241938
60 717.3206472225033 752.382792110137 0.4057806652625516 -0.6613195965086498 0.4491348006983489 25 809.0 9017.0 -9.88765517418758 -0.4351739606237621
61 104.81946868846967 756.1568289298826 0.39948753781660135 0.021018378587844087 0.059371654557078934 25 701.0 6674.0 -9.560965505796934 -0.37979972942821416
62 621.8030043780268 762.1275852647738 0.40250611220884014 -0.6485663045533893 0.1907161579930571 25 682.0 8300.0 -9.797695230940185 -0.1324284442479873
63 686.8619899541852 767.4807576237042 0.5757256796556275 0.06866490679063815 0.34833266368832577 25 791.0 5575.0 -9.365612179300495 -0.40396847076111136
64 87.41456603466985 770.2584379573847 0.5156767186460871 -0.6988850587522931 -0.20640821271498747 25 926.0 8620.0 -9.838768164561781 -0.5135982277379474
65 91.83955108284569 777.3866098035168 0.6851622266687925 0.6279421933839131 0.6669324475495898 25 773.0 6718.0 -9.568099998764113 -0.14637758049917196
66 442.204606547557 790.4191640174246 0.4138616383081996 -0.2730781211021791 -0.26239854481144415 25 1957.0 29924.0 -11.190049115178288 -0.8547967010813083
67 773.9742934731355 790.865243255438 0.5268969562551552 -0.18272739268203086 0.36405193598131147 25 1283.0 10419.0 -10.044565095076061 -0.9263258135819021
68 665.0113255616013 820.4312901162087 0.5837593927542828 -0.09225950035865038 0.5402914755541586 25 724.0 6282.0 -9.495244830156215 -0.19337886251921438
