test_CNN/outputs/tables/00241_b21332m0s0_sources.ecsv
# %ECSV 1.0
# ---
# datatype:
# - {name: id, datatype: int64}
# - {name: x_centroid, datatype: float64}
# - {name: y_centroid, datatype: float64}
# - {name: sharpness, datatype: float64}
# - {name: roundness1, datatype: float64}
# - {name: roundness2, datatype: float64}
# - {name: n_pixels, datatype: int64}
# - {name: peak, datatype: float64}
# - {name: flux, datatype: float64}
# - {name: mag, datatype: float64}
# - {name: daofind_mag, datatype: float64}
# - {name: aperture_flux, datatype: float64}
# - {name: inst_mag, datatype: float64}
# meta: !!omap
# - {date: '2026-06-11 15:15:19 Eastern Daylight Time'}
# - version: {Python: 3.11.15, astropy: 7.2.0, bottleneck: 1.6.0, gwcs: 1.0.3, matplotlib: 3.10.9, numpy: 2.4.6, photutils: 3.0.0, scipy: 1.17.1,
#     skimage: 0.26.0}
# schema: astropy-2.0
id x_centroid y_centroid sharpness roundness1 roundness2 n_pixels peak flux mag daofind_mag aperture_flux inst_mag
[from data line 110]
111 26.43779373265917 824.7952663066633 0.628082133501227 -0.16248601079784356 -0.7630873341830282 25 -520.0 -96209.0 nan -4.582401557964847 nan nan
112 424.6078910361129 826.1929068913129 0.5499699289581016 0.3522791124257813 0.6066891376903885 25 -42.0 -3978.0 nan -0.9437126469462198 nan nan
113 746.3619439398688 826.461322851424 0.7902890362083692 -0.1911213802645654 0.343167221251445 25 47.0 -274.0 nan -0.0023390858088694053 nan nan
114 38.450005639836945 825.746083723675 0.6351129246627183 -0.1555394951707544 -0.7705467659353276 25 -549.0 -95981.0 nan -4.564855605987093 nan nan
115 195.0510113838684 827.6978930279071 0.8305007326508146 -0.9867787150985187 -0.20083930166417013 25 -44.0 -6558.0 nan -1.2421904327288682 nan nan
116 276.95968974041887 826.54086546186 0.594415496752569 -0.4001625594773446 -0.9467349007851761 25 -166.0 -8103.0 nan -1.4923903608499287 nan nan
117 464.3809888179447 827.8924567103696 0.4305399792673377 -0.21704295258900347 -0.022268097350624606 25 -75.0 -4322.0 nan -1.0672265952079267 nan nan
118 590.017861149812 828.3475926713198 0.4215393507742489 0.5503652673236096 0.04795201161985942 25 -52.0 -3061.0 nan -0.8025191083027479 nan nan
119 639.937249051794 828.2931816070839 0.6046193008339251 0.13660695052282143 -0.4163137500627425 25 40.0 -894.0 nan -0.42890161352972367 nan nan
120 51.42057492382413 826.8227410314852 0.6135819102223764 -0.19496287780566038 -0.7586119359931293 25 -383.0 -94702.0 nan -4.634402268284309 nan nan
121 121.11447038227334 829.2168203100481 0.47146342769776034 -0.5055182341914235 0.5017566046802073 25 -51.0 -6247.0 nan -1.4618076886213835 nan nan
122 178.52506937287703 828.90957431659 0.4596191272912284 -0.9664622809835436 0.19827953528794087 25 -159.0 -8107.0 nan -1.6888576240073236 nan nan
123 335.20736077223256 829.4570069949503 0.6395262868813117 -0.06607078607531763 -0.4610408856309872 25 -88.0 -6798.0 nan -1.423923621416485 nan nan
124 64.41246369422075 827.8050385341626 0.6181173191479788 -0.1995026019777827 -0.7768104837176394 25 -405.0 -94146.0 nan -4.611316022626763 nan nan
125 158.48909324326993 829.7729684409408 0.42991253155956083 0.2785441984564018 -0.4076495486520354 25 -66.0 -5767.0 nan -1.6419048518717718 nan nan
126 268.4874127568718 829.1300997499214 0.5311538815878143 0.2852100721890738 0.12785563034340006 25 -98.0 -6913.0 nan -1.5630322725872858 nan nan
127 76.44424875607511 828.84119743943 0.6382132195699695 -0.2297313382918994 -0.778820669828878 25 -335.0 -94363.0 nan -4.5976973697367045 nan nan
128 141.1683249734115 829.8871008130166 0.5646621520879078 0.4866477935516392 0.4503299480196441 25 -111.0 -7323.0 nan -1.4203281953318423 nan nan
129 374.65690718987463 831.0420067299239 0.5197153306861042 -0.616641505041279 -0.907639261311617 25 -37.0 -5551.0 nan -1.7914725602381902 nan nan
130 543.0423722879233 831.5994043403143 0.5139279620731974 -0.2277063705798185 -0.056574047786113954 25 -100.0 -5062.0 nan -1.0021719308243378 nan nan
131 669.9412364129482 830.4706526394846 0.4337247342748323 0.18565621273258043 -0.38310948010779255 25 -3.0 -1212.0 nan -0.20573488646894666 nan nan
132 89.48696748799813 829.6935395837478 0.6324425318621117 -0.2463033110654091 -0.7396604080768258 25 -512.0 -94823.0 nan -4.563215134304671 nan nan
133 234.32469470601123 831.8237179025868 0.4158792792534041 -0.19339228334876127 -0.9627047074785509 25 -164.0 -8518.0 nan -1.801951501671844 nan nan
134 260.0197771649408 834.0300959938809 0.9260248660490829 -0.21887276033644543 0.5600697607403992 25 -43.0 -8905.0 nan -1.7090737518660715 nan nan
135 311.13563150849404 830.132140978608 0.6198481708529605 -0.9003049583015168 0.6013724351488865 25 -161.0 -7890.0 nan -1.4427001816726805 nan nan
136 385.7784644980869 831.9191873066064 0.42499114570896485 0.6081486240192261 0.4508870173658299 25 -167.0 -6942.0 nan -1.2170157882840529 nan nan
137 456.7535614298276 832.0991190646391 0.5461556971973494 -0.6588632750905025 -0.389574945671983 25 -112.0 -6450.0 nan -1.4131938330667562 nan nan
138 485.00816105238414 831.520149331813 0.46829557800499827 0.15599104407106634 -0.6961117378954056 25 -57.0 -4995.0 nan -1.4893341617984803 nan nan
139 516.3203114342646 831.2443532714816 0.38275699045127687 -0.5399656309651226 -0.22023847925742684 25 -110.0 -4091.0 nan -0.8095315955939055 nan nan
140 527.4427594693312 830.7444534995581 0.5438862891014203 0.33335916052911096 0.7478640524518341 25 -77.0 -4985.0 nan -1.0475967474836756 nan nan
141 576.1776703638707 831.503671981383 0.35843396377252057 -0.6038290145051326 -0.34255366458513664 25 -55.0 -3181.0 nan -0.8838663588799106 nan nan
142 605.7926304766294 831.8676142483496 0.5351037949585488 -0.8079255797451378 -0.3022905682577493 25 9.0 -2539.0 nan -1.0094901073328473 nan nan
143 612.6978755192708 833.1391850882961 0.3662181100343191 0.8725797439990485 0.6127489693604887 25 -42.0 -2042.0 nan -0.3870681925815264 nan nan
