test_CNN/outputs/tables/00241_b21332m0s0_sources.ecsv
# %ECSV 1.0
# ---
# datatype:
# - {name: id, datatype: int64}
# - {name: x_centroid, datatype: float64}
# - {name: y_centroid, datatype: float64}
# - {name: sharpness, datatype: float64}
# - {name: roundness1, datatype: float64}
# - {name: roundness2, datatype: float64}
# - {name: n_pixels, datatype: int64}
# - {name: peak, datatype: float64}
# - {name: flux, datatype: float64}
# - {name: mag, datatype: float64}
# - {name: daofind_mag, datatype: float64}
# - {name: aperture_flux, datatype: float64}
# - {name: inst_mag, datatype: float64}
# meta: !!omap
# - {date: '2026-06-11 15:15:19 Eastern Daylight Time'}
# - version: {Python: 3.11.15, astropy: 7.2.0, bottleneck: 1.6.0, gwcs: 1.0.3, matplotlib: 3.10.9, numpy: 2.4.6, photutils: 3.0.0, scipy: 1.17.1,
#     skimage: 0.26.0}
# schema: astropy-2.0
id x_centroid y_centroid sharpness roundness1 roundness2 n_pixels peak flux mag daofind_mag aperture_flux inst_mag
1 59.835177284899984 758.1341755523296 0.5527890707493708 -0.6226891858190327 0.19520227525179193 25 24.0 -463.0 nan -0.08529333973956 nan nan
2 3.9719666126537625 764.6308335347617 0.46061091314823327 0.08339184394737854 0.09665530404244599 25 23.0 -617.0 nan -0.2043200632297844 nan nan
3 262.7418043413338 767.6220399119968 0.603933073786929 -0.017060770495616273 -0.0028360141598511904 25 18.0 -661.0 nan -0.00760536096399957 nan nan
4 185.53329762047238 768.4580201455366 0.5657608765231231 -0.2083347963339562 0.12497317880456046 25 31.0 -648.0 nan -0.19187555634765027 nan nan
5 434.26274861876703 768.7509346986533 0.6960852004144571 0.9277085928077841 0.6886495487354569 25 36.0 -450.0 nan -0.0009303488587111761 nan nan
6 162.53384352777988 769.9306890232405 0.7399317563196174 0.3303737090547719 0.06682757966149608 25 33.0 -816.0 nan -0.10146881057545101 nan nan
7 77.01331679924675 770.9720000850983 0.4769096083257048 0.12139986761153672 -0.04165172508463168 25 15.0 -856.0 nan -0.04970693215128211 nan nan
8 223.25563482824202 771.665966551211 0.4681493901311582 -0.04489621764187011 0.666566352408012 25 18.0 -721.0 nan -0.14605926332647545 nan nan
9 48.27020700460003 772.3925184665894 0.4873550528239903 -0.08390643989952926 -0.13577065508999092 25 0.0 -1144.0 nan -0.15406473615550859 nan nan
10 130.93328509062408 772.5593464090601 0.39969202524814745 -0.058498204839223134 0.7057227313306432 25 13.0 -718.0 nan -0.13255939382042026 nan nan
11 300.52967745415197 776.8506345653727 0.386539813131257 -0.18647664152157437 -0.44064761104356637 25 -13.0 -909.0 nan -0.056915962171550386 nan nan
12 25.785437990311237 777.2730266827284 0.516671645383421 -0.2321608358744743 0.34031608256802565 25 -1.0 -1066.0 nan -0.1648185246578915 nan nan
13 58.422867595504215 777.800593521906 0.56413815355508 0.6060596452190826 0.8095490577734569 25 2.0 -1130.0 nan -0.027627180023858385 nan nan
14 183.08398791773203 779.0567576704074 0.6671257452052229 0.19112664106360255 0.5591599544850725 25 22.0 -1150.0 nan -0.34919830482033154 nan nan
15 190.5680323544409 778.9993287409638 0.7462401604811472 0.17571204030186013 0.17819191992133948 25 4.0 -1383.0 nan -0.012022990381259886 nan nan
16 433.5410332492885 781.8810032646824 0.5396533556824941 -0.24280061410800308 -0.33823544164492025 25 28.0 -317.0 nan -0.027927771780696387 nan nan
17 14.710723828312581 781.928471551675 0.4987825228086512 -0.8491895110944739 -0.478312355748628 25 11.0 -1629.0 nan -0.6782452456212412 nan nan
18 241.17558065411095 782.2866591889393 0.6938300484376457 -0.8449480039318906 0.15707990703895658 25 20.0 -1335.0 nan -0.3728008252745607 nan nan
19 214.63666612797292 782.6926842484406 0.3860452794041458 -0.5428025063202888 -0.6910881427112223 25 -18.0 -1630.0 nan -0.3368647574398015 nan nan
20 284.0314438945485 782.768211364411 0.36204489763383935 -0.040890044860838186 0.24532314343104536 25 -4.0 -947.0 nan -0.14002590605501433 nan nan
21 307.5692678673582 786.7704320068873 0.3460408645131905 0.11574820002771104 -0.6153579288482072 25 11.0 -559.0 nan -0.1679719457042657 nan nan
22 99.29591156744897 787.0252399284398 0.7894394115351216 -0.19392148694921862 0.6168772374331726 25 3.0 -1917.0 nan -0.2685626715300739 nan nan
23 83.02697865091852 787.3263392569987 0.7492201719391643 -0.33409935577169353 -0.1980712489128328 25 -2.0 -2169.0 nan -0.43533405456524904 nan nan
24 221.31045529059685 786.9109892194168 0.48433869048598294 0.6370476698401174 0.07003228853236282 25 -13.0 -1775.0 nan -0.3893955391610498 nan nan
25 251.42599127946463 788.2958245754793 0.6158797567411499 0.3775174835364666 -0.5859305138242474 25 -12.0 -1754.0 nan -0.2838983901974685 nan nan
26 155.80842281625723 789.0040822601476 0.5310667053315221 0.984419753500427 0.13154831394467065 25 1.0 -1577.0 nan -0.2696708609984022 nan nan
27 162.29141035998816 789.6954556199441 0.9053052736708505 0.14232526769596854 0.07404973521308242 25 13.0 -1650.0 nan -0.30844245911440493 nan nan
28 334.01906300910326 789.0434530984712 0.6964458746746441 -0.20102076903585048 0.828635545991072 25 30.0 -735.0 nan -0.18378302320191317 nan nan
29 348.38769247075476 788.9786623021274 0.73400051039039 -0.31835754071031613 -0.8781283668644173 25 25.0 -892.0 nan -0.14159323651738454 nan nan
30 145.01098550287 789.7713653625465 0.5818152542329286 0.560620204468431 0.7651820536462013 25 -19.0 -1605.0 nan -0.31284291707487 nan nan
31 269.43445882249125 790.0209209226102 0.46483622133138974 0.6694469741405369 -0.14797244399129958 25 -28.0 -2292.0 nan -0.7102310600180195 nan nan
32 10.237108598255348 791.0209913713854 0.48339177376253356 0.09167245083441866 0.31008739748261466 25 -27.0 -2829.0 nan -0.8275942269117598 nan nan
33 115.87347529719551 791.6699571204737 0.43870220079571143 -0.643408765615321 0.5111555193174675 25 -39.0 -2475.0 nan -0.5673598782254622 nan nan
34 363.1460194862913 791.8789925513546 0.4784068014113756 -0.19927739800444028 0.7241736318551026 25 18.0 -718.0 nan -0.22139841611680722 nan nan
35 562.1972134132418 791.9035696489669 0.5360767293442894 0.25972860186266267 -0.009769464854522727 25 20.0 -593.0 nan -0.01266777500300808 nan nan
36 317.2875819753254 793.8999940057245 0.526106322827027 0.9037584840953862 0.6896810400728267 25 0.0 -1391.0 nan -0.23365123023890666 nan nan
37 341.16255317456944 792.3556694276327 0.42878093179208676 0.14867837668465317 -0.5543408958682948 25 21.0 -752.0 nan -0.39157497869111557 nan nan
38 170.38167750957584 794.3331360625073 0.685025792363503 0.12247982916009735 0.48588366106952924 25 -26.0 -2151.0 nan -0.29881593399320255 nan nan
39 259.36234621880556 795.0268467409559 0.4427322459160981 -0.6277753147060233 -0.378771014115941 25 -17.0 -2350.0 nan -0.6468956796267751 nan nan
40 435.6053645782152 795.1893346773022 0.5180101014828681 0.8440139089995201 0.15722678153153338 25 8.0 -1058.0 nan -0.3392813238128304 nan nan
41 469.3848833556564 795.2532857062893 0.35069305561711406 -0.28848588794677915 -0.0624840819533609 25 -15.0 -1104.0 nan -0.0744174907755665 nan nan
42 584.3759917943436 793.9720156408401 0.5659179515886886 0.3172552914867785 0.9133981842426347 25 6.0 -873.0 nan -0.011358086520469409 nan nan
43 78.43505983196991 795.4872213433994 0.7896828937018157 -0.6986891276921341 0.3767434791735575 25 -5.0 -2950.0 nan -0.7289763647612647 nan nan
44 179.43677273890302 797.8908682978832 0.5904445822116703 -0.37996726166857064 0.023528579898451148 25 -43.0 -2793.0 nan -0.6489454077160135 nan nan
45 212.86802078605734 796.2272765458166 0.7895439206402166 -0.28509958377290723 -0.5889003010330954 25 -19.0 -3118.0 nan -0.7058000604417157 nan nan
46 18.482887373296997 797.3929253057593 0.5109769047947564 0.06296133303855182 -0.672032776633321 25 -40.0 -3719.0 nan -1.2792730587550798 nan nan
47 373.4056171681607 798.5275437237185 0.41156739214846877 0.316523261049326 0.2943078952017163 25 10.0 -904.0 nan -0.3889814188289259 nan nan
48 415.68162220064363 796.9447673843192 0.7516757529230307 -0.16342576787625426 -0.5892582056097067 25 27.0 -1287.0 nan -0.37875304910261814 nan nan
49 449.848972587089 797.635203856158 0.42355919390663854 0.052424860783847275 0.421273220476634 25 8.0 -994.0 nan -0.24781224564514523 nan nan
50 147.20863697023674 799.7134104099622 1.0530147985144158 -0.3116942836372081 -0.1898953955021286 25 2.0 -3204.0 nan -0.547057274435506 nan nan
51 236.18098598322467 799.1689812386396 0.40723236954976993 -0.28857662149496693 0.017577385355392973 25 -57.0 -3497.0 nan -0.9601091344331107 nan nan
52 395.4700119614781 799.5285765245843 0.588885323552416 -0.13943854598790342 0.11403074803063076 25 3.0 -1415.0 nan -0.32017053991427724 nan nan
53 301.08744581179843 799.5061429596083 0.560694203239801 0.37971671845631666 0.23868729438056058 25 4.0 -2065.0 nan -0.6783545088206586 nan nan
54 317.5528928722716 801.5421704579212 0.46408165153970793 -0.9170055045501476 0.18391805181493476 25 -29.0 -1745.0 nan -0.20279672483056124 nan nan
55 223.64413146959376 802.3630353920987 0.4384561875760624 -0.2768155130549421 0.16128632273780993 25 -69.0 -3760.0 nan -0.8571738135888364 nan nan
56 268.37786137651557 802.2352990544799 1.0404500639615297 -0.8575218371297461 -0.5055795743652755 25 4.0 -3750.0 nan -0.7614545964408975 nan nan
57 600.1870514894354 802.1897054737497 0.7279188021789321 -0.7021908752391441 -0.0027803359933942975 25 31.0 -612.0 nan -0.004172746598573153 nan nan
58 29.291669564909533 804.1849381633521 0.5761822209598747 -0.3480161889746691 -0.07118195731834615 25 -80.0 -6592.0 nan -1.3672916398296384 nan nan
59 46.56854391564729 802.2994170763438 0.6062424843435836 -0.2584511249012657 -0.5391989702333887 25 -109.0 -5617.0 nan -1.2636745263691396 nan nan
60 201.31956401941363 803.4745091085791 0.5617890432959475 -0.3985979974514882 -0.8341296740121079 25 -41.0 -4019.0 nan -1.2674077087465356 nan nan
61 492.9025891773183 803.816431033364 0.5409171290433564 -0.5473085377706779 0.48468585297635325 25 9.0 -990.0 nan -0.12522304088666056 nan nan
62 292.29637281476596 804.5424441086775 0.6749279009489755 -0.7683727459528329 -0.8866668487738283 25 -42.0 -3657.0 nan -0.9500818997198611 nan nan
63 347.81652448613596 804.7958790738103 0.8040759896128803 0.5207168446053341 0.5114517854972368 25 20.0 -1933.0 nan -0.5673424500662956 nan nan
64 68.57748150617647 805.7931675305446 0.6310339775338059 -0.7144702535092448 -0.952518849481242 25 -61.0 -4934.0 nan -0.9732732009122724 nan nan
65 361.64517440453403 806.2462484522786 0.48212691930807305 -0.4775076728036389 0.2979224801297789 25 -23.0 -1977.0 nan -0.4565226713818341 nan nan
66 386.8721480221447 806.3522544994536 0.6580966248551954 -0.956513652961956 -0.5426401817017489 25 -21.0 -1868.0 nan -0.06891245069621685 nan nan
67 445.4641270024308 805.308262149906 0.8965706862705635 0.6442111016849961 0.4529823547515668 25 24.0 -1675.0 nan -0.4418308806833289 nan nan
68 144.15210285254136 807.5369419070582 0.651815851626694 -0.42188709245953626 0.46431765608636216 25 -54.0 -4313.0 nan -1.0037745314267905 nan nan
69 320.7587600286169 807.5733497657925 0.5073761716486702 -0.1887304502917104 0.5779953093876314 25 -36.0 -3195.0 nan -0.8618309825927434 nan nan
70 458.391471597864 807.1615761263868 0.6848400971587532 -0.010734186594719253 0.1081503719896563 25 -9.0 -2304.0 nan -0.5251492006137084 nan nan
71 500.1535915647098 808.8264250925201 0.6821405466724881 0.06807165709702993 0.6778022502875196 25 4.0 -1345.0 nan -0.21227420174071687 nan nan
72 621.6707488089025 808.2039637378466 0.5214950390496613 -0.9462896864172617 -0.58679835094479 25 15.0 -881.0 nan -0.27116999732332137 nan nan
73 670.840744189695 808.0484008675155 0.531090728850873 -0.8829205335894981 -0.9473924669853118 25 22.0 -552.0 nan -0.08676351974052904 nan nan
74 106.44634690752162 808.4353263851488 0.6881796216441919 -0.6740072379632094 0.046417904793311815 25 -5.0 -4464.0 nan -1.2096658184437146 nan nan
75 238.3968140331621 808.3456983245613 0.38941580085795824 -0.5572022190214586 0.002674251797815081 25 -91.0 -5015.0 nan -1.1235743142004542 nan nan
76 549.7773474819504 808.1678225932807 0.6560841480431795 0.7519294634871979 -0.45181088254876683 25 1.0 -1517.0 nan -0.23658878586023166 nan nan
77 247.61840767440484 809.2977623307386 0.37780345346784067 0.07418577968774523 0.41968974707693213 25 -137.0 -5293.0 nan -1.101107316006415 nan nan
78 523.620696904697 810.6167526120805 0.48402422740144985 -0.29589963843679 0.48486150019087915 25 5.0 -1220.0 nan -0.3539663728050879 nan nan
79 609.9337355698547 811.0122308104186 0.7968534759050515 -0.2917761301798305 0.6365402143811594 25 44.0 -877.0 nan -0.34165692325475083 nan nan
80 41.69772254025505 812.3230572726658 0.523369085198437 -0.386883631764695 -0.26048128244378166 25 -134.0 -7410.0 nan -1.5180060520220215 nan nan
81 84.6742882151301 812.0199597781993 0.5556561909706837 0.22874329613066233 -0.47358864968321446 25 -31.0 -5391.0 nan -1.6177993436774563 nan nan
82 115.379123662562 812.1903553081773 0.38659462680684437 0.2024365285884775 -0.006688707328593052 25 -83.0 -4679.0 nan -1.1548187693766019 nan nan
83 212.71795442926827 811.9037985840667 0.4864868763540968 0.29901787247980643 -0.36846114385600187 25 -90.0 -5037.0 nan -1.14425037753651 nan nan
84 356.4847015385044 812.1087611823702 0.466378730317557 -0.32958423630754824 0.6422150053372923 25 -64.0 -2936.0 nan -0.3794899691406658 nan nan
85 560.2740098087909 811.73129854145 0.59834708770401 0.5605302429838881 -0.995709992975965 25 -12.0 -1701.0 nan -0.2808342269421139 nan nan
86 25.033166362446128 814.3734404758789 0.49592720391236883 -0.5829397185480906 -0.973587727572956 25 -225.0 -9437.0 nan -1.470262986864805 nan nan
87 169.2244177801206 814.1259287488122 0.7910903321019237 0.25083339896722234 -0.1324802045756662 25 16.0 -4874.0 nan -1.3715829096759662 nan nan
88 567.5541990091967 813.678019977958 0.45887403104228686 0.32225983702249333 0.9733716451123959 25 6.0 -1439.0 nan -0.7159486031375291 nan nan
89 1.8569989127390514 814.4440047259488 0.5339339238588978 -0.4817755932976684 -0.45623144132501553 25 -209.0 -9026.0 nan -1.3932908490688871 nan nan
90 263.2593553527247 815.0033939863235 0.5147512486989234 -0.013025763196328224 0.41446053748858647 25 -109.0 -6193.0 nan -1.31420853067827 nan nan
91 443.03787708613646 814.6209984231284 0.3873630013011506 0.8326149624946695 0.6988341533273297 25 -55.0 -3141.0 nan -0.7965440808597071 nan nan
92 391.9358074719351 816.0915046954086 0.5326890898902108 -0.3348552761694542 -0.41687161689644087 25 -23.0 -2841.0 nan -0.9284036001009426 nan nan
93 578.8150330819536 815.764956005471 0.2944684913621617 -0.4565868681311724 -0.09159809404739604 25 -14.0 -1424.0 nan -0.46700058247713094 nan nan
94 600.0313633123064 815.9144716223959 0.6428459270544243 0.4875492674670253 -0.027891458022394667 25 6.0 -1486.0 nan -0.3331249929522444 nan nan
95 9.931091188687635 817.1094276554644 0.5207249922343093 0.4170698119262693 0.07148140429060192 25 -147.0 -8769.0 nan -1.5402401987078194 nan nan
96 591.2766310057939 818.6085839681951 0.29665160283930253 -0.9953926822131822 -0.7466505697779087 25 -32.0 -1908.0 nan -0.5847437085822847 nan nan
97 238.21904474132722 819.6902609448332 0.3384206248940649 -0.5655582148400469 -0.2848055076044203 25 -102.0 -6199.0 nan -1.7486728833013643 nan nan
98 353.86463244272386 819.3334170403062 0.5239058068265319 0.0051905802682741375 -0.4870051704376213 25 -51.0 -3833.0 nan -1.0297230299567857 nan nan
99 298.9025032716972 821.847676339255 0.5626674911338618 0.17010707249432838 -0.17406120306034734 25 -55.0 -6429.0 nan -1.6799256643594809 nan nan
100 330.0348709564943 820.9085344637995 0.46895710573026655 -0.5217864873165516 0.9944943678437634 25 -104.0 -6231.0 nan -1.3552388499677692 nan nan
101 647.1036192062196 821.0269838379255 0.5864623453203472 -0.3809232742287863 -0.9110407887886124 25 13.0 -870.0 nan -0.1213846856100976 nan nan
102 78.98327021272051 821.282227501497 0.44200504272967667 -0.47138297336368185 0.8662736598655272 25 -180.0 -8515.0 nan -1.5836343897159353 nan nan
103 284.5763795533047 823.2444689170349 1.1676271611354923 -0.0786110690845565 0.3524334307922189 25 -62.0 -8320.0 nan -1.357547992356807 nan nan
104 308.9294543159554 822.1158640286009 0.3752955962306107 -0.2573325958708523 0.7959007522253696 25 -146.0 -6619.0 nan -1.5051313611685764 nan nan
105 659.9758324947622 822.5065682042671 0.556282724297525 -0.008278249741337394 -0.8771475432989796 25 15.0 -1075.0 nan -0.16361362864336734 nan nan
106 186.75059801057841 823.108604155314 0.787295634444973 -0.5330963822769345 -0.2838069244430514 25 -129.0 -7798.0 nan -1.3455378477112139 nan nan
107 204.79478737028117 824.166237179345 0.7308930441753382 0.08516467235679503 0.8399875044778699 25 -10.0 -6638.0 nan -1.7668843913718413 nan nan
108 318.4978784351087 823.5105548650645 0.4271192697202965 -0.695971686598039 0.13667346802812316 25 -78.0 -6159.0 nan -1.6801120906489246 nan nan
109 507.0188005901797 824.1362017977875 0.5487647889195009 0.08982501778107012 -0.08464208742890945 25 -26.0 -2718.0 nan -0.9290554832455477 nan nan
