test_CNN/outputs/tables/00252_a03173m0s0_sources.ecsv
# %ECSV 1.0
# ---
# datatype:
# - {name: id, datatype: int64}
# - {name: x_centroid, datatype: float64}
# - {name: y_centroid, datatype: float64}
# - {name: sharpness, datatype: float64}
# - {name: roundness1, datatype: float64}
# - {name: roundness2, datatype: float64}
# - {name: n_pixels, datatype: int64}
# - {name: peak, datatype: float64}
# - {name: flux, datatype: float64}
# - {name: mag, datatype: float64}
# - {name: daofind_mag, datatype: float64}
# meta: !!omap
# - {date: '2026-06-09 15:18:27 Eastern Daylight Time'}
# - version: {Python: 3.11.15, astropy: 7.2.0, bottleneck: 1.6.0, gwcs: 1.0.3, matplotlib: 3.10.9, numpy: 2.4.6, photutils: 3.0.0, scipy: 1.17.1,
#     skimage: 0.26.0}
# schema: astropy-2.0
id x_centroid y_centroid sharpness roundness1 roundness2 n_pixels peak flux mag daofind_mag
1 433.49567347641477 3.081643935264966 0.7765301418920962 0.1509989786442795 -0.11769374593089567 25 738.0 3643.0 -8.903647928104789 -0.28506300626021985
2 530.1229376686165 2.9310924222806007 0.9207960612910882 -0.3441222054594842 -0.4233523650805555 25 1031.0 5029.0 -9.253704089052318 -0.5115845187441395
3 603.3245163168257 8.550845857494295 0.37909674487588463 0.23191083212271352 -0.38617278089884655 25 2679.0 53679.0 -11.82451104162965 -0.5255146700676822
4 671.4297816499275 10.74577195204358 1.0365386471203242 -0.5261532172875897 0.020428110364911097 25 765.0 2149.0 -8.330591038728608 -0.21941895641269465
5 347.65604347993724 14.940153961862102 0.8582225525610708 0.7923480091407509 -0.05118708682412812 25 652.0 2737.0 -8.59318699352531 -0.11846218623310803
6 27.312025604900487 21.506962465501168 0.607415520467138 -0.34892418429302596 0.2932401101296778 25 445.0 608.0 -6.959758948181838 -0.13758758089987902
7 241.66269716762747 25.624261284814775 0.4596979665153613 -0.12047079284355891 -0.5351934570397514 25 1315.0 20419.0 -10.775086172839973 -0.34667710650200856
8 824.0447550577153 25.47641127536445 0.42227697024933153 0.09017330778713416 -0.8224155038634261 25 2332.0 43561.0 -11.597744602496817 -0.5058348431400919
9 101.30936484253506 27.782611580384604 0.851650910804321 -0.8854387041352476 -0.05316599580983663 25 737.0 4479.0 -9.12795265611172 -0.13019717671347522
10 738.1193210774592 29.43370450362756 0.7554653122723015 0.3902597678762267 0.34279008625319335 25 1421.0 4522.0 -9.138326395023352 -1.123775573805419
11 532.8688542358921 34.02895288415204 0.370966449387902 0.0020938062156605807 -0.7080032608992144 25 2160.0 40019.0 -11.505665580571323 -0.56764460441879
12 103.85712159559479 35.603632765231374 0.3301118790192532 -0.0021560367334228915 -0.6734613217536268 25 1122.0 18733.0 -10.681518332802064 -0.23047914992214327
13 92.13557819687634 37.49434543370239 0.7622022403076085 0.3575351878383606 0.09749260908372637 25 876.0 1784.0 -8.12848712510026 -0.6215649399525045
14 347.8273183339787 36.35427010376675 0.42518315322585626 -0.06320097929296331 -0.702426654818032 25 2186.0 40960.0 -11.530899869919436 -0.5534633656286005
15 581.811562522087 42.6566926161829 0.8095460465288773 0.1947808684911129 0.10159525837219353 25 1582.0 4798.0 -9.202650609079528 -1.1870123493522087
16 33.747887762019644 45.39176109251388 0.8237263067673525 -0.3762784157442389 0.04706570507453859 25 870.0 1567.0 -7.987672491171476 -0.5717200465512104
17 118.17337197332387 44.844760802825874 0.8234631654787435 0.07355979272343709 0.03711465571216534 25 587.0 1734.0 -8.097622732850478 -0.08616192018476362
18 274.9531998808758 50.61243876023041 1.0049686265983073 0.7797714152179465 0.49183624498957684 25 1039.0 4130.0 -9.039875129141002 -0.4609602410714631
19 149.49115967099738 51.3624032621195 0.4617468693935112 0.24857632099373808 -0.46829954410486957 25 1018.0 15239.0 -10.457391172638378 -0.09461900838896432
20 395.8684998765616 52.92813887620847 0.7750513674052029 0.31312015320179537 0.0723777833130695 25 687.0 2347.0 -8.426282723996481 -0.33235515390318626
21 42.43487394042892 56.051449916653496 0.7372555289185079 -0.26971977408983916 -0.18547765060401142 25 639.0 1462.0 -7.912368431554604 -0.3102389803085615
22 218.36311644956598 55.52990937032615 0.3576574316965587 0.2923559277110892 -0.5936572198693106 25 1082.0 17550.0 -10.610692802004607 -0.26103694154841195
23 307.03978882601416 58.30890548369209 0.7458741769900324 0.164335932027285 0.28937036634989954 25 841.0 2023.0 -8.264989706927011 -0.6093872883428048
24 330.06779727681135 63.075158669910735 0.3798951979111886 0.06236161429968789 -0.30074288853627984 25 1116.0 18133.0 -10.646174153876732 -0.139854579106897
25 395.8236213006535 64.22468473858227 0.9127116413754954 -0.1668768905855815 0.1355993920714548 25 723.0 1133.0 -7.635574774658494 -0.29400488189585133
26 466.13327824784636 64.16978440180601 0.7337193036397599 0.048297924078195824 0.4297402704440594 25 565.0 2591.0 -8.533668532464562 -0.09315918895787022
27 283.20072079242846 64.65885049490987 0.5024755282288349 -0.11241910204540607 -0.42264882199201753 25 1201.0 19035.0 -10.698882202875966 -0.2049786937889423
28 174.13928963540212 70.22822096865582 0.672437375843733 -0.29289026868954654 -0.12310549832757701 25 686.0 2331.0 -8.418855683801441 -0.38401107283104596
29 529.3783591620563 77.0596989051016 1.1787318866387693 -0.33737150866223176 -0.9407295229753504 25 897.0 3716.0 -8.925189263304011 -0.08061315297646879
30 470.96819726559966 77.65018149242827 0.5238209017977198 0.35125166154680776 -0.8645656981349189 25 1910.0 32454.0 -11.278170579564271 -0.5084819636174738
31 541.8788965713358 79.35332941757642 0.7125906238519697 -0.3684512221131576 0.14225612198956925 25 1031.0 7295.0 -9.657563240573676 -0.635082141054262
32 185.50210046779932 78.78122639472979 0.37036554971609276 0.1266222214089857 -0.8603004642506543 25 2532.0 48933.0 -11.72400460610259 -0.6191340517787929
33 617.033322929073 79.88962772473513 1.0088941426156661 -0.47919314987748474 0.07822495082248143 25 1131.0 2693.0 -8.575590883528776 -0.630374732203693
34 594.7070256336542 86.99816744643077 0.5462178266205471 0.001047103945479595 -0.1689833312482121 25 1014.0 12330.0 -10.22740769148933 -0.31893170188385567
35 69.78596168077097 90.3347085028673 0.9139329592504161 -0.8083151014796792 -0.20749006230416725 25 983.0 1774.0 -8.122384038739268 -0.5961415283740643
36 453.6466039374503 89.72066282603714 0.45622905321064916 0.25376855602591664 -0.7363041417618253 25 1986.0 34242.0 -11.336397807331505 -0.5426199816314135
37 707.6884334943438 90.83733452362549 0.983341629208396 -0.3036885566076274 -0.806369436109491 25 772.0 2673.0 -8.567497396891342 -0.26994253842092797
38 125.90385141545897 92.88709647724113 0.4305110930825355 -0.4733044650910507 0.2155584403082219 25 3010.0 58647.0 -11.920614503329695 -0.7168083167671795
39 208.81340505825693 97.03420756295303 1.028026923306323 -0.041331081032288455 0.011481410021830634 25 864.0 1796.0 -8.135765830828214 -0.33163199602986665
40 731.0006939864826 97.05415122783431 0.9612594112623517 0.007547349871451137 -0.11030261043663908 25 759.0 1452.0 -7.904916540910188 -0.31565527537440063
41 671.741388205119 99.45511709424328 0.8845285736216615 0.2573876953134916 -0.0887876756548309 25 784.0 3251.0 -8.780042423740316 -0.29329500468789305
42 809.1295637006183 101.23363259841548 0.9003533693984587 -0.5472403462184499 0.008750748080870663 25 1107.0 4101.0 -9.032224423218713 -0.6733697753383685
43 181.4929284562402 106.457204973138 0.762744257794676 0.29874504528909107 -0.10345114066681121 25 967.0 3784.0 -8.944877819324388 -0.6450484250430997
44 706.7036757209302 107.25583303641716 0.608055024112069 -0.14540461831729526 0.3470781697599835 25 573.0 4059.0 -9.021047628293214 -0.17986184952510603
45 791.2029490767138 105.35201449501216 0.37757265298726445 0.9246417025941217 -0.26111241341949964 25 2906.0 58661.0 -11.92087365542399 -0.6743400084279676
46 798.207951526729 106.55001898599434 0.4254008214661583 -0.6577068693251545 -0.7213111252065303 25 2874.0 58115.0 -11.91072060534939 -0.5024101391336856
47 326.1465020840048 106.84229647180533 0.6790752707282341 0.045380289479936324 0.2590234473411642 25 1168.0 7246.0 -9.650245824246294 -0.8678845789042917
48 832.5887622549775 108.4897302360223 0.3335086670098445 0.7325135971387465 0.40759110181427183 25 1537.0 22422.0 -10.876685870583202 -0.8389465521514936
49 84.96122943394352 119.88412175327151 0.44153198532600363 -0.11819574934747837 -0.7067066492777244 25 1286.0 20571.0 -10.783138510462592 -0.2867916524760551
50 459.99446363303866 127.72022701160792 1.1897533724304004 0.05111408012130478 0.6349225826395698 25 834.0 2483.0 -8.48744179888641 -0.11685016906725432
51 35.63243723123873 139.00820181134753 0.4227304133154328 0.5758542834739281 -0.33260014687419576 25 2678.0 51302.0 -11.77533574085131 -0.6773008848736578
52 46.26074149692416 139.4123442849651 0.3502448586577143 -0.7141253857824107 -0.753781751446704 25 2671.0 54114.0 -11.833274093273594 -0.566709213198249
53 740.9406771489139 144.77874486089397 1.0636513868848676 0.26947585634041643 0.0992156549560674 25 794.0 3225.0 -8.771324297428217 -0.14881644557315507
54 280.7750524451674 145.533721874911 0.40199028068625964 0.07986767926026243 -0.6443899925167652 25 2366.0 42329.0 -11.566595021550496 -0.6811180277167854
55 704.8016728712211 148.09648161125355 0.8828862628036463 -0.21371027582490143 0.6815755478911659 25 753.0 4152.0 -9.045643362101004 -0.1434419978945437
56 188.7588227525017 148.92375426725062 0.8658375315792582 0.10283048416992567 -0.09051705569412499 25 878.0 1581.0 -7.997329674830523 -0.5399520798078224
57 786.9684942056347 148.7303522155835 1.169110403154872 0.010201070348263883 0.2936009468619097 25 1514.0 4832.0 -9.21031731403269 -0.7791318643626299
58 474.3617654507043 151.03546099517274 1.0446034354295124 -0.056823136825381745 0.17204937406623458 25 747.0 2850.0 -8.637112150021276 -0.11465687172799108
59 396.9694730431016 153.30363948555123 0.790973082600939 0.6514670366505703 0.05100659253961234 25 558.0 1985.0 -8.244401277747835 -0.026714357296739835
60 752.5906418572413 161.98491577508415 1.158996456447454 -0.2653055097414443 -0.3254518992445783 25 828.0 3195.0 -8.761177156236048 -0.09342921571683448
61 92.54714317528175 162.8178669796694 0.7032280386858484 -0.759778420189378 -0.02599117096688176 25 639.0 2180.0 -8.346141234011512 -0.2505849374789441
62 777.6482016736206 163.28490705460135 0.4009634431071766 0.566117849896267 -0.47481174873038523 25 2519.0 49069.0 -11.72701801845406 -0.5932425455856062
63 252.27365236911768 164.9203273344804 0.6122598062998728 0.13571354203025957 0.12708424637449564 25 608.0 2801.0 -8.61828277205892 -0.3689736407788538
64 806.0555324583199 166.17654529908847 0.9998543683027799 0.4505997920350618 0.1666425639687438 25 1221.0 4132.0 -9.040400782118956 -0.723873095463422
65 577.0703250644277 167.17449559441053 0.6014731821455621 0.3675623028475963 -0.70107604763002 25 1210.0 17247.0 -10.591783908414094 -0.25285660313143576
66 612.8656895480775 174.00853565314662 1.0524582570754053 -0.11836420351783838 0.2187722014669976 25 710.0 2691.0 -8.574784244409386 -0.04772726491269655
67 832.4012437547026 177.60239383138125 0.3545600117335918 0.4453804030629013 0.2667840172737917 25 1823.0 25968.0 -11.036096256205392 -1.066634472995483
68 783.3538109754337 181.32701128905623 0.40255164357825873 0.12828954681973226 -0.5821018724855861 25 1540.0 25943.0 -11.035050489134157 -0.5313810582253743
69 262.341272238927 185.4966982533837 0.6807288993902801 0.1701333197895637 0.40077623307294336 25 911.0 5129.0 -9.275081747664384 -0.5756748287999209
70 515.2405624950884 187.26280430620608 0.7000071744838321 0.3058514198775652 0.024126874060284947 25 779.0 3423.0 -8.836017247844692 -0.4768072982078313
71 393.7050793794978 192.1642096688366 1.0201101565156367 -0.028681633676397505 -0.2762827869550419 25 1319.0 5657.0 -9.381465446851022 -0.6751562366195546
72 767.2715770276576 192.3227784877158 0.4171272280656621 0.5399180485180782 -0.2440394160688953 25 2409.0 46349.0 -11.665100921219256 -0.5444522051735496
73 631.9449183302697 193.47422497935375 0.48640915037893795 -0.14354557558328093 -0.6438816904304175 25 1353.0 20970.0 -10.80399607616336 -0.44262262325611723
74 263.2686872520755 193.80424576192547 0.3938562212876327 -0.0024356078937687966 -0.8577197885615874 25 1912.0 34633.0 -11.348725282224397 -0.5491374618665322
75 415.8108093750233 197.7618650926014 0.6486256133574434 0.4700635861050127 -0.6210169383337655 25 530.0 3581.0 -8.885010802529758 -0.02476994098129904
76 528.1294816995509 197.88578464927966 0.8467874558238236 0.19758908224256577 0.21432855350147992 25 1051.0 3003.0 -8.693888330497453 -0.728944414196157
77 83.0267331927975 198.87770689370134 0.888407893385733 -0.24181264074064393 -0.07381563074977578 25 526.0 271.0 -6.082423227186014 -0.06846974831560002
78 143.96413400592894 200.67490540035644 0.4937231892203443 -0.18354488825642382 -0.6864268514372986 25 855.0 12720.0 -10.261217778280987 -0.07846527353088122
79 793.0316949043477 200.64551323222508 0.41039090679137297 0.28731859175389396 -0.6394868281411924 25 2062.0 37904.0 -11.446712608446726 -0.5136518886641734
80 273.5432661062116 203.0170681425532 0.75222372603197 -0.14936514246954533 -0.3310408165317632 25 613.0 1877.0 -8.183660681553365 -0.21884133729045488
81 596.2781036906952 206.3842415504611 0.4462695906417168 -0.46026146395228384 -0.4757165837523396 25 1033.0 15147.0 -10.450816563537872 -0.22223059378390295
82 322.4661904513063 209.83027224861797 0.5106209827238567 0.13117157645528638 -0.7422245196578917 25 1234.0 18979.0 -10.695683314495419 -0.1845707886228627
83 765.6712115430591 212.59268604846585 0.4210605228399853 0.36044158713770785 0.32533502180162743 25 638.0 4991.0 -9.245468924665305 -0.48356281118574546
84 314.6560138104295 212.81227006324994 0.3876904436474814 0.42338962831875016 -0.20480469277016408 25 946.0 15757.0 -10.493683837536942 -0.044717786860168196
85 731.3129698837768 215.33192834893208 0.7391761140231012 0.3022797978566741 0.21204614709479075 25 755.0 3082.0 -8.722081585956001 -0.39837512988544777
86 616.9119853583356 216.19790654677445 0.9145486317839389 0.14734424310451602 0.10169554794918635 25 792.0 3399.0 -8.828377911457649 -0.23967646673802528
87 800.1599309596284 217.0499518864019 0.8215547229880722 -0.4427985521403208 -0.29230714952930964 25 689.0 2416.0 -8.457742324872736 -0.2683181873654527
88 771.8725503367004 219.93763626286474 1.0763773354803745 -0.26127102541577585 -0.3375002592870624 25 688.0 1853.0 -8.169688548297243 -0.0513260753073686
89 253.123681335715 222.21978679552544 0.3597448144231381 -0.14952749382151687 -0.76136814625267 25 1589.0 28366.0 -11.1319952463979 -0.42371715310346675
90 260.34363908624226 223.95512031071013 0.3970717805237362 0.012775468957331266 -0.545513762432886 25 1263.0 21362.0 -10.824104776825527 -0.26648816721762214
91 96.23610082783026 227.95616737026694 0.8970725208592893 -0.09892570757001773 -0.03995832486504551 25 533.0 413.0 -6.539875129141003 -0.050524216122036614
92 659.2205364888944 231.21585020303476 0.8863127915659069 -0.7800825425021312 -0.42924699875915767 25 680.0 2748.0 -8.597541820968782 -0.17554456137362662
93 256.8480691677657 231.99966865835336 0.9334893747961167 -0.12068691686891912 -0.1819169431950479 25 745.0 1360.0 -7.833847270925544 -0.2749825896716606
94 550.6613776457464 231.6633457310485 0.5565245463808647 0.15858948723036875 0.3542456090691806 25 684.0 3203.0 -8.763892346659555 -0.4863043039155465
95 762.0652444031017 231.8612488662743 0.9985340327832075 0.3698795786720263 0.5167712069841477 25 683.0 3051.0 -8.711105519106017 -0.0034903913704285427
96 149.3529337089709 233.8216504221265 0.4561579480654233 0.523329449034837 0.3179940854434748 25 2852.0 53250.0 -11.815799030276938 -0.8261842905874017
97 617.7854291511237 238.38354104606105 0.8425163674113747 0.8623480169724305 0.24226541471639723 25 1137.0 4406.0 -9.110111232036871 -0.7595332708222986
98 469.61672752860653 240.01087912121585 0.9080391819663064 -0.4962189502713447 -0.09278644377886121 25 796.0 3195.0 -8.761177156236048 -0.23741459782447047
99 235.00570216286818 244.56928009328968 0.4720318111637243 -0.07600086432604362 -0.629900725729735 25 1345.0 21942.0 -10.85319052680422 -0.2696208148422482
100 389.5245985934868 244.09681826987185 0.41004891074255034 0.1732913243925295 -0.8917219037082107 25 2254.0 42134.0 -11.561581727301176 -0.5497443456078761
101 346.15067170607387 247.5198197430747 0.49919075191524076 -0.22862888686278024 -0.5367999793531696 25 1362.0 20105.0 -10.758260193597325 -0.44943805099873696
102 508.55440439281915 247.99556588609107 1.0123388811412384 -0.1868661092437129 -0.14485042248968344 25 654.0 1705.0 -8.07931095832129 -0.0414401817602761
103 527.6622538700282 249.91710381429053 0.6277960501526212 -0.5119157065366886 0.030097135246799366 25 2536.0 11523.0 -10.153913904712098 -1.8115924507368275
