test_CNN/outputs/tables/00252_a03173m0s0_sources.ecsv
# %ECSV 1.0
# ---
# datatype:
# - {name: id, datatype: int64}
# - {name: x_centroid, datatype: float64}
# - {name: y_centroid, datatype: float64}
# - {name: sharpness, datatype: float64}
# - {name: roundness1, datatype: float64}
# - {name: roundness2, datatype: float64}
# - {name: n_pixels, datatype: int64}
# - {name: peak, datatype: float64}
# - {name: flux, datatype: float64}
# - {name: mag, datatype: float64}
# - {name: daofind_mag, datatype: float64}
# - {name: aperture_flux, datatype: float64}
# - {name: inst_mag, datatype: float64}
# meta: !!omap
# - {date: '2026-06-11 12:14:20 Eastern Daylight Time'}
# - version: {Python: 3.11.15, astropy: 7.2.0, bottleneck: 1.6.0, gwcs: 1.0.3, matplotlib: 3.10.9, numpy: 2.4.6, photutils: 3.0.0, scipy: 1.17.1,
#     skimage: 0.26.0}
# schema: astropy-2.0
id x_centroid y_centroid sharpness roundness1 roundness2 n_pixels peak flux mag daofind_mag aperture_flux inst_mag
[from data line 346]
347 556.0120558104392 742.7876984630595 0.44369923916232634 -0.05758230998942883 -0.975747942949884 25 2025.0 32920.0 -11.293649566350581 -0.741764523774582 57418.05620907341 -11.897621215265275
348 537.8461545711333 744.9213954111284 0.6236306152641198 -0.23340465982368458 -0.23550095564137538 25 1868.0 8792.0 -9.860219198538585 -1.518505004348056 14775.581656904227 -10.423861465915662
349 772.5340492265025 744.2747203933727 0.6051394698373144 -0.5209354793491361 0.021796849597540646 25 464.0 2446.0 -8.471141131750667 -0.1326729156006757 2928.5966602552517 -8.666648906937516
350 328.0413607447733 750.9005303759158 0.8772358744868419 0.3513329423983097 0.17433499563334556 25 623.0 1903.0 -8.198596970717551 -0.10245048537463478 3508.5787718512724 -8.862828078531122
351 474.23869789312926 750.7883282798925 1.1075947400906414 0.5318401513418219 0.19133801257713823 25 988.0 4683.0 -9.1763103944552 -0.3168625952720533 10533.984675060641 -10.056481705515626
352 804.0381022737266 751.8910998537351 1.1735488524333157 -0.36899694825421736 0.22545075131004316 25 793.0 2113.0 -8.312248742630784 -0.11505939610195123 5320.892064577471 -9.314961123146308
353 154.98471823977357 752.9276549198511 1.363364176551198 -0.06366974796066524 0.4180412301062108 25 1169.0 1221.0 -7.7167891598622065 -0.46607882705495624 2119.787097222042 -8.315730610877573
354 572.8356782887016 755.9502912164443 1.1578742255674586 -0.03409736267084557 0.21700683972671703 25 1030.0 3534.0 -8.870666362926864 -0.34837159842266535 8587.204026862702 -9.834629454000032
355 320.2719112048796 758.084319345798 0.8436173615040298 0.37205657101652484 0.05529081049224158 25 484.0 190.0 -5.696884002382072 -0.03856122594660038 453.40024257606177 -6.641204370361871
356 659.3254831582923 758.6095836498854 0.8017496627153846 -0.3671135898832353 0.9191797148338985 25 718.0 3304.0 -8.797600096620862 -0.31803765374813436 4860.9777741334265 -9.216809088382059
357 478.75086259068536 761.174885489975 0.4038784108922807 0.16759938852967685 -0.33306965198803934 25 1762.0 30158.0 -11.198506342184952 -0.5537187596745561 60273.630514826626 -11.950318378747305
358 276.2680424280605 765.0181495531149 0.9774400754621959 -0.13881010824047374 -0.09680463325610086 25 1523.0 2932.0 -8.667909914922726 -1.0528198975203271 1055.5665634663599 -7.558714062215893
359 496.254716112932 769.4778056916875 0.36184963232654554 -0.07542885544746845 -0.5466988484080971 25 1700.0 28891.0 -11.151906435690947 -0.5928419768745953 54651.1061085004 -11.843997390643707
360 786.0522897447145 771.0410771258363 0.6079270404722859 -0.18238516203839747 -0.44555075147694007 25 500.0 2605.0 -8.539519319088859 -0.08677088506513504 6055.148945447178 -9.455312076125518
361 657.988079605604 775.1879231307681 0.8473776552663942 0.0006610296982046621 0.04231744127124393 25 1652.0 4530.0 -9.14024550503208 -1.2123183289858461 6389.830431053166 -9.513723333253964
362 176.89737180071063 776.4612452988196 0.9173119335144903 0.04957863411874279 0.161768385166284 25 944.0 3474.0 -8.8520745352777 -0.4489278434377656 3773.4690663147767 -8.941851985338973
363 155.01596897381896 781.0276095568722 0.8371854829948085 -0.053883757997072755 0.1265017905661928 25 588.0 1250.0 -7.742275032520141 -0.14387916279359117 611.62744241149 -6.9662174075983625
364 823.9055935258319 784.2176473094968 0.9713467380504379 0.32358570216687976 0.06014046733206745 25 870.0 3739.0 -8.931888662885548 -0.32670817884515213 9836.422952575776 -9.98209298632484
365 647.221051944782 786.8869765799935 1.1226383492313252 0.19686471389093488 0.15708162738333903 25 803.0 2735.0 -8.592393326673625 -0.0581858963566915 4758.617045609095 -9.193701889822702
366 453.3942185974965 788.5570969406065 0.6945617966582818 0.2655327454052799 0.1327964190267023 25 1952.0 7944.0 -9.750098088718312 -1.502698036039808 11611.58245816656 -10.162228526524968
367 526.0742587500376 790.1643238455823 1.133950442178114 -0.3099682630637397 0.25294386826035836 25 917.0 3460.0 -8.847690246981943 -0.21144920632752318 4598.760901493479 -9.156602075869554
368 108.10515738273666 792.1683043073926 1.1017945053612348 0.36119483385089185 -0.16459679389898324 25 901.0 2145.0 -8.328568241301857 -0.2979670007349909 2189.685550865718 -8.350954381473617
369 183.64939669674445 792.019505943068 1.0300661709934453 0.16625303733392502 -0.07312677415029141 25 830.0 1463.0 -7.913110815313277 -0.34634789683531114 1958.8277172530031 -8.229990601553204
370 575.1680815819332 802.0385780719733 1.3096303559314644 0.27701976480732643 0.19692265453313132 25 775.0 1279.0 -7.7671763611966345 -0.00474498406794233 2360.126930036311 -8.432338400997292
371 781.3833309346259 803.0122013706509 0.9286403699079397 -0.18210030893309312 -0.061054926579448 25 1131.0 4817.0 -9.206941615786086 -0.635894618085254 9805.727550024485 -9.978699555753693
372 610.5895742906921 806.8419994106341 1.1113119359637988 -0.13542040642953035 0.2220584634296557 25 870.0 2768.0 -8.6054152144618 -0.2427366861453353 5419.194858034166 -9.334836918058533
373 434.13449398008277 808.1520704222086 1.1443950058916352 0.384201208607622 0.15926378296663732 25 911.0 1087.0 -7.590573860215737 -0.34115531565691387 2806.9592503927092 -8.620590269689014
374 514.9190337140107 809.8966780440292 1.1697607893265696 -0.14771955208196821 -0.0803214800397692 25 819.0 1334.0 -7.812889573951325 -0.22171176406014842 4453.975920956685 -9.121869662063913
375 306.6193475966335 810.6541340622726 0.44719618106656805 -0.011285678830245173 -0.8379926074164621 25 1583.0 24712.0 -10.982269738233486 -0.5361011612217355 44755.63448453245 -11.627119295861721
376 691.6230855642928 811.2643657403772 0.4171521767803147 0.5945444742992974 -0.23362396998406432 25 2692.0 51169.0 -11.772517324005161 -0.7609324113630617 112098.61809239908 -12.624000647041742
377 760.8721004470069 812.7809694039829 1.3785937076764812 0.0694757083915128 0.012867145874730352 25 962.0 3420.0 -8.835065265140337 -0.08751801143695719 6605.175510451284 -9.549710905068572
378 387.90794340474724 813.9669285316068 0.8828784832509834 0.3606255499663961 -0.46826140897160384 25 662.0 1218.0 -7.714118220742141 -0.26446781081952925 196.06852095409516 -5.731019681857687
379 499.2174099750677 814.1086589128674 0.903370240478498 0.36608287244901266 0.009963924030145174 25 980.0 3592.0 -8.888340819988166 -0.5366155931927683 7781.551701614409 -9.727665518262862
380 188.27551123773142 818.3630458295265 0.6315227447967589 -0.1170884084352838 -0.25264950141051085 25 486.0 982.0 -7.480278719467374 -0.2035563675235697 975.203831753574 -7.4727384975896065
381 659.3630055563071 818.7923284268409 0.36366271571667846 0.2009722805802234 -0.4811594569775577 25 2881.0 56990.0 -11.889496642434576 -0.6232261727040497 113965.7601957382 -12.641935979402161
382 107.60544044507091 823.8577339572001 0.8905059397215735 0.12249907503647102 -0.4078681723607543 25 855.0 2011.0 -8.258530176491854 -0.4534897707822476 3882.84127744012 -8.972874094610807
383 31.974703279891074 827.071877668299 1.0607927798027503 0.00880995856590521 -0.05419939494486851 25 849.0 1375.0 -7.845756745415704 -0.30487743113267485 1654.701505486169 -8.0467991550799
384 175.73121807943855 827.9815101086823 1.143276479908141 0.46546776206405777 0.054316437916565694 25 782.0 1298.0 -7.7831867311608764 -0.14368314974750165 120.16231837087295 -5.199420747177116
385 683.1257970373006 827.729639981679 0.937450400111994 -0.6291910638329289 0.1599060405756364 25 1597.0 4773.0 -9.196978585915609 -1.024310362071915 7501.041809659237 -9.687803965400752
386 810.3182089649852 828.3515138985914 0.7269208157346158 0.04248355421641228 -0.023708255571128482 25 1332.0 4966.0 -9.240016788046363 -1.053438722185141 6208.740551274775 -9.48250878018996
387 384.2784142055425 828.8301865905468 1.314782806891568 -0.055187685010679416 0.22619343065629705 25 1255.0 1086.0 -7.58957456313207 -0.5772069091029164 553.7406978096669 -6.858266109143893
388 76.03944881759055 829.3281382727038 0.4017324342970083 0.9420185873618954 -0.19323836127534033 25 2921.0 56124.0 -11.872871539890323 -0.8386796829718955 206808.78391485565 -13.288922452166172
389 821.3562309858581 830.8751906014139 1.25381126433432 -0.32794972632157554 -0.39365709612995115 25 863.0 2209.0 -8.360489289678588 -0.11571344487545342 3729.235821451777 -8.929049618041892
390 50.59257380479014 832.944016964441 0.8298782250439031 -0.5714587376202297 -0.46636223163407864 25 986.0 3272.0 -8.787033237498212 -0.616720094724049 3943.471947635252 -8.989696889416745
