test_CNN/outputs/tables/00252_a03173m0s0_sources.ecsv
# %ECSV 1.0
# ---
# datatype:
# - {name: id, datatype: int64}
# - {name: x_centroid, datatype: float64}
# - {name: y_centroid, datatype: float64}
# - {name: sharpness, datatype: float64}
# - {name: roundness1, datatype: float64}
# - {name: roundness2, datatype: float64}
# - {name: n_pixels, datatype: int64}
# - {name: peak, datatype: float64}
# - {name: flux, datatype: float64}
# - {name: mag, datatype: float64}
# - {name: daofind_mag, datatype: float64}
# - {name: aperture_flux, datatype: float64}
# - {name: inst_mag, datatype: float64}
# meta: !!omap
# - {date: '2026-06-11 12:14:20 Eastern Daylight Time'}
# - version: {Python: 3.11.15, astropy: 7.2.0, bottleneck: 1.6.0, gwcs: 1.0.3, matplotlib: 3.10.9, numpy: 2.4.6, photutils: 3.0.0, scipy: 1.17.1,
#     skimage: 0.26.0}
# schema: astropy-2.0
id x_centroid y_centroid sharpness roundness1 roundness2 n_pixels peak flux mag daofind_mag aperture_flux inst_mag
[from data line 169]
170 420.57698119607505 395.49817623282064 0.36562875781636356 -0.41882235461936435 -0.3654769014734438 25 2843.0 56105.0 -11.872503916761051 -0.7170731008899213 200746.65573829698 -13.25662079762273
171 519.982546847705 396.0161022681788 1.1218816402797627 -0.2337163781017897 -0.21221173276316277 25 879.0 1323.0 -7.803899610468752 -0.3363869852350311 845.2345879768301 -7.317443151440891
172 276.4754664054079 399.23313635127636 0.6961928735676601 -0.5151485354227511 -0.15145047204204184 25 1172.0 3037.0 -8.706111979795663 -0.9966051886502303 803.6396448659401 -7.2626533826650865
173 729.5928466000512 400.1121329800804 1.0248665610188892 -0.3970768317736254 -0.2953630461287852 25 992.0 1582.0 -7.998016197904144 -0.5333160645550281 nan nan
174 697.8988199801693 401.4356845838426 0.7041973977560124 0.6590954205077297 -0.08837535676229186 25 627.0 1413.0 -7.875355404621397 -0.3286336576731366 nan nan
175 618.4256135408975 401.00190291198834 0.38094827848823687 0.034003304758208085 -0.7360649323691077 25 2537.0 48635.0 -11.717372300528751 -0.6050354914629317 104663.58259670988 -12.549488991004164
176 803.8257790853465 405.1644157375828 0.7992656003619768 -0.5152975943183223 0.07612212021152508 25 1735.0 6269.0 -9.492995674597397 -1.2628390437215467 7574.746390508592 -9.698420242095438
177 17.979522696204672 406.8731407058657 0.9775926643631729 -0.43343423714437196 0.11129142963627735 25 714.0 1067.0 -7.570411048561175 -0.22445584985474554 nan nan
178 184.43718667736564 407.8084116611546 0.6751852595372759 0.03642002920111355 -0.054164313134010836 25 1261.0 6923.0 -9.60073582902859 -0.9470203523938627 14165.289682828568 -10.37806365087703
179 344.1040311244444 408.2360975003258 0.9665490998882563 0.7014373620224315 -0.1410355883346185 25 733.0 641.0 -7.017145073797043 -0.25408580596297836 nan nan
180 775.6429679852938 407.93880618289 0.3785465198379435 0.5131770294588643 -0.4501386580122595 25 2456.0 47677.0 -11.695772300742163 -0.623805642082214 104076.89106955168 -12.54338577682425
181 59.08386077178144 410.9224287751199 1.0573781971706318 0.30068168778572635 -0.08398649975816735 25 722.0 1784.0 -8.12848712510026 -0.10676407423194105 3630.998860747308 -8.900065281624537
182 29.670288744030678 412.8472777565787 0.9374441560172768 -0.2655575176207522 -0.09570472173570521 25 1086.0 1243.0 -7.736177821604112 -0.7190982962394431 nan nan
183 114.14662557055351 414.69480112885236 0.5073150173145072 0.2381734906157183 -0.7197719093577074 25 881.0 12419.0 -10.235216567707983 -0.08865129034682925 24154.00441549771 -10.957472853390296
184 711.7587364914476 415.107813404423 0.3699889385090676 0.1658315350529254 -0.9576305252934628 25 1357.0 22793.0 -10.89450372625717 -0.4625007899920433 40863.28356655543 -11.528333153510282
185 379.9444974746991 417.80279460335316 1.0743843091366485 0.03037066824156359 0.1464879074460819 25 723.0 482.0 -6.7076175955971244 -0.22747076801253388 nan nan
186 637.9439638386799 417.973365437461 1.0992689976882608 -0.35186867444444764 -0.11591621984298549 25 927.0 394.0 -6.488740554563935 -0.463607143104378 nan nan
187 515.4001537873534 421.95822529775006 0.5461560699316369 -0.15125379521427812 -0.6954906074601919 25 942.0 12056.0 -10.203008098266439 -0.15467651907064056 20957.78221952087 -10.803363307803993
188 655.3347687185352 422.036818999634 1.1432349536617215 0.11593171450863377 0.1079517579836669 25 1102.0 1382.0 -7.851270107595449 -0.5468935987996474 1437.477715013332 -7.894002801540242
189 811.3078850066968 422.9633154611165 0.7834106607229944 -0.3218057326590087 0.3680418295709652 25 1184.0 5381.0 -9.327157480116234 -0.768574125041096 8290.063507814426 -9.796394643923247
190 295.85111935877217 424.2842798375873 0.5037378200939084 0.05510404978968653 -0.5382895444831679 25 1267.0 20474.0 -10.7780067473769 -0.138020465456816 36666.743340601424 -11.410680846484949
191 714.8837686262176 426.54866260893624 0.5831970292248068 0.6645925656058348 -0.5543002810552791 25 1184.0 18250.0 -10.653157171981233 -0.06154274113007048 34597.70532795776 -11.34761823856769
192 825.6002455074155 433.85686816746124 0.4678530101452257 0.4546974418650992 -0.8262808222372808 25 1631.0 27516.0 -11.09896325194391 -0.5174618499777153 55846.49293204092 -11.867489763320862
193 784.930707172674 436.77790389975985 0.4167428092513696 0.11052173169637892 -0.6410617861003676 25 1937.0 32346.0 -11.274551455530698 -0.628741800933414 57855.892537835534 -11.905868994491755
194 1.0848581712654526 437.8080198410007 0.5792897003390153 -0.09275433146914995 0.19439947577914046 25 509.0 1711.0 -8.083125023852752 -0.201945137921339 850.4880633690088 -7.3241705566311675
195 605.2721304003124 438.60949378183 0.4890224353808782 0.12688316929057114 0.12460256508017452 25 331.0 237.0 -5.93687086502526 -0.019657450188714704 nan nan
196 642.6529585572645 440.2521201437315 0.8162791787576675 -0.3712793386840731 0.0034023101975330463 25 1367.0 2985.0 -8.68736083866347 -1.0496000107219752 2454.23106994095 -8.474788624661212
197 406.62896777905263 440.24271947730347 0.37400052170551773 0.008492096093916475 -0.7842506594679491 25 2434.0 45154.0 -11.636740571617208 -0.6617630138226718 94437.97156666251 -12.437866625737549
198 560.6145512188267 442.41402573937836 0.6558832181827331 -0.303368406568243 -0.1622020065438841 25 593.0 3198.0 -8.76219614852554 -0.20921299134928986 7074.224589466121 -9.624197108734123
199 127.92015765293303 448.1679232036835 0.8851133595475789 0.134976506149505 0.10910563293013549 25 1388.0 3152.0 -8.746465522043795 -1.0029166772409783 3635.5442879934353 -8.901423598906874
200 169.74480820483078 449.27880628513475 1.1393044789786881 -0.343453364865776 -0.1533879631934503 25 619.0 270.0 -6.078409410397469 -0.021135421469615168 1887.7479303908772 -8.189860007017334
201 474.7561260432186 449.2958929111517 0.47402792541878813 -0.5508269984210715 -0.6588555126200794 25 667.0 5440.0 -9.33899724924545 -0.3447335154634054 7709.624280349587 -9.717583034314528
202 786.7994286785138 449.99738626693124 0.9631634492888638 -0.4436855347803472 -0.024103819430762254 25 704.0 2249.0 -8.37997363858908 -0.15486604115792862 4166.350162507468 -9.049389418982534
203 314.08058117326595 452.89040732211 1.2114491025965621 0.31283788753383923 0.43933863502888376 25 957.0 1277.0 -7.765477243158538 -0.35123636974483924 525.3930683860216 -6.801210846888549
204 61.43970198051094 455.75043264871505 0.3775660779931188 0.054526486331723856 -0.6956414547736983 25 2436.0 43379.0 -11.59319884040984 -0.7764525145261069 82156.78077358085 -12.28660853388357
205 530.0513423816421 455.56833069812035 0.8807602200057847 -0.14492576579391372 0.3984326626019265 25 811.0 2530.0 -8.507801302939544 -0.37045273030754355 5501.319437150289 -9.351167158076967
206 50.27388871883875 460.0260832874063 0.8169482687428443 0.13522217987520854 -0.4436528073593509 25 692.0 2720.0 -8.586422260085497 -0.2527403493974282 5214.187044345415 -9.292966515522508
207 489.6411902871453 462.1881738080993 0.5922503530191031 -0.3375857956370787 -0.2320043142680457 25 515.0 2790.0 -8.614010508183993 -0.14193986360943042 5321.4585051155245 -9.315076700056984
208 200.45512161241794 466.1018483941682 0.9875401521068563 0.20852246760016732 -0.07952862511808208 25 704.0 1592.0 -8.004857658504125 -0.16283947076045496 2278.500194751249 -8.394122675097782
209 68.89394862589629 467.10603267724076 1.0058363819186784 -0.3141070417273132 0.058754612114421484 25 750.0 2266.0 -8.388149763818447 -0.19136789542416846 3282.502558136374 -8.790512683045513
210 345.6921057697356 467.3090755729667 0.37492719145662423 0.3783216253463368 -0.6266033847528029 25 2498.0 48604.0 -11.716680030483035 -0.5687613333206244 100582.10180818255 -12.506301766474312
211 13.926671265669139 469.1902729621864 1.2103544885428699 0.06305455469911612 0.638006579545292 25 913.0 4001.0 -9.005421378447494 -0.12054061978830717 9386.408051592673 -9.931248575496374
212 461.74974786626206 467.9524222152481 0.4321985479450847 0.9628836556168331 0.6116225651732768 25 3076.0 59226.0 -11.931281005729112 -0.7897026346460991 200127.27989100636 -13.253265731318308
213 735.5423507001498 468.6805390970141 0.32050511614665383 0.07997535245490624 -0.8672259023672694 25 2009.0 39032.0 -11.478552012760526 -0.5972460734627404 82279.25860660677 -12.288225924361827
214 84.16095906992503 469.9377895398936 1.1178378256224841 -0.4778367646283352 0.02805052272103825 25 1178.0 2674.0 -8.567903507314913 -0.6038518235426573 3085.0941987918663 -8.723171072779666
215 268.55876626518767 468.95866270548134 0.39296441398825893 0.4634304420141367 -0.18322045835339335 25 645.0 8937.0 -9.877979394836766 -0.01872919257355041 17607.090218006866 -10.614218973865047
216 473.3806977184768 469.1742900731214 0.3858083235012947 -0.36436913243070257 -0.16984595934958654 25 2744.0 52477.0 -11.799922498432036 -0.8083917382604779 126180.21930725974 -12.752478194738035
217 596.1593300794101 476.0110948519908 1.22576118778257 -0.3289419187397671 -0.13553660723937938 25 1429.0 3799.0 -8.949173233886802 -0.6825551748236978 8358.15289742553 -9.805275778798404
218 780.039731885346 478.5882791861883 0.7843656365808798 0.1703798248151584 0.406128707921779 25 1033.0 3195.0 -8.761177156236048 -0.7300451042354096 1482.4731897665588 -7.927467119944499
219 664.64140642374 480.79397807723944 0.3719199021751156 -0.0713049692103916 0.23249875531043587 25 845.0 12570.0 -10.248338194214895 -0.15610231099563376 23459.3371580902 -10.925789342482597
220 85.93640781724177 482.93319092384263 0.970811035419384 -0.3599610751701978 -0.1897396002834056 25 1485.0 2965.0 -8.680061744250704 -1.011550189526962 3200.8861849019604 -8.763175580121489
221 192.5087377097718 484.06870166725645 0.7406078169339904 -0.07181531194009541 -0.14025968637040576 25 753.0 1406.0 -7.869963301709513 -0.5459644392572852 nan nan
222 662.3083347087329 489.314709461179 0.4109948640680944 0.20919546341958098 -0.3292210407378565 25 2488.0 48742.0 -11.719758363370401 -0.48735849468172077 141146.03134029027 -12.874171678555141
223 712.9335678965866 489.0786696961804 1.0788621084559467 -0.6293027873345463 -0.19328625125951726 25 691.0 236.0 -5.932280007425267 -0.20714428770901355 nan nan
224 785.8136139763618 488.69895696314455 0.6663428493133683 0.09798380073628422 -0.2059626125551769 25 563.0 614.0 -6.97042092785292 -0.3778338400996477 nan nan
225 337.1215973926532 489.47658529967754 0.5018365684111905 0.3169990300543754 -0.4644695373610628 25 1259.0 19073.0 -10.701047521940499 -0.35334588216820145 38382.16003093439 -11.460323529641066
226 278.8249508545276 491.7342324556243 1.0369831131602998 0.13581147704471117 0.10943462862214524 25 718.0 2257.0 -8.383828897694405 -0.0632192161907897 2789.9891520978567 -8.614006286684711
227 734.1409494754657 493.09403796252195 1.2523959493132895 0.1332529281025678 0.14790871200942796 25 768.0 -5.0 nan -0.16634645990774052 nan nan
228 481.0042662708701 494.14867560876655 0.9447424494428606 0.618011988443183 0.1757848203108384 25 935.0 4293.0 -9.081902221198597 -0.4089431147406569 13454.84756171397 -10.322196954342433
229 28.264236666763892 496.9057759301275 0.4906281302237452 0.04076551294987255 -0.802483718087639 25 1028.0 16068.0 -10.514904557649086 -0.07668817133015988 28000.515306288497 -11.117915059839323
230 318.59760274257167 501.2617288723355 0.7130235437170557 -0.5817224763325776 0.017579563574859486 25 474.0 471.0 -6.68255226782224 -0.10080804535151096 nan nan
231 243.8838201851553 508.07102886155207 0.38076701549200065 -0.012698840464761654 -0.5032841047526547 25 2445.0 45620.0 -11.647888202351576 -0.6455960632332419 83893.86018258356 -12.309325444789401
232 337.2011134366817 510.2655760743304 0.4171854859821002 -0.002239971693694491 -0.7902372274330676 25 1919.0 35460.0 -11.374346828162247 -0.38038761426674905 63325.373917335884 -12.003944407121969
233 622.1557959322478 509.73095530304755 1.009616730319636 0.15446010387298081 0.3602915162993459 25 1040.0 1499.0 -7.939504082120699 -0.5962944748645098 1410.71155520375 -7.873595559209933
234 350.01570673626696 512.0530270828509 0.4134793437245462 0.5497216722657011 -0.12194717540312407 25 2635.0 52224.0 -11.79467533184437 -0.5385477996710133 148762.00774259525 -12.931230077780898
235 267.52677636721904 514.1698797371685 0.7621503455972697 0.23908372898080177 -0.22948635533165815 25 595.0 855.0 -7.329915286820432 -0.27285696535018794 nan nan
236 505.0973154499653 515.4423567891354 0.9454231899751296 0.37170106880537607 0.08505971799230173 25 700.0 1526.0 -7.958886334047154 -0.2091691454589064 1344.25690261489 -7.821205688026064
237 49.83587559723213 516.6402724036354 1.1516158387944706 0.25566021239368397 0.392901975717968 25 1042.0 2867.0 -8.643569232366211 -0.3725261435785104 6033.458374390446 -9.451415802063746
238 698.2113319780208 520.3723006908239 0.3144441232010869 -0.17881936875932913 -0.4171521596064569 25 931.0 15201.0 -10.454680397525832 -0.11344925750510979 26575.51162286628 -11.061204085420023
239 278.47977437443063 526.1084046453334 0.42210058504529196 -0.048354955875993505 -0.9154969373744354 25 723.0 9874.0 -9.986232807208781 -0.09782280497268835 23994.65372404313 -10.950286217112817
240 126.03595767372323 527.5381170097783 0.4162059362166731 -0.1443020468216539 -0.561300213422162 25 1946.0 33043.0 -11.297698675941309 -0.6995303261041462 60015.94071980273 -11.945666544591129
241 633.2532547977885 531.0635649770711 1.0413042846910066 -0.7383783867758532 -0.19109683019652215 25 706.0 239.0 -5.945994752370344 -0.256879079997833 nan nan
242 647.7828423300616 533.9822605277293 1.2899898835647952 -0.3765087983974577 -0.08114484212422185 25 841.0 412.0 -6.537243040082837 -0.18095793870443222 nan nan
243 679.2323708514117 533.5784247225207 1.1419037381766266 -0.5877192071228816 0.29073393990135704 25 693.0 88.0 -4.861206680375422 -0.10930349638540242 nan nan
244 768.4530463305599 533.9212596879171 0.816970992079248 -0.12067162948855066 -0.1558081570190519 25 1876.0 4955.0 -9.237609147053234 -1.3802520975801158 4322.37990318722 -9.089307338232356
245 688.0931806303576 539.0090168648509 0.9940764694904525 0.11013734301936517 0.3036043537869828 25 669.0 1415.0 -7.876891099650773 -0.10850758230449932 732.4657470438907 -7.161968300491481
246 369.71491659094573 540.0550231770478 0.9103611560811883 -0.21133715011185053 -0.1559052283912712 25 1247.0 1928.0 -8.21276757391703 -0.885085628510313 nan nan
247 424.0185756760339 540.0168726555081 0.8811270756628837 0.5449386439026953 0.4687372133432372 25 680.0 2677.0 -8.569120927967331 -0.1309988093674375 4119.9668264763595 -9.037234297888501
248 495.0536059027672 545.5988816143855 0.43341057105304254 0.07647650080005787 -0.32855436293801293 25 1618.0 26368.0 -11.052692975042556 -0.48575752265617883 48483.63360785393 -11.713987901488043
249 309.6515773064247 547.2182167154895 0.5012934689989291 -0.13302764557149213 -0.49832857398374614 25 1810.0 27147.0 -11.084304607332099 -0.7180700230192589 44598.09307099241 -11.623290723773035
250 197.07410010851737 554.3111674723427 0.9027489540564166 -0.3506018182948304 0.084816736179998 25 571.0 485.0 -6.714354346505659 -0.07603213128461907 nan nan
251 44.7451306038787 553.9427971026937 0.3960641062670204 0.5148570347917724 -0.575589647392229 25 2754.0 54544.0 -11.841867459712038 -0.6011814883877726 127420.86579665696 -12.763101379227972
252 30.776787507531633 556.2051332006237 0.385850294541157 0.23781650792562514 -0.9525343202854227 25 2340.0 45179.0 -11.637341534849073 -0.5283039391638468 94211.6814847601 -12.435261887816605
253 560.2314374949805 559.305628026531 0.7974674915551864 0.6430193588435272 0.40056512442909425 25 541.0 816.0 -7.279225396884653 -0.1621144084679327 nan nan
254 618.6578889133525 560.9235987756141 1.05409569197194 -0.6544877992189784 -0.6629126364933176 25 614.0 779.0 -7.228843644181411 -0.011521004614598724 196.94788850807166 -5.735878322672388
255 251.22421982487822 561.9339126043641 1.4014350907631368 -0.5842612675519352 -0.3567453807649817 25 767.0 -1603.0 nan -0.08917749122428278 nan nan
