test_CNN/outputs/tables/00251_a03168m1s0_sources.ecsv
# %ECSV 1.0
# ---
# datatype:
# - {name: id, datatype: int64}
# - {name: x_centroid, datatype: float64}
# - {name: y_centroid, datatype: float64}
# - {name: sharpness, datatype: float64}
# - {name: roundness1, datatype: float64}
# - {name: roundness2, datatype: float64}
# - {name: n_pixels, datatype: int64}
# - {name: peak, datatype: float64}
# - {name: flux, datatype: float64}
# - {name: mag, datatype: float64}
# - {name: daofind_mag, datatype: float64}
# - {name: aperture_flux, datatype: float64}
# - {name: inst_mag, datatype: float64}
# meta: !!omap
# - {date: '2026-06-11 12:14:20 Eastern Daylight Time'}
# - version: {Python: 3.11.15, astropy: 7.2.0, bottleneck: 1.6.0, gwcs: 1.0.3, matplotlib: 3.10.9, numpy: 2.4.6, photutils: 3.0.0, scipy: 1.17.1,
#     skimage: 0.26.0}
# schema: astropy-2.0
id x_centroid y_centroid sharpness roundness1 roundness2 n_pixels peak flux mag daofind_mag aperture_flux inst_mag
[from data line 87]
88 832.4320416897343 391.843399782256 0.6639389268437209 -0.5989262621014808 -0.11584431311577544 25 933.0 5665.0 -9.38299978549854 -0.1407251671942898 8875.029658573123 -9.87042453263702
89 535.0995587312414 400.00915672995876 0.6436744801914948 -0.44077487880592586 0.10071022259358588 25 699.0 892.0 -7.3759121359403075 -0.03165246825200211 nan nan
90 816.1830375798172 405.66730906693647 0.5647443822596856 -0.43338513210960844 -0.49060335339038447 25 978.0 7879.0 -9.741177751198194 -0.1574951630193239 14933.775228846624 -10.435424025976939
91 818.0540604089026 412.9725710993799 0.605740128474303 0.10654847049844524 -0.17957793581505588 25 1024.0 8302.0 -9.797956822606253 -0.19500311534642015 18159.19028783379 -10.647741198931051
92 81.92411265310685 414.1581657321633 0.5266012568232931 -0.0029865201505100717 0.15015729662425895 25 796.0 4312.0 -9.086696880446706 -0.13905264653004065 3207.7026422541826 -8.765485254692933
93 172.37140595665986 434.07220648617323 0.5389968815388596 0.582914562284195 -0.764848930122303 25 896.0 5491.0 -9.349128609273441 -0.14276515736778492 3372.8669045633033 -8.819998009988886
94 552.1718801965981 442.8955264492256 0.5543341689558988 -0.3532542618808037 -0.11136552746846853 25 809.0 4374.0 -9.102196946754045 -0.1940497915911647 4466.902200744797 -9.12501611011298
95 726.2205562498984 445.84794684239716 0.6007920508705276 0.10978482601681301 -0.19434327557628028 25 1572.0 9034.0 -9.889700215563439 -0.7899855934723321 14696.104403950456 -10.418005571550468
96 82.3524669673055 446.82133516367924 0.524892498411795 -0.6203302512814834 -0.04265212791563941 25 1159.0 7873.0 -9.740350628605048 -0.4941628889159911 11311.682161253615 -10.133817984247127
97 773.9521730614789 456.50984019330883 0.4190598302562362 0.7604818516178424 0.21281730464577198 25 1070.0 13745.0 -10.345361860448719 -0.13140755912877164 27271.41222537521 -11.089269070175602
98 793.0349027747203 457.8833419797269 0.5370889306112544 0.11473908131643698 0.2371744219946379 25 1257.0 9976.0 -9.997391101176214 -0.47781434854008076 15197.185760353248 -10.454407930074488
99 682.3278570637818 467.18398543104956 0.5210692109660423 0.06930363200180294 0.12153056175772571 25 1811.0 13281.0 -10.308076941746275 -0.9037165159771808 11134.962049472066 -10.116721852991162
100 632.8690772881963 479.7219442271441 0.5382769446611224 0.08420056780837533 0.11665916369790788 25 1583.0 7739.0 -9.721712116649247 -0.9239136884988307 2237.663267815684 -8.374486832008504
101 95.74360722948137 494.8344199798756 0.5512162189883351 0.7949292658416707 -0.001109929331760958 25 1015.0 4755.0 -9.192876303183581 -0.4371649521802709 1993.6645584876223 -8.2491302211317
102 684.6157678542656 504.0999215297348 0.5053016500289201 0.2707192225694807 -0.20430308325864538 25 864.0 5736.0 -9.39652285664936 -0.24107429522726315 9322.951409596379 -9.923883551805151
103 16.78801919679717 508.20836721252607 0.49301143268951997 0.4543109668694892 -0.026095809997950935 25 1066.0 10858.0 -10.089374593299151 -0.17018629044582045 17372.034548999534 -10.599626711008368
104 522.4688307558291 521.3956748370232 0.5143217302253367 -0.6852358292183356 -0.058316552255084524 25 1247.0 6785.0 -9.57887462998939 -0.6444475613577484 5113.506353835439 -9.271796999804007
105 421.1231912665162 534.1236930348125 0.5324529202342954 0.20641203897678376 0.011263102754784876 25 900.0 3949.0 -8.991217834341361 -0.3289746481976584 nan nan
106 250.06673362620086 544.6902985024825 0.5883734099827103 -0.33710520946393585 0.01805408029977112 25 829.0 4203.0 -9.058898475013592 -0.1473560090094904 2987.196873282296 -8.688159615066207
107 409.5002527885248 547.1775168902416 0.5389866733027878 0.6269157101511083 0.12956807677345955 25 862.0 6348.0 -9.506592295207026 -0.11238768961821785 6696.879247303479 -9.564681170402055
108 717.9494386184371 548.7246572363694 0.4668213612542494 -0.49531800246357854 0.04857173587119297 25 895.0 4708.0 -9.182091135428493 -0.3631055374949226 nan nan
109 372.54959092422763 561.6191967609558 0.48742260149973277 -0.3525475800583081 -0.14693003409458075 25 758.0 4196.0 -9.0570886988038 -0.1109894360598262 2603.749060542652 -8.53899781564566
110 579.1298110638867 586.3954637812351 0.5452906274318317 -0.3409488626644597 0.25115702460606154 25 786.0 3504.0 -8.861410243740108 -0.14342150824588862 nan nan
111 234.0078696559294 587.5959565876509 0.5488020885135564 0.8367627039986493 0.18554812847431718 25 1170.0 8172.0 -9.780820894901025 -0.4591057998237464 5386.4072715004995 -9.32824796936449
112 375.1359886544521 601.7744515863286 0.5296565170470883 0.09395517450073529 0.17327740451865334 25 1550.0 7114.0 -9.630284652124404 -0.9127593880331557 194.69259484258149 -5.723373583471823
113 226.38151717955418 607.5417281893829 0.5448410602973003 -0.0814148512164224 0.048408409387930514 25 1118.0 6837.0 -9.587163949750096 -0.4352284722578542 2825.9980499319504 -8.627929644573914
114 635.3129105143333 610.1066853187618 0.5190232421602817 0.16218473319132254 0.07818268234379738 25 774.0 2254.0 -8.382384779275219 -0.23453999265079928 nan nan
115 485.3447474136994 631.133691061838 0.5282077050823059 -0.04818483430292535 -0.0821664712527074 25 1247.0 7503.0 -9.688087366125412 -0.6127739248982037 5884.969245489197 -9.4243604939685
116 662.2729010943438 646.7312584362921 0.47699996587464355 -0.7211019440230424 -0.6250595479168808 25 2432.0 22974.0 -10.90309154182833 -1.1485116643758047 30130.548232800153 -11.197517584602725
117 263.11825016170627 653.9835714642674 0.5072146321065008 0.6697330189239091 -0.1893909838285911 25 1202.0 13215.0 -10.302667918669323 -0.315755839475756 20176.912452003107 -10.762136773973285
118 616.8598505088603 656.1252537960414 0.5232298453460432 -0.12326422713938519 0.0859977766173318 25 2015.0 12096.0 -10.206604445392829 -1.1323361213518615 8256.449966294731 -9.791983383598383
119 750.3848475698268 658.1266602328903 0.5492423055576581 0.036189211432703254 0.06816833942368125 25 1021.0 6354.0 -9.507618026227822 -0.36188941924685836 6727.217177343562 -9.569588621012944
120 800.2776152351685 659.5173720499868 0.4967967093368957 -0.08043559061053902 0.09143020842608737 25 1116.0 9363.0 -9.928537558462487 -0.39473287879121155 15364.137102370974 -10.466270434877975
121 202.83402847457631 661.5066601049409 0.5429252757926915 -0.19246791354671688 -0.1011814044284171 25 741.0 4630.0 -9.163952477544884 -0.003528304310238011 3075.834647884544 -8.719907461892472
122 698.4083979328442 675.8488369691959 0.6108925420784639 -0.3651238800352901 -0.23253146407563938 25 983.0 3633.0 -8.900663494656786 -0.38513060600946225 2460.665959856485 -8.47763165347937
123 421.2951939436256 677.5816257202765 0.5542221218300898 -0.4073011752109414 0.14283332277601482 25 621.0 1643.0 -8.039093908587654 -0.016757295230101533 nan nan
124 139.85280689812842 677.891382409425 0.5829679472897323 0.20271126436101858 0.04711169323221164 25 987.0 3939.0 -8.988464952022854 -0.3982284414052834 2307.1211329815574 -8.40767599324291
125 207.22114985784722 680.0572056519753 0.5816674686322707 -0.27572015889382867 -0.055685274846812786 25 978.0 1346.0 -7.822612649719895 -0.5146163407202045 nan nan
126 86.69431871641993 686.8616537243759 0.4792247418728671 0.2502284185308291 0.20291480839991466 25 1035.0 5569.0 -9.364443044724398 -0.49905752703309947 2258.2331422594775 -8.384421942256154
127 576.9343019397717 687.0195740183939 0.6092525815721231 -0.14563940621648258 0.15031627842666673 25 664.0 1632.0 -8.031800386044607 -0.024024684739923797 nan nan
128 536.3798255102945 694.0660053258489 0.5149614090866301 -0.30576807041007614 -0.09583876741975877 25 678.0 2368.0 -8.435954245127204 -0.10913661048376563 nan nan
129 162.58978190781792 701.0670175041022 0.5127863399533491 -0.43986774455836486 -0.12762805766161278 25 1240.0 10096.0 -10.010373354750149 -0.4843041660720216 17050.060564625837 -10.579314815042125
130 563.0828675669591 701.0024881393297 0.5544235660593204 0.5567444575673545 0.1939793763096799 25 782.0 1760.0 -8.113781669535374 -0.26629431773108975 nan nan
131 753.3041313620517 702.3100106847979 0.6037368738313723 -0.19817762582477083 -0.10087847361349864 25 935.0 5046.0 -9.25736811545389 -0.2558398177900726 9723.749770094171 -9.96958443557181
132 815.2159602639119 701.8516565696156 0.504956781072363 0.661170518946257 -0.1203086856555766 25 1061.0 10789.0 -10.082452982743419 -0.1970081565005051 23796.125781432736 -10.941265639626035
133 646.2428362811008 702.7384127310903 0.567346498244444 -0.1252081930859554 -0.07073947583015368 25 667.0 2192.0 -8.352101374530829 -0.036931372700280074 237.00859664241932 -5.9369102469520065
134 792.967281515567 708.5859170159918 0.5208409994396455 -0.10561396675409186 -0.0071192996012792685 25 1195.0 9055.0 -9.892221136625194 -0.4930075968762634 13633.824173674686 -10.336544222231632
135 391.78151326213305 738.4641307075997 0.4456869438863219 0.1972526425117014 0.16679201882666075 25 924.0 6981.0 -9.609794095015982 -0.2797539868782306 4452.267355972461 -9.121453088919294
136 168.52646058894373 742.7893796122872 0.5144074353241873 0.4024361746350319 -0.15942081300103617 25 1322.0 8630.0 -9.840026989288024 -0.6512225034323598 7499.76827028372 -9.687619611648637
137 516.8693736942536 744.0358961307754 0.4984738503629047 -0.06347247764814745 -0.10708344671900592 25 1386.0 7910.0 -9.745441208744191 -0.7864663919098376 6191.445837738408 -9.479480195260058
138 369.7734986255185 752.332952496438 0.4903816253258117 0.0016573701204807478 0.2589526814185949 25 810.0 4045.0 -9.017296314870727 -0.27344677274448914 1199.5817686807457 -7.697574641756909
139 161.4785788530858 763.3699487771127 0.42441778065738284 -0.05078880392956144 -0.13491371665813368 25 670.0 4489.0 -9.130374013504133 -0.016179479920418554 1887.6519448786316 -8.18980479964898
140 633.3691519152127 764.5562932714462 0.46233401303400684 -0.42353442665370705 0.0463815754470823 25 771.0 5790.0 -9.40669640931859 -0.07164822822083765 6209.196782891807 -9.482588559491669
141 374.15363562992036 765.7771782655799 0.563623468934971 0.2516179858747989 0.005184019758837017 25 1021.0 4702.0 -9.180706561972302 -0.4024818774303343 1414.8565630383844 -7.8767810342117714
142 428.80162006720474 773.7945320234281 0.45341251847210245 0.11823996275938504 0.20368562116212796 25 868.0 4624.0 -9.162544563531181 -0.3392982380330228 nan nan
143 534.5694003723115 780.0650257430275 0.46758658496141886 -0.7345106896933282 -0.06910812907071477 25 1134.0 11906.0 -10.189414695539336 -0.2723649379151529 15009.846851676682 -10.440940652691612
144 711.3326490935303 778.8563753175176 0.5252426535945912 0.06599031267520641 -0.25267884130076274 25 488.0 -3150.0 nan -0.1400763440775719 nan nan
145 757.9013462018835 795.0183738540406 0.5214650864591539 -0.09883227427040585 0.05243073361740781 25 2628.0 19359.0 -10.717207299566969 -1.326843237276623 24803.669339665536 -10.986289832719793
146 182.41265532687567 801.511705585178 0.5635573473211622 0.34358155918644906 -0.0005550586156720772 25 824.0 3768.0 -8.9402772353021 -0.20154698321132078 974.560281879553 -7.4720217694292295
147 667.1329375613942 811.9126985674903 0.5081113580048802 0.40881488827148377 -0.0659734499929797 25 1087.0 10372.0 -10.039656270243285 -0.2872952396457699 22019.97204552666 -10.857041908242236
148 821.3162207731667 811.8163503054601 0.5014577424124662 0.44233452179816807 0.04795007270110216 25 1221.0 11213.0 -10.124304555381087 -0.41153433778050524 20694.032698769573 -10.78961282745746
149 620.6297143730956 812.6804782936612 0.5071743412377995 -0.7051568338872364 0.174731763544723 25 906.0 7907.0 -9.745029346993753 -0.08934923338009665 8294.972010328205 -9.797037312314295
150 411.60142141602876 816.1826600202278 0.4973309492405451 -0.2010413185007588 0.010972305485284769 25 760.0 2215.0 -8.363434326397721 -0.28138925066083226 nan nan
151 585.7987008959784 822.4881586564751 0.500195996772768 -0.2810225893070651 0.2216067438081306 25 895.0 5855.0 -9.418817248520956 -0.2532817141153142 4596.993315199196 -9.156184680534023
152 634.9267633774662 829.0270740746329 0.524939793108819 0.06092450075741006 -0.008511951691524744 25 1104.0 7964.0 -9.75282812838843 -0.4457612152565359 14511.989194427657 -10.404317365855274
