test_CNN/outputs/tables/00252_a03173m0s0_sources.ecsv
# %ECSV 1.0
# ---
# datatype:
# - {name: id, datatype: int64}
# - {name: x_centroid, datatype: float64}
# - {name: y_centroid, datatype: float64}
# - {name: sharpness, datatype: float64}
# - {name: roundness1, datatype: float64}
# - {name: roundness2, datatype: float64}
# - {name: n_pixels, datatype: int64}
# - {name: peak, datatype: float64}
# - {name: flux, datatype: float64}
# - {name: mag, datatype: float64}
# - {name: daofind_mag, datatype: float64}
# meta: !!omap
# - {date: '2026-06-09 15:18:27 Eastern Daylight Time'}
# - version: {Python: 3.11.15, astropy: 7.2.0, bottleneck: 1.6.0, gwcs: 1.0.3, matplotlib: 3.10.9, numpy: 2.4.6, photutils: 3.0.0, scipy: 1.17.1,
#     skimage: 0.26.0}
# schema: astropy-2.0
id x_centroid y_centroid sharpness roundness1 roundness2 n_pixels peak flux mag daofind_mag
[from data line 311]
312 655.2209334566674 677.9667502599868 0.7215656841545677 -0.21529240886318343 -0.03605517566736353 25 1998.0 29194.0 -11.163234009216605 -0.7028341167425414
313 428.1145450147902 682.1042884038803 1.0770458173211341 -0.22546269090826815 -0.26778052055369095 25 1538.0 3118.0 -8.734690277132056 -0.8972184135726397
314 431.86949016597214 688.5732525745761 0.6926119986893453 -0.027282016241184173 0.31019077047021637 25 1494.0 4341.0 -9.09397446459675 -1.2651734534114747
315 219.93137497821613 690.1784413603707 1.1529668377197286 -0.7066906161258405 -0.32092451263542127 25 899.0 -635.0 nan -0.4215204759909902
316 2.8102704891400774 692.9919987341354 1.0403568583019405 -0.27598559153094204 0.10096395171420246 25 733.0 -1594.0 nan -0.37572814979426705
317 728.8697969618116 692.7738362320472 0.9839638753216764 0.20373530214120997 -0.08006618725828221 25 771.0 1418.0 -7.87919057711762 -0.33183706773372346
318 105.94548894435019 694.0584477712903 1.1178476538048308 -0.023204763436466866 -0.059246538585649045 25 694.0 -879.0 nan -0.18625120468361267
319 163.9461511759994 694.8658172667417 0.9252149864683032 0.8171413931995177 0.19849644593016189 25 568.0 -784.0 nan -0.1250002083342773
320 769.2398286393334 694.8562480234058 0.826185075297331 0.004368431468246408 -0.21447779876929116 25 477.0 423.0 -6.565850918437606 -0.01916854205460699
321 628.6335380355744 697.9909049737204 0.5019640283209844 0.1490444462002121 -0.4803620023145027 25 1454.0 21763.0 -10.844296905143622 -0.49796234582638205
322 683.2331112556998 701.593027170723 0.43303997499386376 0.30495835952349454 -0.606880799431121 25 1696.0 25631.0 -11.021913876561833 -0.7890429252699617
323 461.43030003130485 703.3336460324603 0.7210773974135558 -0.0022296357619190324 0.015548800607531148 25 493.0 2330.0 -8.418389802565047 -0.012057438564988827
324 649.696695803199 703.3032115035985 0.9336277751803278 -0.3372189016719539 -0.22921476712423966 25 591.0 1075.0 -7.578521160629061 -0.11782954390097225
325 132.55720124891616 704.9162657291013 0.6369577383329494 -0.21500069278150202 -0.8935223635085099 25 2530.0 11956.0 -10.193964765918109 -1.794739741039464
326 189.40185870122542 704.9615341035508 1.3926036458268085 -0.25629932750459006 -0.5026432047605466 25 965.0 -603.0 nan -0.3218763955464532
327 554.2621034209511 705.2546113944428 0.49404454283488153 0.43196168703551363 0.0005184904995970841 25 712.0 8484.0 -9.82150164961131 -0.19349855259849041
328 721.0832698596016 705.1060120566117 1.1816660807700645 -0.4625281421427064 -0.2339016694905758 25 931.0 1586.0 -8.000757957453962 -0.3633134223721906
329 145.07577067584822 707.9321762273746 0.4367599937648059 -0.1973580062776598 -0.9485160884643593 25 2574.0 46986.0 -11.679921185877767 -0.678303606630623
330 430.96442962223443 709.7025521661892 0.9448389061774505 0.5402277597023377 0.5029909876300307 25 790.0 5089.0 -9.266581127183237 -0.09923502260827159
331 657.0965860012428 710.1528314348539 1.2076312811327965 -0.05056206790628078 -0.20162841862488312 25 1081.0 1104.0 -7.607422683482951 -0.5089069811715801
332 309.0209595314234 712.7694307664623 0.5360603632514066 -0.29259036028664226 -0.8546033110375236 25 455.0 1245.0 -7.737923378579388 -0.26142267783733614
333 86.0760117525432 716.4915252134061 0.3793258632773014 0.6361601615132902 0.1170139163322171 25 2883.0 55971.0 -11.86990766563212 -0.8267895834804219
334 92.26465493878801 717.0331312640836 0.44776043915566555 -0.7502802739275668 -0.9519769534307947 25 2531.0 48780.0 -11.720604489944279 -0.6392815257203304
335 388.63381713887014 720.1034737176268 0.7552199849530051 0.06463494085544474 -0.10479234944914978 25 1454.0 5108.0 -9.270627221478446 -1.1182305766976781
336 774.7763471217972 722.7103207894706 0.9756152946681806 0.17544951370681403 0.1130658481299417 25 1253.0 3172.0 -8.753332946613915 -0.7873405106240393
337 5.530830761548047 725.1792191823473 0.4484893430091474 -0.17277594951232897 -0.8330250231693613 25 2334.0 41013.0 -11.532303845054434 -0.661610778194408
338 502.89325232843083 725.8210045203039 0.8712209656263166 -0.5960640784535941 0.1876213333447288 25 717.0 4220.0 -9.063281127404185 -0.1408203690205961
339 637.5550852902705 727.8084732030752 0.42222559400459736 0.3870121350897472 0.902178682558039 25 606.0 5452.0 -9.34138961790659 -0.1933786430206899
340 514.0174444186893 730.388587484516 1.1112297768510695 -0.7049389276202275 -0.10621089373192821 25 773.0 1976.0 -8.239467350629022 -0.17914775644552605
341 626.7198071720027 730.1210993996508 0.8124589014806788 -0.554227127814033 0.7139364564856716 25 968.0 5146.0 -9.278674454685818 -0.4949627885034438
342 3.1486361500267 734.6029397927576 0.4142395706298493 -0.02797303067238008 -0.8729899152806972 25 1930.0 31600.0 -11.249217706546009 -0.7183164749419247
343 103.22820047097701 736.8756286335022 0.9143580148405901 -0.5821150462048832 -0.007236324311247274 25 771.0 241.0 -5.955042606437171 -0.437095915683473
344 18.59703953717951 737.2357801234875 0.4472316471672147 0.9399636975998668 0.04537054278502322 25 2760.0 51791.0 -11.785635741547878 -0.8382826752003205
345 30.377621725574755 737.7390042482824 0.4337389690433629 -0.7413925333303605 -0.6569492371297427 25 2619.0 48917.0 -11.7236495365179 -0.8278781316809852
346 819.9510231919218 739.3196638013397 0.725141861996841 0.3028147368761453 0.21595135932458118 25 1066.0 3831.0 -8.958280379957694 -0.836226672516545
347 556.0120558104392 742.7876984630595 0.44369923916232634 -0.05758230998942883 -0.975747942949884 25 2025.0 32920.0 -11.293649566350581 -0.741764523774582
348 537.8461545711333 744.9213954111284 0.6236306152641198 -0.23340465982368458 -0.23550095564137538 25 1868.0 8792.0 -9.860219198538585 -1.518505004348056
349 772.5340492265025 744.2747203933727 0.6051394698373144 -0.5209354793491361 0.021796849597540646 25 464.0 2446.0 -8.471141131750667 -0.1326729156006757
350 328.0413607447733 750.9005303759158 0.8772358744868419 0.3513329423983097 0.17433499563334556 25 623.0 1903.0 -8.198596970717551 -0.10245048537463478
351 474.23869789312926 750.7883282798925 1.1075947400906414 0.5318401513418219 0.19133801257713823 25 988.0 4683.0 -9.1763103944552 -0.3168625952720533
352 804.0381022737266 751.8910998537351 1.1735488524333157 -0.36899694825421736 0.22545075131004316 25 793.0 2113.0 -8.312248742630784 -0.11505939610195123
353 154.98471823977357 752.9276549198511 1.363364176551198 -0.06366974796066524 0.4180412301062108 25 1169.0 1221.0 -7.7167891598622065 -0.46607882705495624
354 572.8356782887016 755.9502912164443 1.1578742255674586 -0.03409736267084557 0.21700683972671703 25 1030.0 3534.0 -8.870666362926864 -0.34837159842266535
355 320.2719112048796 758.084319345798 0.8436173615040298 0.37205657101652484 0.05529081049224158 25 484.0 190.0 -5.696884002382072 -0.03856122594660038
356 659.3254831582923 758.6095836498854 0.8017496627153846 -0.3671135898832353 0.9191797148338985 25 718.0 3304.0 -8.797600096620862 -0.31803765374813436
357 478.75086259068536 761.174885489975 0.4038784108922807 0.16759938852967685 -0.33306965198803934 25 1762.0 30158.0 -11.198506342184952 -0.5537187596745561
358 276.2680424280605 765.0181495531149 0.9774400754621959 -0.13881010824047374 -0.09680463325610086 25 1523.0 2932.0 -8.667909914922726 -1.0528198975203271
359 496.254716112932 769.4778056916875 0.36184963232654554 -0.07542885544746845 -0.5466988484080971 25 1700.0 28891.0 -11.151906435690947 -0.5928419768745953
360 786.0522897447145 771.0410771258363 0.6079270404722859 -0.18238516203839747 -0.44555075147694007 25 500.0 2605.0 -8.539519319088859 -0.08677088506513504
361 657.988079605604 775.1879231307681 0.8473776552663942 0.0006610296982046621 0.04231744127124393 25 1652.0 4530.0 -9.14024550503208 -1.2123183289858461
362 176.89737180071063 776.4612452988196 0.9173119335144903 0.04957863411874279 0.161768385166284 25 944.0 3474.0 -8.8520745352777 -0.4489278434377656
363 155.01596897381896 781.0276095568722 0.8371854829948085 -0.053883757997072755 0.1265017905661928 25 588.0 1250.0 -7.742275032520141 -0.14387916279359117
364 823.9055935258319 784.2176473094968 0.9713467380504379 0.32358570216687976 0.06014046733206745 25 870.0 3739.0 -8.931888662885548 -0.32670817884515213
365 647.221051944782 786.8869765799935 1.1226383492313252 0.19686471389093488 0.15708162738333903 25 803.0 2735.0 -8.592393326673625 -0.0581858963566915
366 453.3942185974965 788.5570969406065 0.6945617966582818 0.2655327454052799 0.1327964190267023 25 1952.0 7944.0 -9.750098088718312 -1.502698036039808
367 526.0742587500376 790.1643238455823 1.133950442178114 -0.3099682630637397 0.25294386826035836 25 917.0 3460.0 -8.847690246981943 -0.21144920632752318
368 108.10515738273666 792.1683043073926 1.1017945053612348 0.36119483385089185 -0.16459679389898324 25 901.0 2145.0 -8.328568241301857 -0.2979670007349909
369 183.64939669674445 792.019505943068 1.0300661709934453 0.16625303733392502 -0.07312677415029141 25 830.0 1463.0 -7.913110815313277 -0.34634789683531114
370 575.1680815819332 802.0385780719733 1.3096303559314644 0.27701976480732643 0.19692265453313132 25 775.0 1279.0 -7.7671763611966345 -0.00474498406794233
371 781.3833309346259 803.0122013706509 0.9286403699079397 -0.18210030893309312 -0.061054926579448 25 1131.0 4817.0 -9.206941615786086 -0.635894618085254
372 610.5895742906921 806.8419994106341 1.1113119359637988 -0.13542040642953035 0.2220584634296557 25 870.0 2768.0 -8.6054152144618 -0.2427366861453353
373 434.13449398008277 808.1520704222086 1.1443950058916352 0.384201208607622 0.15926378296663732 25 911.0 1087.0 -7.590573860215737 -0.34115531565691387
374 514.9190337140107 809.8966780440292 1.1697607893265696 -0.14771955208196821 -0.0803214800397692 25 819.0 1334.0 -7.812889573951325 -0.22171176406014842
375 306.6193475966335 810.6541340622726 0.44719618106656805 -0.011285678830245173 -0.8379926074164621 25 1583.0 24712.0 -10.982269738233486 -0.5361011612217355
376 691.6230855642928 811.2643657403772 0.4171521767803147 0.5945444742992974 -0.23362396998406432 25 2692.0 51169.0 -11.772517324005161 -0.7609324113630617
377 760.8721004470069 812.7809694039829 1.3785937076764812 0.0694757083915128 0.012867145874730352 25 962.0 3420.0 -8.835065265140337 -0.08751801143695719
378 387.90794340474724 813.9669285316068 0.8828784832509834 0.3606255499663961 -0.46826140897160384 25 662.0 1218.0 -7.714118220742141 -0.26446781081952925
379 499.2174099750677 814.1086589128674 0.903370240478498 0.36608287244901266 0.009963924030145174 25 980.0 3592.0 -8.888340819988166 -0.5366155931927683
380 188.27551123773142 818.3630458295265 0.6315227447967589 -0.1170884084352838 -0.25264950141051085 25 486.0 982.0 -7.480278719467374 -0.2035563675235697
381 659.3630055563071 818.7923284268409 0.36366271571667846 0.2009722805802234 -0.4811594569775577 25 2881.0 56990.0 -11.889496642434576 -0.6232261727040497
382 107.60544044507091 823.8577339572001 0.8905059397215735 0.12249907503647102 -0.4078681723607543 25 855.0 2011.0 -8.258530176491854 -0.4534897707822476
383 31.974703279891074 827.071877668299 1.0607927798027503 0.00880995856590521 -0.05419939494486851 25 849.0 1375.0 -7.845756745415704 -0.30487743113267485
384 175.73121807943855 827.9815101086823 1.143276479908141 0.46546776206405777 0.054316437916565694 25 782.0 1298.0 -7.7831867311608764 -0.14368314974750165
385 683.1257970373006 827.729639981679 0.937450400111994 -0.6291910638329289 0.1599060405756364 25 1597.0 4773.0 -9.196978585915609 -1.024310362071915
386 810.3182089649852 828.3515138985914 0.7269208157346158 0.04248355421641228 -0.023708255571128482 25 1332.0 4966.0 -9.240016788046363 -1.053438722185141
387 384.2784142055425 828.8301865905468 1.314782806891568 -0.055187685010679416 0.22619343065629705 25 1255.0 1086.0 -7.58957456313207 -0.5772069091029164
388 76.03944881759055 829.3281382727038 0.4017324342970083 0.9420185873618954 -0.19323836127534033 25 2921.0 56124.0 -11.872871539890323 -0.8386796829718955
389 821.3562309858581 830.8751906014139 1.25381126433432 -0.32794972632157554 -0.39365709612995115 25 863.0 2209.0 -8.360489289678588 -0.11571344487545342
390 50.59257380479014 832.944016964441 0.8298782250439031 -0.5714587376202297 -0.46636223163407864 25 986.0 3272.0 -8.787033237498212 -0.616720094724049
