test_CNN/outputs/tables/00252_a03173m0s0_sources.ecsv
# %ECSV 1.0
# ---
# datatype:
# - {name: id, datatype: int64}
# - {name: x_centroid, datatype: float64}
# - {name: y_centroid, datatype: float64}
# - {name: sharpness, datatype: float64}
# - {name: roundness1, datatype: float64}
# - {name: roundness2, datatype: float64}
# - {name: n_pixels, datatype: int64}
# - {name: peak, datatype: float64}
# - {name: flux, datatype: float64}
# - {name: mag, datatype: float64}
# - {name: daofind_mag, datatype: float64}
# - {name: aperture_flux, datatype: float64}
# - {name: inst_mag, datatype: float64}
# meta: !!omap
# - {date: '2026-06-11 12:14:20 Eastern Daylight Time'}
# - version: {Python: 3.11.15, astropy: 7.2.0, bottleneck: 1.6.0, gwcs: 1.0.3, matplotlib: 3.10.9, numpy: 2.4.6, photutils: 3.0.0, scipy: 1.17.1,
#     skimage: 0.26.0}
# schema: astropy-2.0
id x_centroid y_centroid sharpness roundness1 roundness2 n_pixels peak flux mag daofind_mag aperture_flux inst_mag
[from data line 256]
257 435.9713291837694 563.8302284377432 0.9363122559962777 -0.6935720453875892 -0.015613207089759181 25 605.0 -426.0 nan -0.17054365742595684 nan nan
258 226.52580665037277 568.8331755795726 0.4749670588733888 0.22030375038967345 -0.8059911596668828 25 2295.0 41220.0 -11.537769968607986 -0.6997123121080323 82689.39595734651 -12.293624548594584
259 277.04205728361114 569.0450239585368 1.0754450698269602 -0.3674972714274793 0.005545313399031254 25 1025.0 -81.0 nan -0.6106826007490811 nan nan
260 121.1142371546488 572.289647006171 0.974281971142804 0.25170940366476724 0.0959042211416972 25 681.0 477.0 -6.696295947600285 -0.20076836928118408 nan nan
261 351.7450735487488 571.904766746613 0.9161601999476477 -0.03052623643196265 -0.28326649776322405 25 546.0 363.0 -6.3997665625902815 -0.08358887046995313 nan nan
262 362.8700502382824 577.9913296588995 1.0601506370545593 -0.29951644828284546 -0.11637717111668368 25 675.0 -1451.0 nan -0.22027639080251799 nan nan
263 565.5552580436505 578.651341561929 0.7885474743010064 -0.3866785925359173 -0.262018668090506 25 1155.0 1978.0 -8.2405657181529 -0.9165891165276756 1892.7066028682914 -8.192708243004004
264 376.94712352515666 581.4189372631677 0.9896979226744383 0.02403389546380568 0.07746622815656837 25 625.0 -355.0 nan -0.13829794186011224 nan nan
265 193.80829823293607 581.8130068372874 0.8924435386739016 0.025234945647132166 -0.31912499427114493 25 591.0 1475.0 -7.9219800507854545 -0.017071623806995118 nan nan
266 319.8922262532276 582.5247799817765 1.0792080191761138 -0.46442958553688224 0.012435162960833133 25 1041.0 1989.0 -8.246586957811088 -0.49816261460907346 nan nan
267 503.97687657535045 582.0752749961603 0.5216203898815662 -0.0826788485286415 -0.8878675927480283 25 766.0 10046.0 -10.004982934558825 -0.08987298079532975 21765.508295747215 -10.844422034518121
268 308.48697259645854 583.2416679364403 0.7585484063266307 -0.7620438299259615 -0.07085562757240313 25 779.0 1091.0 -7.594561876470855 -0.5230239494348002 nan nan
269 637.8035035184948 585.0027223142718 0.9539474213715313 0.35666397116092446 0.05914197640830489 25 1163.0 2560.0 -8.520599913279623 -0.7629094436602866 987.0968918557992 -7.485899461038363
270 441.9566364569782 588.0339296992803 0.9340733455640765 -0.3705329525305666 -0.030317107499877243 25 810.0 -297.0 nan -0.5184952383741782 nan nan
271 703.0668535833919 589.2067768301864 0.9029725717683076 0.1988789366211147 0.20882382182948356 25 950.0 577.0 -6.902939532889328 -0.6618377774916262 nan nan
272 140.99201883096674 592.5256668230832 0.7065509746074908 0.005683295978679505 -0.36066115221085565 25 870.0 3705.0 -8.921970530788368 -0.6653308456609117 3765.711248878863 -8.939617539184141
273 364.57558658707796 595.9042910087462 0.7215211102137782 0.3266568676178244 0.3307988486116178 25 721.0 763.0 -7.206311344887201 -0.5641828611411863 nan nan
274 694.8166312538656 598.0087450598559 0.9690102752597785 -0.10719654683809475 0.07384207154890667 25 542.0 -351.0 nan -0.09309659113559582 nan nan
275 731.9006184004643 601.0784021199156 0.9322991757723702 -0.030169261922873582 -0.21014980610748296 25 810.0 1083.0 -7.586571141563301 -0.38478754099960705 nan nan
276 285.21029472333436 601.3559608167998 0.4126504132282964 0.061105964365423 -0.717079546314807 25 2270.0 38811.0 -11.472387082171274 -0.8233004951803747 76360.392364388 -12.207170378182111
277 487.0734257312156 607.8884554095723 0.9860946861629425 0.1751964620468846 0.3567400588627423 25 660.0 457.0 -6.6497905001746265 -0.15089446234539194 nan nan
278 694.912153437553 609.2739096027509 0.6413575385923125 -0.27953967125495127 0.36478455451272424 25 413.0 -533.0 nan -0.16719561772741998 nan nan
279 244.3755897559158 611.1905531815562 0.952537793875222 -0.3746253542591863 -0.14094146276407882 25 797.0 2269.0 -8.38958623971234 -0.29661022661513303 nan nan
280 345.3413699746578 614.2810138840201 0.719433036635115 -0.12660474933880042 -0.22429065914824609 25 651.0 496.0 -6.738704191225494 -0.4161338125841699 nan nan
281 393.0153768981422 613.6301725527761 0.8790929222933662 0.3504682061983887 0.05223104769790883 25 546.0 -162.0 nan -0.14148622028025976 nan nan
282 700.8409952432886 614.0250964635605 0.6959252552449984 -0.7331166243494773 0.24800940311134634 25 844.0 3142.0 -8.743015451759886 -0.663693360773949 1936.2548639668835 -8.21740630434401
283 149.34496681431347 616.1145766135576 0.3948920155037147 -0.18638345884901555 -0.5500076331093953 25 1399.0 21913.0 -10.851754596829192 -0.557667879383764 37398.76711091573 -11.432143213672884
284 216.93611911070963 615.8991193548208 0.3770333390392058 -0.23528097851072374 0.28894085089877336 25 2230.0 28414.0 -11.133830940312768 -1.4167278811137398 47110.343451193214 -11.682790676028311
285 428.544304415592 618.1231128662258 0.7652550234489841 -0.025377768382516597 -0.1823840973413074 25 800.0 1188.0 -7.687041101612937 -0.5859997187767091 nan nan
286 561.528680576239 618.6557306621318 0.3884071861892718 0.005958136666446803 -0.6781990558801446 25 1748.0 28915.0 -11.152807991599033 -0.6438543757485137 50016.05051843706 -11.747773487490177
287 712.977361864711 620.2268787980906 0.32501458006191836 0.07205695440230978 -0.7574010283703018 25 2068.0 37678.0 -11.440219604462374 -0.6955339757705663 73371.49052854194 -12.16381835444534
288 285.7387711105945 621.043215994083 0.48767308159593353 -0.022644652114102166 -0.3756578928702036 25 853.0 11956.0 -10.193964765918109 -0.04749194658785777 23875.005504694353 -10.944858700970153
289 694.0625112803831 622.3563716405912 0.8519843336869315 0.39444536227739985 0.5812887889562101 25 1521.0 2882.0 -8.649234941194926 -1.1529783077228608 2066.2367440935636 -8.28795020094908
290 439.1463785942515 624.0697468613454 0.9102104627812035 -0.3023722264733052 -0.0027494471253289685 25 556.0 -1191.0 nan -0.2089243912655513 nan nan
291 755.182298486533 627.4498513976231 0.9425420137820337 -0.046596073908418106 0.5719869672380637 25 1317.0 2397.0 -8.449170085084134 -0.9021149658970472 587.5254611469181 -6.922566730108404
292 161.41166896623227 628.3581322536801 0.3966614473813566 0.25622254419838886 -0.3814122619983878 25 1543.0 24598.0 -10.977249492933831 -0.5957662801363508 40039.70373251244 -11.506227138313715
293 175.53301109200424 629.4266414187393 0.5829854182909003 -0.32835152519109084 -0.06605148007170168 25 533.0 304.0 -6.207183959021885 -0.39190640557838324 nan nan
294 307.65506261320894 628.9864439462699 0.7618214762885374 -0.8198640275550945 -0.22709973437747083 25 552.0 -5.0 nan -0.25257091761036676 nan nan
295 461.7168787338462 628.9513244417606 1.0262801867583908 0.17246139243397193 0.09549089528968559 25 638.0 731.0 -7.159793442394651 -0.03551233705257144 nan nan
296 664.8268772889716 634.0747656988069 1.1457286421725756 0.07299947454644953 -0.3832158049586112 25 859.0 482.0 -6.7076175955971244 -0.3072646674682877 nan nan
297 726.1035297588091 634.5843265752916 0.8871018032448296 0.29458222885761626 0.5561238490299213 25 684.0 1250.0 -7.742275032520141 -0.25030742536325384 nan nan
298 416.4480952298485 637.9757309756868 0.4394778949578429 -0.03678453043649551 -0.5130200178584791 25 1303.0 19129.0 -10.704230667902344 -0.47687609889059324 30876.134942793244 -11.22405732581775
299 833.6311063944142 638.5045110897174 0.7680572654945048 0.8243082453009745 0.07732078789152948 25 745.0 3135.0 -8.740593862916837 -0.3460488647708694 3591.343189210709 -8.888142270862275
300 372.078219751341 640.6961725393071 1.1345131166100013 0.6506859344113076 0.27649820250980056 25 619.0 -1246.0 nan -0.16009887922033939 nan nan
301 800.7524708265988 647.1819880860637 0.892371691356547 -0.057806332396768606 0.24717534177153946 25 756.0 1737.0 -8.099499546117746 -0.29292324919106727 1048.26294902607 -7.5511755896991115
302 462.47732039402945 655.2254838730781 0.49581196334285316 0.4266777257809432 -0.05982192530446845 25 333.0 232.0 -5.913719962227249 -0.05939872349959758 nan nan
303 47.22536244680031 656.0047439384734 0.8462720047389188 0.08467853182456136 0.5591551097368876 25 389.0 -1735.0 nan -0.05248091131822042 nan nan
304 394.9492241971464 656.2122482903308 0.8545209706920005 -0.5843747640363643 -0.4529058254766531 25 612.0 557.0 -6.864637987934322 -0.23391068493078243 nan nan
305 521.595059938718 657.4508421603861 0.8743062553477273 0.9282934542447688 0.7200262168904876 25 791.0 2477.0 -8.484815016464593 -0.3668370115480215 2361.9817159738795 -8.433191328576482
306 324.1539567527638 658.9764352377526 1.0212056319768397 0.06213779101294114 -0.06043292563313276 25 940.0 1796.0 -8.135765830828214 -0.4996036207847526 4472.4883811826385 -9.126373052531271
307 52.350139300803036 663.0459324991373 0.6713021545550382 -0.5031685806658918 -0.4021487653201907 25 652.0 1785.0 -8.12909555112053 -0.36374113805588704 nan nan
308 126.63176550043178 663.6168480699184 0.5227105074368346 0.43530376490554656 0.013464856704320915 25 477.0 -883.0 nan -0.5242927033468742 nan nan
309 806.8555570274737 670.0355771989063 0.9813884257177161 -0.22896511385439708 -0.1979366656336275 25 652.0 2011.0 -8.258530176491854 -0.04412950060722365 3204.3218118257378 -8.764340315098659
310 530.0523558892821 672.2451219657823 0.3905424794820864 -0.1672481835258334 -0.5523673463332808 25 1719.0 27986.0 -11.117352074490887 -0.6724808788350335 46048.92879801284 -11.658048829951985
311 323.10523614972044 673.0952719593429 1.1256087062547095 0.5174586250226253 -0.04410297755722083 25 1359.0 342.0 -6.335065265140337 -0.8347819082031521 nan nan
312 655.2209334566674 677.9667502599868 0.7215656841545677 -0.21529240886318343 -0.03605517566736353 25 1998.0 29194.0 -11.163234009216605 -0.7028341167425414 95251.67686128657 -12.447181574916213
313 428.1145450147902 682.1042884038803 1.0770458173211341 -0.22546269090826815 -0.26778052055369095 25 1538.0 3118.0 -8.734690277132056 -0.8972184135726397 3222.142605733443 -8.770361893833531
314 431.86949016597214 688.5732525745761 0.6926119986893453 -0.027282016241184173 0.31019077047021637 25 1494.0 4341.0 -9.09397446459675 -1.2651734534114747 3633.000954658614 -8.900663779960196
315 219.93137497821613 690.1784413603707 1.1529668377197286 -0.7066906161258405 -0.32092451263542127 25 899.0 -635.0 nan -0.4215204759909902 nan nan
316 2.8102704891400774 692.9919987341354 1.0403568583019405 -0.27598559153094204 0.10096395171420246 25 733.0 -1594.0 nan -0.37572814979426705 nan nan
317 728.8697969618116 692.7738362320472 0.9839638753216764 0.20373530214120997 -0.08006618725828221 25 771.0 1418.0 -7.87919057711762 -0.33183706773372346 1532.2993421404065 -7.963359037818206
318 105.94548894435019 694.0584477712903 1.1178476538048308 -0.023204763436466866 -0.059246538585649045 25 694.0 -879.0 nan -0.18625120468361267 nan nan
319 163.9461511759994 694.8658172667417 0.9252149864683032 0.8171413931995177 0.19849644593016189 25 568.0 -784.0 nan -0.1250002083342773 nan nan
320 769.2398286393334 694.8562480234058 0.826185075297331 0.004368431468246408 -0.21447779876929116 25 477.0 423.0 -6.565850918437606 -0.01916854205460699 1363.3842865093307 -7.836545710730806
321 628.6335380355744 697.9909049737204 0.5019640283209844 0.1490444462002121 -0.4803620023145027 25 1454.0 21763.0 -10.844296905143622 -0.49796234582638205 34925.26987854006 -11.35784942682295
322 683.2331112556998 701.593027170723 0.43303997499386376 0.30495835952349454 -0.606880799431121 25 1696.0 25631.0 -11.021913876561833 -0.7890429252699617 44805.98657535185 -11.628340111052442
323 461.43030003130485 703.3336460324603 0.7210773974135558 -0.0022296357619190324 0.015548800607531148 25 493.0 2330.0 -8.418389802565047 -0.012057438564988827 4454.730650531973 -9.122053625295855
324 649.696695803199 703.3032115035985 0.9336277751803278 -0.3372189016719539 -0.22921476712423966 25 591.0 1075.0 -7.578521160629061 -0.11782954390097225 1269.0872224750683 -7.7587286788338155
325 132.55720124891616 704.9162657291013 0.6369577383329494 -0.21500069278150202 -0.8935223635085099 25 2530.0 11956.0 -10.193964765918109 -1.794739741039464 7807.156861487982 -9.731232263255537
326 189.40185870122542 704.9615341035508 1.3926036458268085 -0.25629932750459006 -0.5026432047605466 25 965.0 -603.0 nan -0.3218763955464532 nan nan
327 554.2621034209511 705.2546113944428 0.49404454283488153 0.43196168703551363 0.0005184904995970841 25 712.0 8484.0 -9.82150164961131 -0.19349855259849041 15356.748023671571 -10.465748145862827
328 721.0832698596016 705.1060120566117 1.1816660807700645 -0.4625281421427064 -0.2339016694905758 25 931.0 1586.0 -8.000757957453962 -0.3633134223721906 792.3929041427293 -7.247351444471121
329 145.07577067584822 707.9321762273746 0.4367599937648059 -0.1973580062776598 -0.9485160884643593 25 2574.0 46986.0 -11.679921185877767 -0.678303606630623 104121.53100500256 -12.54385136339649
330 430.96442962223443 709.7025521661892 0.9448389061774505 0.5402277597023377 0.5029909876300307 25 790.0 5089.0 -9.266581127183237 -0.09923502260827159 10455.088743983644 -10.048319308775863
331 657.0965860012428 710.1528314348539 1.2076312811327965 -0.05056206790628078 -0.20162841862488312 25 1081.0 1104.0 -7.607422683482951 -0.5089069811715801 465.4044685037484 -6.669576371942764
332 309.0209595314234 712.7694307664623 0.5360603632514066 -0.29259036028664226 -0.8546033110375236 25 455.0 1245.0 -7.737923378579388 -0.26142267783733614 nan nan
333 86.0760117525432 716.4915252134061 0.3793258632773014 0.6361601615132902 0.1170139163322171 25 2883.0 55971.0 -11.86990766563212 -0.8267895834804219 178688.69454469983 -13.130242689991432
334 92.26465493878801 717.0331312640836 0.44776043915566555 -0.7502802739275668 -0.9519769534307947 25 2531.0 48780.0 -11.720604489944279 -0.6392815257203304 144405.84653573795 -12.898961941996934
335 388.63381713887014 720.1034737176268 0.7552199849530051 0.06463494085544474 -0.10479234944914978 25 1454.0 5108.0 -9.270627221478446 -1.1182305766976781 7129.72579117167 -9.632682068083012
336 774.7763471217972 722.7103207894706 0.9756152946681806 0.17544951370681403 0.1130658481299417 25 1253.0 3172.0 -8.753332946613915 -0.7873405106240393 4439.622510927221 -9.11836511200342
337 5.530830761548047 725.1792191823473 0.4484893430091474 -0.17277594951232897 -0.8330250231693613 25 2334.0 41013.0 -11.532303845054434 -0.661610778194408 90441.12940438344 -12.390914942648282
338 502.89325232843083 725.8210045203039 0.8712209656263166 -0.5960640784535941 0.1876213333447288 25 717.0 4220.0 -9.063281127404185 -0.1408203690205961 7627.898820235572 -9.706012309353639
339 637.5550852902705 727.8084732030752 0.42222559400459736 0.3870121350897472 0.902178682558039 25 606.0 5452.0 -9.34138961790659 -0.1933786430206899 7228.186563050179 -9.647573383469325
340 514.0174444186893 730.388587484516 1.1112297768510695 -0.7049389276202275 -0.10621089373192821 25 773.0 1976.0 -8.239467350629022 -0.17914775644552605 6826.578111672909 -9.585507659782625
341 626.7198071720027 730.1210993996508 0.8124589014806788 -0.554227127814033 0.7139364564856716 25 968.0 5146.0 -9.278674454685818 -0.4949627885034438 7925.958633380875 -9.747629503410359
342 3.1486361500267 734.6029397927576 0.4142395706298493 -0.02797303067238008 -0.8729899152806972 25 1930.0 31600.0 -11.249217706546009 -0.7183164749419247 51614.03178494413 -11.781919462321433
343 103.22820047097701 736.8756286335022 0.9143580148405901 -0.5821150462048832 -0.007236324311247274 25 771.0 241.0 -5.955042606437171 -0.437095915683473 nan nan
344 18.59703953717951 737.2357801234875 0.4472316471672147 0.9399636975998668 0.04537054278502322 25 2760.0 51791.0 -11.785635741547878 -0.8382826752003205 125839.70510126342 -12.749544229675312
345 30.377621725574755 737.7390042482824 0.4337389690433629 -0.7413925333303605 -0.6569492371297427 25 2619.0 48917.0 -11.7236495365179 -0.8278781316809852 121481.34636408626 -12.711273991274384
