test_CNN/outputs/tables/00254_b21921m0s0_sources.ecsv
# %ECSV 1.0
# ---
# datatype:
# - {name: id, datatype: int64}
# - {name: x_centroid, datatype: float64}
# - {name: y_centroid, datatype: float64}
# - {name: sharpness, datatype: float64}
# - {name: roundness1, datatype: float64}
# - {name: roundness2, datatype: float64}
# - {name: n_pixels, datatype: int64}
# - {name: peak, datatype: float64}
# - {name: flux, datatype: float64}
# - {name: mag, datatype: float64}
# - {name: daofind_mag, datatype: float64}
# - {name: aperture_flux, datatype: float64}
# - {name: inst_mag, datatype: float64}
# meta: !!omap
# - {date: '2026-06-11 15:15:20 Eastern Daylight Time'}
# - version: {Python: 3.11.15, astropy: 7.2.0, bottleneck: 1.6.0, gwcs: 1.0.3, matplotlib: 3.10.9, numpy: 2.4.6, photutils: 3.0.0, scipy: 1.17.1,
#     skimage: 0.26.0}
# schema: astropy-2.0
id x_centroid y_centroid sharpness roundness1 roundness2 n_pixels peak flux mag daofind_mag aperture_flux inst_mag
1 781.1476573270352 93.96859386183596 0.5555078950418406 0.44438288069081683 -0.26756184455097437 25 914.0 9281.0 -9.918986931679724 -0.02868123097122477 10336.171404339137 -10.035899256499194
2 243.39382784154347 146.30752772254223 0.5348178292663214 -0.26663266383153117 -0.47621362754571495 25 948.0 9065.0 -9.893419521078819 -0.1423959491789633 11341.469723551692 -10.136673344388019
3 580.6511994910722 282.91116515896294 0.5627609328798906 -0.13173716941381586 -0.2549843215234584 25 825.0 5234.0 -9.297084295759655 -0.20505424561178487 6934.475034896333 -9.602533972435548
4 655.1682726047675 301.9323614507942 0.5265333248533276 -0.21928612770230163 -0.11265416490553591 25 965.0 7780.0 -9.727448992474223 -0.33479906511571267 8575.866130458744 -9.833194982627557
5 524.8463429015559 320.2315904514605 0.47578922208220265 -0.19621709700271206 0.041787898335236696 25 1154.0 9718.0 -9.968942236817469 -0.5302185170041598 8700.900072654858 -9.848910452342032
6 60.79613931121284 397.8777521140934 0.37199969436387853 0.6656533050294156 -0.047676134826648134 25 1124.0 14328.0 -10.390463932102438 -0.30072502703905374 18330.957945191887 -10.657962902645597
7 253.0768631934584 418.42488791525284 0.4965717214869046 -0.33791386947810065 0.21130781490593525 25 1099.0 10354.0 -10.037770401614592 -0.4228009489521465 16428.340468256974 -10.538984236968687
8 253.24230514536475 460.57494083832614 0.50603487005527 -0.5011900898902497 -0.5598209972178838 25 1697.0 25929.0 -11.034464419299344 -0.3026949662529294 60593.19335889133 -11.956059602796028
9 802.337462232897 489.8698907585851 0.5662075017863875 0.23292621781499476 0.02898145587133343 25 1557.0 12611.0 -10.25187381422465 -0.7393941339995319 11998.4396201299 -10.197811925862814
10 407.7048434379109 512.0361577950166 0.603947033831424 -0.3158214730770128 0.05372026812795974 25 957.0 8444.0 -9.816370561589046 -0.09915576569262677 12271.497600865854 -10.22224391702604
11 130.0071992001282 514.1884887783121 0.41247695585365884 0.6046235032244343 0.05069290861425154 25 750.0 6378.0 -9.511711287267351 -0.19271284757328294 7770.274323715899 -9.726090878782536
12 687.914012429605 514.5472658396206 0.6343615262263562 0.18211057507673217 0.30026306710773004 25 1060.0 9465.0 -9.94030154574954 -0.16697151153537698 10747.337343552157 -10.078252202434392
13 800.9097626818173 526.7639801731128 0.5211221057458417 0.3025433660190877 0.014409831672985367 25 621.0 3320.0 -8.802845209260092 -0.009283700833281455 2726.9978754988765 -8.589211998998303
14 530.2411757384886 533.1824713837052 0.4295111129727562 -0.538375748862051 0.1339186690892379 25 1635.0 22907.0 -10.899920539564762 -0.4726416385903523 40283.04318508331 -11.512805679813571
15 522.7668520454715 536.1618307003542 0.41394027899489877 0.7353211958340029 -0.017636940875176785 25 1257.0 15735.0 -10.492166868123098 -0.42759639263478233 28939.96226243726 -11.153744901164014
16 510.0036709677704 553.9266268843852 0.4524160351707548 -0.43149014595331386 0.09101176304480915 25 1383.0 18159.0 -10.647729821580537 -0.3911088879793526 38713.539810779344 -11.469657208199422
17 66.75854158395472 561.9262974259938 0.5730400225657412 0.08389797660598564 0.2347702530749389 25 1327.0 9757.0 -9.973290762474878 -0.6119533381648702 12318.152211534776 -10.22636391556947
18 450.21238577222067 562.3822922997251 0.4057502378521618 0.48621083010316685 0.24903396606191663 25 819.0 8178.0 -9.781617765545793 -0.09420254586323347 7154.935289114416 -9.63651427563515
19 620.2798728226397 569.8039837813815 0.4511267520753312 -0.004998292593257794 0.038865275724355795 25 1103.0 8825.0 -9.86428678514965 -0.5927742792397607 5821.210824529192 -9.41253332061027
20 297.08713679940826 604.1805786383247 0.5561366091668313 0.5965084903910746 0.36226641758327927 25 734.0 4423.0 -9.114292348424009 -0.02703414803489855 6138.703989517577 -9.470191730128315
21 168.92288366824874 628.0836386825032 0.4402511521845768 -0.1997565728537936 -0.28145109556611775 25 1027.0 8906.0 -9.87420672698801 -0.4160883379482265 6794.246077384991 -9.580353180781248
22 292.14200141964625 633.9842197869908 0.3639574386286433 0.10211653720528562 -0.13455258467930606 25 1259.0 14635.0 -10.413481816924525 -0.5367168490163873 17469.43699351659 -10.605697271823523
23 251.09638584535605 667.3249570449906 0.361482610894498 0.12274454353161351 0.3074436526702667 25 766.0 8174.0 -9.781086583438936 -0.1467841454365307 9805.150051256887 -9.978635610495033
24 280.1917231209193 703.8653580775671 0.4408623042917244 -0.7469441713868672 -0.5751256492526657 25 1081.0 15340.0 -10.464563399032405 -0.013499441470700918 28764.919194352056 -11.147157895886735
25 133.1828823348136 716.6383774968369 0.38112135858010293 -0.6524485387998076 -0.1948473250530688 25 975.0 11302.0 -10.1328882574047 -0.22562910813748255 17281.737777043778 -10.593968527798532
26 590.9400396590343 761.4593971743618 0.49908549914723754 0.39407892724715415 0.3019916589866798 25 1210.0 17259.0 -10.592539071862905 -0.05733088814452486 40521.26492579052 -11.519207484965698
27 327.147607268386 766.6897388100007 0.5546905849699771 0.5806778643631249 0.24723217575976678 25 1572.0 14512.0 -10.40431817429005 -0.672618652363864 15748.491192660065 -10.493097379744148
28 407.9610379513747 772.0213721377248 0.621526253940085 -0.2856239903798948 -0.12664237841068107 25 1236.0 9819.0 -9.980168150069167 -0.4250917201077109 9320.439036901065 -9.923590925416244
29 472.1145930727298 774.901604228292 0.605107766390854 -0.11092851498947781 0.18118418829674418 25 1184.0 6987.0 -9.610726858135857 -0.5417433112424155 4790.883817086497 -9.201039097459473
30 242.64873460510938 813.5932492933213 0.37358925874968846 -0.555043146728675 -0.388796092306584 25 944.0 11074.0 -10.110761297939785 -0.18278321614703055 13023.751357347614 -10.286840240752657
31 711.369974068564 822.1711517963274 0.5884121406241891 0.42166314952080136 -0.10837136921790196 25 1013.0 7541.0 -9.69357235197055 -0.30155202833816563 6712.732014924979 -9.567248274165776
32 615.7358883837804 830.4067390683223 0.4618827526015927 0.26771934930804825 0.03770343405793324 25 1237.0 9998.0 -9.99978283104143 -0.6630041577495771 7821.4814904789955 -9.733222554708988
33 257.09964576878883 832.9343899809189 0.5463090947759988 0.11505167538064288 -0.4130133371479128 25 803.0 6120.0 -9.466878555363904 -0.08022064755095147 6785.676427791232 -9.57898286661965
