test_CNN/outputs/tables/00252_a03173m0s0_sources.ecsv
# %ECSV 1.0
# ---
# datatype:
# - {name: id, datatype: int64}
# - {name: x_centroid, datatype: float64}
# - {name: y_centroid, datatype: float64}
# - {name: sharpness, datatype: float64}
# - {name: roundness1, datatype: float64}
# - {name: roundness2, datatype: float64}
# - {name: n_pixels, datatype: int64}
# - {name: peak, datatype: float64}
# - {name: flux, datatype: float64}
# - {name: mag, datatype: float64}
# - {name: daofind_mag, datatype: float64}
# meta: !!omap
# - {date: '2026-06-09 15:18:27 Eastern Daylight Time'}
# - version: {Python: 3.11.15, astropy: 7.2.0, bottleneck: 1.6.0, gwcs: 1.0.3, matplotlib: 3.10.9, numpy: 2.4.6, photutils: 3.0.0, scipy: 1.17.1,
#     skimage: 0.26.0}
# schema: astropy-2.0
id x_centroid y_centroid sharpness roundness1 roundness2 n_pixels peak flux mag daofind_mag
[from data line 207]
208 200.45512161241794 466.1018483941682 0.9875401521068563 0.20852246760016732 -0.07952862511808208 25 704.0 1592.0 -8.004857658504125 -0.16283947076045496
209 68.89394862589629 467.10603267724076 1.0058363819186784 -0.3141070417273132 0.058754612114421484 25 750.0 2266.0 -8.388149763818447 -0.19136789542416846
210 345.6921057697356 467.3090755729667 0.37492719145662423 0.3783216253463368 -0.6266033847528029 25 2498.0 48604.0 -11.716680030483035 -0.5687613333206244
211 13.926671265669139 469.1902729621864 1.2103544885428699 0.06305455469911612 0.638006579545292 25 913.0 4001.0 -9.005421378447494 -0.12054061978830717
212 461.74974786626206 467.9524222152481 0.4321985479450847 0.9628836556168331 0.6116225651732768 25 3076.0 59226.0 -11.931281005729112 -0.7897026346460991
213 735.5423507001498 468.6805390970141 0.32050511614665383 0.07997535245490624 -0.8672259023672694 25 2009.0 39032.0 -11.478552012760526 -0.5972460734627404
214 84.16095906992503 469.9377895398936 1.1178378256224841 -0.4778367646283352 0.02805052272103825 25 1178.0 2674.0 -8.567903507314913 -0.6038518235426573
215 268.55876626518767 468.95866270548134 0.39296441398825893 0.4634304420141367 -0.18322045835339335 25 645.0 8937.0 -9.877979394836766 -0.01872919257355041
216 473.3806977184768 469.1742900731214 0.3858083235012947 -0.36436913243070257 -0.16984595934958654 25 2744.0 52477.0 -11.799922498432036 -0.8083917382604779
217 596.1593300794101 476.0110948519908 1.22576118778257 -0.3289419187397671 -0.13553660723937938 25 1429.0 3799.0 -8.949173233886802 -0.6825551748236978
218 780.039731885346 478.5882791861883 0.7843656365808798 0.1703798248151584 0.406128707921779 25 1033.0 3195.0 -8.761177156236048 -0.7300451042354096
219 664.64140642374 480.79397807723944 0.3719199021751156 -0.0713049692103916 0.23249875531043587 25 845.0 12570.0 -10.248338194214895 -0.15610231099563376
220 85.93640781724177 482.93319092384263 0.970811035419384 -0.3599610751701978 -0.1897396002834056 25 1485.0 2965.0 -8.680061744250704 -1.011550189526962
221 192.5087377097718 484.06870166725645 0.7406078169339904 -0.07181531194009541 -0.14025968637040576 25 753.0 1406.0 -7.869963301709513 -0.5459644392572852
222 662.3083347087329 489.314709461179 0.4109948640680944 0.20919546341958098 -0.3292210407378565 25 2488.0 48742.0 -11.719758363370401 -0.48735849468172077
223 712.9335678965866 489.0786696961804 1.0788621084559467 -0.6293027873345463 -0.19328625125951726 25 691.0 236.0 -5.932280007425267 -0.20714428770901355
224 785.8136139763618 488.69895696314455 0.6663428493133683 0.09798380073628422 -0.2059626125551769 25 563.0 614.0 -6.97042092785292 -0.3778338400996477
225 337.1215973926532 489.47658529967754 0.5018365684111905 0.3169990300543754 -0.4644695373610628 25 1259.0 19073.0 -10.701047521940499 -0.35334588216820145
226 278.8249508545276 491.7342324556243 1.0369831131602998 0.13581147704471117 0.10943462862214524 25 718.0 2257.0 -8.383828897694405 -0.0632192161907897
227 734.1409494754657 493.09403796252195 1.2523959493132895 0.1332529281025678 0.14790871200942796 25 768.0 -5.0 nan -0.16634645990774052
228 481.0042662708701 494.14867560876655 0.9447424494428606 0.618011988443183 0.1757848203108384 25 935.0 4293.0 -9.081902221198597 -0.4089431147406569
229 28.264236666763892 496.9057759301275 0.4906281302237452 0.04076551294987255 -0.802483718087639 25 1028.0 16068.0 -10.514904557649086 -0.07668817133015988
230 318.59760274257167 501.2617288723355 0.7130235437170557 -0.5817224763325776 0.017579563574859486 25 474.0 471.0 -6.68255226782224 -0.10080804535151096
231 243.8838201851553 508.07102886155207 0.38076701549200065 -0.012698840464761654 -0.5032841047526547 25 2445.0 45620.0 -11.647888202351576 -0.6455960632332419
232 337.2011134366817 510.2655760743304 0.4171854859821002 -0.002239971693694491 -0.7902372274330676 25 1919.0 35460.0 -11.374346828162247 -0.38038761426674905
233 622.1557959322478 509.73095530304755 1.009616730319636 0.15446010387298081 0.3602915162993459 25 1040.0 1499.0 -7.939504082120699 -0.5962944748645098
234 350.01570673626696 512.0530270828509 0.4134793437245462 0.5497216722657011 -0.12194717540312407 25 2635.0 52224.0 -11.79467533184437 -0.5385477996710133
235 267.52677636721904 514.1698797371685 0.7621503455972697 0.23908372898080177 -0.22948635533165815 25 595.0 855.0 -7.329915286820432 -0.27285696535018794
236 505.0973154499653 515.4423567891354 0.9454231899751296 0.37170106880537607 0.08505971799230173 25 700.0 1526.0 -7.958886334047154 -0.2091691454589064
237 49.83587559723213 516.6402724036354 1.1516158387944706 0.25566021239368397 0.392901975717968 25 1042.0 2867.0 -8.643569232366211 -0.3725261435785104
238 698.2113319780208 520.3723006908239 0.3144441232010869 -0.17881936875932913 -0.4171521596064569 25 931.0 15201.0 -10.454680397525832 -0.11344925750510979
239 278.47977437443063 526.1084046453334 0.42210058504529196 -0.048354955875993505 -0.9154969373744354 25 723.0 9874.0 -9.986232807208781 -0.09782280497268835
240 126.03595767372323 527.5381170097783 0.4162059362166731 -0.1443020468216539 -0.561300213422162 25 1946.0 33043.0 -11.297698675941309 -0.6995303261041462
241 633.2532547977885 531.0635649770711 1.0413042846910066 -0.7383783867758532 -0.19109683019652215 25 706.0 239.0 -5.945994752370344 -0.256879079997833
242 647.7828423300616 533.9822605277293 1.2899898835647952 -0.3765087983974577 -0.08114484212422185 25 841.0 412.0 -6.537243040082837 -0.18095793870443222
243 679.2323708514117 533.5784247225207 1.1419037381766266 -0.5877192071228816 0.29073393990135704 25 693.0 88.0 -4.861206680375422 -0.10930349638540242
244 768.4530463305599 533.9212596879171 0.816970992079248 -0.12067162948855066 -0.1558081570190519 25 1876.0 4955.0 -9.237609147053234 -1.3802520975801158
245 688.0931806303576 539.0090168648509 0.9940764694904525 0.11013734301936517 0.3036043537869828 25 669.0 1415.0 -7.876891099650773 -0.10850758230449932
246 369.71491659094573 540.0550231770478 0.9103611560811883 -0.21133715011185053 -0.1559052283912712 25 1247.0 1928.0 -8.21276757391703 -0.885085628510313
247 424.0185756760339 540.0168726555081 0.8811270756628837 0.5449386439026953 0.4687372133432372 25 680.0 2677.0 -8.569120927967331 -0.1309988093674375
248 495.0536059027672 545.5988816143855 0.43341057105304254 0.07647650080005787 -0.32855436293801293 25 1618.0 26368.0 -11.052692975042556 -0.48575752265617883
249 309.6515773064247 547.2182167154895 0.5012934689989291 -0.13302764557149213 -0.49832857398374614 25 1810.0 27147.0 -11.084304607332099 -0.7180700230192589
250 197.07410010851737 554.3111674723427 0.9027489540564166 -0.3506018182948304 0.084816736179998 25 571.0 485.0 -6.714354346505659 -0.07603213128461907
251 44.7451306038787 553.9427971026937 0.3960641062670204 0.5148570347917724 -0.575589647392229 25 2754.0 54544.0 -11.841867459712038 -0.6011814883877726
252 30.776787507531633 556.2051332006237 0.385850294541157 0.23781650792562514 -0.9525343202854227 25 2340.0 45179.0 -11.637341534849073 -0.5283039391638468
253 560.2314374949805 559.305628026531 0.7974674915551864 0.6430193588435272 0.40056512442909425 25 541.0 816.0 -7.279225396884653 -0.1621144084679327
254 618.6578889133525 560.9235987756141 1.05409569197194 -0.6544877992189784 -0.6629126364933176 25 614.0 779.0 -7.228843644181411 -0.011521004614598724
255 251.22421982487822 561.9339126043641 1.4014350907631368 -0.5842612675519352 -0.3567453807649817 25 767.0 -1603.0 nan -0.08917749122428278
256 205.31293278365723 564.1759817268887 1.1528067376100075 -0.4343077985486333 -0.16146780044279774 25 720.0 70.0 -4.612745100035642 -0.13529229128955358
257 435.9713291837694 563.8302284377432 0.9363122559962777 -0.6935720453875892 -0.015613207089759181 25 605.0 -426.0 nan -0.17054365742595684
258 226.52580665037277 568.8331755795726 0.4749670588733888 0.22030375038967345 -0.8059911596668828 25 2295.0 41220.0 -11.537769968607986 -0.6997123121080323
259 277.04205728361114 569.0450239585368 1.0754450698269602 -0.3674972714274793 0.005545313399031254 25 1025.0 -81.0 nan -0.6106826007490811
260 121.1142371546488 572.289647006171 0.974281971142804 0.25170940366476724 0.0959042211416972 25 681.0 477.0 -6.696295947600285 -0.20076836928118408
261 351.7450735487488 571.904766746613 0.9161601999476477 -0.03052623643196265 -0.28326649776322405 25 546.0 363.0 -6.3997665625902815 -0.08358887046995313
262 362.8700502382824 577.9913296588995 1.0601506370545593 -0.29951644828284546 -0.11637717111668368 25 675.0 -1451.0 nan -0.22027639080251799
263 565.5552580436505 578.651341561929 0.7885474743010064 -0.3866785925359173 -0.262018668090506 25 1155.0 1978.0 -8.2405657181529 -0.9165891165276756
264 376.94712352515666 581.4189372631677 0.9896979226744383 0.02403389546380568 0.07746622815656837 25 625.0 -355.0 nan -0.13829794186011224
265 193.80829823293607 581.8130068372874 0.8924435386739016 0.025234945647132166 -0.31912499427114493 25 591.0 1475.0 -7.9219800507854545 -0.017071623806995118
266 319.8922262532276 582.5247799817765 1.0792080191761138 -0.46442958553688224 0.012435162960833133 25 1041.0 1989.0 -8.246586957811088 -0.49816261460907346
267 503.97687657535045 582.0752749961603 0.5216203898815662 -0.0826788485286415 -0.8878675927480283 25 766.0 10046.0 -10.004982934558825 -0.08987298079532975
268 308.48697259645854 583.2416679364403 0.7585484063266307 -0.7620438299259615 -0.07085562757240313 25 779.0 1091.0 -7.594561876470855 -0.5230239494348002
269 637.8035035184948 585.0027223142718 0.9539474213715313 0.35666397116092446 0.05914197640830489 25 1163.0 2560.0 -8.520599913279623 -0.7629094436602866
270 441.9566364569782 588.0339296992803 0.9340733455640765 -0.3705329525305666 -0.030317107499877243 25 810.0 -297.0 nan -0.5184952383741782
271 703.0668535833919 589.2067768301864 0.9029725717683076 0.1988789366211147 0.20882382182948356 25 950.0 577.0 -6.902939532889328 -0.6618377774916262
272 140.99201883096674 592.5256668230832 0.7065509746074908 0.005683295978679505 -0.36066115221085565 25 870.0 3705.0 -8.921970530788368 -0.6653308456609117
273 364.57558658707796 595.9042910087462 0.7215211102137782 0.3266568676178244 0.3307988486116178 25 721.0 763.0 -7.206311344887201 -0.5641828611411863
274 694.8166312538656 598.0087450598559 0.9690102752597785 -0.10719654683809475 0.07384207154890667 25 542.0 -351.0 nan -0.09309659113559582
275 731.9006184004643 601.0784021199156 0.9322991757723702 -0.030169261922873582 -0.21014980610748296 25 810.0 1083.0 -7.586571141563301 -0.38478754099960705
276 285.21029472333436 601.3559608167998 0.4126504132282964 0.061105964365423 -0.717079546314807 25 2270.0 38811.0 -11.472387082171274 -0.8233004951803747
277 487.0734257312156 607.8884554095723 0.9860946861629425 0.1751964620468846 0.3567400588627423 25 660.0 457.0 -6.6497905001746265 -0.15089446234539194
278 694.912153437553 609.2739096027509 0.6413575385923125 -0.27953967125495127 0.36478455451272424 25 413.0 -533.0 nan -0.16719561772741998
279 244.3755897559158 611.1905531815562 0.952537793875222 -0.3746253542591863 -0.14094146276407882 25 797.0 2269.0 -8.38958623971234 -0.29661022661513303
280 345.3413699746578 614.2810138840201 0.719433036635115 -0.12660474933880042 -0.22429065914824609 25 651.0 496.0 -6.738704191225494 -0.4161338125841699
281 393.0153768981422 613.6301725527761 0.8790929222933662 0.3504682061983887 0.05223104769790883 25 546.0 -162.0 nan -0.14148622028025976
282 700.8409952432886 614.0250964635605 0.6959252552449984 -0.7331166243494773 0.24800940311134634 25 844.0 3142.0 -8.743015451759886 -0.663693360773949
283 149.34496681431347 616.1145766135576 0.3948920155037147 -0.18638345884901555 -0.5500076331093953 25 1399.0 21913.0 -10.851754596829192 -0.557667879383764
284 216.93611911070963 615.8991193548208 0.3770333390392058 -0.23528097851072374 0.28894085089877336 25 2230.0 28414.0 -11.133830940312768 -1.4167278811137398
285 428.544304415592 618.1231128662258 0.7652550234489841 -0.025377768382516597 -0.1823840973413074 25 800.0 1188.0 -7.687041101612937 -0.5859997187767091
286 561.528680576239 618.6557306621318 0.3884071861892718 0.005958136666446803 -0.6781990558801446 25 1748.0 28915.0 -11.152807991599033 -0.6438543757485137
287 712.977361864711 620.2268787980906 0.32501458006191836 0.07205695440230978 -0.7574010283703018 25 2068.0 37678.0 -11.440219604462374 -0.6955339757705663
288 285.7387711105945 621.043215994083 0.48767308159593353 -0.022644652114102166 -0.3756578928702036 25 853.0 11956.0 -10.193964765918109 -0.04749194658785777
289 694.0625112803831 622.3563716405912 0.8519843336869315 0.39444536227739985 0.5812887889562101 25 1521.0 2882.0 -8.649234941194926 -1.1529783077228608
290 439.1463785942515 624.0697468613454 0.9102104627812035 -0.3023722264733052 -0.0027494471253289685 25 556.0 -1191.0 nan -0.2089243912655513
291 755.182298486533 627.4498513976231 0.9425420137820337 -0.046596073908418106 0.5719869672380637 25 1317.0 2397.0 -8.449170085084134 -0.9021149658970472
292 161.41166896623227 628.3581322536801 0.3966614473813566 0.25622254419838886 -0.3814122619983878 25 1543.0 24598.0 -10.977249492933831 -0.5957662801363508
293 175.53301109200424 629.4266414187393 0.5829854182909003 -0.32835152519109084 -0.06605148007170168 25 533.0 304.0 -6.207183959021885 -0.39190640557838324
294 307.65506261320894 628.9864439462699 0.7618214762885374 -0.8198640275550945 -0.22709973437747083 25 552.0 -5.0 nan -0.25257091761036676
295 461.7168787338462 628.9513244417606 1.0262801867583908 0.17246139243397193 0.09549089528968559 25 638.0 731.0 -7.159793442394651 -0.03551233705257144
296 664.8268772889716 634.0747656988069 1.1457286421725756 0.07299947454644953 -0.3832158049586112 25 859.0 482.0 -6.7076175955971244 -0.3072646674682877
297 726.1035297588091 634.5843265752916 0.8871018032448296 0.29458222885761626 0.5561238490299213 25 684.0 1250.0 -7.742275032520141 -0.25030742536325384
298 416.4480952298485 637.9757309756868 0.4394778949578429 -0.03678453043649551 -0.5130200178584791 25 1303.0 19129.0 -10.704230667902344 -0.47687609889059324
299 833.6311063944142 638.5045110897174 0.7680572654945048 0.8243082453009745 0.07732078789152948 25 745.0 3135.0 -8.740593862916837 -0.3460488647708694
300 372.078219751341 640.6961725393071 1.1345131166100013 0.6506859344113076 0.27649820250980056 25 619.0 -1246.0 nan -0.16009887922033939
301 800.7524708265988 647.1819880860637 0.892371691356547 -0.057806332396768606 0.24717534177153946 25 756.0 1737.0 -8.099499546117746 -0.29292324919106727
302 462.47732039402945 655.2254838730781 0.49581196334285316 0.4266777257809432 -0.05982192530446845 25 333.0 232.0 -5.913719962227249 -0.05939872349959758
303 47.22536244680031 656.0047439384734 0.8462720047389188 0.08467853182456136 0.5591551097368876 25 389.0 -1735.0 nan -0.05248091131822042
304 394.9492241971464 656.2122482903308 0.8545209706920005 -0.5843747640363643 -0.4529058254766531 25 612.0 557.0 -6.864637987934322 -0.23391068493078243
305 521.595059938718 657.4508421603861 0.8743062553477273 0.9282934542447688 0.7200262168904876 25 791.0 2477.0 -8.484815016464593 -0.3668370115480215
306 324.1539567527638 658.9764352377526 1.0212056319768397 0.06213779101294114 -0.06043292563313276 25 940.0 1796.0 -8.135765830828214 -0.4996036207847526
307 52.350139300803036 663.0459324991373 0.6713021545550382 -0.5031685806658918 -0.4021487653201907 25 652.0 1785.0 -8.12909555112053 -0.36374113805588704
308 126.63176550043178 663.6168480699184 0.5227105074368346 0.43530376490554656 0.013464856704320915 25 477.0 -883.0 nan -0.5242927033468742
309 806.8555570274737 670.0355771989063 0.9813884257177161 -0.22896511385439708 -0.1979366656336275 25 652.0 2011.0 -8.258530176491854 -0.04412950060722365
310 530.0523558892821 672.2451219657823 0.3905424794820864 -0.1672481835258334 -0.5523673463332808 25 1719.0 27986.0 -11.117352074490887 -0.6724808788350335
