test_CNN/outputs/tables/00251_a03168m1s0_sources.ecsv
# %ECSV 1.0
# ---
# datatype:
# - {name: id, datatype: int64}
# - {name: x_centroid, datatype: float64}
# - {name: y_centroid, datatype: float64}
# - {name: sharpness, datatype: float64}
# - {name: roundness1, datatype: float64}
# - {name: roundness2, datatype: float64}
# - {name: n_pixels, datatype: int64}
# - {name: peak, datatype: float64}
# - {name: flux, datatype: float64}
# - {name: mag, datatype: float64}
# - {name: daofind_mag, datatype: float64}
# - {name: aperture_flux, datatype: float64}
# - {name: inst_mag, datatype: float64}
# meta: !!omap
# - {date: '2026-06-11 12:14:20 Eastern Daylight Time'}
# - version: {Python: 3.11.15, astropy: 7.2.0, bottleneck: 1.6.0, gwcs: 1.0.3, matplotlib: 3.10.9, numpy: 2.4.6, photutils: 3.0.0, scipy: 1.17.1,
#     skimage: 0.26.0}
# schema: astropy-2.0
id x_centroid y_centroid sharpness roundness1 roundness2 n_pixels peak flux mag daofind_mag aperture_flux inst_mag
1 436.6866471454629 10.413271204720944 0.5774553953509991 0.4744664011400184 0.12338257457087412 25 918.0 8365.0 -9.806164863246034 -0.022283513626078603 14950.000185437075 -10.436602995118395
2 800.5445598758702 12.791908773238783 0.653350469128447 -0.7608434437945503 -0.4129867649786199 25 773.0 2479.0 -8.485691316919553 -0.07136866398874299 4608.7686186073415 -9.158962262725884
3 42.767902823180194 26.5963940901843 0.48386371524621624 0.8872990369143599 0.2658915670118018 25 1181.0 14852.0 -10.429462351385304 -0.17001030216541912 36354.56615750452 -11.401397415736325
4 480.8337525376618 34.14291792112676 0.673349760304981 -0.3222537941701412 0.09016383728354305 25 883.0 5848.0 -9.41751840987451 -0.04396249287444195 11866.909501948983 -10.185844076028552
5 700.6897372375682 33.777921931733935 0.6215884649621273 -0.36111124452178356 0.07027426481216288 25 844.0 4236.0 -9.06738987858862 -0.11381202295781731 4912.314467152516 -9.22821540214141
6 671.744486284956 40.48321800809319 0.6278409733514081 0.15190491735071454 0.2789719292851151 25 976.0 3838.0 -8.960262425998632 -0.3359218879582261 3273.2931642155427 -8.787462258839367
7 781.1802405549312 40.02401140320216 0.5533563252854359 -0.9579327150871035 0.49099129098921823 25 1133.0 11528.0 -10.154384919514833 -0.2612973792149055 17701.159234994073 -10.620004272242872
8 339.9017344175392 46.94557729677122 0.6837782091156968 0.5033466571924359 0.05695302135876985 25 1114.0 9015.0 -9.887414327646052 -0.20098327873492705 20421.536884839097 -10.775221057830757
9 808.3620268132092 55.19215683189823 0.7208776248252788 0.31075211417277787 0.11505037146467126 25 1029.0 1774.0 -8.122384038739268 -0.408466198944873 1242.8060327978003 -7.736008381823524
10 689.8604120118151 58.79647031460238 0.4538129817133577 0.44281647746756736 0.5425635037675522 25 1943.0 18983.0 -10.695912119344221 -0.9095067875520497 22798.1117942633 -10.894747197403532
11 752.201728063428 62.099474465582276 0.730335016759276 0.5814855099451055 0.19321036026498833 25 856.0 3267.0 -8.785372836188593 -0.10564596601084297 6312.7981196187875 -9.500554752528958
12 347.2724286261958 62.988153801542666 0.587322997282186 0.37894562809378074 -0.16829139010327485 25 968.0 6856.0 -9.590177022287854 -0.22735030944623286 15286.156983580331 -10.460745788317439
13 596.5477972858095 66.23147426863036 0.6062793140446672 0.06337860916547805 -0.05330454890904819 25 829.0 3202.0 -8.763553318958202 -0.2131175373220403 2001.1611793201048 -8.253205173452434
14 632.7911478134313 74.11643128048638 0.49259121285088947 0.42182916667027676 -0.5852144056376786 25 955.0 6174.0 -9.476416562865191 -0.38698746763409814 6182.378278784108 -9.477888936371134
15 191.26479525383712 75.14646562208452 0.5469447375961812 0.06847463851592187 0.12491589791175196 25 1330.0 18824.0 -10.686779785419914 -0.09967690120990425 50654.998274972684 -11.7615557622536
16 320.3405900669463 80.37573267253431 0.5624762382682856 0.9945671499888199 0.15359726652029113 25 2041.0 14835.0 -10.428218876632151 -1.0308217844658012 21617.084472806855 -10.836992799117823
17 591.6462173369921 86.20054379076649 0.5840363896181577 -0.41362661127372746 -0.11932691709990544 25 703.0 2503.0 -8.496152124020558 -0.06957628908483388 3580.075197698391 -8.884730372198009
18 768.0527728083522 90.32436409107876 0.7629835941232177 -0.0110981304973886 0.12328904142883135 25 835.0 3033.0 -8.704681025776658 -0.017309376285944523 901.6122268484183 -7.387549481466005
19 186.76283447485295 90.46707282738072 0.4604232264063367 -0.25754316345339456 0.5437265333833012 25 1252.0 14652.0 -10.414742274981268 -0.34121355572994166 33933.45571462761 -11.326570223926534
20 400.13625919816326 94.10043974566983 0.6848893511531784 0.20755939245472746 0.17621218839170094 25 1299.0 7275.0 -9.654582494144861 -0.5221309516255325 12706.170829254577 -10.260036724874126
21 676.7440227796939 94.78078770098594 0.6060016414448771 0.18947920978836266 -0.16387005806020316 25 946.0 4677.0 -9.17491842477126 -0.30083110548470254 3109.8918713913904 -8.731863222989585
22 550.0228779951987 97.06730667699068 0.6652779432852293 -0.17297102199334916 -0.9873476967470449 25 795.0 3227.0 -8.771997413509762 -0.03959854323748748 nan nan
23 535.434784143976 98.2281860543471 0.7064417073305409 -0.5440363173806267 0.08746900422580696 25 659.0 647.0 -7.027260701671752 -0.007858177262084843 719.838704230966 -7.143087985140777
24 252.0296949780861 101.7393349096747 0.45170499537075004 0.815642812441487 0.49507095923010963 25 1420.0 19418.0 -10.720511241878807 -0.20753498967132844 33511.9500595385 -11.31299925038913
25 157.68605386748183 108.56995969153354 0.4904866475599859 0.5825802925387735 0.37708867167596344 25 1407.0 15424.0 -10.47049254139689 -0.44265376797410794 29723.934339407668 -11.182765733179636
26 779.4388343614797 110.11786604939815 0.4957142357022957 0.38459052175625313 0.19523504975291395 25 2279.0 28667.0 -11.143455616075954 -0.8520356721058399 66876.90256156193 -12.063190375806279
27 660.6088571817193 116.17475070252117 0.6101078891417269 -0.8078557795444827 0.2533454579867115 25 1190.0 3837.0 -8.959979497995791 -0.6358711431242314 nan nan
28 725.4448946022222 122.89483829551776 0.729528861820365 0.4077322896890084 -0.26502290007458384 25 738.0 54.0 -4.330984399557422 -0.12690453367399415 nan nan
29 405.18352489449353 125.84799874728746 0.649765198590379 0.1875367894637946 -0.0732416855249439 25 968.0 6745.0 -9.572454885019807 -0.10671146356146796 12448.324341449797 -10.23777723837071
30 5.813598356227579 126.46884371577826 0.4321072593899451 -0.12869545152250758 0.19412570725793268 25 1455.0 21392.0 -10.825628474794772 -0.1976829283579224 49401.68713693877 -11.734354452357243
31 615.6002739599226 137.19176030762236 0.6844086399301768 0.2691495558035898 -0.023807707324887364 25 1070.0 4001.0 -9.005421378447494 -0.4139557375474178 nan nan
32 549.6085270747813 137.98197307961146 0.5899404695328236 -0.6011211258785676 -0.014753235823136248 25 692.0 2033.0 -8.270343446595096 -0.06462633813907043 nan nan
33 323.4772461964634 139.036553408507 0.6619033548715946 -0.2804020285873521 -0.0336979896783377 25 658.0 1267.0 -7.756941537208604 -0.0030983400888585635 410.4598622130811 -6.53317673755069
34 710.4653962418262 143.22928470360418 0.5981454037839216 -0.2343980528158116 -0.008255837719958819 25 980.0 6685.0 -9.562753528995009 -0.16201428323344846 10941.19249553136 -10.097661647316414
35 582.8723872170273 145.7142593123581 0.5715247770293717 0.4424961291658875 0.2326884930909837 25 601.0 1091.0 -7.594561876470855 -0.05673436528037129 nan nan
36 550.5479081072925 149.99367408848198 0.6228046352875855 -0.32385041285955857 -0.16942717154630524 25 1310.0 6213.0 -9.483253384032787 -0.6080512029207463 4864.389572959622 -9.217570872184913
37 142.06039701232467 151.51838463353764 0.6293251200004558 0.082631138136407 -0.2231005572773029 25 1259.0 9448.0 -9.938349711513645 -0.42911561086645256 19983.401336248495 -10.751673526522028
38 494.0053745590999 150.75534519185737 0.6513999567624026 -0.028701341842341178 0.2545271826769378 25 1379.0 5237.0 -9.297706434753715 -0.7049993751512154 4717.202264870747 -9.18421124596403
39 244.17596337808774 151.87952954550784 0.5398805602185366 0.5202752195481617 -0.014909489068576304 25 1008.0 7869.0 -9.73979886327504 -0.22209167164423688 14157.964211024193 -10.37750202542523
40 553.8855934973759 159.13382568111467 0.6471310392146713 -0.22682365189767562 0.3616596287406445 25 997.0 1529.0 -7.961018713530801 -0.48597347807160096 nan nan
41 172.1138637539119 161.12601635679934 0.5385135785321312 -0.3713492283367563 0.25985382789521155 25 1046.0 11245.0 -10.127398649429127 -0.11636619178579913 26643.08349123177 -11.063961214321132
42 699.2157472415705 166.1147686483288 0.6113490891461095 0.20943050598267815 0.1467578069733996 25 1980.0 8142.0 -9.776827745108452 -1.12947029856961 7617.068545728573 -9.704469659528863
43 236.67567881797035 168.94441194088967 0.6369351069507065 -0.28426919280769025 -0.09096944730028678 25 1437.0 10457.0 -10.048517770047209 -0.5658652144451202 24141.527065692928 -10.956911844522253
44 759.6388878714216 170.7095793634499 0.5730394029785265 -0.3320383653069305 0.16976870073442518 25 1089.0 8371.0 -9.806943354821994 -0.31556019258318024 17145.315396170674 -10.585363696441155
45 829.0433796814385 180.1616238482253 0.6373321005453365 0.2516936388757128 0.37278164529328955 25 996.0 9317.0 -9.92319023872233 -0.10562288512121466 23883.6003183589 -10.945249487104238
46 205.28730175000985 186.78509555182112 0.5755828343941622 -0.40442294413647567 0.9147812341234373 25 1468.0 17208.0 -10.589325993448515 -0.3300396121800391 31079.749861673357 -11.231193787055451
47 446.6778000938196 193.63041975975008 0.5588192536884319 0.10820301031554627 -0.16984377193628705 25 915.0 3647.0 -8.904839408284452 -0.35376891783727465 417.9848110138985 -6.5529012510123374
48 546.5481062838513 203.9329406777991 0.5588395612520106 -0.27338967869339065 -0.1501157998370224 25 694.0 3064.0 -8.715721902401416 -0.003197514888617515 1334.9187923330646 -7.81363711722086
49 712.1056888977829 206.00626737997578 0.7519535388931096 0.486448920802437 -0.326330342215657 25 880.0 3339.0 -8.809041047635928 -0.07185447110808597 6897.784936811246 -9.596774123885268
50 730.6032946366995 207.03612666764323 0.37284444906522674 0.5861992794340298 -0.08090428617450733 25 1154.0 14616.0 -10.412071335861203 -0.2467315557024531 31594.70698487445 -11.249035829979386
51 623.5696100375225 209.2130456978471 0.7066920644666913 -0.7797847657199997 -0.3716207301247556 25 792.0 3075.0 -8.71961280027859 -0.03671568427697902 nan nan
52 633.3548157771647 213.47973055294048 0.5805954216061517 0.17376928374157968 0.05937465290559396 25 866.0 2857.0 -8.639775600956858 -0.3139133586377487 nan nan
53 698.9369622097121 212.5919855543344 0.6038229792475757 -0.2031740250866505 -0.11329355888920806 25 993.0 2922.0 -8.664200528995694 -0.458760322069571 1648.1599689303278 -8.042498404100687
54 398.9492429364198 225.99818773008943 0.3390061251588002 -0.7940053700993484 0.1547772278268044 25 2520.0 28117.0 -11.12242245223592 -1.1966324457363036 30553.38400643611 -11.21264829617896
55 136.11089941338102 228.01179949152836 0.6914790757291722 0.34116876355588377 0.09047797389192208 25 1160.0 8722.0 -9.851540205843518 -0.26130404154162634 19038.464383367973 -10.699079789647804
56 540.7975584317325 227.75123343154306 0.5984396593030695 -0.4161267436605735 -0.13133921159880327 25 1251.0 7935.0 -9.748867327727167 -0.45276225958425187 7001.621739504623 -9.612996611087075
57 51.790211146673286 236.36862529797568 0.5567492966966295 0.19953238379462285 -0.10753879028943827 25 1609.0 14486.0 -10.402371202161742 -0.65046152340392 25934.61689909179 -11.034699592667145
58 719.5907654035079 236.62894797837063 0.45661162943622063 0.07535981457620576 0.5033304615670651 25 907.0 7030.0 -9.61738831254956 -0.24809144483903567 6714.533382893489 -9.567539593414379
59 637.3060057048949 240.84151009867693 0.5044145723219053 -0.18144479485063175 0.1858261133891873 25 701.0 4000.0 -9.005149978319906 -0.017501487567095807 1021.9843966310539 -7.523610662909742
60 728.7196497555424 246.44191187093074 0.6234762184048138 0.798741354458643 0.24764557162935866 25 861.0 2592.0 -8.53408749299639 -0.2569644963176289 nan nan
61 660.2579262192753 250.12375425205857 0.6856984593136249 -0.11777584114322805 0.1574819422257226 25 755.0 3433.0 -8.839184508564376 -0.007236455094078633 4417.9891381291845 -9.11306160949927
62 750.2105299554938 251.1647364473813 0.5958745023531579 0.14069910798371296 -0.013115297674646923 25 946.0 1492.0 -7.9344220578416245 -0.43670199588020797 nan nan
63 437.5124145224771 280.7627845248521 0.5570290446443051 -0.35783025984747546 -0.2698836056948879 25 1136.0 8458.0 -9.818169202027203 -0.37201370982740295 14690.494875857219 -10.417591065077064
64 175.99393775468414 287.83215994312656 0.6195937552702375 -0.3342948255165562 0.14810925257447363 25 1258.0 8303.0 -9.798087594808127 -0.4842299563308839 11732.180320649397 -10.17344682339087
65 534.7507473664671 288.7532514767125 0.5919300589064904 -0.19331827009225744 0.006321679342772131 25 806.0 2893.0 -8.653371084119957 -0.22648915798388045 938.3540026804733 -7.430916777202672
66 445.68333701492566 293.7013556642885 0.5913745627236576 -0.23740807272091832 0.33344613385604926 25 807.0 3730.0 -8.92927207952172 -0.12011974861809889 540.4444516259724 -6.831877656490852
67 650.876951055763 295.75841793030236 0.638815567574041 -0.28521541375146814 -0.45207229898459694 25 759.0 2908.0 -8.6589860054675 -0.09258479794170991 8357.112759925012 -9.80514065501792
68 421.83245375385087 298.1925199689323 0.5026281189903157 0.354266742388731 -0.08892588394661877 25 725.0 3247.0 -8.778705721565004 -0.17440742854359123 nan nan
69 165.2240991187263 307.08862199853854 0.7315012397097437 -0.07302111880234675 -0.17878266856061353 25 890.0 4314.0 -9.087200351916316 -0.0609967481327391 5044.352700449619 -9.257013611933365
70 408.40757529663625 316.9198217106843 0.6267957388332597 -0.4720958393003148 -0.04578145610008267 25 669.0 1026.0 -7.527868401939494 -0.04284056630859276 nan nan
71 812.0219653498224 326.7259752500828 0.6125769091629145 -0.3326633053573047 0.4662762645120071 25 1472.0 16119.0 -10.518345238220892 -0.4034544821054299 91833.15909359592 -12.407498811149619
72 25.387161244108416 332.33836247074777 0.465525549007588 0.26644425522524 -0.9381812030883321 25 1826.0 22045.0 -10.858275257905854 -0.5972357764428381 38918.99001068861 -11.475403903343551
73 625.6340368828571 334.981071482481 0.5660279121064103 -0.2918052484766972 0.24111827168574895 25 838.0 3317.0 -8.801863678798705 -0.2353522024670142 nan nan
74 657.5398045123322 338.2368964953776 0.4400062106454036 0.726726613283 0.32712100159799296 25 854.0 6196.0 -9.48027852271792 -0.18088768078820303 2758.49856567066 -8.601681906187107
75 832.4107462599388 336.41037729468434 0.4539193274174305 0.5664757093999346 0.5960810312213839 25 1836.0 26072.0 -11.040435868642719 -0.5038551322155125 102127.08084052506 -12.522852295965041
76 514.7400637344175 351.0988545942482 0.49785053387696604 -0.13673277678243037 0.21145016339936326 25 815.0 4918.0 -9.229471311006746 -0.2164353718572657 4548.926942183778 -9.144772404802282
77 477.5921355589162 352.1320124254704 0.6716651926293072 0.06947745521436166 -0.011742914598633015 25 830.0 4629.0 -9.163717951957027 -0.04196255416266423 4450.768851801143 -9.121087600066014
78 315.6436755525655 353.97264039868276 0.62896142575861 0.04354077809493565 0.0025434321777911472 25 894.0 3292.0 -8.793649566350581 -0.2901568241538018 nan nan
79 213.17955643451324 355.5507735097785 0.601512573701188 -0.4814588903923366 0.07954825912630674 25 891.0 2516.0 -8.501776591933078 -0.34777072991014324 nan nan
80 462.13297052846957 370.4243367414784 0.5693022568699452 -0.18861436087611605 0.08511624888956071 25 2757.0 35655.0 -11.380301101959652 -0.9175359211332811 81166.09094977232 -12.273436575900154
81 616.5743454863319 372.0304513801005 0.6169628101371001 0.027404637397709868 -0.10184242920305236 25 1062.0 5221.0 -9.29438423302679 -0.3418715729655287 3896.1644048443877 -8.976593185846447
82 83.52157373994483 372.67254189594837 0.502949050077886 0.24020189343560872 0.10182671409741313 25 738.0 5116.0 -9.27232633951654 -0.03736294580844865 5656.845667605501 -9.381435825752556
83 410.1056796126159 375.7605716165382 0.5847361723388093 -0.09267016160821372 -0.10950224155574828 25 1079.0 4460.0 -9.123337146780354 -0.5206951149278747 2062.17944425712 -8.28581613377017
84 530.3401632381854 376.6730284461 0.6903749577833387 -0.08491184803285158 0.07464518519826069 25 743.0 1719.0 -8.08818969171763 -0.0610581492316726 nan nan
85 274.9510553279167 378.2273002313325 0.6117378044436911 0.27244382227331215 0.1208876756354676 25 719.0 741.0 -7.17454551994832 -0.13500704088346757 nan nan
86 612.8013771646052 380.03212065462935 0.6065298164437892 -0.012534178535363231 0.28094107262025986 25 922.0 1779.0 -8.125439870209814 -0.43088567270252726 nan nan
