test_CNN/outputs/tables/00252_a03173m0s0_sources.ecsv
# %ECSV 1.0
# ---
# datatype:
# - {name: id, datatype: int64}
# - {name: x_centroid, datatype: float64}
# - {name: y_centroid, datatype: float64}
# - {name: sharpness, datatype: float64}
# - {name: roundness1, datatype: float64}
# - {name: roundness2, datatype: float64}
# - {name: n_pixels, datatype: int64}
# - {name: peak, datatype: float64}
# - {name: flux, datatype: float64}
# - {name: mag, datatype: float64}
# - {name: daofind_mag, datatype: float64}
# - {name: aperture_flux, datatype: float64}
# - {name: inst_mag, datatype: float64}
# meta: !!omap
# - {date: '2026-06-11 12:14:20 Eastern Daylight Time'}
# - version: {Python: 3.11.15, astropy: 7.2.0, bottleneck: 1.6.0, gwcs: 1.0.3, matplotlib: 3.10.9, numpy: 2.4.6, photutils: 3.0.0, scipy: 1.17.1,
#     skimage: 0.26.0}
# schema: astropy-2.0
id x_centroid y_centroid sharpness roundness1 roundness2 n_pixels peak flux mag daofind_mag aperture_flux inst_mag
[from data line 85]
86 616.9119853583356 216.19790654677445 0.9145486317839389 0.14734424310451602 0.10169554794918635 25 792.0 3399.0 -8.828377911457649 -0.23967646673802528 5922.1685350965045 -9.43120190632491
87 800.1599309596284 217.0499518864019 0.8215547229880722 -0.4427985521403208 -0.29230714952930964 25 689.0 2416.0 -8.457742324872736 -0.2683181873654527 5651.247263679326 -9.38036077439508
88 771.8725503367004 219.93763626286474 1.0763773354803745 -0.26127102541577585 -0.3375002592870624 25 688.0 1853.0 -8.169688548297243 -0.0513260753073686 4268.981498183659 -9.075810681426502
89 253.123681335715 222.21978679552544 0.3597448144231381 -0.14952749382151687 -0.76136814625267 25 1589.0 28366.0 -11.1319952463979 -0.42371715310346675 61630.155681961536 -11.974483161973591
90 260.34363908624226 223.95512031071013 0.3970717805237362 0.012775468957331266 -0.545513762432886 25 1263.0 21362.0 -10.824104776825527 -0.26648816721762214 53071.95365703519 -11.812162687363134
91 96.23610082783026 227.95616737026694 0.8970725208592893 -0.09892570757001773 -0.03995832486504551 25 533.0 413.0 -6.539875129141003 -0.050524216122036614 nan nan
92 659.2205364888944 231.21585020303476 0.8863127915659069 -0.7800825425021312 -0.42924699875915767 25 680.0 2748.0 -8.597541820968782 -0.17554456137362662 4682.247906497746 -9.176136010358874
93 256.8480691677657 231.99966865835336 0.9334893747961167 -0.12068691686891912 -0.1819169431950479 25 745.0 1360.0 -7.833847270925544 -0.2749825896716606 nan nan
94 550.6613776457464 231.6633457310485 0.5565245463808647 0.15858948723036875 0.3542456090691806 25 684.0 3203.0 -8.763892346659555 -0.4863043039155465 4172.451801059168 -9.050978321344095
95 762.0652444031017 231.8612488662743 0.9985340327832075 0.3698795786720263 0.5167712069841477 25 683.0 3051.0 -8.711105519106017 -0.0034903913704285427 5930.538557276356 -9.432735334520691
96 149.3529337089709 233.8216504221265 0.4561579480654233 0.523329449034837 0.3179940854434748 25 2852.0 53250.0 -11.815799030276938 -0.8261842905874017 196206.5226366926 -13.231783602131193
97 617.7854291511237 238.38354104606105 0.8425163674113747 0.8623480169724305 0.24226541471639723 25 1137.0 4406.0 -9.110111232036871 -0.7595332708222986 7299.835509034223 -9.658282685121817
98 469.61672752860653 240.01087912121585 0.9080391819663064 -0.4962189502713447 -0.09278644377886121 25 796.0 3195.0 -8.761177156236048 -0.23741459782447047 6918.830589079679 -9.600081742057004
99 235.00570216286818 244.56928009328968 0.4720318111637243 -0.07600086432604362 -0.629900725729735 25 1345.0 21942.0 -10.85319052680422 -0.2696208148422482 46661.77323417895 -11.672403096923702
100 389.5245985934868 244.09681826987185 0.41004891074255034 0.1732913243925295 -0.8917219037082107 25 2254.0 42134.0 -11.561581727301176 -0.5497443456078761 82314.41042858498 -12.288689679822031
101 346.15067170607387 247.5198197430747 0.49919075191524076 -0.22862888686278024 -0.5367999793531696 25 1362.0 20105.0 -10.758260193597325 -0.44943805099873696 36006.692690329466 -11.390958080274649
102 508.55440439281915 247.99556588609107 1.0123388811412384 -0.1868661092437129 -0.14485042248968344 25 654.0 1705.0 -8.07931095832129 -0.0414401817602761 3931.5252872106266 -8.986402683384007
103 527.6622538700282 249.91710381429053 0.6277960501526212 -0.5119157065366886 0.030097135246799366 25 2536.0 11523.0 -10.153913904712098 -1.8115924507368275 13725.923443442629 -10.343853930692486
104 809.4008226420793 251.83010272657762 0.6270683318005548 0.26312557864306585 -0.38708301744353 25 1555.0 8780.0 -9.858736289765256 -1.2436929104423375 9830.742112784572 -9.981465758802644
105 122.56996594171915 256.5988965439481 0.6387650379299946 0.3529159398613824 -0.11994262098599634 25 553.0 1426.0 -7.885298813789618 -0.2679449994348821 nan nan
106 568.1516120262143 265.01862482442516 0.536187414722422 0.48094251343563305 -0.4915963786637079 25 1566.0 24479.0 -10.971984180808754 -0.40298443950811197 47425.7922910668 -11.690036487265704
107 17.86991702525627 265.9556182517252 1.0225716505049427 0.1832365553133822 -0.10547423907747201 25 1425.0 2270.0 -8.390064642982807 -0.9148658828040965 271.85381503874623 -6.0858385800433314
108 730.0797664621329 265.92561575692827 0.9819080027722107 -0.5178994701548539 0.0695831601991097 25 634.0 1938.0 -8.218384431786866 -0.0040632760236247 1819.6662657913316 -8.149979359776383
109 367.044311120648 269.07546873278676 0.6583935592998141 -0.5439411421354158 -0.8835551644908797 25 737.0 3711.0 -8.923727385871958 -0.41284727068261695 6539.655191364401 -9.538887125995878
110 344.9047934338195 270.91806690009435 0.7883859021680545 -0.42889873625700403 -0.8642091593386252 25 798.0 5015.0 -9.250677343391093 -0.2568021674381189 10424.710010083776 -10.045159957010867
111 620.6077575739223 271.0446263817965 1.023823314126442 -0.002460495605791739 -0.17450744219522432 25 1073.0 4535.0 -9.141443228490285 -0.46875102934717516 17394.92450533086 -10.601056370580624
112 316.4722856078458 272.06467994215365 0.8328237108409295 -0.7033181624768894 -0.366841231680943 25 909.0 2631.0 -8.550302120214257 -0.4906620959805725 4282.283607508488 -9.079188566023584
113 700.9780855107387 271.50133723297375 0.6860311874979118 0.3620354026729343 0.4166309952284615 25 550.0 1642.0 -8.038432881958554 -0.2537328507134356 1872.1151964573155 -8.18083142143056
114 578.2746215956154 272.8464797377342 0.813525898976134 0.12121511017255247 0.11973945186364457 25 811.0 3173.0 -8.75367518025103 -0.4187746214853149 3971.056293958283 -8.997265109237494
115 396.6059238983138 274.3533425720931 0.3960876443987709 0.3291239114695668 -0.47808346967427523 25 1320.0 22717.0 -10.890877445076423 -0.15663658124610516 39479.95618604215 -11.490941655069308
116 742.1948737553314 273.8825339456488 0.41601313636779746 0.2526229804855706 -0.6747642494687123 25 1910.0 34074.0 -11.331057797667757 -0.5106535327788342 64487.33059639098 -12.023686000055738
117 606.7560826389615 276.38493106242623 0.46889540195154106 0.34155660070134797 -0.6664950294567114 25 2504.0 46220.0 -11.662074852857726 -0.5684703615777341 107699.1050341224 -12.580530235952542
118 241.26465705251763 278.28999250074673 0.34658694068563023 -0.8830197794988377 -0.9142535005899934 25 409.0 3059.0 -8.713948692461697 -0.20743565332639077 2420.287415583156 -8.459667356676235
119 305.34633621556435 278.80146944527803 0.4090825853346292 0.46660512239244295 -0.5880322775874838 25 2612.0 49508.0 -11.736688455673791 -0.665576898467673 113708.35745237955 -12.639480965194757
120 233.59946765417843 280.39096121043485 0.6886254514498137 -0.40972562481850644 -0.49416636126842134 25 602.0 2694.0 -8.575993978467416 -0.14605938008257557 1583.7889909772075 -7.999243299575314
121 788.8976609080145 283.93059455379205 0.9631579435023293 0.785870031140953 0.20683233030411238 25 643.0 1620.0 -8.023787536356577 -0.0654412893549641 3334.5084526684127 -8.807579556630342
122 296.7163307666195 286.0708973473475 0.8079023834164838 -0.7769818913789549 -0.28605343203307576 25 1294.0 3957.0 -8.99341512566507 -0.9595636208766366 3651.176613204213 -8.906082102426968
123 8.699225611264422 290.80052990469056 0.5926669852522082 -0.5843704565017844 -0.3994032152584439 25 600.0 2805.0 -8.619832163980451 -0.3348689869195285 4208.174088698673 -9.06023424480652
124 143.1099007424753 294.71223909051116 0.4058677891333412 0.3122575454724908 -0.7263285320042534 25 1408.0 24040.0 -10.952336158326755 -0.2902939350782753 42061.911920214174 -11.559722524033573
125 242.9586918954551 296.0263054123421 0.9675653187711374 0.49975829512580383 0.06364610905837943 25 678.0 367.0 -6.411665160630223 -0.21504919992957447 nan nan
126 301.1975490149656 297.0557351028552 0.4116631853079532 0.2799634669142108 -0.6550594396186192 25 2600.0 47517.0 -11.692122533816796 -0.7885650104644039 107071.2017696948 -12.574181693085475
127 604.0530339725896 301.05923883721016 1.0013007065812696 -0.7679495768082046 -0.10529874376328957 25 661.0 1822.0 -8.15137093159245 -0.0508694071895344 4634.0226391963615 -9.164895377936812
128 415.053887519088 300.8489740459681 0.6771126375365184 0.5826432899644532 0.6463788771791983 25 630.0 5066.0 -9.261662963636322 -0.059438559338027816 11530.209603846499 -10.154593005653599
129 454.30367381434075 301.9273236960874 0.9849576056102693 -0.2560551012685448 -0.46923915618381273 25 621.0 2076.0 -8.29306837294105 -0.0005315872968845982 3930.9950553649855 -8.986256243848715
130 478.0305856025509 304.44403346690837 0.87828478329479 0.4499696515047441 0.4221369115631125 25 534.0 1472.0 -7.919769525003701 -0.01818666760711712 3551.569880828711 -8.87605091071864
131 506.7626081294951 307.0124559589328 1.05175633604361 -0.29934237302519473 -0.1189521641248652 25 863.0 2363.0 -8.433659304080923 -0.31358756484583167 2931.222991599567 -8.667622146179188
132 700.9786179797354 310.86727757983726 1.217775086372618 0.08534945945559226 0.0418928400065145 25 1195.0 2708.0 -8.581621650032767 -0.526764167405316 2707.853763950327 -8.5815630170709
133 75.10587022435809 315.010943375677 0.8955881704016133 -0.4387878565074167 0.23676479247352458 25 768.0 908.0 -7.395214621302713 -0.4137583674796348 nan nan
134 454.01739002408533 315.6533985015964 1.1982896515110903 0.5962109079707505 0.3201630019117826 25 919.0 1852.0 -8.169102455864788 -0.2777329063691535 3663.868268903054 -8.909849626519993
135 528.0153041526399 316.1195754630407 1.0977495137817133 -0.6181979717504196 -0.5614780633949317 25 914.0 3141.0 -8.742669840996262 -0.28045770216173155 8235.500590231717 -9.789225006629588
136 656.9463654675324 315.26111220631986 0.38809950232902934 0.9405763690125857 0.6974872570840022 25 337.0 1411.0 -7.87381753438587 -0.041963121598123404 1804.9728532073475 -8.141176686253903
137 603.5255483833234 320.19846302668503 1.1483134015380352 -0.19192492199784722 -0.1898203266630288 25 698.0 1389.0 -7.8567556143440385 -0.036510983925756475 343.54310102343817 -6.33995307883374
138 13.98868169275524 329.51624988524054 0.6785693362812286 0.9711348057208293 0.6065530393098737 25 720.0 2610.0 -8.541601268345701 -0.4261505827429752 1112.2692648419215 -7.615524841494316
139 736.0848746739713 328.91791772810825 0.7124941991228352 -0.44407881302599805 -0.19613998539536115 25 429.0 74.0 -4.673079299327441 -0.059703577779909534 123.87879263576576 -5.232492409814475
140 566.5431446771581 330.02606816142935 0.9724764123441125 -0.4353846524478102 -0.4211896643667894 25 639.0 1464.0 -7.913852691805933 -0.04573751078063086 366.85134254852454 -6.41122528195174
141 661.7246627697441 329.8112980111704 1.019864715918335 -0.18436740063228307 -0.16534757575193065 25 800.0 1042.0 -7.544669297408763 -0.33480061989314036 1494.1779725277079 -7.936005824159213
142 543.631298842525 332.1401668663591 0.8996909945268108 -0.30617279037366874 0.008625092921838124 25 689.0 2190.0 -8.351110287100296 -0.1684397457876322 4562.494347711218 -9.148005848587712
143 756.7942597923378 334.67955581573153 1.2789500757905619 0.2635339297883629 0.03267123823238636 25 815.0 1099.0 -7.602494231058726 -0.09532396184765064 nan nan
144 481.8939732899838 339.0884552363203 0.6581298943019183 0.18885058640042265 0.28107169894790346 25 619.0 3163.0 -8.750247979789307 -0.3221794729546692 8654.653713272126 -9.843124239331619
145 407.14575219660065 338.9223092974698 1.1216395046750964 -0.24632899368328323 0.026657694128843463 25 968.0 1517.0 -7.952463951966826 -0.429905908031204 940.5413009406834 -7.433444677485297
146 528.2614175283204 339.23992735986207 1.2259724932015488 -0.7084004005748674 -0.0891641594484537 25 701.0 1383.0 -7.8520554502732764 -0.00045663886434737003 3655.013476942044 -8.907222456621
147 430.98210960734053 343.2461533282678 0.9239205269936692 -0.06215269551357966 0.10119311433126978 25 859.0 3863.0 -8.96731177036205 -0.31364782599218205 7237.642474819712 -9.648992815040454
148 9.01619921609632 344.0872836103273 1.0182384771876458 -0.6707522960123301 0.34834922347786984 25 695.0 244.0 -5.968474565846823 -0.21061033280226993 nan nan
149 176.56463823056345 349.99171176142374 0.63864870558809 0.6505726325480115 -0.01740828918762625 25 501.0 1051.0 -7.554006790070606 -0.2585626649998502 nan nan
150 538.9800062713525 349.89355938613124 1.271978002636259 0.5987805732935335 0.282296463027783 25 909.0 3056.0 -8.71288337475913 -0.125306854230442 5505.98491488891 -9.352087542984052
151 693.5226497661512 350.1998701599051 0.6084076188629028 -0.3142450183833371 -0.3608506300686569 25 471.0 123.0 -5.224762778598495 -0.3005539991190315 nan nan
152 753.6288868604256 349.4145306187699 0.4108565696815539 0.30995404589955333 -0.6312537152288239 25 1896.0 32119.0 -11.266905038493372 -0.6014108904957852 60994.67546549626 -11.963229812244869
153 262.3909672838231 351.10431842917546 0.4186693718182734 0.1957533581305904 -0.5446610849347517 25 937.0 13986.0 -10.36423380976055 -0.24858272732212863 25392.992821095726 -11.011784724721617
154 722.2644071950454 350.75821876899835 0.39514381557082584 -0.9950427867097706 -0.6480439172297863 25 2878.0 55898.0 -11.86849067336085 -0.7713772988912713 146498.76017715127 -12.914584873150233
155 134.1703174135998 355.4243979049635 0.800509071210192 0.1157705470909191 -0.04818139953601092 25 1817.0 4947.0 -9.235854775910452 -1.3553949714009255 3286.0337211949595 -8.791680039602257
156 235.37888383558834 355.0541978862264 0.9023108631579921 -0.0705367569494026 -0.11919006903306076 25 1407.0 2519.0 -8.503070418745281 -1.0068780018091248 nan nan
157 319.1782076678452 354.89926296627806 0.8691693499154807 -0.10306882429486361 -0.11235982835388322 25 983.0 2140.0 -8.326034433372978 -0.653434406399449 1996.5776064275212 -8.250715489416539
158 821.8358658375449 356.95140053204193 1.0288704554350134 -0.08565830394611923 -0.3511040747467992 25 840.0 3685.0 -8.916093730487676 -0.14476125837434875 6820.5651693393365 -9.584550907226179
159 608.9254041167904 358.1939139963323 1.1011393504709928 -0.4072397647898942 -0.26257101332354316 25 732.0 508.0 -6.7646592807097985 -0.17771266583088507 182.4197791274933 -5.652679813876562
160 148.57957357352973 361.677808117313 0.43095201825265944 0.025588421303533566 -0.9581046497232445 25 2145.0 38277.0 -11.457344730383369 -0.6888482223051678 76662.87277593379 -12.211462723682455
161 397.2257444645224 362.00314912202634 0.6397014439546987 -0.22093147513014402 -0.5719627352458061 25 443.0 926.0 -7.416527466704835 -0.059703015368687454 1201.7582719594184 -7.699542800382128
162 780.154791097438 363.68446299125014 0.8869256099783552 -0.4126139336120465 -0.032811928955267786 25 577.0 1791.0 -8.132738964622579 -0.008647902239571664 3627.7412464939102 -8.899090757141982
163 721.9721180100338 367.08125334427524 0.4234938974511644 0.20103331148913128 -0.5492314873590055 25 2435.0 44767.0 -11.627394979252102 -0.6518170448875875 85346.25113190223 -12.32796112327874
164 2.932562244360612 371.7312811086341 0.989683599949445 0.0219825891396422 0.0712377021662921 25 1344.0 2977.0 -8.684447086616812 -0.8677380523622359 401.8812273613697 -6.510244299855662
165 612.831281699275 372.21719581684704 0.9144233715929987 -0.27904851567687966 0.07178161039908747 25 1828.0 4138.0 -9.04197621582429 -1.2773571667115053 3650.6611372906577 -8.905928806535693
166 418.3886953568578 374.5400003931548 1.129699422730291 0.4887568112649325 0.3061776038730901 25 643.0 -3055.0 nan -0.17749037505033413 nan nan
167 496.74687708459163 373.72020018922626 1.0988352073805112 -0.21461651268227633 -0.30209160248033123 25 1138.0 3298.0 -8.79562662827125 -0.5679555938566154 6130.353000711781 -9.46871370744093
168 79.71338134215749 388.16709245828497 0.7032890679629215 -0.697959745491713 -0.260945654322739 25 574.0 2587.0 -8.531991071791358 -0.10131070378011708 2875.105451967582 -8.646634445492602
