test_CNN/outputs/tables/00252_a03173m0s0_sources.ecsv
# %ECSV 1.0
# ---
# datatype:
# - {name: id, datatype: int64}
# - {name: x_centroid, datatype: float64}
# - {name: y_centroid, datatype: float64}
# - {name: sharpness, datatype: float64}
# - {name: roundness1, datatype: float64}
# - {name: roundness2, datatype: float64}
# - {name: n_pixels, datatype: int64}
# - {name: peak, datatype: float64}
# - {name: flux, datatype: float64}
# - {name: mag, datatype: float64}
# - {name: daofind_mag, datatype: float64}
# meta: !!omap
# - {date: '2026-06-09 15:18:27 Eastern Daylight Time'}
# - version: {Python: 3.11.15, astropy: 7.2.0, bottleneck: 1.6.0, gwcs: 1.0.3, matplotlib: 3.10.9, numpy: 2.4.6, photutils: 3.0.0, scipy: 1.17.1,
#     skimage: 0.26.0}
# schema: astropy-2.0
id x_centroid y_centroid sharpness roundness1 roundness2 n_pixels peak flux mag daofind_mag
[from data line 104]
105 122.56996594171915 256.5988965439481 0.6387650379299946 0.3529159398613824 -0.11994262098599634 25 553.0 1426.0 -7.885298813789618 -0.2679449994348821
106 568.1516120262143 265.01862482442516 0.536187414722422 0.48094251343563305 -0.4915963786637079 25 1566.0 24479.0 -10.971984180808754 -0.40298443950811197
107 17.86991702525627 265.9556182517252 1.0225716505049427 0.1832365553133822 -0.10547423907747201 25 1425.0 2270.0 -8.390064642982807 -0.9148658828040965
108 730.0797664621329 265.92561575692827 0.9819080027722107 -0.5178994701548539 0.0695831601991097 25 634.0 1938.0 -8.218384431786866 -0.0040632760236247
109 367.044311120648 269.07546873278676 0.6583935592998141 -0.5439411421354158 -0.8835551644908797 25 737.0 3711.0 -8.923727385871958 -0.41284727068261695
110 344.9047934338195 270.91806690009435 0.7883859021680545 -0.42889873625700403 -0.8642091593386252 25 798.0 5015.0 -9.250677343391093 -0.2568021674381189
111 620.6077575739223 271.0446263817965 1.023823314126442 -0.002460495605791739 -0.17450744219522432 25 1073.0 4535.0 -9.141443228490285 -0.46875102934717516
112 316.4722856078458 272.06467994215365 0.8328237108409295 -0.7033181624768894 -0.366841231680943 25 909.0 2631.0 -8.550302120214257 -0.4906620959805725
113 700.9780855107387 271.50133723297375 0.6860311874979118 0.3620354026729343 0.4166309952284615 25 550.0 1642.0 -8.038432881958554 -0.2537328507134356
114 578.2746215956154 272.8464797377342 0.813525898976134 0.12121511017255247 0.11973945186364457 25 811.0 3173.0 -8.75367518025103 -0.4187746214853149
115 396.6059238983138 274.3533425720931 0.3960876443987709 0.3291239114695668 -0.47808346967427523 25 1320.0 22717.0 -10.890877445076423 -0.15663658124610516
116 742.1948737553314 273.8825339456488 0.41601313636779746 0.2526229804855706 -0.6747642494687123 25 1910.0 34074.0 -11.331057797667757 -0.5106535327788342
117 606.7560826389615 276.38493106242623 0.46889540195154106 0.34155660070134797 -0.6664950294567114 25 2504.0 46220.0 -11.662074852857726 -0.5684703615777341
118 241.26465705251763 278.28999250074673 0.34658694068563023 -0.8830197794988377 -0.9142535005899934 25 409.0 3059.0 -8.713948692461697 -0.20743565332639077
119 305.34633621556435 278.80146944527803 0.4090825853346292 0.46660512239244295 -0.5880322775874838 25 2612.0 49508.0 -11.736688455673791 -0.665576898467673
120 233.59946765417843 280.39096121043485 0.6886254514498137 -0.40972562481850644 -0.49416636126842134 25 602.0 2694.0 -8.575993978467416 -0.14605938008257557
121 788.8976609080145 283.93059455379205 0.9631579435023293 0.785870031140953 0.20683233030411238 25 643.0 1620.0 -8.023787536356577 -0.0654412893549641
122 296.7163307666195 286.0708973473475 0.8079023834164838 -0.7769818913789549 -0.28605343203307576 25 1294.0 3957.0 -8.99341512566507 -0.9595636208766366
123 8.699225611264422 290.80052990469056 0.5926669852522082 -0.5843704565017844 -0.3994032152584439 25 600.0 2805.0 -8.619832163980451 -0.3348689869195285
124 143.1099007424753 294.71223909051116 0.4058677891333412 0.3122575454724908 -0.7263285320042534 25 1408.0 24040.0 -10.952336158326755 -0.2902939350782753
125 242.9586918954551 296.0263054123421 0.9675653187711374 0.49975829512580383 0.06364610905837943 25 678.0 367.0 -6.411665160630223 -0.21504919992957447
126 301.1975490149656 297.0557351028552 0.4116631853079532 0.2799634669142108 -0.6550594396186192 25 2600.0 47517.0 -11.692122533816796 -0.7885650104644039
127 604.0530339725896 301.05923883721016 1.0013007065812696 -0.7679495768082046 -0.10529874376328957 25 661.0 1822.0 -8.15137093159245 -0.0508694071895344
128 415.053887519088 300.8489740459681 0.6771126375365184 0.5826432899644532 0.6463788771791983 25 630.0 5066.0 -9.261662963636322 -0.059438559338027816
129 454.30367381434075 301.9273236960874 0.9849576056102693 -0.2560551012685448 -0.46923915618381273 25 621.0 2076.0 -8.29306837294105 -0.0005315872968845982
130 478.0305856025509 304.44403346690837 0.87828478329479 0.4499696515047441 0.4221369115631125 25 534.0 1472.0 -7.919769525003701 -0.01818666760711712
131 506.7626081294951 307.0124559589328 1.05175633604361 -0.29934237302519473 -0.1189521641248652 25 863.0 2363.0 -8.433659304080923 -0.31358756484583167
132 700.9786179797354 310.86727757983726 1.217775086372618 0.08534945945559226 0.0418928400065145 25 1195.0 2708.0 -8.581621650032767 -0.526764167405316
133 75.10587022435809 315.010943375677 0.8955881704016133 -0.4387878565074167 0.23676479247352458 25 768.0 908.0 -7.395214621302713 -0.4137583674796348
134 454.01739002408533 315.6533985015964 1.1982896515110903 0.5962109079707505 0.3201630019117826 25 919.0 1852.0 -8.169102455864788 -0.2777329063691535
135 528.0153041526399 316.1195754630407 1.0977495137817133 -0.6181979717504196 -0.5614780633949317 25 914.0 3141.0 -8.742669840996262 -0.28045770216173155
136 656.9463654675324 315.26111220631986 0.38809950232902934 0.9405763690125857 0.6974872570840022 25 337.0 1411.0 -7.87381753438587 -0.041963121598123404
137 603.5255483833234 320.19846302668503 1.1483134015380352 -0.19192492199784722 -0.1898203266630288 25 698.0 1389.0 -7.8567556143440385 -0.036510983925756475
138 13.98868169275524 329.51624988524054 0.6785693362812286 0.9711348057208293 0.6065530393098737 25 720.0 2610.0 -8.541601268345701 -0.4261505827429752
139 736.0848746739713 328.91791772810825 0.7124941991228352 -0.44407881302599805 -0.19613998539536115 25 429.0 74.0 -4.673079299327441 -0.059703577779909534
140 566.5431446771581 330.02606816142935 0.9724764123441125 -0.4353846524478102 -0.4211896643667894 25 639.0 1464.0 -7.913852691805933 -0.04573751078063086
141 661.7246627697441 329.8112980111704 1.019864715918335 -0.18436740063228307 -0.16534757575193065 25 800.0 1042.0 -7.544669297408763 -0.33480061989314036
142 543.631298842525 332.1401668663591 0.8996909945268108 -0.30617279037366874 0.008625092921838124 25 689.0 2190.0 -8.351110287100296 -0.1684397457876322
143 756.7942597923378 334.67955581573153 1.2789500757905619 0.2635339297883629 0.03267123823238636 25 815.0 1099.0 -7.602494231058726 -0.09532396184765064
144 481.8939732899838 339.0884552363203 0.6581298943019183 0.18885058640042265 0.28107169894790346 25 619.0 3163.0 -8.750247979789307 -0.3221794729546692
145 407.14575219660065 338.9223092974698 1.1216395046750964 -0.24632899368328323 0.026657694128843463 25 968.0 1517.0 -7.952463951966826 -0.429905908031204
146 528.2614175283204 339.23992735986207 1.2259724932015488 -0.7084004005748674 -0.0891641594484537 25 701.0 1383.0 -7.8520554502732764 -0.00045663886434737003
147 430.98210960734053 343.2461533282678 0.9239205269936692 -0.06215269551357966 0.10119311433126978 25 859.0 3863.0 -8.96731177036205 -0.31364782599218205
148 9.01619921609632 344.0872836103273 1.0182384771876458 -0.6707522960123301 0.34834922347786984 25 695.0 244.0 -5.968474565846823 -0.21061033280226993
149 176.56463823056345 349.99171176142374 0.63864870558809 0.6505726325480115 -0.01740828918762625 25 501.0 1051.0 -7.554006790070606 -0.2585626649998502
150 538.9800062713525 349.89355938613124 1.271978002636259 0.5987805732935335 0.282296463027783 25 909.0 3056.0 -8.71288337475913 -0.125306854230442
151 693.5226497661512 350.1998701599051 0.6084076188629028 -0.3142450183833371 -0.3608506300686569 25 471.0 123.0 -5.224762778598495 -0.3005539991190315
152 753.6288868604256 349.4145306187699 0.4108565696815539 0.30995404589955333 -0.6312537152288239 25 1896.0 32119.0 -11.266905038493372 -0.6014108904957852
153 262.3909672838231 351.10431842917546 0.4186693718182734 0.1957533581305904 -0.5446610849347517 25 937.0 13986.0 -10.36423380976055 -0.24858272732212863
154 722.2644071950454 350.75821876899835 0.39514381557082584 -0.9950427867097706 -0.6480439172297863 25 2878.0 55898.0 -11.86849067336085 -0.7713772988912713
155 134.1703174135998 355.4243979049635 0.800509071210192 0.1157705470909191 -0.04818139953601092 25 1817.0 4947.0 -9.235854775910452 -1.3553949714009255
156 235.37888383558834 355.0541978862264 0.9023108631579921 -0.0705367569494026 -0.11919006903306076 25 1407.0 2519.0 -8.503070418745281 -1.0068780018091248
157 319.1782076678452 354.89926296627806 0.8691693499154807 -0.10306882429486361 -0.11235982835388322 25 983.0 2140.0 -8.326034433372978 -0.653434406399449
158 821.8358658375449 356.95140053204193 1.0288704554350134 -0.08565830394611923 -0.3511040747467992 25 840.0 3685.0 -8.916093730487676 -0.14476125837434875
159 608.9254041167904 358.1939139963323 1.1011393504709928 -0.4072397647898942 -0.26257101332354316 25 732.0 508.0 -6.7646592807097985 -0.17771266583088507
160 148.57957357352973 361.677808117313 0.43095201825265944 0.025588421303533566 -0.9581046497232445 25 2145.0 38277.0 -11.457344730383369 -0.6888482223051678
161 397.2257444645224 362.00314912202634 0.6397014439546987 -0.22093147513014402 -0.5719627352458061 25 443.0 926.0 -7.416527466704835 -0.059703015368687454
162 780.154791097438 363.68446299125014 0.8869256099783552 -0.4126139336120465 -0.032811928955267786 25 577.0 1791.0 -8.132738964622579 -0.008647902239571664
163 721.9721180100338 367.08125334427524 0.4234938974511644 0.20103331148913128 -0.5492314873590055 25 2435.0 44767.0 -11.627394979252102 -0.6518170448875875
164 2.932562244360612 371.7312811086341 0.989683599949445 0.0219825891396422 0.0712377021662921 25 1344.0 2977.0 -8.684447086616812 -0.8677380523622359
165 612.831281699275 372.21719581684704 0.9144233715929987 -0.27904851567687966 0.07178161039908747 25 1828.0 4138.0 -9.04197621582429 -1.2773571667115053
166 418.3886953568578 374.5400003931548 1.129699422730291 0.4887568112649325 0.3061776038730901 25 643.0 -3055.0 nan -0.17749037505033413
167 496.74687708459163 373.72020018922626 1.0988352073805112 -0.21461651268227633 -0.30209160248033123 25 1138.0 3298.0 -8.79562662827125 -0.5679555938566154
168 79.71338134215749 388.16709245828497 0.7032890679629215 -0.697959745491713 -0.260945654322739 25 574.0 2587.0 -8.531991071791358 -0.10131070378011708
169 107.29698411426016 395.6734142045079 0.9627388743919327 -0.5946947796609275 -0.17148766533648707 25 630.0 1183.0 -7.682461861569826 -0.08994278456584903
170 420.57698119607505 395.49817623282064 0.36562875781636356 -0.41882235461936435 -0.3654769014734438 25 2843.0 56105.0 -11.872503916761051 -0.7170731008899213
171 519.982546847705 396.0161022681788 1.1218816402797627 -0.2337163781017897 -0.21221173276316277 25 879.0 1323.0 -7.803899610468752 -0.3363869852350311
172 276.4754664054079 399.23313635127636 0.6961928735676601 -0.5151485354227511 -0.15145047204204184 25 1172.0 3037.0 -8.706111979795663 -0.9966051886502303
173 729.5928466000512 400.1121329800804 1.0248665610188892 -0.3970768317736254 -0.2953630461287852 25 992.0 1582.0 -7.998016197904144 -0.5333160645550281
174 697.8988199801693 401.4356845838426 0.7041973977560124 0.6590954205077297 -0.08837535676229186 25 627.0 1413.0 -7.875355404621397 -0.3286336576731366
175 618.4256135408975 401.00190291198834 0.38094827848823687 0.034003304758208085 -0.7360649323691077 25 2537.0 48635.0 -11.717372300528751 -0.6050354914629317
176 803.8257790853465 405.1644157375828 0.7992656003619768 -0.5152975943183223 0.07612212021152508 25 1735.0 6269.0 -9.492995674597397 -1.2628390437215467
177 17.979522696204672 406.8731407058657 0.9775926643631729 -0.43343423714437196 0.11129142963627735 25 714.0 1067.0 -7.570411048561175 -0.22445584985474554
178 184.43718667736564 407.8084116611546 0.6751852595372759 0.03642002920111355 -0.054164313134010836 25 1261.0 6923.0 -9.60073582902859 -0.9470203523938627
179 344.1040311244444 408.2360975003258 0.9665490998882563 0.7014373620224315 -0.1410355883346185 25 733.0 641.0 -7.017145073797043 -0.25408580596297836
180 775.6429679852938 407.93880618289 0.3785465198379435 0.5131770294588643 -0.4501386580122595 25 2456.0 47677.0 -11.695772300742163 -0.623805642082214
181 59.08386077178144 410.9224287751199 1.0573781971706318 0.30068168778572635 -0.08398649975816735 25 722.0 1784.0 -8.12848712510026 -0.10676407423194105
182 29.670288744030678 412.8472777565787 0.9374441560172768 -0.2655575176207522 -0.09570472173570521 25 1086.0 1243.0 -7.736177821604112 -0.7190982962394431
183 114.14662557055351 414.69480112885236 0.5073150173145072 0.2381734906157183 -0.7197719093577074 25 881.0 12419.0 -10.235216567707983 -0.08865129034682925
184 711.7587364914476 415.107813404423 0.3699889385090676 0.1658315350529254 -0.9576305252934628 25 1357.0 22793.0 -10.89450372625717 -0.4625007899920433
185 379.9444974746991 417.80279460335316 1.0743843091366485 0.03037066824156359 0.1464879074460819 25 723.0 482.0 -6.7076175955971244 -0.22747076801253388
186 637.9439638386799 417.973365437461 1.0992689976882608 -0.35186867444444764 -0.11591621984298549 25 927.0 394.0 -6.488740554563935 -0.463607143104378
187 515.4001537873534 421.95822529775006 0.5461560699316369 -0.15125379521427812 -0.6954906074601919 25 942.0 12056.0 -10.203008098266439 -0.15467651907064056
188 655.3347687185352 422.036818999634 1.1432349536617215 0.11593171450863377 0.1079517579836669 25 1102.0 1382.0 -7.851270107595449 -0.5468935987996474
189 811.3078850066968 422.9633154611165 0.7834106607229944 -0.3218057326590087 0.3680418295709652 25 1184.0 5381.0 -9.327157480116234 -0.768574125041096
190 295.85111935877217 424.2842798375873 0.5037378200939084 0.05510404978968653 -0.5382895444831679 25 1267.0 20474.0 -10.7780067473769 -0.138020465456816
191 714.8837686262176 426.54866260893624 0.5831970292248068 0.6645925656058348 -0.5543002810552791 25 1184.0 18250.0 -10.653157171981233 -0.06154274113007048
192 825.6002455074155 433.85686816746124 0.4678530101452257 0.4546974418650992 -0.8262808222372808 25 1631.0 27516.0 -11.09896325194391 -0.5174618499777153
193 784.930707172674 436.77790389975985 0.4167428092513696 0.11052173169637892 -0.6410617861003676 25 1937.0 32346.0 -11.274551455530698 -0.628741800933414
194 1.0848581712654526 437.8080198410007 0.5792897003390153 -0.09275433146914995 0.19439947577914046 25 509.0 1711.0 -8.083125023852752 -0.201945137921339
195 605.2721304003124 438.60949378183 0.4890224353808782 0.12688316929057114 0.12460256508017452 25 331.0 237.0 -5.93687086502526 -0.019657450188714704
196 642.6529585572645 440.2521201437315 0.8162791787576675 -0.3712793386840731 0.0034023101975330463 25 1367.0 2985.0 -8.68736083866347 -1.0496000107219752
197 406.62896777905263 440.24271947730347 0.37400052170551773 0.008492096093916475 -0.7842506594679491 25 2434.0 45154.0 -11.636740571617208 -0.6617630138226718
198 560.6145512188267 442.41402573937836 0.6558832181827331 -0.303368406568243 -0.1622020065438841 25 593.0 3198.0 -8.76219614852554 -0.20921299134928986
199 127.92015765293303 448.1679232036835 0.8851133595475789 0.134976506149505 0.10910563293013549 25 1388.0 3152.0 -8.746465522043795 -1.0029166772409783
200 169.74480820483078 449.27880628513475 1.1393044789786881 -0.343453364865776 -0.1533879631934503 25 619.0 270.0 -6.078409410397469 -0.021135421469615168
201 474.7561260432186 449.2958929111517 0.47402792541878813 -0.5508269984210715 -0.6588555126200794 25 667.0 5440.0 -9.33899724924545 -0.3447335154634054
202 786.7994286785138 449.99738626693124 0.9631634492888638 -0.4436855347803472 -0.024103819430762254 25 704.0 2249.0 -8.37997363858908 -0.15486604115792862
203 314.08058117326595 452.89040732211 1.2114491025965621 0.31283788753383923 0.43933863502888376 25 957.0 1277.0 -7.765477243158538 -0.35123636974483924
204 61.43970198051094 455.75043264871505 0.3775660779931188 0.054526486331723856 -0.6956414547736983 25 2436.0 43379.0 -11.59319884040984 -0.7764525145261069
205 530.0513423816421 455.56833069812035 0.8807602200057847 -0.14492576579391372 0.3984326626019265 25 811.0 2530.0 -8.507801302939544 -0.37045273030754355
206 50.27388871883875 460.0260832874063 0.8169482687428443 0.13522217987520854 -0.4436528073593509 25 692.0 2720.0 -8.586422260085497 -0.2527403493974282
