test_CNN/outputs/tables/00253_b21911m0s0_sources.ecsv
# %ECSV 1.0
# ---
# datatype:
# - {name: id, datatype: int64}
# - {name: x_centroid, datatype: float64}
# - {name: y_centroid, datatype: float64}
# - {name: sharpness, datatype: float64}
# - {name: roundness1, datatype: float64}
# - {name: roundness2, datatype: float64}
# - {name: n_pixels, datatype: int64}
# - {name: peak, datatype: float64}
# - {name: flux, datatype: float64}
# - {name: mag, datatype: float64}
# - {name: daofind_mag, datatype: float64}
# - {name: aperture_flux, datatype: float64}
# - {name: inst_mag, datatype: float64}
# meta: !!omap
# - {date: '2026-06-11 12:14:20 Eastern Daylight Time'}
# - version: {Python: 3.11.15, astropy: 7.2.0, bottleneck: 1.6.0, gwcs: 1.0.3, matplotlib: 3.10.9, numpy: 2.4.6, photutils: 3.0.0, scipy: 1.17.1,
#     skimage: 0.26.0}
# schema: astropy-2.0
id x_centroid y_centroid sharpness roundness1 roundness2 n_pixels peak flux mag daofind_mag aperture_flux inst_mag
1 128.95899020579262 29.520490980690205 0.5259943367977127 0.39875244910871294 -0.14855831776912728 25 2046.0 23260.0 -10.916524275981075 -0.6235419376677127 31039.614884609837 -11.229790810578905
2 359.28365417415677 45.73129727413213 0.5670095926708716 -0.2275744354394331 -0.012826923516480567 25 1075.0 10230.0 -10.0246890842804 -0.005100574750938841 11712.450634080236 -10.171619433562055
3 130.39079187823006 50.39342667971369 0.4074128224337091 0.04616731203788043 0.15287240688673298 25 928.0 8167.0 -9.780156388971257 -0.16743229013574654 5204.147343544925 -9.29087396029969
4 811.3591849503244 133.33008496817206 0.45136915145520384 0.33724891501244764 0.1500038617912055 25 2459.0 30412.0 -11.20761245453679 -0.8437579068712513 35262.55080687004 -11.368284312256476
5 146.93522517746356 199.56537205694016 0.5486094231051492 0.341303987490464 0.41642815211390427 25 966.0 6074.0 -9.458686968955616 -0.19524036075917994 5947.23781633811 -9.435788263205612
6 432.6259610538259 240.03871124301045 0.4552525149079707 0.016736219717696676 0.1535328087876218 25 1383.0 13334.0 -10.312401126973862 -0.4733619475620263 16298.911077087792 -10.530396475885784
7 52.595772900136744 289.2866450931705 0.4737463178965517 -0.860834008856902 0.04492025320504975 25 1132.0 13858.0 -10.354251392493477 -0.07038699527046997 25620.809534659376 -11.021482119813733
8 744.6660244002342 301.07291335058716 0.37485944451646624 -0.5152277992718338 -0.2052627811545401 25 2055.0 23310.0 -10.918855683801443 -0.8918371061658524 24858.171486601208 -10.988672949291306
9 509.78246921344754 351.73886136301957 0.41351514666268496 -0.1301458886214863 -0.4984663165971012 25 911.0 9556.0 -9.9506903526946 -0.013162574151986305 12021.576725439952 -10.19990358144842
10 43.07601801903132 362.32522829897044 0.4391544488856519 0.32297072929031223 -0.28310848117361503 25 1587.0 19817.0 -10.742594773448399 -0.38617376198777176 26564.19859710962 -11.060741796040418
11 1.2264406569295083 434.56188252299705 0.30657248372791635 0.49451624821273743 0.13481501195793638 25 1170.0 15907.0 -10.503970702683796 -0.16759829536529525 28915.674545963957 -11.152833319990258
12 751.6670426626058 445.6193942277887 0.4012202974331921 -0.4957022245717463 0.010476420330886037 25 961.0 11320.0 -10.134616067130631 -0.028450608982812077 15797.55343070366 -10.496474582288279
13 206.8639099335319 509.62247118537596 0.45453111026527676 0.19016410562659822 -0.486022747512035 25 1021.0 10766.0 -10.080135938699172 -0.05507582755404413 10366.489917822864 -10.039079324103486
14 325.04997192109033 613.983021049758 0.5370266518765388 0.04770391041080019 -0.09406438612049135 25 1414.0 15182.0 -10.453322467724336 -0.2665401227173235 23645.53252274819 -10.934372748097555
15 586.8571976282793 622.6633180480343 0.6386620494908861 -0.2928854913176292 -0.7210870079041176 25 1471.0 11809.0 -10.180532806508456 -0.3889227836381982 13859.434826850287 -10.354363801413713
16 141.58975941740394 739.5760726855625 0.47283266854837286 0.08824401578325991 -0.0627732802281145 25 965.0 9389.0 -9.93154834764906 -0.06498144705479916 12170.06838053272 -10.213232546069122
