test_CNN/outputs/tables/00263_b22740m0s0_sources.ecsv
# %ECSV 1.0
# ---
# datatype:
# - {name: id, datatype: int64}
# - {name: x_centroid, datatype: float64}
# - {name: y_centroid, datatype: float64}
# - {name: sharpness, datatype: float64}
# - {name: roundness1, datatype: float64}
# - {name: roundness2, datatype: float64}
# - {name: n_pixels, datatype: int64}
# - {name: peak, datatype: float64}
# - {name: flux, datatype: float64}
# - {name: mag, datatype: float64}
# - {name: daofind_mag, datatype: float64}
# meta: !!omap
# - {date: '2026-06-11 11:14:47 Eastern Daylight Time'}
# - version: {Python: 3.11.15, astropy: 7.2.0, bottleneck: 1.6.0, gwcs: 1.0.3, matplotlib: 3.10.9, numpy: 2.4.6, photutils: 3.0.0, scipy: 1.17.1,
#     skimage: 0.26.0}
# schema: astropy-2.0
id x_centroid y_centroid sharpness roundness1 roundness2 n_pixels peak flux mag daofind_mag
1 184.0683513797611 16.947168006106487 0.47152556342794877 -0.21578402741849131 -0.2349213270462631 25 1279.0 17070.0 -10.580583802786833 -0.5469331035705147
2 400.3644993768666 27.368277359897657 0.34904568743567005 0.4578739458052804 -0.1238323827042995 25 747.0 10324.0 -10.034619989679578 -0.10146149481176667
3 188.04303056406258 65.01025302686823 0.47155348889817156 -0.16584415722805 -0.24122721118237975 25 1159.0 14850.0 -10.429316134133078 -0.4792957820328456
4 631.2621440674577 85.36500374336487 0.459860304588872 -0.3439570755438209 -0.1473235582863481 25 661.0 7032.0 -9.617697155164288 -0.08318745076599231
5 113.76787627871296 91.99660475450968 0.42786564844049596 0.16803483648965595 0.10351274203368686 25 3407.0 75063.0 -12.188564794057886 -0.10908054914406687
6 125.21859401080798 92.54165643334844 0.4177831127173725 0.19788470299795274 0.20795809517007272 25 3373.0 74997.0 -12.187609728162448 -0.015054721480400792
7 306.9208425430468 94.17041463859802 0.5352264273974163 0.26306816065901284 -0.23399945491638158 25 898.0 9389.0 -9.93154834764906 -0.3104427621125554
8 644.1106624886734 132.4841046838067 0.3819837353981517 0.47203177169769067 -0.2703284125856766 25 846.0 10982.0 -10.101703598433396 -0.23496919370491073
9 41.90134111255729 138.58929625203402 0.38624460749493644 0.11768083836636431 -0.5266665096090182 25 1971.0 39803.0 -11.499789516512394 -0.06613771067289513
10 75.35684216466599 137.5685380344241 0.3519074694916852 -0.9306425039203753 -0.20747717018058548 25 963.0 12795.0 -10.26760072555801 -0.49735434668361367
11 421.194159099848 142.52671780329783 0.6722169035800503 0.1809158603115858 0.22033229721490458 25 1309.0 9458.0 -9.939498274198519 -0.8380632112026659
12 174.14675738058665 145.84189478334108 0.4600674219829278 0.21530664936428295 -0.11402980036999277 25 588.0 4882.0 -9.221494437702924 -0.20141747487650838
13 100.94330082725013 153.60329186201494 0.45920247695937794 0.7099968389795379 0.2895129146340151 25 765.0 6672.0 -9.560640094074206 -0.444508141568945
14 154.83813490802555 157.1430701118323 0.6668246976755553 -0.05097648067610147 -0.04838146726082685 25 575.0 3080.0 -8.72137679125111 -0.07515851974721449
15 781.2777342090885 163.08221491301128 0.38391867698833265 0.6330185049717225 -0.31278425281458516 25 914.0 14432.0 -10.398316300494665 -0.11292706312670744
16 831.524423827693 163.4727691188648 0.6276298514114861 -0.23348609833628312 -0.11081807609514539 25 623.0 4511.0 -9.135682067744277 -0.07344969226070126
17 161.20656985382078 167.5122406655414 0.43070617156988283 -0.2320000371003964 0.08210405604408215 25 584.0 5378.0 -9.326551994718207 -0.15852734379829342
18 109.72524311698719 197.45958435563134 0.6588325185289929 -0.08817899123550221 0.25305057465100367 25 1100.0 8692.0 -9.847799294121218 -0.5837919071473294
19 493.29965877234275 199.80691047138782 0.4869592623024967 -0.39128344051075997 -0.2497743813201942 25 630.0 6803.0 -9.581751177401419 -0.005927096195473628
20 727.0173077452931 200.66293993925296 0.3398947784926393 -0.5268236914151762 0.007601582839419159 25 795.0 8591.0 -9.835109297588813 -0.5094679514413081
21 444.25706243234066 203.9734185134614 0.5666670792021744 0.2646161354942722 0.2088421729468654 25 673.0 5188.0 -9.287499918530106 -0.23314376392761044
22 257.581524455929 204.52753908655168 0.567185237731722 0.18749252729580893 0.11385826287414451 25 1048.0 9692.0 -9.966033513663671 -0.5382037901070169
23 279.7272913690337 211.31619385680594 0.6389729689619075 -0.7219715945863355 -0.2197681216209663 25 582.0 3602.0 -8.891359271208787 -0.07735764634589112
24 584.2381431550996 211.33033079539788 0.46567177528666737 0.5388291807445488 -0.06520636600399282 25 1350.0 14692.0 -10.41770229918314 -0.8625844251743463
25 470.7262682133719 212.17729530139235 0.5969331041240111 -0.07139380960613807 -0.1511394686999385 25 819.0 5635.0 -9.377234800955312 -0.4360173962032772
26 92.81918402555145 218.707840157988 0.5662780927673389 0.013724593443691849 -0.19195031752982625 25 749.0 6278.0 -9.49455327841006 -0.3028233192144541
27 241.95554829871085 220.59116778976036 0.6161113362028371 0.4614944382307706 0.12993754420219703 25 918.0 5995.0 -9.444472968587169 -0.5540746223567977
28 153.9174365617423 234.38560427259122 0.3828478544017608 0.07923505035280415 -0.34827319079829183 25 3042.0 65215.0 -12.035868746537838 -0.2433766748846515
29 62.28077202337163 250.5980789226843 0.576446301364444 -0.25528409109907657 -0.023003327031892024 25 1174.0 10112.0 -10.012092652345775 -0.718745791557517
30 41.75497400193527 253.5376132781498 0.45407656728829876 0.2639135662375638 0.03279950743834003 25 1004.0 10668.0 -10.070207517544596 -0.6014711167546535
31 539.6221476015779 257.28741757048664 0.5464558417926025 0.3380054552127006 0.2503828194405507 25 1139.0 9070.0 -9.894018217650238 -0.8133365714506644
32 808.1393496108317 256.83578441986793 0.46048863772484017 -0.08909259354803503 0.5726998427885209 25 569.0 4945.0 -9.235415739832995 -0.11602291829158196
33 374.0783986366855 261.95100786286594 0.5326081002085303 -0.3176735721585107 -0.21301740430081859 25 574.0 5030.0 -9.253919962639818 -0.012541412151633721
34 491.865467523038 262.9377597875441 0.6397457247164385 0.46031629431307264 0.11218223171178666 25 856.0 6177.0 -9.476944003344235 -0.4228518819789651
35 256.8448749423849 264.52705162297286 0.4387401009133596 0.8320146935949166 0.2585178547105364 25 625.0 4933.0 -9.232777788655353 -0.34932124618970006
36 594.8010578527457 267.16070935440433 0.4844306737305437 0.6567217996095384 0.17591508834291966 25 608.0 4089.0 -9.02904277638584 -0.26293592568685087
37 791.061080631224 273.2948639661496 0.38316284357096814 -0.01748614342330405 0.1250744578714554 25 942.0 7341.0 -9.664388060178629 -0.8881438516640046
38 282.86227580519613 276.49739511936093 0.5573687723923509 0.7403412666521404 0.08371466691769111 25 987.0 9323.0 -9.92388921055211 -0.508659665256389
39 298.89465123488577 285.23427466825865 0.420063695153873 -0.9124885784323912 -0.22599010489360816 25 383.0 1705.0 -8.07931095832129 -0.0007096199377901609
40 558.7349802814748 302.26511970641434 0.5133413755572416 0.06446651545605292 0.17854739056073418 25 935.0 7896.0 -9.743517849153951 -0.5474228926032023
41 628.1509700511708 304.9149642652519 0.5851134610758273 -0.3531476168729291 0.23267066773542788 25 668.0 5166.0 -9.282886004593246 -0.19259013344158032
42 302.7611659007999 311.07165882702935 0.5206449303034282 0.10412840232512695 0.2199636027988112 25 742.0 5373.0 -9.325542101421735 -0.4141742082665975
43 578.7863154529334 325.3908362893103 0.4249160099572418 -0.16322393653106157 -0.024147551726766286 25 621.0 5416.0 -9.33419663919272 -0.2929585541105664
44 333.99117298122115 336.7651525879774 0.5925891486728533 0.6114934901616333 0.1906018679577169 25 625.0 4624.0 -9.162544563531181 -0.09006620495761525
45 615.4214402000363 342.879617264453 0.6708559969074156 -0.14952903177473514 0.09734196877827377 25 748.0 4924.0 -9.230795110648197 -0.2848628198879132
46 177.8388947869479 343.64831118352566 0.5255807670160192 0.31000111798583657 0.25260824667525655 25 517.0 3163.0 -8.750247979789307 -0.09250188251556252
47 338.7339373822002 347.8396763469672 0.5132494490407994 0.20942648575978226 -0.055641106435440374 25 1860.0 21603.0 -10.836285164101408 -1.0188686306273136
48 716.1851823724338 349.64075857449643 0.37793779956870577 0.2647573399945999 -0.41804132073211225 25 3378.0 72864.0 -12.156282522337623 -0.3686737378676923
49 808.3261580099872 353.50113591127666 0.48004641270755516 -0.22329370206458124 0.025712068513648576 25 762.0 7277.0 -9.654880937303629 -0.329742324019815
50 729.2506626688638 361.71455830431535 0.40070150723971054 0.09688829078823608 -0.4099877829171603 25 563.0 4996.0 -9.246556074255244 -0.22845546645587214
51 524.0707770050749 363.5337133024893 0.4115552359925305 0.8097078518670769 0.19326464040464555 25 846.0 9880.0 -9.98689236146907 -0.41314157325187095
52 225.96027921755723 368.8192001494846 0.5798311310780944 0.29987791448962137 0.120986853717669 25 783.0 5553.0 -9.361319183681417 -0.4407680711186119
53 722.2221831115575 376.3946802280515 0.649170599140335 0.8119846131187165 0.08228431123531063 25 574.0 2797.0 -8.616731165928819 -0.14647335480794593
54 418.07725169050417 394.52377232936897 0.4114790693529356 -0.03541162974539169 -0.4108096379343252 25 2918.0 59924.0 -11.944001988361826 -0.35199454916968753
55 145.91693632200082 395.4372395144488 0.48781569628037197 0.09136398864468362 0.30027467750954195 25 1152.0 10371.0 -10.039551585655174 -0.82229996084629
56 532.2189749603681 403.52618760725306 0.5124227508343973 0.08954797331150326 0.3777030650807604 25 966.0 8788.0 -9.859725120621182 -0.5674887505501984
57 817.4298899604656 425.6367954555672 0.6747593822308332 -0.10619171224516857 0.7570325573524425 25 568.0 2619.0 -8.54533874606308 -0.10906142416232448
58 365.09113143206355 427.22836499969304 0.4269132706991716 -0.4940785117755027 -0.6145235468440993 25 2934.0 43591.0 -11.598492080177865 -1.3287609507135099
59 202.87997933768867 434.4102720548981 0.41580273898826026 0.9570515483544979 0.7540488186033768 25 1724.0 20159.0 -10.761172462135423 -1.1205917273734896
60 30.946565297274258 438.43320917891384 0.6507394881980066 0.6244044448150979 0.31933941679403977 25 702.0 5861.0 -9.419929303454047 -0.10212248108395271
61 526.6564750514381 444.7730858686995 0.5485871705552966 0.029923670899563506 0.17471241631817405 25 878.0 9539.0 -9.948757121968503 -0.2829910219829723
62 832.3114824377567 453.0081774350399 0.5317317869127427 0.472292606061473 0.8235795549497027 25 2985.0 40815.0 -11.527049502088598 -1.2821472207397855
63 462.6467479510431 454.11916741126964 0.5090141870907817 -0.27412805657872835 0.004293432728395892 25 639.0 5525.0 -9.35583070589287 -0.10240072865899584
64 571.1443320124582 456.9212003347189 0.487154226035502 -0.1949349705722134 0.0244645949120446 25 620.0 4775.0 -9.197433439799413 -0.18674206593239953
65 621.9245112638695 460.8372092302754 0.6743837552032399 -0.44153317619362686 -0.22056975410651836 25 752.0 4307.0 -9.085437179406501 -0.30826945455516513
66 462.75347248989885 468.16737388562865 0.4212922849160035 -0.1249978479355412 -0.3424591510137385 25 3056.0 64462.0 -12.023259439548346 -0.2882138545191926
67 468.0486460863996 468.49277723835684 0.4167481940225141 0.07795533087070916 -0.053238561291398645 25 3449.0 73925.0 -12.171978332995387 -0.31141258569919555
68 60.91102152294273 475.10861865997947 0.5143558279969558 -0.19992654377297978 -0.3575756776891162 25 1155.0 10893.0 -10.092868759081385 -0.7456409021734869
69 72.37100232882165 482.2563842841064 0.4652271777756781 0.4400819443967728 0.06917128752728395 25 751.0 8682.0 -9.846549453756703 -0.16089839372071318
70 154.487284946496 496.4321448646101 0.4893850328185655 0.6030070045204643 0.23171136588599997 25 671.0 4868.0 -9.218376423895068 -0.34718946327739314
71 666.4979201452079 496.3793173398121 0.478829221709745 0.3704333561899343 0.08244524762863771 25 694.0 5661.0 -9.382232887211485 -0.3473213470757647
72 563.4404352355295 506.6399118749945 0.42925284527997176 -0.788434820525333 0.08113330357163906 25 477.0 3444.0 -8.842657856954043 -0.0403847899825601
73 43.02735531880573 508.13736463513305 0.5330514377107359 -0.21449328132068124 -0.05082201984095538 25 483.0 3083.0 -8.72243381181627 -0.014636477327015679
74 750.3154355343694 518.0351230420589 0.46861852441916557 0.48690906985127863 -0.12410353655534861 25 952.0 9083.0 -9.895573285470956 -0.6005124097745688
75 495.06014148642856 524.1434818796317 0.44920594779152206 -0.7709274048016825 -0.24329865315104499 25 417.0 2216.0 -8.36392439014098 -0.01759793297191197
76 217.08351777328278 525.9891939992146 0.46513750111128727 0.17864647939457035 0.12139887339459325 25 523.0 3810.0 -8.952312439189049 -0.14844063310892022
77 742.4396966584669 525.210552663689 0.6380387349838695 -0.1807098108109419 0.0433759971005675 25 680.0 5117.0 -9.272538542430294 -0.13813283618658942
78 4.44060756481392 531.8668003203544 0.3873870789452935 0.19557988930023104 0.10396519879557214 25 1240.0 13495.0 -10.325432222231338 -0.9170153846475007
79 186.7688898179563 542.5473079549586 0.5924389710534612 0.2792591202786926 0.16859604816930826 25 1165.0 8437.0 -9.815470122768016 -0.7940937046590567
80 789.6274910545793 543.2459009687201 0.634927788651192 -0.11558331521897737 -0.07214478068892008 25 674.0 4086.0 -9.028245905741073 -0.2655752813893061
81 190.62503531758824 550.0589158857081 0.4931266543095079 0.6048702049729106 -0.5184184491319485 25 1950.0 24981.0 -10.994024548444902 -1.0291111156669754
82 245.70113789908476 558.1184259592698 0.6032518492950074 0.14184054241681524 0.11265400196022635 25 986.0 8246.0 -9.79060832616335 -0.4949854110890499
83 679.7077694771333 558.9932505968673 0.4423644396715784 0.7496085435191644 -0.07534546976842778 25 1254.0 14115.0 -10.374202206207347 -0.7933719576259346
84 422.8718235963261 562.1288152684592 0.3663261219215274 0.184065768852161 -0.04129348169388564 25 719.0 6931.0 -9.601989747117734 -0.4254767914252103
85 412.0706390217477 565.6328585901315 0.3314170552484531 0.042625456244501245 0.15016520632114871 25 611.0 5198.0 -9.289590687912485 -0.3537818859586617
86 28.223973351779318 567.4578116766298 0.4382243916371504 -0.2554319386572881 -0.12677455008174995 25 593.0 5550.0 -9.36073245780669 -0.16476565637986954
87 253.26349225615596 580.9073676240665 0.46454385438227797 0.3862558292702915 0.3925055029133868 25 714.0 7309.0 -9.659644904709932 -0.19207215304560366
88 249.03709040979567 594.0952202985065 0.5454539641650055 0.01433853657059931 0.12148993555224114 25 1128.0 10791.0 -10.082654231345433 -0.6089169085076848
89 145.94723089020871 594.9693634061199 0.5863043543556101 0.43326543693400743 0.0156410836801398 25 1622.0 13921.0 -10.3591760836754 -1.0643101465142044
90 755.9382527999115 597.3509380546942 0.4234131910341858 0.7986397347261397 0.03593955578925448 25 556.0 5520.0 -9.354847694322997 -0.12929300107209027
91 477.4539874096391 612.017425560317 0.6315492619307794 0.46118224400547114 -0.027922695322044343 25 860.0 6868.0 -9.592075716222197 -0.3877948681887832
92 517.2449761037287 612.5037561625988 0.6457121700641785 0.35371798360324236 0.06153250196426825 25 675.0 3842.0 -8.961393401314186 -0.23666280488589822
93 244.7367440798193 616.3963200819952 0.35312065875264276 0.044518126220512606 0.3501034928762898 25 1284.0 13402.0 -10.31792403399974 -1.036781171935818
94 329.236988455419 617.5650886518931 0.6136567932961641 -0.5594977999162475 0.17784579884021107 25 822.0 5207.0 -9.29146894418923 -0.46771383122106625
95 73.62367646705076 620.0771995554165 0.5307722070030839 -0.4214041611786645 -0.10479099705130551 25 548.0 4387.0 -9.105419086012363 -0.01478806237723982
96 180.8799551177734 619.6418485586175 0.46737257511923896 -0.26489104396126406 0.15390725014143228 25 1400.0 14552.0 -10.407306715138569 -0.9383476244019
97 798.3913395286568 626.9624667116741 0.5023999844226092 -0.3942437380215534 -0.2605762154474967 25 437.0 1785.0 -8.12909555112053 -0.06355584770739786
98 448.3838442859524 632.8280272558281 0.6075336837222124 -0.1475222460642176 -0.17887200679368284 25 1217.0 8353.0 -9.804606203514645 -0.8528933476470423
99 259.67211974915864 635.463745067985 0.5079111082193103 0.510908095379796 0.3202315005371221 25 789.0 6161.0 -9.474128021983525 -0.4783904387856218
100 535.0785324870805 651.8188295078945 0.4771654836335519 0.18812006904076703 -0.13655667345699624 25 1358.0 15903.0 -10.503697647365222 -0.6910645216611955
101 772.8221057936522 652.2611986131354 0.39570254191933535 0.05581994967816014 0.1828137337910566 25 340.0 1125.0 -7.627881306118454 -0.007471182583752991
102 817.0212927290089 655.1376025885286 0.6279956252803793 0.18316580174675165 0.15926496057649997 25 1119.0 7579.0 -9.699029767664628 -0.7263339371255078
103 806.4287660040761 659.166498797372 0.6693463870440775 -0.344073145074008 -0.048242436611751933 25 636.0 4981.0 -9.243291354330958 -0.0035813618928169436
