test_CNN/outputs/tables/00263_b22740m0s0_sources.ecsv
# %ECSV 1.0
# ---
# datatype:
# - {name: id, datatype: int64}
# - {name: x_centroid, datatype: float64}
# - {name: y_centroid, datatype: float64}
# - {name: sharpness, datatype: float64}
# - {name: roundness1, datatype: float64}
# - {name: roundness2, datatype: float64}
# - {name: n_pixels, datatype: int64}
# - {name: peak, datatype: float64}
# - {name: flux, datatype: float64}
# - {name: mag, datatype: float64}
# - {name: daofind_mag, datatype: float64}
# meta: !!omap
# - {date: '2026-06-11 11:14:47 Eastern Daylight Time'}
# - version: {Python: 3.11.15, astropy: 7.2.0, bottleneck: 1.6.0, gwcs: 1.0.3, matplotlib: 3.10.9, numpy: 2.4.6, photutils: 3.0.0, scipy: 1.17.1,
#     skimage: 0.26.0}
# schema: astropy-2.0
id x_centroid y_centroid sharpness roundness1 roundness2 n_pixels peak flux mag daofind_mag
[from data line 104]
105 209.6417794284037 671.0376009888688 0.5331047873856847 0.13355886685587223 0.2088445825888467 25 634.0 5383.0 -9.327560949539219 -0.13432776096371546
106 664.123819260414 689.9218260289038 0.5105555282005844 -0.5015057570400335 -0.13724810637320886 25 534.0 4008.0 -9.007319282147973 -0.09040649876194301
107 209.57651308112085 696.9633665302206 0.4025122885791319 0.6196953396576143 0.3668603402458756 25 1092.0 10196.0 -10.021074566993075 -0.8485399289675062
108 123.69861187492124 704.0012962479918 0.5861978433170896 0.7048968174689464 0.4397872503515119 25 674.0 5764.0 -9.40180993035488 -0.17189600510768582
109 259.63319751164704 706.1821305218999 0.6125362225478014 -0.33503633238532393 -0.04454465105290652 25 653.0 4868.0 -9.218376423895068 -0.15093505798962364
110 777.1259394221958 714.2187281243988 0.5293733903837069 -0.18095459120303267 -0.7487688054428481 25 973.0 14942.0 -10.436021830182806 -0.001294170592499022
111 486.94041571221015 714.011663798239 0.6090956807001704 -0.042846042466319026 0.05593255580710519 25 695.0 3730.0 -8.92927207952172 -0.34793259139363797
112 89.30237858898082 716.6464870470031 0.41782413200102053 -0.12221452233041723 -0.7587497727296142 25 1957.0 38019.0 -11.450001723972601 -0.22568294403824996
113 105.15215779447324 718.6599644147738 0.5167465019497939 -0.2655576265298918 0.1952289673334771 25 729.0 6027.0 -9.450252978669779 -0.3710679311454889
114 705.4166594992005 718.7046187480987 0.6232959468212561 0.34315886280678937 0.17602858269399596 25 461.0 1310.0 -7.7931782391394115 -0.0025661746217497125
115 711.5977600843581 726.5317751453437 0.47680058227703553 -0.2417800301757423 -0.011627303955239265 25 654.0 3998.0 -9.004606974455244 -0.420852075455676
116 24.999189155272603 737.1166516067324 0.42990000504578063 0.12380471234064654 -0.3525514042005575 25 3221.0 67849.0 -12.078858627864026 -0.3075680849088537
117 803.7649727296407 737.949318033788 0.5791651136302708 -0.38692577914372395 0.259482938608888 25 745.0 5241.0 -9.298535399256483 -0.36478143761228965
118 408.2633312113423 739.7844956822354 0.5578344493106959 0.20708941703394612 -0.08350185998382635 25 1620.0 13449.0 -10.321724983963636 -1.1278379913412937
119 358.5995387401688 746.5579870295595 0.5586015261215383 -0.13667977165375067 0.17952099905430885 25 1161.0 10066.0 -10.007142315152802 -0.7478090109849049
120 9.737534300857073 748.483808832222 0.40986766416436404 -0.23062469325046725 0.17359444915697014 25 593.0 6907.0 -9.598223640015368 -0.004046650324568215
121 809.5702510770857 759.0801280412505 0.6790785801369789 -0.016506774865604514 -0.15018033272682627 25 1160.0 7296.0 -9.657712063300899 -0.7490020248036349
122 165.76863889461197 787.8069859562764 0.481062783160721 0.7831706294387895 -0.28658770224292024 25 988.0 10851.0 -10.088674408703204 -0.49299923138855795
123 520.4237495075995 788.5350392755024 0.47636568550533387 0.25185378433977706 0.17668819977989272 25 676.0 6208.0 -9.48237927062533 -0.27274315522062564
124 574.0609486161586 788.4301110089847 0.5992242566098616 0.33832080566090017 0.20597781320022077 25 558.0 3823.0 -8.95601074504757 -0.04221673115791083
125 792.3751666133916 791.3968056793501 0.5339029562202705 -0.3086422374969737 -0.07585669219905511 25 942.0 6444.0 -9.522888829367952 -0.6659867982502293
126 227.31132965838697 793.3064769290662 0.49091647155392454 -0.23525002905261586 0.10425514302580259 25 3482.0 62511.0 -11.989891116118317 -0.9822985104320675
127 753.7935871499466 793.3883371556574 0.5251206348063515 -0.33805563433430497 0.1916061784371644 25 518.0 2057.0 -8.28308572923681 -0.2142442857667978
128 661.1442459966046 796.1712127900037 0.47128944700337355 0.01875412991908394 0.11636905818607847 25 1102.0 10913.0 -10.094860388007747 -0.748121861022208
129 185.9112211170062 801.2788145851006 0.5028663238038213 0.09324098416807756 0.10073960326586277 25 1952.0 21772.0 -10.84474581411259 -1.144495346070023
130 697.1004395776387 811.2704150387586 0.40339341613973756 -0.2372892102147336 -0.20373245736458115 25 1152.0 19878.0 -10.74593171566401 -0.10311484780955676
131 596.4740424465512 812.5825257644783 0.5057632924723285 0.7594404311308711 0.4942255528999582 25 579.0 5646.0 -9.379352184527251 -0.0295627018703399
132 518.1165949847012 814.6856646399283 0.3831649861031309 0.4472223943389651 0.06624403985773772 25 823.0 7745.0 -9.722553555238061 -0.5729924078872877
133 206.2000953262048 825.5303409637793 0.6214877819348671 0.018326576690712162 0.3408019641604245 25 868.0 7200.0 -9.64333124107817 -0.3947864137301378
134 756.6244808112746 824.8773939263884 0.5970040045472944 0.2636606122925407 -0.027423676793675633 25 706.0 5550.0 -9.36073245780669 -0.23720957145901117
135 549.562327508638 827.1274171452083 0.522021886033931 0.022777567916995613 0.22616117311664705 25 565.0 3648.0 -8.905137074140946 -0.2112720452364083
136 55.28463663341638 828.538162861119 0.6253197959836702 0.4323362134417011 0.38241580094185096 25 976.0 7793.0 -9.729261690597957 -0.5476963431938889
137 79.0922035127693 828.8152438891055 0.4193859028130223 -0.03837501657298691 -0.6867658232909517 25 2622.0 53196.0 -11.814697443367399 -0.2729266631624067
