test_CNN/outputs/tables/00262_b22725m0s0_sources.ecsv
# %ECSV 1.0
# ---
# datatype:
# - {name: id, datatype: int64}
# - {name: x_centroid, datatype: float64}
# - {name: y_centroid, datatype: float64}
# - {name: sharpness, datatype: float64}
# - {name: roundness1, datatype: float64}
# - {name: roundness2, datatype: float64}
# - {name: n_pixels, datatype: int64}
# - {name: peak, datatype: float64}
# - {name: flux, datatype: float64}
# - {name: mag, datatype: float64}
# - {name: daofind_mag, datatype: float64}
# meta: !!omap
# - {date: '2026-06-11 11:14:47 Eastern Daylight Time'}
# - version: {Python: 3.11.15, astropy: 7.2.0, bottleneck: 1.6.0, gwcs: 1.0.3, matplotlib: 3.10.9, numpy: 2.4.6, photutils: 3.0.0, scipy: 1.17.1,
#     skimage: 0.26.0}
# schema: astropy-2.0
id x_centroid y_centroid sharpness roundness1 roundness2 n_pixels peak flux mag daofind_mag
1 240.78776708702117 3.0749263164139338 0.3793181469510212 0.28320164648029117 0.35891242230468184 25 1461.0 20874.0 -10.79901419782808 -0.9573806606780928
2 22.069135847867358 10.01974375356386 0.5107436406443912 -0.334088794745445 -0.7084661864626821 25 853.0 10165.0 -10.017768457435142 -0.4358039839965474
3 759.4832456722032 31.62940185783355 0.4606217313880741 -0.28977012264084656 -0.3724934244010364 25 541.0 5940.0 -9.434466112452984 -0.1281658110497085
4 231.86277356730662 70.04308870999442 0.4351524968142001 -0.057118446010869475 -0.8200105687560578 25 566.0 7476.0 -9.684173231766986 -0.01939538981629282
5 111.72052076044098 91.59402223643592 0.4212209330490538 0.2631646091175506 -0.06384709702879005 25 3264.0 70471.0 -12.120026085703596 -0.5232022432311385
6 128.26025201987923 93.72099182062225 0.36776397585196846 -0.17035240233643215 -0.8764757030840663 25 2843.0 61706.0 -11.975818487076666 -0.3781132704485443
7 140.98001892189467 132.88760881257977 0.4575401202613258 0.07285299680782245 -0.6327015933739212 25 774.0 8648.0 -9.842289202363135 -0.4621063042965753
8 41.486251942585575 139.26023566596328 0.44858855756321575 -0.027440453915980965 -0.9386095747898147 25 2183.0 46258.0 -11.66296712946628 -0.14858956714776844
9 264.31218111337876 166.57233199845462 0.5053427081589973 0.48355215621183517 -0.08980846796003929 25 575.0 5304.0 -9.31150878849179 -0.25937112103927984
10 715.6524788633461 172.42864896477946 0.515173639762382 -0.24412474686522437 -0.601626862362231 25 589.0 6296.0 -9.49766179837752 -0.16461330954715558
11 529.7689051516722 173.863178978784 0.3828735465662926 0.12348746477079633 -0.05012871434204845 25 1558.0 22781.0 -10.893931960129194 -0.9950676669941609
12 3.86574019831093 176.95294959908355 0.5414788361327945 -0.12450973895169262 -0.6129812747471668 25 468.0 4026.0 -9.01218442638159 -0.029845791842250984
13 147.78922451444532 233.57151220383878 0.3969289435739081 -0.028886547967868718 -0.6494730619034164 25 2539.0 54381.0 -11.838617973671589 -0.27184451441086044
14 157.14642977005298 235.13985206257527 0.3638278740613129 -0.054508353725193595 -0.9636331393450988 25 2664.0 57713.0 -11.903184125278774 -0.2734818565104263
15 465.02449536920363 236.91871483029362 0.3867421872789191 0.07456548527399556 -0.21093460252027718 25 801.0 10980.0 -10.101505850285182 -0.41201691146573927
16 682.073710265728 249.18891149681858 0.4021774594613176 -0.1424068890016688 -0.45500552621257423 25 647.0 6260.0 -9.491435833026074 -0.4703408065637058
17 370.19006596625553 273.39965264962484 0.6301818345221013 0.28039659088817437 -0.6731843443696693 25 632.0 6625.0 -9.552964706522113 -0.12092010083699678
18 680.3177938270691 275.7058469787948 0.5072312349730829 -0.178824213671129 -0.5101782320995359 25 916.0 9817.0 -9.97994697748646 -0.6101655448714572
19 221.96600301091974 278.0607151633826 0.5004148805442732 0.07801721816919106 -0.49513087105124015 25 536.0 5895.0 -9.42620952357777 -0.052701542427383674
20 526.309262758305 303.9601331148393 0.5367472633889507 -0.09076409826253722 -0.36845401747948536 25 749.0 8316.0 -9.79978620164858 -0.35061892294734337
21 19.772906825425746 306.6323208046892 0.49246312217077165 0.030227849985443176 -0.281913397033051 25 1105.0 13331.0 -10.312156821057641 -0.74564436632855
22 358.07042089356145 315.4455872701344 0.40717279986511634 0.7318233998311947 0.15579070383613142 25 426.0 4785.0 -9.199704855282157 -0.02148038428618876
23 617.2249954520385 318.73780397573876 0.6193272537088327 -0.09456119886255511 0.20646917209380566 25 484.0 3157.0 -8.748186454730543 -0.1392035590341699
24 302.2589606499595 327.38710310294334 0.5034435549465768 0.10214404685880243 0.1396532026354808 25 856.0 8665.0 -9.844421417624838 -0.6448665387568543
25 152.12468442724435 330.8496486256189 0.5536904431862751 0.7504346063448857 -0.08802847025900006 25 678.0 6309.0 -9.499901318514958 -0.3842549093086364
26 424.8314490988939 337.89144915355786 0.39201457811472334 0.13491502105571437 -0.01565219121023563 25 1328.0 12117.0 -10.208487769724126 -1.379135251683759
27 33.656590973632554 341.8545840210125 0.5524349166853437 -0.2078006568870518 0.20915357282110839 25 424.0 2506.0 -8.497452666645328 -0.08947658641222553
28 759.7271792936536 346.7821749618372 0.4111709673914534 -0.263957668132554 -0.15182027437273635 25 1284.0 11681.0 -10.168700059828705 -1.3084235816633958
29 779.3208211857238 348.6553062062345 0.5379828234178101 -0.6135110358303167 0.1499181883837852 25 523.0 4628.0 -9.163483375699279 -0.1616936029464602
30 710.6716225407462 349.2107480505122 0.3921461818273602 0.5700940466092161 -0.4543499523649202 25 2761.0 57982.0 -11.908232978995503 -0.5620930702830594
31 722.1852238153145 350.9167734407665 0.3746901126929708 -0.27779876006266085 -0.8966856757064888 25 2883.0 60529.0 -11.9549087474747 -0.5892424607912728
32 358.75702183570627 368.0059516333016 0.7076460215719005 -0.03878689595040419 0.005461182735857221 25 572.0 2531.0 -8.508230362895636 -0.34322665777734107
33 618.9823208168943 374.5277622058221 0.4446310623863079 0.1513566363373598 0.2046432299266797 25 1092.0 10309.0 -10.0330413490611 -1.056758848658318
34 416.17530759289764 392.31323982690935 0.44545644595153316 0.040168605013890364 -0.33649623881340784 25 2783.0 58247.0 -11.913183905060698 -0.4764659938179956
35 389.4909902882901 395.91215880737656 0.5211669022709113 0.30554363125935735 -0.1578815219398677 25 1381.0 12952.0 -10.280842089363293 -1.1853086854876644
36 422.2059706125828 395.4361325502642 0.44798606544770286 -0.013792014611655464 -0.8496945494210651 25 2717.0 56250.0 -11.8753063169585 -0.4782806386971539
37 438.7433088445755 396.86915564306895 0.5050244725182591 -0.4359076353675122 0.02739161824964135 25 723.0 4393.0 -9.1069030081633 -0.7494001966808026
38 822.0600270505611 397.4267355420315 0.4986532451512458 -0.10926297564972141 0.5102417615867878 25 498.0 4406.0 -9.110111232036871 -0.13390123825890837
39 30.31426961867555 400.8660730125173 0.3462494347025618 -0.5731923173610467 -0.15019110042657813 25 753.0 6961.0 -9.606679084401971 -0.8432684837712544
40 453.916451108022 404.0454810209957 0.5830913022860567 0.041534171208649585 0.22015505814461664 25 735.0 5930.0 -9.432636733410657 -0.5447538692851185
41 780.4128835264912 408.1574113433401 0.39045778124479724 0.2593710505620247 -0.47991315645703986 25 1124.0 19922.0 -10.748332339406305 -0.24590396038349863
42 473.83826220957206 412.9031219961207 0.5305583628963436 0.37749416525074736 0.04729685426814713 25 1049.0 15905.0 -10.503834183608456 -0.2741423839294243
43 590.924189988434 420.2734388564258 0.5329118594815996 0.08574879596337566 0.12192448001455351 25 470.0 3670.0 -8.911665160630223 -0.09002699063773928
44 657.9083932621068 437.0551055637242 0.5634059806104631 -0.14854307697837066 0.0869183497205039 25 497.0 4674.0 -9.17422177014052 -0.004240494311705526
45 638.6650791677065 443.1696937503073 0.39457896027159634 -0.049776882887510976 0.04598509071949949 25 974.0 8326.0 -9.801091016376896 -1.087710107345081
46 661.2303819865987 453.4915925885946 0.3950493447998683 0.15139842490033878 0.16073712293580367 25 456.0 3532.0 -8.870051737263827 -0.33403186023076076
47 460.7179597714328 467.66446363373285 0.357915355782219 -0.21093369941665976 -0.5529506995603111 25 3020.0 63283.0 -12.00321764795931 -0.6609514310531182
48 473.30821521109584 469.3589334558059 0.39052401066036935 0.21796466614970944 -0.7127453738953192 25 2711.0 57690.0 -11.902751347395355 -0.4485339239224251
49 146.13503842446528 475.1923577858588 0.3433746276640024 0.5540408054844608 0.5967863670277415 25 326.0 2731.0 -8.590804250349333 -0.05793350253236064
50 756.556811149451 475.53111925847423 0.4929023941599308 0.2630685074601714 0.18774202276079535 25 630.0 4485.0 -9.129406118450277 -0.49221933228919734
51 471.0075823837697 478.37214604940993 0.4238122731000668 -0.5945567048776619 -0.22549074771276212 25 489.0 4707.0 -9.181860495766497 -0.11171309553064564
52 230.78732732261437 486.69252809999693 0.3959158592653688 0.7727340415229953 -0.05454814166860246 25 477.0 4029.0 -9.012993168470944 -0.29802898836902236
53 33.64277895356704 489.17152322658166 0.5631096006055587 -0.8133524122703597 -0.13841486715137594 25 502.0 2528.0 -8.506942674025868 -0.32472477477512096
54 238.27387809266915 504.82927973106314 0.4893959060318723 0.08889373819621597 0.17218705837389947 25 821.0 6710.0 -9.56680630042248 -0.7743542741763214
55 806.6374874028605 514.5463901239913 0.35777591556903926 -0.9360231408996681 -0.28444097725890777 25 393.0 3685.0 -8.916093730487676 -0.08646377049006126
56 416.7738087738014 532.790543037081 0.4939826737815848 0.2290599523080048 -0.025059443819076998 25 1867.0 16921.0 -10.571065063667772 -1.5783021653444833
57 226.93157611798998 539.6913198068223 0.6549101494680885 0.7596068538866946 0.38348589476347494 25 836.0 5276.0 -9.30576196718582 -0.669166161701048
58 34.33460969330136 546.1635607824926 0.4704879190730905 0.9278270182323177 0.03514699647867432 25 451.0 3353.0 -8.81358388357205 -0.1933954435247956
59 50.046800529761235 554.4366562945801 0.44896273920907837 0.08789403058681675 -0.763944370281934 25 1427.0 26731.0 -11.06753801476998 -0.24314914581110492
60 128.04740065261234 564.5670293126415 0.5529232232707091 0.5104543438993574 0.2899190047438747 25 880.0 7045.0 -9.619702493613438 -0.7432377162119266
61 767.1774116934263 564.1242743869298 0.49103852860820035 -0.12118067250260675 -0.23223464009676809 25 534.0 3818.0 -8.954589810144121 -0.3768885094374136
62 347.20145029961844 594.5109626670036 0.5824711996726394 0.2666246960322062 0.36088916867291826 25 1031.0 7194.0 -9.64242608370623 -0.9614384315396131
63 82.12844519611517 622.6908401662325 0.36110481117858606 0.41037198430966176 -0.030780203820189523 25 363.0 3059.0 -8.713948692461697 -0.10659853800950064
64 768.5739854755254 622.6029373210671 0.568493012342018 0.4542641007282851 0.471272702248668 25 567.0 5479.0 -9.346753251086774 -0.12095566406531316
65 404.399211780901 630.7346278760766 0.5041395437746682 -0.23239496524641262 0.17396276549654954 25 349.0 1927.0 -8.212204286638633 -0.012650535652149571
66 84.18366689121665 632.6389706709421 0.6872743230927016 -0.4152982884901905 0.042599983467312114 25 434.0 833.0 -7.301612503516969 -0.19404353127368162
67 606.1181094236173 632.8737313897785 0.6416732026400451 -0.37585399894099697 0.603419363508787 25 562.0 5440.0 -9.33899724924545 -0.07930598614881332
68 484.2657038697874 639.4273209298377 0.6287479653512347 0.1653933045788851 0.09121210676927752 25 603.0 3328.0 -8.805458294046716 -0.3995074688140611
69 49.22962735608639 640.5865397709207 0.37850994101015206 0.1168708931032547 0.30867672500314 25 805.0 8725.0 -9.851913589078045 -0.6842173100312111
70 343.7665564009766 653.3987045731802 0.6375797024729565 0.6155019022927368 0.2616370412824702 25 652.0 2938.0 -8.670129478635594 -0.5727817135971451
71 359.2057350558193 682.4647707908492 0.5009171752195701 0.8802514123111707 0.19474886023896154 25 539.0 4016.0 -9.009484260342408 -0.3138676693618811
72 546.5405692857515 689.4994958064333 0.5126479267326725 0.2194214697869139 0.0761710823879244 25 626.0 4817.0 -9.206941615786086 -0.48101632380379894
73 751.6414712782951 698.8603680688111 0.7166329054104418 -0.09974342759999735 -0.0044174165352064134 25 866.0 3725.0 -8.927815692710778 -0.7698935449570248
74 20.67008860801601 701.4403200755991 0.5544099062043073 0.28981152479439143 -0.01331889034553844 25 619.0 3754.0 -8.936235670713318 -0.4973942889412055
75 408.1774434877296 703.9241801447622 0.6951665838032405 0.05546012612184673 -0.10038397728987024 25 1025.0 5431.0 -9.337199506981568 -0.8968812997148584
76 398.3147007221582 706.4390687024685 0.49463755754985306 0.26736153621119585 -0.0037778323700976917 25 534.0 3013.0 -8.697497829183392 -0.46683494669448455
77 531.4321865235763 721.0850132504822 0.47366073084674243 -0.7748214568155242 -0.3076797713559655 25 455.0 4246.0 -9.06994997457495 -0.01593901894079093
78 19.713573000733675 737.0283133618336 0.369646235390006 -0.07639839154036365 -0.7987433732321069 25 2552.0 53676.0 -11.824450360550705 -0.5026303539667875
79 192.38830747284288 744.4924869767668 0.5419040268882526 0.31363255784396776 -0.13098308041218118 25 951.0 7669.0 -9.711846844424079 -0.8538770422678731
80 263.3718258622158 747.6128854976018 0.3566445841631489 0.05715165703932056 -0.23957115994861947 25 1547.0 21743.0 -10.84329866464232 -1.0953625186473601
81 290.45921213228996 763.4872675777104 0.6455189559777811 -0.42279552066225534 0.1730318205878898 25 599.0 4309.0 -9.085941235220918 -0.25985435731476997
82 19.603990502556723 777.4407409682715 0.6721776284656821 0.2513750648494795 -0.08999999359777044 25 763.0 5510.0 -9.352878997129462 -0.5220114664799257
83 605.0406837661942 790.3059410091548 0.5460036893797453 0.0484087960196181 0.19420256561159116 25 945.0 7388.0 -9.67131721692051 -0.8455221558667215
84 833.3570637484333 795.726651716393 0.5545344901243555 0.21823187396776947 0.2782568545656168 25 523.0 2337.0 -8.421646780980566 -0.4477522119758659
85 782.397455048181 803.4896876145573 0.38894566559416566 0.16126919781322305 0.2757186299740178 25 456.0 3611.0 -8.894068721067066 -0.2522027745876084
86 473.73167401426804 806.3020361251997 0.5662405042199233 -0.0394172282027374 -0.01993631120032143 25 338.0 22.0 -3.3560567020555157 -0.16631370938855616
87 697.7897464454865 811.6467715444034 0.4652996702094757 0.21791230419972404 -0.3724705434140989 25 1520.0 28530.0 -11.138254429142691 -0.2693512102173313
88 788.1546781068496 814.4173243871039 0.6693575459444139 -0.10283482724511347 0.02468223732980211 25 612.0 4523.0 -9.138566469364797 -0.2704343668694215
89 115.30677315946016 820.1085746899681 0.5050151408747339 0.04663614160652051 -0.08115467574479206 25 613.0 5161.0 -9.281834647674879 -0.41374395112493867
90 336.9129896990057 827.0849599123916 0.4270332868299048 0.13512847649130225 -0.2525035771599193 25 472.0 4204.0 -9.059156768390512 -0.15118750119517102
91 77.67442403070186 828.6095309759804 0.45595400653952145 0.11478834073332292 -0.5466058648882736 25 2900.0 59822.0 -11.942152321238586 -0.5258082770391193
