test_CNN/outputs/tables/00267_a03639m0s0_sources.ecsv
# %ECSV 1.0
# ---
# datatype:
# - {name: id, datatype: int64}
# - {name: x_centroid, datatype: float64}
# - {name: y_centroid, datatype: float64}
# - {name: sharpness, datatype: float64}
# - {name: roundness1, datatype: float64}
# - {name: roundness2, datatype: float64}
# - {name: n_pixels, datatype: int64}
# - {name: peak, datatype: float64}
# - {name: flux, datatype: float64}
# - {name: mag, datatype: float64}
# - {name: daofind_mag, datatype: float64}
# meta: !!omap
# - {date: '2026-06-11 11:14:48 Eastern Daylight Time'}
# - version: {Python: 3.11.15, astropy: 7.2.0, bottleneck: 1.6.0, gwcs: 1.0.3, matplotlib: 3.10.9, numpy: 2.4.6, photutils: 3.0.0, scipy: 1.17.1,
#     skimage: 0.26.0}
# schema: astropy-2.0
id x_centroid y_centroid sharpness roundness1 roundness2 n_pixels peak flux mag daofind_mag
1 478.7542576830384 2.3285438255148754 0.6806289321801693 -0.958453003458998 -0.25494726194778145 25 1108.0 3761.0 -8.938258333555996 -0.254702801190435
2 419.1278587947902 12.581045626632239 0.4955681653013085 -0.41302801439020076 -0.08577963284273966 25 1358.0 8601.0 -9.836372369165368 -0.5237205819463088
3 218.45307898099483 55.15881082035229 0.3693739166602457 -0.24052724422689176 -0.2512822672409682 25 1676.0 28084.0 -11.121147410906593 -0.022609757510735115
4 704.7949792518275 103.56106669992337 0.6630281635720763 -0.20059049117163308 -0.4816139066394895 25 1194.0 5913.0 -9.429519697497765 -0.2956481238455848
5 832.7257696242764 107.98489812286599 0.31048508874166986 0.5736354758035601 0.801191840534207 25 2026.0 30602.0 -11.21437452703563 -0.4568581032893889
6 527.2007761480958 135.24976705805003 0.5612904676101496 0.27010506742447227 0.7379058001192929 25 806.0 2198.0 -8.35506922021868 -0.0764126151499947
7 644.2595259746736 135.77263227269665 0.4135539503317212 -0.11082200765968128 0.4408022895630744 25 735.0 2877.0 -8.647349654725815 -0.21081089178504586
8 484.9152127137969 178.1183093206337 0.5245671735168356 0.8800409408224973 0.6199046441544722 25 1700.0 13709.0 -10.342514441072748 -0.566808747189576
9 832.5507767230297 177.19721037148136 0.37929619400810677 0.6747790204257621 0.8103884196353218 25 2012.0 32081.0 -11.265619743147608 -0.15103382272715227
10 60.16148514094104 180.94399815595432 0.7508127687922096 0.09720040772085066 -0.6550541168298966 25 1233.0 4279.0 -9.078355716209831 -0.310831466209244
11 574.1981123802466 215.21556040590104 0.9907847671778507 -0.5238992786994052 0.09975072888017689 25 1347.0 2111.0 -8.31122058326914 -0.2344450402679957
12 296.58809052498106 229.67719214086458 0.6779001110981037 0.19229131927151294 0.3502688188549171 25 1258.0 4946.0 -9.235635280063196 -0.38621394032379686
13 621.7471623471539 258.1481249101624 0.6063800992085098 -0.3920080739737252 -0.005175322589398606 25 1518.0 7458.0 -9.68155594756322 -0.611199277747466
14 6.710511708093487 284.03952576990764 0.5723012344250558 0.19948534650505328 0.2457088263569124 25 792.0 2158.0 -8.335128600867229 -0.03211877702206872
15 413.4220751356127 329.5400494720645 0.4716276343966686 -0.8008644205214764 -0.45469279944576885 25 893.0 5233.0 -9.296876836849163 -0.1785972149825259
16 134.233660582159 338.4260184014505 0.5040673358431199 -0.09380081949663682 0.11944152061791843 25 1898.0 12264.0 -10.221580354615798 -0.8162667290078238
17 436.57605162913643 347.5671511071366 0.3379008297484744 -0.8880783532250713 -0.05493446685572811 25 997.0 8080.0 -9.768528401936464 -0.46929350478798637
18 263.58461679371766 351.130585986504 0.4359719784345481 -0.21608837770976036 -0.3784866627073371 25 1724.0 26753.0 -11.068431223873706 -0.05700090255739075
19 68.57347197368523 377.4182575962232 0.6323059095800754 -0.9608700557862266 -0.3078179800932467 25 1262.0 7481.0 -9.684899136858382 -0.2262590104824483
20 319.44549997698095 384.4249727780417 0.333649275928286 0.1727495306176859 0.24478146721958063 25 1845.0 24603.0 -10.977470166539753 -0.6056502655269785
21 556.1832888008083 384.73661980749176 0.47887028616951344 -0.5851581631776814 0.1507503154281718 25 1439.0 12520.0 -10.244010822186027 -0.5233920099794199
22 695.5995380778413 428.58375809840726 0.6664730583634334 0.7224845900951257 -0.1602154644182698 25 1839.0 8661.0 -9.843920096500957 -0.7032871640865777
23 417.17032375798516 441.8614595794794 0.7329545553869036 -0.41052243405698646 -0.35700076428652394 25 1752.0 6398.0 -9.51511058937022 -0.6474666031528332
24 421.7761609681907 448.95956508526564 0.8138172691812504 0.6385824426523442 -0.0601049734438658 25 2013.0 7106.0 -9.629063007883273 -0.6989758492847931
25 23.384156451848472 456.42483290246633 0.5937155908119426 0.16703146045399217 0.018630850155026364 25 1044.0 4853.0 -9.215025728288214 -0.23677927581607533
26 61.86465216635087 455.4928058753544 0.4137595115854649 -0.2736418188608656 -0.22714986787602903 25 2596.0 48832.0 -11.721761279846918 -0.0693386474935679
27 108.49271294315618 472.72387683057224 0.6705607089740704 0.33706641399429543 -0.019855072119862593 25 1408.0 14172.0 -10.378577859152848 -0.06266525517403106
28 72.93651011932604 480.86138567172054 0.8480712243904283 -0.7979379997199868 -0.2325282940500859 25 1453.0 4006.0 -9.006777362393894 -0.4000955251011994
29 763.0607469552693 511.09634765989017 0.32368385794366084 0.4067015323846095 -0.9273437074117327 25 3140.0 44169.0 -11.612793917016358 -1.03664604818958
30 766.9703827001252 548.8804022594489 0.723311458567625 -0.5036538417221185 -0.3138044485910633 25 1091.0 1579.0 -7.995955325020736 -0.23505271417691373
31 134.19758987406263 586.707578998453 0.5649914632674442 -0.532447882013481 0.3925822190532802 25 474.0 -4444.0 nan -0.21987423379075183
32 708.1988295080565 593.4080945716619 0.49557261781660045 -0.2834801245870868 0.08544674051324466 25 1488.0 11777.0 -10.177586687635378 -0.4922411545761049
33 604.3076178501171 606.0702668644851 0.8287338494607026 0.415178668815364 0.4013902372919541 25 1171.0 3964.0 -8.995334114533094 -0.12232178365833607
34 122.4761235591397 616.8888215152598 0.6527696074750787 -0.36910450794368843 -0.8160030956804164 25 1060.0 2068.0 -8.288876336054763 -0.32921746145378006
35 806.7998657972499 626.2392287841326 0.7104756706562357 -0.8794575159830383 0.23523211604066394 25 1022.0 4357.0 -9.097968899839385 -0.06861383044409095
36 383.7704693320841 645.0272807924413 0.34190493989098836 0.6022872154651346 0.08243424715163569 25 1233.0 9397.0 -9.932473067138371 -0.460618659435115
37 683.374370263014 645.0721201398538 0.7362498333725754 -0.3751723175590711 -0.20847204480107542 25 2421.0 8900.0 -9.873475016612282 -1.003556564999303
38 433.33297616710945 649.6579148537121 0.599045827162854 -0.42244738003912896 0.1489102562476137 25 2217.0 9293.0 -9.920389842874926 -1.0135357842500954
39 693.5610542270418 653.8724742140523 0.7548609562927754 -0.4829039256669186 -0.48427089178417865 25 1592.0 4228.0 -9.065337446588472 -0.5924054393561008
40 795.9151713097543 673.7187406254968 0.46129622911005597 -0.6390146545924577 0.36006209566712155 25 728.0 3755.0 -8.936524853350468 -0.08136590235497693
41 170.32878595496246 773.2372757431492 0.6194154513385666 0.2247292035636419 -0.1222782286162123 25 874.0 924.0 -7.414179928050267 -0.19018875131918989
42 292.2659256010472 802.747660538626 1.0436071056896532 -0.02834923273051839 -0.1241566866488318 25 1500.0 411.0 -6.534604554690173 -0.303228575423174
43 280.0418238523129 832.0671919965584 0.7117497278262134 0.17558267157720248 -0.4230684433750174 25 1738.0 4672.0 -9.173757085260858 -0.7271211785217679
