test_CNN/outputs/tables/00288_b23873m0s0_sources.ecsv
# %ECSV 1.0
# ---
# datatype:
# - {name: id, datatype: int64}
# - {name: x_centroid, datatype: float64}
# - {name: y_centroid, datatype: float64}
# - {name: sharpness, datatype: float64}
# - {name: roundness1, datatype: float64}
# - {name: roundness2, datatype: float64}
# - {name: n_pixels, datatype: int64}
# - {name: peak, datatype: float64}
# - {name: flux, datatype: float64}
# - {name: mag, datatype: float64}
# - {name: daofind_mag, datatype: float64}
# meta: !!omap
# - {date: '2026-06-09 15:18:29 Eastern Daylight Time'}
# - version: {Python: 3.11.15, astropy: 7.2.0, bottleneck: 1.6.0, gwcs: 1.0.3, matplotlib: 3.10.9, numpy: 2.4.6, photutils: 3.0.0, scipy: 1.17.1,
#     skimage: 0.26.0}
# schema: astropy-2.0
id x_centroid y_centroid sharpness roundness1 roundness2 n_pixels peak flux mag daofind_mag
1 263.40882241627935 7.932375357400463 0.3586203109134658 0.4505944764130152 0.9989018350656852 25 3188.0 55176.0 -11.854375532452213 -0.4987389562117395
2 372.9384648931105 16.07604611447706 0.5374207640890335 -0.23410634973405964 0.38412046704521363 25 1303.0 12809.0 -10.268788064128662 -0.020280959850892614
3 714.6765224331557 46.36328272169645 0.4335256212616671 0.7785171684072125 0.17176508949084948 25 1939.0 24605.0 -10.977558423425249 -0.3849461321547581
4 197.82315734044158 84.0252955711966 0.44504644413563826 0.9397036018828008 0.06333883754449016 25 1257.0 12321.0 -10.226614893933288 -0.14216091671081102
5 94.88776193046502 109.74515978966932 0.3983825435526511 -0.47176507596763995 -0.05605358713239868 25 1564.0 18321.0 -10.657372936788821 -0.2720928744575715
6 458.67107018173925 210.54197294027597 0.47320273057748063 0.9512494323803424 0.24603668135261272 25 1400.0 14996.0 -10.439938579373782 -0.14449290792866712
7 621.6753784318842 644.9348079154289 0.45605794317643555 -0.46251420244754016 -0.5513437628060546 25 2226.0 28336.0 -11.130846359615 -0.45753834066483984
8 522.3345332517633 661.0719262734365 0.5216329554427607 -0.019431783606519457 -0.6396279540948873 25 1534.0 18586.0 -10.672964832034879 -0.022742531913778553
9 649.0189508785263 702.1332692939505 0.554961698402522 0.009939083048474604 -0.30522512238526506 25 2310.0 25874.0 -11.03215893453207 -0.49644683724130856
10 533.8265478441699 703.2679332330015 0.4397938545513262 -0.5311100686012067 -0.08873376741446627 25 1624.0 20837.0 -10.79708797931916 -0.18007705079192038
11 522.6709934062378 704.016706509812 0.44064594321374845 0.21102888673687228 -0.17706941053647127 25 1675.0 20438.0 -10.77609598703962 -0.24787225297328697
12 342.48679292596717 740.9327048120897 0.4336861459853344 -0.4883622646646794 0.5133178746385352 25 3065.0 56889.0 -11.88757074941772 -0.13347665358765942
13 491.4567735437176 748.3955562267415 0.5270765850887634 -0.03735691081729235 -0.6883755192841172 25 2133.0 33220.0 -11.303499070288439 -0.029367518883436146
14 661.6080703684814 756.6509052201046 0.36672437359933185 -0.7998118881793336 -0.13600834654413296 25 1394.0 16571.0 -10.548371793283946 -0.20540981329466074
15 495.98917335631825 756.2746294488549 0.4537905471680827 0.16650309673198427 0.28052688618938093 25 2668.0 43223.0 -11.589287267209665 -0.2584460334946371
16 446.40133587292183 774.5639428633722 0.4265062270502126 -0.772700983218089 -0.42214404590184373 25 1304.0 15203.0 -10.454823238758081 -0.04472213406746339
17 284.9807585817764 788.1266770756795 0.3726562015771888 -0.2252990442079849 -0.4906208016902524 25 2009.0 30052.0 -11.194683450419301 -0.2356011492320264
18 195.81852327652626 796.128520976479 0.4003467573383966 -0.3674601352776326 -0.1717696171757479 25 1973.0 26922.0 -11.075268299791794 -0.2975581368457006
19 305.9712757787753 799.3127820884141 0.45490808380445336 -0.5330605966607133 -0.030264202156170532 25 1964.0 25190.0 -11.003070418745281 -0.33031874227350183
20 266.6424366850742 817.4017208566349 0.4739901200506423 0.5324013456087197 -0.17714743393498872 25 2293.0 36914.0 -11.417977769708456 -0.13308209865129833
21 587.1029060252447 829.0582722669023 0.425089990162958 -0.7739547597880071 -0.7789217735945141 25 1950.0 26092.0 -11.041268424626125 -0.2847038926926627
22 573.0275917043397 831.7500774798382 0.44020464552092164 -0.7811594316570477 -0.7893972927685835 25 1431.0 13389.0 -10.31687035390048 -0.24823042941020818
