test_CNN/outputs/tables/00283_b23462m0s0_sources.ecsv
# %ECSV 1.0
# ---
# datatype:
# - {name: id, datatype: int64}
# - {name: x_centroid, datatype: float64}
# - {name: y_centroid, datatype: float64}
# - {name: sharpness, datatype: float64}
# - {name: roundness1, datatype: float64}
# - {name: roundness2, datatype: float64}
# - {name: n_pixels, datatype: int64}
# - {name: peak, datatype: float64}
# - {name: flux, datatype: float64}
# - {name: mag, datatype: float64}
# - {name: daofind_mag, datatype: float64}
# - {name: aperture_flux, datatype: float64}
# - {name: inst_mag, datatype: float64}
# meta: !!omap
# - {date: '2026-06-11 12:14:21 Eastern Daylight Time'}
# - version: {Python: 3.11.15, astropy: 7.2.0, bottleneck: 1.6.0, gwcs: 1.0.3, matplotlib: 3.10.9, numpy: 2.4.6, photutils: 3.0.0, scipy: 1.17.1,
#     skimage: 0.26.0}
# schema: astropy-2.0
id x_centroid y_centroid sharpness roundness1 roundness2 n_pixels peak flux mag daofind_mag aperture_flux inst_mag
1 552.0149285416436 7.327233266841161 0.4374885444936952 0.12829505825306411 -0.08139261489362323 25 451.0 4712.0 -9.183013204447613 -0.2587096022899332 5407.032628347194 -9.332397475755403
2 669.6777165317208 19.972370117193286 0.4905182568031512 -0.09607593906021049 0.729630633536131 25 578.0 8093.0 -9.770273850981381 -0.01819318452713077 12857.44564132365 -10.272886742219727
3 380.2348832752238 28.00009373663856 0.44346920722262395 0.722697097316986 0.8594979753746224 25 515.0 6183.0 -9.47799811624719 -0.13761819600556544 8615.586706562583 -9.838212143736552
4 162.90360354734108 55.781171605031766 0.41254620799154573 0.3203468302555197 0.5849438163927445 25 532.0 7300.0 -9.65830715030114 -0.07212527147054386 11704.997697173412 -10.170928331475249
5 376.4140887218547 67.80818904558437 0.5242091558969134 0.15861944940831507 0.20216500102478868 25 404.0 3164.0 -8.750591187064098 -0.07511332787505563 2822.17217738899 -8.626458765049112
6 607.2059951858483 87.47940778374429 0.7325213644165622 0.38102465055180695 0.5010715680635518 25 449.0 1641.0 -8.037771452632732 -0.24122994149213747 923.5871642464223 -7.41369472146255
7 118.13415468856947 101.54161829478824 0.45506181832848314 -0.7395003600672351 -0.5139589920033923 25 2524.0 56296.0 -11.876193845048348 -0.09822684319820905 202323.02879010656 -13.265113294510606
8 682.4314739266307 104.07454874469634 0.463094619672492 -0.478192989802465 -0.17233990049048378 25 505.0 5536.0 -9.357990203621753 -0.21517870201069028 9195.6494689847 -9.908956019861101
9 119.98371911926836 119.64446372022309 0.654126031876561 0.15591826063668954 0.0890899610304822 25 437.0 3291.0 -8.793319705735934 -0.06390574877088413 3568.371564169018 -8.881175174704847
10 767.8859036361296 127.44971749023404 0.4916002280766548 0.3022551476477362 0.41424106671310695 25 1589.0 21927.0 -10.852448041509088 -1.1143921571974014 36529.20381439706 -11.406600516227698
11 531.1122737714478 135.82686632187705 0.5132629619083111 0.15197526072629466 0.6780940757917077 25 532.0 5493.0 -9.349523997553398 -0.21751858088441023 5896.632670818215 -9.426510185899707
12 755.1627758500609 135.98768538145788 0.4986765915317132 -0.2526145509126546 0.6088953656198665 25 791.0 9809.0 -9.979061836335013 -0.4858609387183907 15791.322731231257 -10.496046273534832
13 192.5280584319078 141.91798562934062 0.42596595901170614 -0.38640355937127685 0.20059487532497666 25 503.0 5952.0 -9.436657306344555 -0.17282030102391457 7558.61648522617 -9.69610577585023
14 453.81423132417416 165.05391575079767 0.5085062286641867 -0.3845762574334815 -0.0584040448802282 25 622.0 6238.0 -9.487613426052812 -0.44378160939382083 7217.856341903534 -9.646020584950364
15 740.1955628630727 182.089160923437 0.4668352856776247 -0.1653675594109776 0.19817327527354017 25 487.0 5417.0 -9.334397088968007 -0.17531714178477045 8651.275758037167 -9.842700388263774
16 653.9888347031232 207.1914786351209 0.37513381599675893 -0.21247425416832452 0.10468285580485973 25 528.0 6905.0 -9.597909207286627 -0.2160181809864137 16050.753902570492 -10.5137385899888
17 750.0226437133932 218.88096273507404 0.5945155346393198 -0.566787726392778 0.4354633468389115 25 587.0 6398.0 -9.51511058937022 -0.19734389864169744 11578.268363181704 -10.159109028757188
18 350.31383285078005 223.1323774046244 0.5823274013379477 -0.38259443737687626 0.034892132402545906 25 471.0 3625.0 -8.89827002726753 -0.24256054091530155 2955.1801604775587 -8.676459906204105
19 600.0872887518576 227.92450660592374 0.4940752922779709 -0.1813113992758231 -0.2845430043829261 25 457.0 4243.0 -9.06918257941654 -0.21091505622216675 7175.405913556838 -9.639616185477273
20 814.1367592730892 255.68746661207024 0.6668831546628198 0.6071648929236876 -0.2411957197038742 25 589.0 6262.0 -9.491782658202242 -0.16815244423909698 13763.959757184059 -10.346858485421045
21 457.09163233791077 265.4112331865123 0.504245925156639 0.1023323257752563 -0.0450273638662443 25 575.0 7267.0 -9.65338790048315 -0.10066639438272322 11005.02860486145 -10.103977939330946
22 487.5850915465763 321.16209343069596 0.42503437977951697 -0.4655845380678037 0.18599710249584175 25 568.0 6932.0 -9.602146385104698 -0.3007002977682922 8781.859941821018 -9.858966266110366
23 498.81510362657025 336.572223741335 0.3869061131759738 -0.6893200138925156 0.06731503172486401 25 601.0 8685.0 -9.846924556957793 -0.17309641853501734 13947.058242282992 -10.361206536251515
24 419.68376083107916 339.65545425833335 0.5916684784767439 0.28628953069916335 0.10632966889623378 25 505.0 4110.0 -9.034604554690173 -0.21480173226427196 3860.5184267106492 -8.966614074335741
25 222.87050389378902 350.200026180196 0.4141321251591887 -0.7895420749975531 -0.12464841657174024 25 567.0 6751.0 -9.57342026997205 -0.38218870077968026 8395.80319557378 -9.810155624538273
26 12.25977920817193 351.30463855314986 0.3700736448200516 -0.6778472490419764 0.12557546112248227 25 473.0 5694.0 -9.388543657027341 -0.1539648046609818 4146.543550818014 -9.044215577756974
27 187.67906486807328 357.39655061832883 0.37156096874710826 0.6249402785821475 0.2691780401547124 25 1107.0 14247.0 -10.384308560754203 -1.016439563071089 19315.38867992032 -10.714758629486623
28 711.3601047973642 357.8058118325681 0.45420728890904905 0.3226764540289533 0.16827895525531159 25 1927.0 38525.0 -11.464356618476142 -0.5002157636727633 104142.01155782863 -12.544064905118626
29 708.0969701659814 366.81628851175776 0.6403516204705719 0.056456407793145244 0.511224537270546 25 1050.0 14781.0 -10.424259542486428 -0.5134713705908245 49757.279653332356 -11.742141571095882
30 56.22622517365548 371.22354863251996 0.4123425120538173 -0.7559452193929707 0.10449903179429042 25 549.0 6611.0 -9.55066789290241 -0.3118099272383322 8416.105789023202 -9.81277796462999
31 709.0201298858402 380.92597971005233 0.47477851773381474 -0.3223874592907791 -0.38005430424941905 25 762.0 8728.0 -9.852286843950713 -0.639643790218952 17004.68663084922 -10.57642158247618
32 759.8222029387679 391.7579556081177 0.5200946523409172 0.6353160787562679 0.20951672508525238 25 653.0 7614.0 -9.70403218119587 -0.3375417755372279 11319.935536929153 -10.134609884260563
33 737.2990455502544 403.193579497037 0.4262811981484158 -0.5425061523282688 0.23693698143261283 25 2000.0 36892.0 -11.417330499914344 -0.9061426268674228 97669.85644828889 -12.474401373521328
34 182.6239467984906 409.3226254873215 0.41672780181309244 -0.4399659760819289 0.24939065310629482 25 525.0 6741.0 -9.571810817846979 -0.14305899008222556 8893.110531519862 -9.872634225372213
35 779.8499978544073 426.57419181452985 0.5144574067701322 -0.02599680319831116 -0.14248034844321783 25 833.0 10703.0 -10.073763813566444 -0.5218404240881493 23820.730799172077 -10.942387702814342
36 536.0070239479195 432.5911073738786 0.6884144590657437 -0.004959127667580682 0.1481797935331482 25 364.0 1433.0 -7.890615475993361 -0.051688500495827565 1545.7757732389798 -7.972866240922843
37 786.8747176567175 432.5183258692937 0.3459173555029296 -0.9795553568806078 -0.19565452074929487 25 709.0 10668.0 -10.070207517544596 -0.41392622891570396 21707.776541565458 -10.841538355828511
38 825.1994510569016 460.66456593516574 0.4974023848865707 0.4363834040798038 0.2874995736603085 25 678.0 9532.0 -9.947960084186047 -0.20362823868877927 17657.876817080432 -10.617346207042202
39 468.70212723059603 465.5939199429364 0.5848171270112794 -0.41825958543810443 -0.1598369040171844 25 1803.0 37990.0 -11.4491732338868 -0.00627606192442489 104076.26907204713 -12.543379288090575
40 816.9669607144797 473.41167043772975 0.39493451648470773 0.41131073138307406 0.3990047965242327 25 907.0 12490.0 -10.24140609593534 -0.678413738093772 23029.46973007688 -10.905709845349914
41 706.8436560155687 477.37256137343485 0.4748196341552575 0.03409142520943145 0.14119503050152563 25 971.0 13944.0 -10.360968435254843 -0.5893185947806753 27950.047736211778 -11.115956384899189
42 829.834440605096 478.278468194837 0.4764001086320519 0.018546132439681767 -0.45031451564881947 25 765.0 10047.0 -10.005091005648822 -0.43248368395285447 14207.553987882418 -10.381298287534463
43 500.0268615667147 488.4594057937026 0.3663075067842472 0.18449696039065136 0.02383807148852738 25 500.0 5644.0 -9.378967512705776 -0.2850705534336002 6528.661373342583 -9.537060358330502
44 466.50493576018704 506.16606558771724 0.40407143569770954 0.04033707925448884 -0.12544402465256332 25 376.0 4218.0 -9.06276643850867 -0.013661259032824846 6190.035948654819 -9.479232927985304
45 446.760415683511 521.7914801287207 0.4694246014194461 -0.36308291519103686 0.36171259946945705 25 342.0 1965.0 -8.233406386778613 -0.14481380532626645 250.4476890360862 -5.996792571661896
46 237.36063661739743 530.9548554554469 0.57731656608748 -0.3214755516897636 -0.11282784344380097 25 696.0 5920.0 -9.4308042668073 -0.611333836213638 8428.097828501903 -9.81432392001338
47 730.9039023191167 538.778792108683 0.40435855287272504 -0.6978602698276705 0.29786244720806726 25 687.0 8076.0 -9.767990775679005 -0.5453640376153993 9963.715379188596 -9.996053282755987
48 696.6333186876292 541.6770781294048 0.6209115062042155 -0.6728010031104013 0.04686750267458031 25 763.0 7971.0 -9.753782022824849 -0.43411391509198255 12701.864586166703 -10.259668696099347
49 590.9439657912591 544.0544024539777 0.48957348674891726 0.2108360302731996 0.1819698412792346 25 589.0 6703.0 -9.565673048484316 -0.26958028056553046 9862.923293908381 -9.98501413883614
50 769.2841710186443 561.7258525424869 0.5619822917006729 0.48968638834364925 0.47020022709436166 25 413.0 3165.0 -8.750934285883435 -0.11070411524331675 4582.625646673984 -9.152785953266816
51 731.6754267056328 564.128536267943 0.5389121694003095 0.11467490871057241 0.6104204459628229 25 483.0 5275.0 -9.305556159924325 -0.0176997147479668 6535.373775348533 -9.538176077698543
52 770.8792879166491 585.0953284352476 0.374678849562167 -0.42307232314094906 0.5065866349913332 25 1450.0 25641.0 -11.022337396697004 -0.8674914515752148 52655.65246360953 -11.80361249635313
53 14.78306588798538 605.134536656648 0.36064785990743964 0.3001581999961698 0.4733842993310214 25 642.0 8682.0 -9.846549453756703 -0.3573437631050107 12140.5605090999 -10.210596844605464
54 267.8002037977196 611.6593146823785 0.4485918726580043 0.39993531961363943 0.013742305455306211 25 818.0 10186.0 -10.020009179600397 -0.5962070809831728 12799.827916227156 -10.268010327335425
55 483.4815880574855 624.1891732307527 0.3917711456125954 -0.03589179692500485 -0.29057140021692374 25 414.0 4128.0 -9.039349221547887 -0.18893804706131637 5956.209745953669 -9.437424957214443
56 181.06769748984107 630.5184160231166 0.5747109457984575 0.17823859981510842 -0.09160452072822749 25 576.0 5506.0 -9.35209051764328 -0.2714244480286385 6444.472479126317 -9.522968433478445
57 615.0496722091367 636.2682197134963 0.3771036573850828 0.06141760276844117 -0.49883048012953013 25 1181.0 17138.0 -10.584900346236928 -0.9135828743737582 25854.283494625444 -11.031331266443862
58 328.09378933430014 643.1248954285224 0.5515232112018411 -0.7597691114067029 -0.3329336412299977 25 403.0 3526.0 -8.868205769908258 -0.0350685664783578 4477.444013703915 -9.127575410260537
59 555.1119207463432 646.7073072382206 0.6317209917680134 -0.5801053511535649 -0.0807890445530558 25 827.0 6881.0 -9.59412889461598 -0.7266962662385273 8440.509802637604 -9.815921696477016
60 627.8958052226541 652.812071624632 0.38216146487197444 0.7494076957857656 0.07530969633480676 25 684.0 8380.0 -9.808110046575692 -0.512869815610993 11617.544509733689 -10.16278586261359
61 30.38448538822212 680.0314278044431 0.5911934271922611 -0.6136333846531393 -0.21547085648742836 25 497.0 5024.0 -9.25262407682285 -0.058352954310595284 7214.64354444578 -9.645537196680344
62 819.9904046580077 680.6284131241215 0.45958584905682276 -0.25778873120088014 0.4271367794918936 25 450.0 3944.0 -8.989842265672934 -0.26427233857934335 5075.085666326522 -9.263608443605436
63 820.3005726463427 688.2670007998698 0.38092147037487073 0.36441332730491904 -0.5084003601751971 25 814.0 11062.0 -10.109584135332867 -0.6229031946928931 14848.615261874536 -10.429214886293423
64 691.0172351036657 689.6791754152758 0.5143331919740701 -0.11345850076404529 0.24459331615806212 25 725.0 9073.0 -9.894377277193199 -0.42456671674509283 16182.193185697019 -10.522593453866982
65 190.7422696178975 709.9575462048153 0.5642209372931899 0.08370975280022991 0.450887603690817 25 699.0 7021.0 -9.615997432586687 -0.4949384530065528 12869.546644775635 -10.273908120730244
66 833.5843590532461 745.7453107056542 0.29507750486337475 0.8272616558252699 0.8174305826873834 25 1410.0 16902.0 -10.569845243423543 -1.5129994157072904 24270.168707551184 -10.962681988059327
67 6.93552596195094 760.1082578193262 0.40693664752095815 0.05204541948435845 -0.29707680901784 25 742.0 11835.0 -10.182920655662755 -0.17732639210761927 19827.48187041914 -10.743168903614107
68 50.34328255940856 768.1839819852682 0.5401125490347226 -0.6427092781458158 -0.04133579611924031 25 523.0 5697.0 -9.3891155486417 -0.13688909962085385 6894.219704202783 -9.596212798347992
69 662.7740320957591 777.972120413671 0.5483736827375675 -0.9233603257145533 0.22805741563473103 25 714.0 9822.0 -9.980499824488962 -0.2474715223053251 18245.105721157142 -10.652865960561911
70 800.1761398460604 786.3798137166776 0.5794271271792525 -0.3029179661146484 0.2838258351200608 25 399.0 2253.0 -8.381902979309576 -0.1444346423689126 2099.300736357905 -8.305186645271071
71 560.445528411363 790.3387334779916 0.5139055487972052 0.3421104669443052 -0.44042877762047394 25 740.0 9102.0 -9.897842077925937 -0.41952400450729443 13777.956077185072 -10.347961989821975
72 505.16027217515625 793.0324187662756 0.5115240816218527 -0.20654511211770457 0.22974113118464265 25 1335.0 17469.0 -10.60567011206922 -1.0012429819737552 32778.89620374273 -11.288985812630528
73 479.84383712780635 798.8186643146406 0.5260193374812884 -0.6654347746475245 0.08099708911140564 25 474.0 4838.0 -9.211664660064653 -0.10383270188392253 5325.41300351415 -9.315883236000808
74 619.822137084151 827.5434554447043 0.519540059685537 -0.09124999676480476 0.23698228994222567 25 741.0 9759.0 -9.973513295003789 -0.34370431679337565 20233.13438826942 -10.765157915291594
75 76.9645442361434 832.5832260155274 0.26386229931695404 -0.6976986949204455 -0.7985827016542338 25 614.0 10400.0 -10.042583348246952 -0.10359385592385123 23828.948630264338 -10.942762202577478
