test_CNN/outputs/tables/00291_b24830m0s0_sources.ecsv
# %ECSV 1.0
# ---
# datatype:
# - {name: id, datatype: int64}
# - {name: x_centroid, datatype: float64}
# - {name: y_centroid, datatype: float64}
# - {name: sharpness, datatype: float64}
# - {name: roundness1, datatype: float64}
# - {name: roundness2, datatype: float64}
# - {name: n_pixels, datatype: int64}
# - {name: peak, datatype: float64}
# - {name: flux, datatype: float64}
# - {name: mag, datatype: float64}
# - {name: daofind_mag, datatype: float64}
# - {name: aperture_flux, datatype: float64}
# - {name: inst_mag, datatype: float64}
# meta: !!omap
# - {date: '2026-06-11 12:14:22 Eastern Daylight Time'}
# - version: {Python: 3.11.15, astropy: 7.2.0, bottleneck: 1.6.0, gwcs: 1.0.3, matplotlib: 3.10.9, numpy: 2.4.6, photutils: 3.0.0, scipy: 1.17.1,
#     skimage: 0.26.0}
# schema: astropy-2.0
id x_centroid y_centroid sharpness roundness1 roundness2 n_pixels peak flux mag daofind_mag aperture_flux inst_mag
1 798.6438129987698 312.2108486139752 0.577564093562703 -0.4321212024407982 -0.4786729007818711 25 898.0 10989.0 -10.102395433460519 -0.28344892314917336 16518.59940017747 -10.54493305259392
2 817.6407176859974 391.03090118992753 0.37828893606303593 0.7526113031814795 0.0910018886892861 25 725.0 10628.0 -10.0661288643456 -0.05014799820996439 13832.335471751285 -10.352238783039533
3 226.06246666027195 399.9510568141101 0.40377008003026665 -0.5553445101674412 -0.24493846658704066 25 826.0 11300.0 -10.13269610870855 -0.28604411223111004 16772.275296861022 -10.561479955537747
4 538.6853706854159 403.1895909192351 0.4245579146276324 0.10722017123101993 0.16751539142729494 25 781.0 10998.0 -10.103284288364652 -0.13240076460840988 17305.51714225577 -10.595461454708456
5 6.386683294152849 595.023947565813 0.4636974321979633 -0.6542343414382504 -0.14973058356800573 25 478.0 4038.0 -9.015415786519052 -0.08443798705625502 4574.699679332499 -9.150906471749462
6 643.9846906965147 619.9136756920132 0.42912847986469116 -0.24542485097179903 0.6845922294401082 25 563.0 6391.0 -9.51392204387139 -0.03132232414214036 8744.098904646933 -9.854287653203691
7 663.1429412743511 640.970750818309 0.4683086716356191 0.0906339740190921 -0.17534136795603197 25 859.0 7298.0 -9.658009647571573 -0.709763387142145 8235.4311005524 -9.789215845343254
8 541.6050368124088 655.5639073628508 0.33795179188731905 0.38566415854767705 0.6556684992708331 25 627.0 7838.0 -9.73551314785521 -0.23234235648837948 8644.443335300213 -9.841842579568157
9 217.4307161296533 658.3065473377551 0.5575219970638967 -0.27050762056127053 0.06702070013941971 25 676.0 5400.0 -9.33098439955742 -0.32787966885319497 4171.123527372978 -9.050632629051202
10 490.49593452431475 658.8255224422251 0.41362502750131575 -0.08168787167736315 0.4341960843801345 25 1973.0 40278.0 -11.51266974392141 -0.1781406479222329 95552.27340350125 -12.450602560891245
11 630.053738137132 688.3476229907716 0.46490342412084235 0.11874927744677358 0.042877653799692876 25 825.0 9671.0 -9.963678458223969 -0.3690296201275955 13103.814071756373 -10.293494305786146
12 676.688028389313 737.2877846062471 0.6738463684542366 -0.6123734004189519 -0.23524227836788483 25 931.0 7094.0 -9.62722796033981 -0.5617940836455256 9968.236638978804 -9.996545848213206
13 668.4601909568205 746.411145248359 0.49477613147028604 -0.05563871980898604 0.0677359696174572 25 2492.0 29029.0 -11.157080188445686 -1.5008304639777754 48293.89495926595 -11.709730582930431
14 503.4043662547385 782.3326926927051 0.35116299663374656 -0.11015673640498759 -0.0357612225651775 25 410.0 3174.0 -8.754017306047073 -0.060801818227855 1499.1782770148097 -7.939633201733876
15 488.83570865207184 818.9396824400321 0.7035353692114765 0.16682511271359016 0.008404736195284727 25 912.0 5821.0 -9.412493998212202 -0.5643560114544504 5405.200668881892 -9.332029554590278
16 653.5499603080491 829.8694986222979 0.5166276639021173 -0.20175995455145712 -0.172546034222219 25 661.0 5109.0 -9.270839756705659 -0.39247820214477563 5340.327163941261 -9.318919659959965
