test_CNN/outputs/tables/00301_am00425m0s0_sources.ecsv
# %ECSV 1.0
# ---
# datatype:
# - {name: id, datatype: int64}
# - {name: x_centroid, datatype: float64}
# - {name: y_centroid, datatype: float64}
# - {name: sharpness, datatype: float64}
# - {name: roundness1, datatype: float64}
# - {name: roundness2, datatype: float64}
# - {name: n_pixels, datatype: int64}
# - {name: peak, datatype: float64}
# - {name: flux, datatype: float64}
# - {name: mag, datatype: float64}
# - {name: daofind_mag, datatype: float64}
# meta: !!omap
# - {date: '2026-06-09 15:18:30 Eastern Daylight Time'}
# - version: {Python: 3.11.15, astropy: 7.2.0, bottleneck: 1.6.0, gwcs: 1.0.3, matplotlib: 3.10.9, numpy: 2.4.6, photutils: 3.0.0, scipy: 1.17.1,
#     skimage: 0.26.0}
# schema: astropy-2.0
id x_centroid y_centroid sharpness roundness1 roundness2 n_pixels peak flux mag daofind_mag
1 4.16473086203213 108.58969956373578 0.6335021951798362 0.12796239708091342 0.7479031485304873 25 368.0 -32624.0 nan -1.175374372371197
2 7.332042742672149 120.58724129019873 0.6302023010134012 0.013508411561939453 0.7193414137177295 25 357.0 -31623.0 nan -1.1582483992305266
3 9.199071147111601 129.57154945041924 0.6300143341892516 0.016446564731399452 0.7595896877090638 25 339.0 -32656.0 nan -1.1682352368578255
4 12.093633924339462 141.5436320106424 0.6366968726690831 0.005440363872231245 0.7675610927833652 25 502.0 -31287.0 nan -1.2177948384856274
5 16.159377001174008 158.4923265857628 0.6400292585348502 0.035952780359091045 0.756980581880131 25 434.0 -31716.0 nan -1.1820761186207054
6 19.212029707271338 170.57714935801656 0.6354713655951694 0.002452356942596238 0.7148871863257106 25 385.0 -32283.0 nan -1.1753775484497015
7 21.148581422641374 178.55470004658017 0.6351113410871941 0.0005773632370799553 0.7557076184687848 25 328.0 -33238.0 nan -1.1610502292645042
8 23.24962653456483 187.61265171979275 0.629284281177245 0.0776634542024103 0.7131310822185891 25 274.0 -33495.0 nan -1.1488417652430558
9 27.14312423062847 203.53358143510118 0.6355556438052925 0.0002655121150479663 0.7776624767880115 25 270.0 -33960.0 nan -1.1430251989640396
10 32.19319482279072 224.56631262265316 0.6340466500050265 0.009191836962460188 0.7493869535999002 25 327.0 -32958.0 nan -1.1591038594117786
11 37.168391231032494 245.51258009488686 0.6385695215439444 0.045146054704398635 0.756722010568712 25 407.0 -32026.0 nan -1.1766412468708667
12 40.20351954200355 257.57286315297443 0.6353248739642485 0.0031320698440190134 0.727736981394165 25 339.0 -32891.0 nan -1.1620154211007487
13 43.17480678370903 269.58472067519455 0.6311404575295286 0.01692077848904879 0.7551122041678395 25 335.0 -32949.0 nan -1.169074415496135
14 50.179954828494296 298.5082610954091 0.6359977886006822 -0.010357956221988533 0.7676602152792867 25 359.0 -32467.0 nan -1.1627140183568798
15 52.18559574504656 307.54640908150486 0.6349457392193414 0.061280400130989836 0.7615273380430913 25 380.0 -32188.0 nan -1.1718720610189066
16 58.17133534979958 331.53077438992443 0.6361074999480003 -0.0020093501638062967 0.7684488740659773 25 329.0 -32969.0 nan -1.155987014333242
17 60.10156004136306 340.56300332527474 0.6363547125788239 0.004292663848430159 0.7564213819289115 25 370.0 -33161.0 nan -1.1831334172255907
18 62.1463951135069 348.6368642321762 0.6284509597605432 0.031157201496239857 0.7220059821237699 25 374.0 -32846.0 nan -1.1908583142839493
19 64.25161036238474 356.6217296755832 0.6303164460114583 0.022254163243234964 0.7201982979862737 25 237.0 -33945.0 nan -1.134348276216184
20 68.31523000079854 373.55058175787303 0.6353116555728751 0.0005367415573606969 0.7268893744345004 25 233.0 -33454.0 nan -1.1121871432098078
21 71.23426208276258 385.54827696704155 0.6374431700112607 -0.0010967313343824498 0.7470355778570795 25 213.0 -34243.0 nan -1.1126576716855427
22 75.20407375361093 402.5057546526581 0.6405545284148011 -0.02211129827435387 0.7394781400577969 25 267.0 -33830.0 nan -1.1299820875646587
23 78.24513692019629 414.5103864118192 0.6379549573343326 -0.012840000123370568 0.755354040424003 25 138.0 -35140.0 nan -1.0850550151798204
24 81.10671677265987 427.5626811203271 0.636770204016224 0.06166598711967373 0.7497536946246952 25 347.0 -33460.0 nan -1.1744156682044045
25 83.1972050250168 435.5992641323006 0.6301415732763874 0.017821195270815215 0.7368027726881715 25 203.0 -34710.0 nan -1.1290174326016833
26 87.1714628353628 451.5130876014808 0.6375019268922835 -0.01309211233546033 0.7714946571755107 25 259.0 -33918.0 nan -1.13179793699762
27 92.1339993168729 472.5733052118612 0.6342293563786795 0.014112221602531711 0.7597653718949472 25 231.0 -34737.0 nan -1.139929588908939
28 97.16997053790732 493.5788219099415 0.6350650425371354 0.007642146602941434 0.7473991158993916 25 237.0 -34473.0 nan -1.1371400528218436
29 102.14906874230924 514.5752501423211 0.631994222753877 0.07283677167635777 0.752979626596012 25 258.0 -34262.0 nan -1.1494203201084305
30 104.16306792176105 522.6371551485003 0.6285551124805062 0.031343145231024265 0.7400478659350231 25 283.0 -33889.0 nan -1.1633095562145548
31 109.22646854523559 542.5416160636107 0.6341672258763028 0.0009641063159667099 0.755979391637295 25 167.0 -34864.0 nan -1.1040526898264387
32 113.20425082317695 559.5187348435202 0.6356310871455757 -0.016587517508292952 0.7481832653289965 25 320.0 -32950.0 nan -1.150104315279142
33 117.23329151950826 576.564712335047 0.6346033145646152 0.051525004892908136 0.7081197818084267 25 253.0 -34000.0 nan -1.1360941665550377
34 119.09499962838404 584.586111282419 0.6354204770897646 0.009840092397168258 0.7516305661285898 25 310.0 -34073.0 nan -1.1691677022721088
35 121.15653254532799 592.6041361861965 0.6294707499830509 0.022662862142274025 0.7502657814534383 25 260.0 -34168.0 nan -1.1530586088769736
36 123.19433518835848 600.5588563736223 0.6341933643815485 0.00415313134312137 0.7559341630927567 25 229.0 -34260.0 nan -1.128168620985439
37 125.20618350359429 609.5498634757278 0.6349785381975812 0.005085005275228498 0.7493304845416053 25 195.0 -34673.0 nan -1.114207941634919
38 128.15710477354415 621.461322178115 0.6395488240722089 -0.02663319076974021 0.7852012927354786 25 190.0 -34892.0 nan -1.1067838329926958
39 130.15276250639943 629.5469863919178 0.6348065889199884 0.0004063404007709279 0.7646049818330776 25 159.0 -35516.0 nan -1.1112943202293348
40 133.19317080891454 642.5221267739333 0.636596018141426 -0.005419298854044123 0.7632212926650158 25 237.0 -34106.0 nan -1.1247796393405871
41 139.2168278496396 667.6221039707133 0.6341731497707245 0.06787553061232399 0.6824688827324742 25 302.0 -33652.0 nan -1.1576089700016399
42 141.24779565942558 675.5763492798123 0.6345047645494751 0.004258359611247535 0.7219794024158547 25 272.0 -33436.0 nan -1.133830329549027
43 145.1814271410211 691.6386698119838 0.6286474801514459 0.04582002806315459 0.7424387963953258 25 221.0 -34599.0 nan -1.1428894201267623
44 148.11226472836492 704.5848001845571 0.6360656981492396 0.02359248964980652 0.764960277718381 25 303.0 -33883.0 nan -1.1595935531511796
45 153.02767383463103 725.4665830689236 0.6379245085792877 0.034464441733866834 0.7865084545513394 25 452.0 -32404.0 nan -1.2072887275655844
46 157.171214088725 741.557217550026 0.6368473888475946 -0.00014639231236078935 0.7281481571812322 25 287.0 -33925.0 nan -1.1508286518532886
47 160.27608935373163 753.6015540450483 0.6303595123356739 0.021545382086919296 0.7159143351912246 25 266.0 -33347.0 nan -1.1378538426518645
48 162.19147650213674 762.5536838074194 0.6356255314262788 0.0024853802134069034 0.7455393094011377 25 224.0 -34396.0 nan -1.1230281313832822
49 164.2463007484085 770.5564603027726 0.6352690222236652 -0.0013806151400792789 0.7426793154658815 25 71.0 -36164.0 nan -1.0715678764313026
50 167.28527323906144 782.5674674543346 0.635384287092757 0.0072240705136607805 0.7361711534147852 25 88.0 -35677.0 nan -1.0716849734834861
51 172.0734394433115 803.5430737533595 0.6384223896662151 -0.0030048793746937693 0.7648526145754456 25 329.0 -33944.0 nan -1.1724001029546423
52 176.27279398734603 820.5463738551647 0.6369658265662426 -0.007293103709295438 0.7261588950060442 25 164.0 -34802.0 nan -1.0965810443310073
