test_CNN/outputs/tables/00302_b25039m0s0_sources.ecsv
# %ECSV 1.0
# ---
# datatype:
# - {name: id, datatype: int64}
# - {name: x_centroid, datatype: float64}
# - {name: y_centroid, datatype: float64}
# - {name: sharpness, datatype: float64}
# - {name: roundness1, datatype: float64}
# - {name: roundness2, datatype: float64}
# - {name: n_pixels, datatype: int64}
# - {name: peak, datatype: float64}
# - {name: flux, datatype: float64}
# - {name: mag, datatype: float64}
# - {name: daofind_mag, datatype: float64}
# meta: !!omap
# - {date: '2026-06-11 11:14:50 Eastern Daylight Time'}
# - version: {Python: 3.11.15, astropy: 7.2.0, bottleneck: 1.6.0, gwcs: 1.0.3, matplotlib: 3.10.9, numpy: 2.4.6, photutils: 3.0.0, scipy: 1.17.1,
#     skimage: 0.26.0}
# schema: astropy-2.0
id x_centroid y_centroid sharpness roundness1 roundness2 n_pixels peak flux mag daofind_mag
1 605.1803424258884 8.295970817349092 0.43685588755158394 0.07028794495108127 -0.5124709723639541 25 1643.0 29868.0 -11.188015356640546 -0.23821005893508937
2 72.60463655468581 92.97076953842976 0.4367000948612432 -0.08969489324011282 -0.11238560401127999 25 2976.0 62671.0 -11.992666561267919 -0.2016056431271574
3 146.27021600352953 93.27138441578386 0.4410475529339972 0.43070320368373044 0.05529161620704865 25 3022.0 65714.0 -12.044144758565835 -0.06032717563474287
4 792.4382983258683 105.15767008246172 0.4194089665103122 0.31043725138902156 -0.3954912138979322 25 2302.0 46179.0 -11.661111310236773 -0.272062835607266
5 814.3995910209509 104.94066568499838 0.38916233410504386 -0.16657422125296414 -0.7232749894241888 25 1250.0 21903.0 -10.851259007901126 -0.06548236977835753
6 41.63365996105983 138.86247620917842 0.45325953449579626 -0.13718880451049734 -0.8188720621647951 25 2417.0 49141.0 -11.728609974889206 -0.21462124855824802
7 63.42830534113643 139.55737692376292 0.442326319986577 0.3355279186681351 0.06501560463984853 25 1520.0 27822.0 -11.110970865698619 -0.17012749248666803
8 809.6922115740986 143.59972633721233 0.41595157483762496 0.0003212292314873901 -0.20212143870245705 25 2683.0 54639.0 -11.843756855780684 -0.37095950230561586
9 610.7434494030637 147.18453024773336 0.43990108037204007 0.10153471643941672 0.21175520148390126 25 489.0 2438.0 -8.467584253205908 -0.20796049660943755
10 116.29359546904456 151.64725262982603 0.6594415307825053 0.03501332022471014 0.29952841131547003 25 710.0 4980.0 -9.243073356899295 -0.20359163287049772
11 424.0885185707095 158.06111177760508 0.5395876329563654 -0.7927419158326292 -0.4684023985825687 25 499.0 2854.0 -8.63863492194657 -0.06872320606924139
12 782.4854855337387 163.80489818430752 0.5281714906356914 -0.2358553952877193 -0.1326852145112663 25 1347.0 22812.0 -10.89540840728267 -0.13823091387107025
13 54.65301999455031 178.48872014283398 0.5215091224089131 0.5520877991834564 -0.36794345404097645 25 606.0 5906.0 -9.428233606572649 -0.028614456843656377
14 769.3974361059632 191.96861567402394 0.5007041453926153 0.3259411170909648 -0.31337515632981766 25 965.0 14002.0 -10.365475183289819 -0.023966022202693636
15 251.98499263730147 194.96844362113472 0.6499495889051398 -0.33280875323759185 0.1735185177242969 25 885.0 6561.0 -9.542425094393248 -0.4257131840958714
16 153.53730035327848 234.3637896985743 0.41213903640502875 -0.00570838066105205 -0.5957310590158597 25 3295.0 71734.0 -12.13931262112501 -0.17489460164393406
17 174.88761655918228 234.7470461898934 0.4546891855977014 -0.3062476476268404 -0.7814575751173373 25 2326.0 45625.0 -11.648007193661327 -0.34141077293029515
18 277.9724641979657 239.9817421051333 0.6374243228661008 -0.4573369151687402 0.33305551567731606 25 546.0 2917.0 -8.662341072804331 -0.030510469787006292
19 207.58995007490816 271.9859906617033 0.43714818770735275 0.030825519976088747 0.060741202412939246 25 781.0 6406.0 -9.516467335819508 -0.5290086213402982
20 28.472780944724587 298.93656772594846 0.46733566472241933 0.06827586493390805 0.16351019557758834 25 1118.0 17608.0 -10.61427507386323 -0.14859781862855134
21 138.2723051859963 310.7050536216473 0.39569992062876524 -0.015519347953440156 -0.554414861385283 25 775.0 7844.0 -9.736343962489366 -0.3930804487715029
22 809.0004734079505 316.38419380399586 0.36585787464467806 0.45741603066743164 0.08247692751202447 25 1567.0 29469.0 -11.173413496916085 -0.12941065672529398
23 253.75207981990965 320.9940012354421 0.6175833527700467 0.9290823992819838 0.8821712235650098 25 668.0 5884.0 -9.42418166013873 -0.0830911926282596
24 371.7430150515208 341.7901446559002 0.5200453173840539 0.032863811143289214 -0.33973327052400054 25 429.0 2159.0 -8.335631605835577 -0.03795692280753858
25 715.5524383326632 347.2870523336829 0.4685507041326893 -0.26779358297213257 -0.31551078324462384 25 2916.0 61251.0 -11.967782958752107 -0.22170682223728966
26 721.2132350610957 350.2748382827738 0.4854915903535826 -0.18171636032749297 -0.4202185103996281 25 3108.0 64543.0 -12.024622869557142 -0.2992997033115192
27 737.6890107834114 350.29465364061946 0.43906551725170445 0.12714192936218788 -0.4521842867284416 25 2933.0 60619.0 -11.956521919403322 -0.3393811423755754
28 291.49537203779676 392.9831541493115 0.6752312020358192 -0.026336164405655796 -0.24447440910163806 25 694.0 4215.0 -9.061993947401902 -0.19674560526149062
29 416.85081389816685 394.5440504183957 0.38593257353809274 -0.04290894085186125 -0.13680298268680532 25 2908.0 62166.0 -11.983882310216483 -0.22407359060295595
30 439.2214723071048 395.02024423352844 0.4266641131531072 -0.22629164754393866 -0.4455798913811533 25 2626.0 52342.0 -11.79712578278531 -0.38935353962640945
31 780.6696882168216 408.0890443156993 0.41323225184683476 -0.19662326282885603 -0.6142099566119402 25 1620.0 28370.0 -11.132148339489632 -0.3642532114955993
32 274.4350091899832 459.5633316989044 0.4088360252844097 0.1789242144971247 0.4478954020117894 25 749.0 9986.0 -9.998478904297727 -0.05354650526429508
33 465.1967447739261 468.36981282658707 0.4840584297327286 -0.09122263495443507 0.17357175891296409 25 3035.0 63111.0 -12.000262654170148 -0.3332563242576952
34 349.8928182613641 467.0664927696871 0.41344256276242924 -0.2538259359197016 0.14569037830447568 25 1274.0 20242.0 -10.765633551305294 -0.3446079485383625
35 419.66177080449495 469.02343884953166 0.4142073742935809 -0.22313633084468404 -0.08354615497338624 25 1569.0 29390.0 -11.170498965181533 -0.19669036365054307
36 492.29440872560275 469.1478678565822 0.3923289819571452 0.32872343277992905 -0.3282674181903808 25 2473.0 50515.0 -11.758550893313108 -0.3725269697719175
37 739.6271427184001 468.8183687424463 0.4649414732480887 -0.05745507861968646 -0.44565014241533724 25 1053.0 16715.0 -10.557765952321468 -0.141493257209625
38 787.4186267878737 470.0659477606955 0.47003351735847676 0.4917673784288202 -0.3193632391559682 25 676.0 6955.0 -9.605742835820163 -0.15012471875448904
39 195.21217977897177 542.880391858808 0.6436854276983921 -0.6572080184009463 -0.11831600300402614 25 1477.0 12744.0 -10.263264406982689 -0.8855039447395939
40 50.39185946573814 554.3071604456816 0.43875971674122044 0.22347851530990176 -0.9208065487676954 25 1748.0 33376.0 -11.308585716866093 -0.13837195963588458
41 69.05496504406261 554.2308618245136 0.5335430006259319 -0.265967970736537 -0.359576424404617 25 799.0 9926.0 -9.991935677153261 -0.11511046514338082
42 231.99502920866328 568.3273370149592 0.4368724281036653 0.1181948466705019 0.23912441022536932 25 1206.0 20580.0 -10.783613426066035 -0.09858238200746751
43 188.95923062610782 569.8293941369947 0.413248647661886 0.3208487617704378 -0.12337664419665012 25 904.0 10284.0 -10.030405169927057 -0.36114426113223064
44 762.6367532364187 580.9254039063153 0.4210542077205524 0.008805608365952278 0.569673299192836 25 800.0 10252.0 -10.027021493780516 -0.1704329551401425
45 178.6865526368405 596.195745747851 0.655822029370445 -0.10055580839830987 -0.02279183211395802 25 836.0 5551.0 -9.36092806832965 -0.42460798578948766
46 305.33777497763924 624.0830469607203 0.5824342592521219 0.2511278697684884 0.29576306264554575 25 615.0 4514.0 -9.136403886854358 -0.12821937463126087
47 793.4658636256767 660.6744179220584 0.3824761493862889 0.3180244961033583 -0.07411328446325402 25 2710.0 50955.0 -11.767967014814273 -0.7931999386146584
48 52.99192898330626 664.8964206201451 0.4060405622704567 0.4118866179449461 -0.09331762854960338 25 795.0 9469.0 -9.940760291380007 -0.3659205894539277
49 721.5370617021841 665.6322410491114 0.5767019546466142 -0.7200378976631081 -0.36985839377786983 25 800.0 6485.0 -9.529774951050246 -0.3618197051124297
50 215.36166933226232 675.663671263253 0.5272856721979499 -0.5057816490076642 -0.026638355406449328 25 817.0 6589.0 -9.54704876886884 -0.4644666698827704
51 89.19068159244038 716.4716067927577 0.44942162257707724 0.08550904786372263 -0.4353498028604823 25 2376.0 47073.0 -11.681929692809621 -0.30167025304460854
52 111.93862426146495 717.0319053040698 0.43098668539999824 0.16413263023069202 -0.7752341482421974 25 1155.0 18794.0 -10.685048056298324 -0.2398074224303491
53 332.6561848263801 726.1474232447655 0.6308018870009446 -0.1736075256821032 0.6133072083898236 25 628.0 3815.0 -8.953736355727248 -0.17383977446170323
54 25.75440413801816 737.1332360309776 0.43089875611696654 0.009132151599085574 -0.7105410862170278 25 3138.0 66432.0 -12.055943318740816 -0.28659902219873423
55 118.22950263787091 749.8394523673705 0.7066688202729764 0.5956160513122748 0.1750763927736428 25 824.0 5250.0 -9.300398258514893 -0.39425273799591454
56 55.33287396228253 753.1382780045813 0.5042172975229909 -0.5747437272626021 -0.406265573840594 25 1828.0 17276.0 -10.593607988438652 -1.2498860879762266
57 54.6928138798587 762.0933736323025 0.4551368081427355 0.40085922167994237 -0.07107276461023443 25 1378.0 15182.0 -10.453322467724336 -0.9282379988234345
58 593.312242524815 769.764336360081 0.42371304435689644 -0.6328243190853884 0.563744044990208 25 1984.0 30753.0 -11.21971872059522 -0.8409737391901171
59 76.29781533513928 780.2099125295634 0.4483730855565919 0.8055084144673099 -0.2805589342560444 25 820.0 12604.0 -10.251270986254905 -0.07037013455925888
60 696.8257768549538 811.5238888900585 0.417875173098233 0.2933792196332632 -0.11158957222782152 25 1776.0 32488.0 -11.279307441204951 -0.4618860266846163
61 78.51464222398764 828.5002896670329 0.39663953619281567 -0.1592888184475987 -0.5260174679639771 25 2774.0 57900.0 -11.906696409318592 -0.24698013761857487
62 101.20971979650105 829.4806145526131 0.35612607067164426 -0.021374313310590698 -0.5900636150716648 25 1814.0 34799.0 -11.35391691010195 -0.314728282100447
63 560.8518036255174 829.1894178038922 0.45911717728300827 0.19659532420248318 -0.14709176904581575 25 559.0 4197.0 -9.057347423028725 -0.1654572114481886
