test_CNN/outputs/tables/00304_b25175m0s0_sources.ecsv
# %ECSV 1.0
# ---
# datatype:
# - {name: id, datatype: int64}
# - {name: x_centroid, datatype: float64}
# - {name: y_centroid, datatype: float64}
# - {name: sharpness, datatype: float64}
# - {name: roundness1, datatype: float64}
# - {name: roundness2, datatype: float64}
# - {name: n_pixels, datatype: int64}
# - {name: peak, datatype: float64}
# - {name: flux, datatype: float64}
# - {name: mag, datatype: float64}
# - {name: daofind_mag, datatype: float64}
# - {name: aperture_flux, datatype: float64}
# - {name: inst_mag, datatype: float64}
# meta: !!omap
# - {date: '2026-06-11 12:14:23 Eastern Daylight Time'}
# - version: {Python: 3.11.15, astropy: 7.2.0, bottleneck: 1.6.0, gwcs: 1.0.3, matplotlib: 3.10.9, numpy: 2.4.6, photutils: 3.0.0, scipy: 1.17.1,
#     skimage: 0.26.0}
# schema: astropy-2.0
id x_centroid y_centroid sharpness roundness1 roundness2 n_pixels peak flux mag daofind_mag aperture_flux inst_mag
1 498.24638328846123 15.332486208347143 0.3899540459724266 -0.7761994290823996 -0.26967540842264087 25 779.0 9127.0 -9.900820126325359 -0.11080142816105919 13538.563721851906 -10.328931483479879
2 654.5681314007396 17.26839340406833 0.5131897584075097 -0.3942517818049351 -0.13538152950626908 25 952.0 9140.0 -9.902365489334578 -0.24919228215710076 8074.840863826067 -9.767834930404685
3 48.17954622781427 23.91291240875952 0.4359092623152797 0.016820934563761582 -0.3386908985709572 25 1132.0 13001.0 -10.284941895724614 -0.3938699461829197 13654.649311577758 -10.338201376897473
4 454.56029192380413 30.6691959509914 0.376274182723174 -0.30137072848016533 -0.17796431241612387 25 3372.0 60799.0 -11.959741090531612 -0.8676878282558381 102786.81361690196 -12.529843507933647
5 589.8190291071779 58.85931489830453 0.5886283245454496 -0.21060703230163574 -0.25963624819466463 25 1109.0 10747.0 -10.078218122192496 -0.2940829562556108 13475.529979739933 -10.323864636455918
6 196.92254358573308 62.99533333463832 0.4875957303218327 0.7959825782616413 -0.08787271963900146 25 1020.0 11539.0 -10.155420433379456 -0.22312690361276633 16853.97240472389 -10.566755696271414
7 253.63011181676268 95.07590418529956 0.44844898711546893 -0.2026235324334144 -0.4755592568660781 25 873.0 8451.0 -9.817270254263589 -0.2315498347630718 8353.53223406412 -9.804675381939576
8 763.0240322090924 113.7505199521252 0.39402900555141807 -0.1515200753132862 -0.24092904210064292 25 1030.0 10931.0 -10.096649735756241 -0.4460554184911788 10600.374791323207 -10.063303051587873
9 105.66360414114367 114.71213492246045 0.4958457434438234 -0.5029786608784641 -0.23835836156088724 25 1265.0 14488.0 -10.402521093265005 -0.4349285653058521 21911.96836253977 -10.851703480482378
10 698.5732181832852 140.4768503816024 0.5742904322384117 -0.07243892417872594 -0.11140464555518234 25 839.0 7810.0 -9.731627584693252 -0.07716570248618711 10873.886819523304 -10.090962020875125
11 258.7320842517305 151.08626563218155 0.4141785679144521 -0.040932198430586264 -0.43362899758637546 25 1178.0 14013.0 -10.366327805018614 -0.42805886342813304 18931.2747393009 -10.692949645528227
12 819.9221896404351 163.78902192801192 0.5835707061289631 -0.7356622363226316 -0.3003259077596131 25 922.0 8877.0 -9.870665549700739 -0.12937679673264976 13901.291577299507 -10.357637881720738
13 304.78882646308296 181.72917843146294 0.49322102064925605 0.16615379757198462 -0.08296348828483825 25 761.0 7630.0 -9.706311344887201 -0.007385101448319766 10596.435297025397 -10.062899476557575
14 3.8674485687467124 188.70733811545975 0.4058150384788498 0.7710551588436523 0.009508483524267183 25 3101.0 51774.0 -11.785279298432025 -0.9472764679153847 80652.58283566924 -12.266545699719074
15 791.7570496093489 216.5631081308347 0.37766941359615736 -0.20573340563136672 -0.37801087023588853 25 3330.0 57270.0 -11.894817957783324 -0.9604290799641704 90847.85959478894 -12.395786749112263
16 782.6322079631809 275.367964349524 0.40256832277813187 -0.5811052512746062 -0.6416297158055632 25 2327.0 34302.0 -11.33829860649479 -0.8816567201538751 50903.44764505545 -11.766867994275927
17 662.5316828476856 340.6892462091626 0.3754761568636373 0.016013027831297166 -0.4002560456137822 25 1154.0 11931.0 -10.191692114264105 -0.613807960474052 12740.236371696052 -10.26294371402717
18 307.90152773868635 363.4731046623451 0.48034498555771243 0.03758575683071649 -0.11215556463418587 25 988.0 11718.0 -10.172133734178745 -0.16937889407975992 16772.40959942365 -10.56148864944291
19 285.5384099081327 383.5871052528065 0.5327873083038474 0.22984909461218803 -0.181112177545263 25 943.0 9714.0 -9.968495247842544 -0.1753600733533045 12484.444013910479 -10.240923015283238
20 671.5230083152824 396.53603229307765 0.4512537078465714 0.12055703796632461 -0.10756239734173997 25 2924.0 41530.0 -11.545904827774695 -1.092038547121046 55263.98283336137 -11.856105452456468
21 615.3477112515048 427.2292007382512 0.4336250149570912 0.037601005102251644 -0.3152174136916251 25 1093.0 11081.0 -10.111447387191532 -0.48512205024265337 11310.143108722223 -10.133670250362968
22 539.7455871274327 507.3655451227871 0.49393160558533217 0.05639602477873995 0.031236453580444936 25 884.0 8575.0 -9.83308532178702 -0.19158862078491706 6597.2115481585915 -9.54840102630121
23 394.7687174328462 511.6549942964362 0.572702696770118 0.260237696663458 -0.15975706663599068 25 1251.0 10463.0 -10.049140563298371 -0.5445801028727946 9108.171495044171 -9.898577998053353
24 118.90307195708043 522.585490454039 0.4548302155514929 0.3727541950929943 0.053678085477230464 25 1008.0 13944.0 -10.360968435254843 -0.050461502241768506 26723.094069440445 -11.067216851152754
25 221.79471321951624 533.4007872663468 0.5066422240506454 0.4098955893612673 -0.20864744336031665 25 994.0 10647.0 -10.068068135168138 -0.22937550905529158 14241.731405974906 -10.383906977176125
26 223.69605199051793 582.6370265226132 0.41817035659329427 -0.34801430633665653 -0.04101180534924538 25 1276.0 14276.0 -10.386516348209057 -0.6552665912856959 24945.381895487688 -10.992475392639635
27 120.59594772845948 583.647048564248 0.3913888905385368 0.417204291904189 0.055901504429431446 25 796.0 8588.0 -9.834730089410527 -0.18265373088921008 10812.152150546744 -10.084780371349076
28 404.86251515161916 583.1308302789554 0.42539391812016897 0.8145961654261911 -0.1736268041269237 25 3110.0 50485.0 -11.757905901489332 -0.9788935691855795 134740.01008325486 -12.82374143879261
29 767.9051869917838 590.110901355917 0.5413525451394953 0.690837242198926 0.0026901035032233242 25 714.0 5272.0 -9.304938503964884 -0.04913162493287049 1990.8612968762186 -8.247602509561718
30 617.7080353941014 594.5994445038913 0.49856673695264764 0.2722329701692158 -0.3271446583320989 25 983.0 9983.0 -9.998152677782752 -0.3404020265214635 13911.52543007307 -10.35843688492627
31 193.51576055474627 597.5157432717685 0.532000739936795 0.4216553862312283 0.3189343687176536 25 640.0 3916.0 -8.98210670782775 -0.07933548619859204 4764.058782246813 -9.194942778672488
32 376.0494595517752 602.8720668871276 0.3553121107339492 0.2804801945382028 -0.3540080737938125 25 648.0 5553.0 -9.361319183681417 -0.2618179143598217 7123.231321732187 -9.631692619923829
33 698.4253745949495 602.8745692195199 0.59335160348024 0.1424752766444777 -0.7624749973800181 25 1703.0 14814.0 -10.42668085078894 -0.8586151207814234 15796.756659711707 -10.496419820332054
34 414.56020369499896 605.3445185178741 0.4955637108609078 -0.3408277890667576 0.07705838597292528 25 1422.0 12013.0 -10.199128692684612 -0.8200895502621595 8010.0826934183415 -9.759092499046393
35 828.247251724599 608.7816314206817 0.5826172322202661 0.7037119494258851 -0.1221912244050811 25 867.0 7860.0 -9.73855636509852 -0.15435669692778123 8163.752853411457 -9.77972462141082
36 609.1647986091862 610.6949164834933 0.35102216801173985 0.5620782233631743 0.012697938462744454 25 1285.0 17185.0 -10.58787384118311 -0.6026601398869661 26868.18568278876 -11.07309585248445
37 486.73722047156076 626.6675251205274 0.5876438025511191 -0.35393248068244687 0.049281604730509895 25 584.0 2280.0 -8.394837117501135 -0.039633018355408264 nan nan
38 71.7564488335733 632.6405128954203 0.49594714216561164 -0.066704145506193 -0.04129258628625 25 2139.0 22284.0 -10.869982874468514 -1.128882577480608 31318.471670476298 -11.239501401243048
39 607.5655475607164 650.3784714695374 0.42158403833154345 -0.12414714502919623 0.03902481211957172 25 2121.0 24909.0 -10.990890731607283 -1.0989766929731095 30567.7689721556 -11.213159355856767
40 356.67374544297104 656.8512918101209 0.6044173202832777 -0.251185555450769 -0.31120606581921767 25 929.0 7280.0 -9.655328448282592 -0.26933222113527244 9121.105889697395 -9.900118744032685
41 619.4533914944584 657.3786856860258 0.5318056882033377 -0.16784947935956407 0.024991169730000422 25 1065.0 8319.0 -9.80017781074381 -0.4945207709565801 9934.490014442468 -9.99286394393962
42 795.8450136199175 658.0290857793403 0.40928936460477816 0.20438208537264052 -0.07967797005125175 25 1724.0 17186.0 -10.587937018641146 -1.0335942216291736 19997.338561982393 -10.7524304985653
43 39.02063175672208 661.8694893433767 0.604232500124552 -0.2178964522145938 0.05302095852820818 25 843.0 4400.0 -9.108631691215468 -0.28367396468673817 2813.4204101461046 -8.623086584380552
44 831.4048965793318 670.9868377170632 0.6553087605106632 -0.9194458480638413 -0.4339051504370287 25 983.0 8847.0 -9.866990068178652 -0.16416865978118367 12696.462183005076 -10.259206808602029
45 319.0644176397534 676.2557563429591 0.3584733940905221 0.44970618787113725 0.28647183423297384 25 542.0 3856.0 -8.965342563076984 -0.09106701403742362 2043.8425655582055 -8.276118599079142
46 68.30002411856259 688.4032000094069 0.4933902137606232 -0.5301059983984663 -0.40903279937955744 25 2420.0 30033.0 -11.193996790235294 -1.0721932724158751 38492.05527180353 -11.463427751844868
47 546.5415024760771 698.642675060543 0.5795417436884381 -0.4864706809641219 -0.5402872454553866 25 718.0 4763.0 -9.194701453778976 -0.09444824795551163 6560.351656247221 -9.542317799001045
48 558.2051667030464 709.7385101940852 0.5325620150805215 0.02512010499000783 0.13202001913398295 25 1064.0 9111.0 -9.898915116594818 -0.4290785579340286 13800.866342629417 -10.349765874701236
49 661.2947736751462 718.7428998757072 0.47418143001648577 0.9949562770103437 0.10732654514399727 25 1026.0 12109.0 -10.207770697986838 -0.19885303810856664 16192.76980789512 -10.523302855268017
50 655.1730738213322 737.3547188623958 0.3996161854995663 0.331436829377461 0.11232291112038609 25 897.0 10732.0 -10.076701659999754 -0.14638546599917254 14000.391680342469 -10.365350464594155
51 704.8853788909437 737.027938639849 0.4604998126584669 -0.20500350669052061 0.5615427729478032 25 3221.0 41412.0 -11.54281551334778 -1.3350270941374542 48481.57244864412 -11.713941743174786
52 597.7617823409279 738.335332215146 0.6211858812262704 0.24826761322523214 0.09418501221710637 25 1103.0 11945.0 -10.192965385214743 -0.22256673443128372 20487.655622107748 -10.778730663617342
53 634.3021766567607 746.505175891848 0.5033467116998098 0.21262562460936021 0.2466720785850006 25 708.0 4849.0 -9.21413046028881 -0.2011950810296741 6665.174815577433 -9.559528861660883
54 467.7488187971145 746.2940750255565 0.7231173918767978 0.7748282979109055 -0.004150222106276377 25 936.0 7689.0 -9.714674652259767 -0.11631026622329309 15454.635932068613 -10.472646946895921
55 668.9369569316052 748.3107236893053 0.5247274088937594 0.8356486277500706 0.3311401882990246 25 916.0 7407.0 -9.674105861628986 -0.31387023847011447 8723.28047046964 -9.85169959028596
56 803.6317340170995 761.5949915296986 0.49039837213689574 0.525909892103189 0.09265297900646853 25 900.0 5511.0 -9.353076027563677 -0.4639749351948703 2567.0507772554793 -8.523586148172335
57 127.51709207494756 768.2611470805874 0.6826883769541864 -0.005598606352843689 -0.30381628145831097 25 732.0 4687.0 -9.177237383800525 -0.034183780759881995 7528.775954950458 -9.691810933455834
58 638.0534445916371 767.6937072518871 0.41644881620658375 -0.1033238744720763 -0.09929210521909991 25 832.0 5123.0 -9.273810889690852 -0.5065969385744294 nan nan
59 640.2687036338384 777.586414591897 0.36663076577843934 0.027649690744987306 -0.3035693302774054 25 2868.0 37221.0 -11.426970092368913 -1.3622025305937213 41385.06450956222 -11.542109091245349
60 121.27324653512134 780.7114119762733 0.4526665801678233 -0.09938123807600317 0.5470829157203286 25 909.0 10500.0 -10.052973247674846 -0.16019859422559096 18391.754966304143 -10.661557930465626
61 347.35763981952545 788.1260911312716 0.42757065087437696 0.06988427527951105 0.07550743643073801 25 734.0 5836.0 -9.415288208053536 -0.20708101251356442 7342.996217575889 -9.664683261250048
62 788.5237314733706 828.9269535014465 0.535679348324202 0.13695283947332973 0.083674666817937 25 1809.0 15660.0 -10.48697939430481 -0.9794093514526857 13391.102674403577 -10.317040849866029
63 353.1758360841696 833.6178729959123 0.7854972450692826 -0.5170266708521719 -0.7624829489877044 25 1692.0 8890.0 -9.872254402425535 -0.8599291490718041 10112.189326812007 -10.012112980376829
