test_CNN/outputs/tables/00307_b25203m0s0_sources.ecsv
# %ECSV 1.0
# ---
# datatype:
# - {name: id, datatype: int64}
# - {name: x_centroid, datatype: float64}
# - {name: y_centroid, datatype: float64}
# - {name: sharpness, datatype: float64}
# - {name: roundness1, datatype: float64}
# - {name: roundness2, datatype: float64}
# - {name: n_pixels, datatype: int64}
# - {name: peak, datatype: float64}
# - {name: flux, datatype: float64}
# - {name: mag, datatype: float64}
# - {name: daofind_mag, datatype: float64}
# - {name: aperture_flux, datatype: float64}
# - {name: inst_mag, datatype: float64}
# meta: !!omap
# - {date: '2026-06-11 15:15:24 Eastern Daylight Time'}
# - version: {Python: 3.11.15, astropy: 7.2.0, bottleneck: 1.6.0, gwcs: 1.0.3, matplotlib: 3.10.9, numpy: 2.4.6, photutils: 3.0.0, scipy: 1.17.1,
#     skimage: 0.26.0}
# schema: astropy-2.0
id x_centroid y_centroid sharpness roundness1 roundness2 n_pixels peak flux mag daofind_mag aperture_flux inst_mag
1 254.37706337387962 17.236023543744732 0.55882564660168 0.06956921324918706 0.228870027962134 25 1007.0 8671.0 -9.845172965558465 -0.3342799240646973 11485.734343465678 -10.15039691787846
2 832.2651717690037 24.184493878922897 0.27085670974511844 0.29244024798632245 0.7141039352896292 25 1421.0 25910.0 -11.033668532464562 -0.16256553243097072 69811.46391306343 -12.109816862624472
3 291.7570196404573 35.12706085712606 0.5031934301549789 -0.39827428216652416 0.38790512349934975 25 657.0 4555.0 -9.146220953272543 -0.08374201146129137 2797.725763269576 -8.617012855325449
4 603.8322491630447 58.847077976555575 0.4479172033268148 -0.417670435578594 0.3229171306201832 25 1146.0 14766.0 -10.423157160216114 -0.27456156071153226 18275.52911797835 -10.654674899053093
5 669.6706984148101 62.98505002501822 0.5706743785459595 -0.2959196149653652 0.09480029787551832 25 891.0 9467.0 -9.940530942793442 -0.05602483336525362 15977.201417109536 -10.508751775438297
6 711.7099677141415 87.99379512518584 0.38662273889920795 -0.24147841772172046 -0.4080181827177961 25 1154.0 17594.0 -10.613411469086909 -0.16315982481345856 24277.961239752567 -10.9630305343131
7 98.69873249302805 95.21954009402891 0.3737133852134635 -0.16720516852926917 -0.35321298893415526 25 3152.0 66165.0 -12.051570792085222 -0.24201013724533993 152496.4913569567 -12.958149628848943
8 274.16133795860617 96.29651454531083 0.5338181237701813 -0.4196863184338105 -0.40587332780960594 25 1470.0 15757.0 -10.493683837536942 -0.6140113637465585 21615.4457982517 -10.836910492193752
9 637.9001312572757 98.15730054151679 0.4492483022774139 0.4637659627868922 0.38239688395020904 25 872.0 9427.0 -9.935933767703558 -0.14699662478232767 10949.884545628933 -10.098523850118287
10 814.1605923616127 98.11147067887327 0.5891873882107949 0.7835621560600171 0.19512883439868903 25 864.0 8564.0 -9.831691646556003 -0.06342622629784662 21257.34838305249 -10.818772725441267
11 830.5254705948944 130.93547912146252 0.5485599815505994 0.17704196185751123 0.22107523733192397 25 1491.0 18219.0 -10.651311339605565 -0.5282963138597984 35570.01086110365 -11.377709994487972
12 255.49569025128665 136.96391042982793 0.46920860783043006 -0.29208994995830934 0.38113972736999696 25 773.0 8570.0 -9.832452054807995 -0.03670607682606757 16628.011857461814 -10.55210081382594
13 408.2666568956555 136.35159131892132 0.422746510336244 0.08949116513432008 0.6263140039976239 25 1136.0 14697.0 -10.418071735439982 -0.319518997072195 27618.275084829824 -11.102991377448216
14 43.61522358009012 153.22375398234857 0.3599642538535632 -0.5141355989088869 -0.07194048284004016 25 1105.0 15644.0 -10.485869518200232 -0.24305665527712625 25322.394814465893 -11.008761939532885
15 329.31390893055215 157.06791126054807 0.523472207704919 0.06512200928923804 0.9820444228912129 25 1686.0 28132.0 -11.123001521853421 -0.15041464082663852 70863.061940384 -12.12604978486316
16 341.38818515668345 159.48826411036515 0.44140638982664077 -0.28612080834395553 -0.01158496116992189 25 2453.0 34860.0 -11.355818456934937 -0.9658477264448659 60105.29378516395 -11.947281810640666
17 741.552533748355 162.08163836914258 0.6381917030814344 0.6175592148024572 0.2748794295465422 25 775.0 5638.0 -9.377812678838959 -0.03855472151097991 3786.320475907612 -8.945543425170822
18 239.25265913208383 166.93481907304175 0.6405287696324904 -0.05756065658487314 0.40194299600841643 25 1256.0 8664.0 -9.84429610904316 -0.6174834489020045 8640.842309040823 -9.841390198887721
19 832.7400510650363 176.65784597334823 0.2193158301368356 -0.2671635041175534 0.889694204747709 25 1231.0 21897.0 -10.85096154592536 -0.11792751672044481 51323.478633728686 -11.775790211435398
20 701.8367006898351 179.90935859209816 0.3777830100424735 0.5426093197704116 -0.11221308857262256 25 1599.0 27118.0 -11.083144140993372 -0.2663396488136516 42701.04842260818 -11.576096345558092
21 660.488922013674 182.87977055860028 0.5463272116707699 -0.41262838458843876 -0.7382736076097735 25 1301.0 18902.0 -10.691269397074638 -0.03228993603345339 36551.686711135924 -11.407268556684562
22 42.82940150707112 189.17916181649395 0.5760825098438831 -0.2229972694032141 -0.38788296899062186 25 1041.0 12560.0 -10.247474098502941 -0.029331519469518366 21700.07738684721 -10.841153206582243
23 53.86284521686419 215.8892570513028 0.41364113223349463 -0.13682238658482768 -0.04105143928592363 25 882.0 8886.0 -9.87176577226213 -0.31607916718892837 10837.715569848544 -10.087344372488543
24 376.7843933171331 216.70139086843955 0.40566050272348353 0.3315258654895793 0.3069911232294161 25 858.0 7778.0 -9.727169847028602 -0.3677652602351612 7221.3292609363225 -9.646542868423479
25 337.5694135608158 221.8770871344141 0.5637341395882464 -0.3576507549239886 -0.17992572958830078 25 820.0 6806.0 -9.582229861899476 -0.1560979578974064 7438.403898915992 -9.67869939119749
26 580.0945182418651 242.82825971049397 0.6125374040852968 0.009536640760738879 0.7232594962132145 25 689.0 4630.0 -9.163952477544884 -0.003491255257584762 5903.603109926199 -9.427792882131115
27 455.49359751275335 245.247457677248 0.578542290297404 0.4970883023919371 0.02828366056554444 25 869.0 7814.0 -9.732183517221914 -0.12331343361831049 8911.894237423665 -9.874925059594375
28 710.2537939985699 256.9216400146052 0.5210219999946586 0.005605851654230766 0.329344142756572 25 1145.0 11992.0 -10.197229049600558 -0.3651838798889405 15819.203403588992 -10.497961525632334
29 789.9578444442236 260.93594742502165 0.42374028329107527 0.5918959019212625 0.34072046085387936 25 857.0 9638.0 -9.959967304912974 -0.18029132980448867 15795.15094027778 -10.496309451072454
30 133.27282606770655 266.89283087690137 0.46138978386328516 -0.21474067005088135 0.32546767551639805 25 869.0 10004.0 -10.000434207646162 -0.12892429439633676 13177.889475638249 -10.29961465188186
31 719.6732028879802 293.42925544505044 0.4570314977773989 0.005176825874805854 0.05803547951414239 25 913.0 9414.0 -9.93443548492645 -0.28552988237535953 11162.03004301238 -10.11935796775427
32 419.57441755586115 306.59818985117914 0.3271253898938868 0.04157065412194557 0.3947459312686792 25 627.0 6065.0 -9.45707701300648 -0.14366565661499442 3457.637672822104 -8.846948703592265
33 833.7140451302247 318.33461476866216 0.22526852385480334 0.6133670499204683 0.9097180840494771 25 1081.0 14958.0 -10.437183822218543 -0.506551006282252 20315.521680075184 -10.769569947516155
34 832.2248705438285 433.94745738832296 0.3183725490148934 0.26454630674577545 0.7771570646750384 25 1674.0 29298.0 -11.167094936669418 -0.31326408267034284 70915.60271017332 -12.126854495765723
35 135.9671920769551 460.69875260731226 0.4299416130670198 0.32721883064572943 0.1901506742014599 25 858.0 8517.0 -9.825716618113798 -0.2242927314094631 7761.493481733627 -9.724863242729315
36 84.73156848273855 461.81330749388576 0.43560860013463 -0.6393072972725132 0.38564819258808636 25 1160.0 17789.0 -10.62537883779153 -0.04867292921335968 29928.068595039855 -11.190196726482217
37 27.178798434254173 468.2474785996268 0.5190209733572633 -0.4491335314531083 0.2023893534740411 25 960.0 10800.0 -10.083559388717374 -0.11368603186213759 13860.557859039864 -10.35445177522538
38 532.3072645483752 532.310089417333 0.48844871807065277 0.18882506144390923 0.49890818544040005 25 1143.0 11294.0 -10.132119458502151 -0.46709273108693833 11482.10923768223 -10.150054185778778
39 815.8945218460443 535.528180892488 0.43375265942967917 0.5440914742008434 0.05956794007619984 25 928.0 11545.0 -10.155984843132988 -0.13674042261408786 13139.088215391117 -10.296413071209408
40 750.7689053064664 540.0315428768421 0.4105504985046341 0.3452779037854011 -0.7173817504749549 25 1376.0 18862.0 -10.688969351293903 -0.40087793508659264 28070.905484957013 -11.120641054811758
41 597.9105600390332 554.8993482667702 0.5994951068739927 0.7644549439648548 0.4305940365497762 25 1175.0 9275.0 -9.918284795717708 -0.5123961057031865 9736.50211756073 -9.971007406600336
42 776.1583874948323 600.1244724358232 0.46347540492835637 -0.27312708481505993 -0.08289431974230514 25 1168.0 11129.0 -10.11614035603148 -0.5629119128082893 12308.402132148163 -10.225504191988598
43 67.37341229914769 604.8779912926128 0.3858663363698608 -0.2780049707625049 0.002030025951362949 25 706.0 7282.0 -9.655626686494813 -0.1106519482638977 6457.481496668742 -9.5251579260386
44 97.28020252159405 629.2483829381314 0.4471268922424689 0.0713637711437175 0.5051637010772567 25 1209.0 15449.0 -10.47225093293978 -0.3311033994930036 25226.77602354629 -11.004654378310425
45 247.9862105863724 633.048388637381 0.6067417018916117 -0.10366972300572426 0.22314026358790193 25 1361.0 12490.0 -10.24140609593534 -0.5529977822488676 14329.056605929512 -10.39054399582483
46 236.52745775094198 647.6752054455858 0.5997967031395609 0.08128260907284607 0.28014329220174633 25 1092.0 9930.0 -9.992373121238453 -0.345979400523061 11720.3472137848 -10.17235119447761
47 584.3664095398065 648.0500897989223 0.46583527238838734 0.30204684900914486 0.46237761070075223 25 618.0 3841.0 -8.961110767912942 -0.150762810714712 2777.7343861035547 -8.609226787661104
48 437.18129257284124 651.0911434850468 0.3992394045494918 -0.6478726065236499 0.619927380126371 25 1908.0 32615.0 -11.283543457146266 -0.37074452420725 54759.6180951598 -11.846151026533667
49 363.2436466866572 652.511844066922 0.49037223449404665 -0.7954244794311853 0.3272455847171238 25 1682.0 18696.0 -10.679371748460426 -0.812833673754791 24377.741735399326 -10.967483679243646
50 385.06039108617307 689.8370886047503 0.5550222995566686 -0.15130856511519117 0.14291977352262217 25 1140.0 10244.0 -10.02617392449098 -0.458391631704243 13608.695158656486 -10.334541214448068
51 353.90586212468935 711.4199037540371 0.3852596500625082 0.055762037891144936 0.14155223069615627 25 1792.0 22591.0 -10.884838638928802 -0.8995878460081163 29403.29335193547 -11.170989942056682
52 686.9608719261294 718.5671117236174 0.527708382990485 0.3271942801526044 0.2764951045706711 25 1129.0 11679.0 -10.16851414609456 -0.35849031131001347 16409.96220170609 -10.537768951778165
53 1.7423217121790904 725.5247984910344 0.2586328040143488 0.5807275477435426 0.8170779574354949 25 1561.0 28993.0 -11.155732888856328 -0.18576069081158741 81034.5456854875 -12.2716755040539
54 498.16970406421166 738.5918888127883 0.47070349745853823 0.9164745013484106 0.41699681834048014 25 1210.0 17624.0 -10.61526121035678 -0.21932564532315915 31560.081120311315 -11.24784527706417
55 602.0488125321118 810.7505587233677 0.4143751444220195 0.39894295723671874 0.3465051928701785 25 919.0 9361.0 -9.928305613107032 -0.32707840487584916 8785.440092712464 -9.859408804176832
56 771.4288538439063 814.0071505322434 0.47375121973857126 -0.39112471241465685 -0.0942537389586803 25 987.0 9750.0 -9.972511539246343 -0.3408807299497708 10744.777920347491 -10.07799360913954
57 518.6439552142217 814.7842308731923 0.4278805744588581 0.14481802609012406 0.02727301638484143 25 2954.0 41268.0 -11.539033554674097 -1.1808833738249345 55910.354882048385 -11.868730622205714
58 554.4545286094796 816.9744031230651 0.437238282220061 -0.6153461213402647 0.8264421036652198 25 802.0 10499.0 -10.052869839302488 -0.0030570396212058785 16961.243512520494 -10.57364422340263
59 382.96333393094403 823.4404120238556 0.3978931004377313 -0.16337398380070595 -0.18330685225048407 25 600.0 4728.0 -9.186693669682997 -0.0559930548100365 2752.567808304311 -8.599345066075557
60 542.9542243973649 830.0615909154864 0.3903507203268068 -0.6157967867650062 0.3193549031131855 25 833.0 11098.0 -10.113111801195366 -0.023001804305487823 22569.787645239125 -10.883818682260786
