test_CNN/outputs/tables/00314_b25253m0s0_sources.ecsv
# %ECSV 1.0
# ---
# datatype:
# - {name: id, datatype: int64}
# - {name: x_centroid, datatype: float64}
# - {name: y_centroid, datatype: float64}
# - {name: sharpness, datatype: float64}
# - {name: roundness1, datatype: float64}
# - {name: roundness2, datatype: float64}
# - {name: n_pixels, datatype: int64}
# - {name: peak, datatype: float64}
# - {name: flux, datatype: float64}
# - {name: mag, datatype: float64}
# - {name: daofind_mag, datatype: float64}
# - {name: aperture_flux, datatype: float64}
# - {name: inst_mag, datatype: float64}
# meta: !!omap
# - {date: '2026-06-11 12:14:24 Eastern Daylight Time'}
# - version: {Python: 3.11.15, astropy: 7.2.0, bottleneck: 1.6.0, gwcs: 1.0.3, matplotlib: 3.10.9, numpy: 2.4.6, photutils: 3.0.0, scipy: 1.17.1,
#     skimage: 0.26.0}
# schema: astropy-2.0
id x_centroid y_centroid sharpness roundness1 roundness2 n_pixels peak flux mag daofind_mag aperture_flux inst_mag
1 391.6998067834515 0.5807529369951829 0.41746361453855985 -0.30323874996330125 -0.1219507426370388 25 700.0 6842.0 -9.58795767462261 -0.2079591966585581 9484.108005728385 -9.94249122778055
2 252.76974921725088 83.06978017849379 0.4315076269325546 -0.3241319093178319 0.23911915906309997 25 758.0 7045.0 -9.619702493613438 -0.22709779066588437 10925.559941321979 -10.09610926014612
3 609.6174644769688 114.4072140806661 0.46943671337003856 -0.024368905158336146 0.21548760592229452 25 1194.0 14299.0 -10.388264165399066 -0.4316401312456587 19238.615253219377 -10.710434523525754
4 346.7485539293845 115.0562615769843 0.478560491960967 -0.06167345964351365 0.13506146886260056 25 1918.0 20026.0 -10.753985529573391 -1.0509606124290263 21739.0806619106 -10.843102934943598
5 35.72939964168199 138.2554526553202 0.46070418432266813 -0.07223409901263718 -0.6200577665081719 25 2434.0 49528.0 -11.737126977512123 -0.015839999189658317 117201.52153052547 -12.672333124512816
6 350.79442695639574 161.0942616910068 0.6821993662859464 0.1960354992975027 0.32531666490613 25 836.0 5486.0 -9.348139508171277 -0.19226832128494578 6217.417716993488 -9.484025116020135
7 512.6315510414328 171.06282626429046 0.4529005386057938 0.17328260381720373 0.24586769738404915 25 1126.0 13608.0 -10.334485751511282 -0.37247177392672126 15686.742689312443 -10.48883193211591
8 262.9171359828298 198.5845086921018 0.5846904747031305 0.42502777535226305 0.4441645779389107 25 1154.0 10738.0 -10.077308499068048 -0.45037040095440767 18911.965929805767 -10.69184169203438
9 120.10286633013857 287.9361130338859 0.3637724443510704 0.4240101303047434 0.9538183691602898 25 3066.0 51109.0 -11.771243459053588 -1.040716389653284 82902.15703726507 -12.296414576592639
10 360.0569196872382 361.6753817120569 0.6680643553142711 -0.20559356355566907 0.6440885122668354 25 729.0 5029.0 -9.253704089052318 -0.055623057153018365 6925.498686979587 -9.601127628169978
11 545.9278362946706 365.2984165121065 0.5028676775526555 -0.02004356240684441 0.1282855228392019 25 831.0 8704.0 -9.84929720588526 -0.14404247051506075 9614.201374742743 -9.957283036062508
12 516.6307722432975 426.1599635935376 0.47407782427591444 0.3512271701614856 0.27534812474787923 25 1201.0 15612.0 -10.483646356523028 -0.3554324880910873 27419.878488956892 -11.095163814710281
13 46.25181603127859 470.1933871773795 0.5244404691291426 0.37285173942008726 0.3537602045465649 25 832.0 6500.0 -9.53228339160714 -0.3397979411181685 9176.002206952 -9.906633773367226
14 784.2761410246181 520.6205558714429 0.5115284460082066 0.3315548601101377 0.11889682778084368 25 707.0 6381.0 -9.512221861555979 -0.10513050745092492 9090.485431242341 -9.896467687835145
15 48.957684833057016 554.0120220103737 0.36570643057470303 -0.05763240910124391 -0.6314805110310703 25 2456.0 50851.0 -11.765748744681403 -0.12221624090512556 136715.47670227295 -12.839544202768028
16 230.17037149585414 568.8465988706715 0.4554710780860171 0.09018030067853179 -0.28866261214507993 25 2156.0 42554.0 -11.572350973112577 -0.05188852134916222 104082.88433628844 -12.5434482971327
17 114.95786387119266 622.619335711853 0.46032786900875095 -0.37584734339721865 0.13801964439923556 25 1391.0 13781.0 -10.348201831796311 -0.8050080204303742 17066.960045907115 -10.580390429491512
18 163.4697514910135 628.0565803827044 0.4801488719016208 -0.6349342292747565 0.24770833997165673 25 1178.0 18342.0 -10.658616722774333 -0.07767876763512298 36761.133138903395 -11.413472224439449
19 161.14021873016983 700.7935469655578 0.5712972001936514 -0.5986281348550728 0.09522209738949461 25 841.0 7175.0 -9.639554763515076 -0.22433576814668443 8411.694158177486 -9.812208684337143
20 144.6828009468703 707.0195935830212 0.5644124885031998 0.04237833996214053 0.08883536221829152 25 1629.0 28656.0 -11.143038921262391 -0.01964585422586287 64619.347058711195 -12.025906413520397
21 755.0917129803635 725.1137681612778 0.44120907361444817 -0.3087431962380279 0.4726076275928566 25 2474.0 37743.0 -11.442091042676715 -0.8820319376980716 54107.63024130528 -11.833146283747475
22 786.7993604539201 753.2302429057794 0.5882592214251727 0.3060129906100438 -0.004362433124604108 25 860.0 8158.0 -9.778959252452688 -0.14601900299107085 12314.523871702371 -10.22604406238467
23 724.9243925623631 753.5785632171416 0.5189108978153418 -0.2767065605857696 0.3280558838584441 25 800.0 7649.0 -9.709011652305731 -0.16840724864424286 11819.058195394417 -10.181457177649204
24 745.9879108854044 790.6697698180868 0.37530564035174235 -0.12774219530065828 -0.1550062058663997 25 2135.0 31773.0 -11.255145556892765 -0.9025026566911045 47394.176931635884 -11.689312463794403
25 148.98606537147592 821.1448450247698 0.40777876293042364 -0.32991677326347063 -0.10634175847821921 25 881.0 8617.0 -9.838390232363933 -0.37712723607728865 8817.690521222885 -9.863387130282298
26 7.667005399724984 826.3450883924096 0.3418784304946996 -0.5080204792374254 0.3753645408232606 25 513.0 4160.0 -9.047733326566856 -0.03433136700834001 3930.896436921243 -8.98622900520902
