test_CNN/outputs/tables/00323_b25699m0s0_sources.ecsv
# %ECSV 1.0
# ---
# datatype:
# - {name: id, datatype: int64}
# - {name: x_centroid, datatype: float64}
# - {name: y_centroid, datatype: float64}
# - {name: sharpness, datatype: float64}
# - {name: roundness1, datatype: float64}
# - {name: roundness2, datatype: float64}
# - {name: n_pixels, datatype: int64}
# - {name: peak, datatype: float64}
# - {name: flux, datatype: float64}
# - {name: mag, datatype: float64}
# - {name: daofind_mag, datatype: float64}
# - {name: aperture_flux, datatype: float64}
# - {name: inst_mag, datatype: float64}
# meta: !!omap
# - {date: '2026-06-11 12:14:24 Eastern Daylight Time'}
# - version: {Python: 3.11.15, astropy: 7.2.0, bottleneck: 1.6.0, gwcs: 1.0.3, matplotlib: 3.10.9, numpy: 2.4.6, photutils: 3.0.0, scipy: 1.17.1,
#     skimage: 0.26.0}
# schema: astropy-2.0
id x_centroid y_centroid sharpness roundness1 roundness2 n_pixels peak flux mag daofind_mag aperture_flux inst_mag
1 514.610283626855 21.155750097631543 0.49425771510581523 -0.27753435893189377 0.44255634464818866 25 599.0 4047.0 -9.017833010978917 -0.28813134916705446 2709.6166820004646 -8.582269643545272
2 787.0455107489898 24.92742993475113 0.46261118226604786 -0.22758888775159195 -0.17263385555283298 25 826.0 9175.0 -9.906515182310317 -0.26831844681135036 9529.62847792959 -9.947689923912122
3 820.5333487549347 71.97581251070608 0.42391219648226264 -0.11044233543600213 0.22496972646591787 25 1862.0 22247.0 -10.86817863702401 -1.1410818110290673 28499.583672351928 -11.137096289484358
4 600.508545672195 73.03767702659665 0.36993008126189036 -0.9341474723689136 0.33324716911178814 25 1153.0 16841.0 -10.565919689641214 -0.415597616520727 25919.972706198303 -11.034086349713817
5 11.84888206358399 80.48283692988402 0.5239373338795746 -0.41286349486365387 0.3773789759512253 25 813.0 9144.0 -9.902840543468063 -0.13262895607795608 12460.998238468364 -10.238882086564931
6 409.028955725332 95.45998202661251 0.49085916689292935 -0.28095250647598935 0.1726379116815529 25 1305.0 12249.0 -10.220251586606647 -0.856282706638035 11839.66200599188 -10.183348261240086
7 393.5417550201889 99.89622402572768 0.435083213339335 -0.27785836790395047 0.06008056914416689 25 1246.0 12993.0 -10.28427359612376 -0.8244080017293873 16910.190900876485 -10.570371276050723
8 688.3331725104173 101.6138306624051 0.44190569352903686 -0.05812083842569064 0.09448868501515492 25 776.0 6923.0 -9.60073582902859 -0.43574412903053283 8034.538218494526 -9.762402302336834
9 485.9079623747999 143.74979204436943 0.49148769868536557 -0.395520979806596 0.21640990508271393 25 607.0 4699.0 -9.18001361255738 -0.1945780565211071 3383.291944298717 -8.823348686701294
10 571.2932691188607 153.36779121965782 0.518129896792549 -0.554251472195537 0.1644782200959429 25 1205.0 10978.0 -10.10130806611399 -0.7635445746033921 12823.58798309201 -10.270023889642486
11 368.70788238620736 154.8535903492685 0.6145910506406442 -0.07323259817650116 0.3687233618381678 25 1092.0 7581.0 -9.699316241598943 -0.6732481274543312 5673.687142746401 -9.384663460864552
12 213.34324591071712 190.5979228808119 0.4686857080595157 -0.13541382473423214 0.024970523319036177 25 1345.0 16849.0 -10.566435325723218 -0.6400004957316262 23266.952024144015 -10.916848735849488
13 565.4454519052887 214.28997353383016 0.4570945504437839 -0.8955513830728602 0.09187553160597713 25 661.0 7501.0 -9.687797913656421 -0.030534173291066932 11027.787578378287 -10.106220979904014
14 762.1108437202344 263.5498613941632 0.5823127964283306 -0.0884613178634856 -0.15098302424480775 25 543.0 3507.0 -8.862339414703756 -0.02376809077233827 4621.80954369986 -9.162030112580563
15 804.7021546247049 269.84959799587597 0.5374985858715935 -0.8068301454996913 0.3724019554424728 25 790.0 8672.0 -9.845298172985778 -0.1488975673731253 10652.277943784382 -10.068606224279497
16 552.1268051014258 294.9792509483083 0.47454850499677986 -0.1656161914312271 0.4012219290773937 25 542.0 3949.0 -8.991217834341361 -0.11579357265606888 3343.1904881255105 -8.81040280626223
17 499.58091947043664 302.0499742484888 0.4253969657742771 -0.22586839698683414 0.3524129444133156 25 554.0 4049.0 -9.018369441921033 -0.22432840384540922 2476.8176987113366 -8.484735105930373
18 439.7837496302268 341.2886503088272 0.4695865914578589 -0.5801957773277509 0.20130501072819834 25 878.0 8226.0 -9.78797176293289 -0.48885822366825604 10118.793524237608 -10.012821835359883
19 704.7064413697958 350.0690717557365 0.3976951355675087 0.03545334495945463 -0.44128086219740853 25 2467.0 50976.0 -11.768414385302595 -0.23139067505134442 118727.46814204693 -12.686378016478052
20 582.0116129408209 369.7928082437102 0.43678394420453004 -0.1078346152349656 0.16633708708305944 25 1620.0 16518.0 -10.544893654442436 -1.1252167634994088 19176.34512854077 -10.70691459340567
21 262.09282780545226 406.0501271464939 0.4813093359382741 0.07850632251299831 0.32682455069106886 25 864.0 9618.0 -9.957711931844472 -0.2592954565756276 11012.234098943025 -10.104688587714632
22 703.1758966149944 410.254403311323 0.5563737162997668 0.2756982151985493 0.4433261053994155 25 752.0 4649.0 -9.168398865457718 -0.37583020921643817 nan nan
23 125.22031403344505 433.3512087150724 0.41479576298225135 -0.14595665830717655 0.14999626762215595 25 1282.0 17447.0 -10.604301902671484 -0.5746286372056668 27198.5638245532 -11.086364931083782
24 456.8418330641111 469.80269403613585 0.3986017206221577 0.08245451480519905 -0.7098419887924785 25 3021.0 65047.0 -12.03306817870481 -0.18653969676109744 179166.3299169422 -13.133140993990631
25 1.0658542912746192 577.3781024118477 0.38657614599856444 0.018213339955875454 0.6182664435809186 25 943.0 9781.0 -9.975958147265583 -0.5890546826092201 11650.603959801814 -10.165871098729228
26 663.8654732795733 587.990855302057 0.5746692119284771 -0.3128810662783159 0.33883748064228586 25 670.0 4629.0 -9.163717951957027 -0.2065002787287606 4929.099233152119 -9.231918903764054
27 135.45557637187986 610.4200643549246 0.40168363320943273 -0.22209115277470212 0.4571014674788493 25 756.0 10005.0 -10.000542732430574 -0.03177174897250866 11243.266520397938 -10.127231264222607
28 716.0603575737046 611.751101060046 0.38055004322770697 -0.823196684693439 0.048713906978428145 25 570.0 6234.0 -9.486916994852052 -0.040632358140005626 8300.975055622624 -9.79782277202603
29 648.3702764500308 627.8643578994414 0.43075412968394833 -0.26793821885316205 0.40554152232112345 25 702.0 6478.0 -9.528602359185395 -0.29938025183213246 7572.113837972313 -9.698042836139981
30 785.1282827341364 664.7677434988068 0.5437748280567071 -0.4220398234795531 0.2526966174598354 25 661.0 5851.0 -9.418075245276796 -0.10575074428126635 6506.753789216321 -9.533410934151473
31 666.1435710634038 668.7898989983584 0.554105549932087 0.26206213035593506 0.42728267805072595 25 575.0 3517.0 -8.865430920792356 -0.1272845310017265 4691.760545744513 -9.178339597102148
32 763.0780209587505 670.9948254347446 0.5278326284887002 -0.582032606150219 0.2271769240830414 25 837.0 9264.0 -9.916996365958402 -0.18431017581885306 11620.292123342411 -10.16304261487781
33 8.110711736459644 689.6703384420161 0.42601378893051195 0.0576496194991446 0.27080415505717725 25 2538.0 39452.0 -11.49017256112894 -1.026884290799999 58752.853652640646 -11.922572413338044
34 583.1581697122534 716.3621947490584 0.3843820069321596 0.16744742990564063 0.4108392029214929 25 943.0 10661.0 -10.06949485837575 -0.5236002251910009 13335.601244861256 -10.312531502340534
35 656.2790745624114 716.2778656059734 0.5438905303464437 -0.13289848195750745 0.10354056269745979 25 1008.0 10199.0 -10.021393979460617 -0.43802276208423707 11632.378020074668 -10.16417126778089
36 464.7912461127086 716.9827003756837 0.5318344172964045 0.3046815482197298 0.6478936090389579 25 696.0 6957.0 -9.606055008394124 -0.06048538497425876 9037.422836628884 -9.89011150555748
37 726.4561798547242 748.2796149041692 0.5050710876476873 0.22639287223395899 0.20179127643424905 25 1345.0 11937.0 -10.192237984665127 -0.8842647606526008 10215.162167654738 -10.023113163828057
38 245.90872790924027 749.5632446878735 0.4924798695085374 -0.46174732863904844 0.5200923824849127 25 588.0 5226.0 -9.295423513478267 -0.01200884862359998 3140.8543727541114 -8.742619501474234
39 548.0621883958223 755.6405760932371 0.5135318436528913 -0.3433801721888005 -0.06803436857514186 25 563.0 5120.0 -9.273174902439576 -0.04605234739424602 6873.373940376468 -9.592924929983749
40 178.3401595379219 763.2907840737441 0.3739170480636217 -0.32192089525776185 0.29676954279408646 25 635.0 8006.0 -9.758538964422716 -0.005833931619101668 11018.044186996312 -10.105261274361315
41 480.0110867958804 777.3192912878454 0.4811152776969226 -0.5997897347091317 -0.33135614376820743 25 631.0 6286.0 -9.495935941703904 -0.04334442760506061 4525.22135868423 -9.13909957073358
42 278.7468254791613 782.7666086626 0.4693809083277707 -0.46823812266225623 -0.9496479888155342 25 3158.0 54667.0 -11.844313103642616 -0.9573281448079984 124370.94553468528 -12.736797340201253
43 347.32167458452307 785.0256774493249 0.4552778644216519 -0.7871912746096995 0.1150183342658823 25 841.0 10125.0 -10.013487579716765 -0.28007426553928993 14935.44094892898 -10.435545122733647
44 320.80407429297264 787.1638114295465 0.44858803424027394 -0.017845363717616105 -0.9274609160397191 25 2193.0 38438.0 -11.461901956104656 -0.5804294828563552 70439.77254177893 -12.11954486227523
45 775.6424002067272 811.1582228589433 0.5408320439471019 -0.13211902878245355 0.2219955854631445 25 1100.0 9795.0 -9.977511100826888 -0.6511440306319788 13483.55975423202 -10.324511410306663
