test_CNN/outputs/tables/00325_b25723m0s0_sources.ecsv
# %ECSV 1.0
# ---
# datatype:
# - {name: id, datatype: int64}
# - {name: x_centroid, datatype: float64}
# - {name: y_centroid, datatype: float64}
# - {name: sharpness, datatype: float64}
# - {name: roundness1, datatype: float64}
# - {name: roundness2, datatype: float64}
# - {name: n_pixels, datatype: int64}
# - {name: peak, datatype: float64}
# - {name: flux, datatype: float64}
# - {name: mag, datatype: float64}
# - {name: daofind_mag, datatype: float64}
# - {name: aperture_flux, datatype: float64}
# - {name: inst_mag, datatype: float64}
# meta: !!omap
# - {date: '2026-06-11 15:15:25 Eastern Daylight Time'}
# - version: {Python: 3.11.15, astropy: 7.2.0, bottleneck: 1.6.0, gwcs: 1.0.3, matplotlib: 3.10.9, numpy: 2.4.6, photutils: 3.0.0, scipy: 1.17.1,
#     skimage: 0.26.0}
# schema: astropy-2.0
id x_centroid y_centroid sharpness roundness1 roundness2 n_pixels peak flux mag daofind_mag aperture_flux inst_mag
1 829.9303285334186 194.60296427582645 0.6201131891426918 0.21211780727472698 0.7780159351102802 25 -262.0 -41590.0 nan -0.9812857863988103 nan nan
2 828.8891799922632 209.54222847377125 0.6366067933874016 0.188688276131476 0.7411143420694608 25 -278.0 -41702.0 nan -0.9270810306745216 nan nan
3 827.8484593138704 224.2258282553545 0.6420715153266702 0.29652522423677297 0.8565799488094451 25 -405.0 -42361.0 nan -0.8478407531675256 nan nan
4 826.9147187595869 239.3569681603523 0.6486094723987843 0.27133145050681573 0.8941362516119984 25 -353.0 -42458.0 nan -0.8914501561740912 nan nan
5 825.915425783112 253.55046646029356 0.6446911239544417 0.17305894140881853 0.6548545507834053 25 -243.0 -42477.0 nan -0.9730979373743047 nan nan
6 824.9685650600233 268.525492424208 0.6531362992697768 0.19872574911135038 0.7823792203165969 25 -301.0 -43157.0 nan -0.9507302197760753 nan nan
7 824.1153760901875 283.4701441934032 0.6656844513719403 0.1856419203388034 0.9100847367248274 25 -388.0 -44834.0 nan -0.9229100872581546 nan nan
8 823.1050780674269 298.6609381232837 0.5889700220470598 0.2552138239684127 0.7892354626680439 25 -101.0 -40950.0 nan -1.1444920866621942 nan nan
9 822.1410195976708 313.4869825598983 0.6979721639428942 0.06551332953174548 0.7800032185479211 25 90.0 -39992.0 nan -1.0574585520583963 nan nan
10 820.8512758370574 328.3991101121758 0.6170395011292523 0.3341521303764142 0.8245852627409481 25 -258.0 -40959.0 nan -0.9685715689896003 nan nan
11 819.9485494203301 343.3619197974431 0.6179649294362036 0.17830600228529567 0.8900629373192549 25 -285.0 -40317.0 nan -0.9013303495704839 nan nan
12 819.0388176220271 358.2896088964781 0.6370845272245501 0.2790449609538287 0.8508976202250309 25 -213.0 -41194.0 nan -0.9540853468031794 nan nan
13 818.3223538665223 372.52894034506295 0.650454220050694 0.1758344648126136 0.9949936319055372 25 -158.0 -41836.0 nan -0.9814837633765033 nan nan
14 646.1601530744259 385.4448554070186 0.5082009134435321 -0.2954156370976424 0.46887840234911066 25 1827.0 24471.0 -10.971629292567062 -0.3873101580333552 34282.688169914996 -11.337687171079187
15 816.8314548140391 387.5552176609252 0.5824072788641745 0.22044119733102965 0.7680712195606048 25 -508.0 -43369.0 nan -0.8537350721701588 nan nan
16 816.2327457104642 402.7337709442568 0.6292076899121317 0.19525996613402796 0.7554366458843162 25 -114.0 -43526.0 nan -1.1489958163709495 nan nan
17 449.6070946782846 425.9576801847771 0.45632905957006903 -0.5407920816468609 -0.6382373521825622 25 942.0 7859.0 -9.738418221933404 -0.22252274106259134 8387.986215301396 -9.809144270201118
18 375.21220148209466 439.4764633730572 0.5090597121213599 0.1487206498610696 0.025014759191220978 25 962.0 9208.0 -9.910413276554339 -0.06329389426453791 13168.952146646587 -10.298878048825495
19 813.1627258656662 447.3111165363334 0.6623658867821041 0.2562000884224337 0.9570387267745831 25 -7.0 -39289.0 nan -1.0281810386130583 nan nan
20 812.0417945571145 462.53118661285805 0.6371808077766068 0.1632833572520843 0.7700451172561574 25 -24.0 -39189.0 nan -1.029978229868551 nan nan
21 810.730698178104 477.65339718469147 0.5846237975155149 0.24105269654718758 0.5209313675827162 25 -167.0 -39543.0 nan -1.0089582084717235 nan nan
22 439.1593452816451 484.1008228946481 0.4868100040873359 0.1513090556182669 -0.09352136086108755 25 776.0 4837.0 -9.21144021847114 -0.10637857306105525 5515.083752842268 -9.35388028020936
23 809.7102750825283 491.6496808495571 0.615099948270583 0.1720445447542201 0.7287146145466641 25 -272.0 -40598.0 nan -0.9537852063171801 nan nan
24 808.8043818168192 506.5990501597711 0.7068661799514373 0.3809147373550694 0.7598863191768459 25 -220.0 -42585.0 nan -0.93712529916375 nan nan
25 805.9639902157688 551.3042716497606 0.6328477351229373 0.39751679242003307 0.9550514396054017 25 -218.0 -41158.0 nan -1.0091274892678108 nan nan
26 804.7424379587055 566.5740559055462 0.6157492455942035 0.2066991491241496 0.6979189565714989 25 -398.0 -42037.0 nan -0.8577381583764371 nan nan
27 804.1153076800045 581.1938925149408 0.6412145772582662 0.37666799826387026 0.9133551114434199 25 -133.0 -40904.0 nan -1.0202633316614877 nan nan
28 803.061310287031 596.6658380349148 0.6640527301474279 0.27761663479774124 0.6771056205519339 25 205.0 -39072.0 nan -1.171240926178231 nan nan
29 801.9596221421053 610.4590527572731 0.689670756906005 0.3505675953289876 0.7893838573641705 25 -42.0 -40245.0 nan -1.014094282425233 nan nan
30 801.0194643276683 625.5816114273737 0.6266120483973737 0.3277470809587678 0.8045828889132376 25 0.0 -39295.0 nan -1.115040110194325 nan nan
31 800.0057103957797 640.628527712343 0.6255973207009813 0.1789102001313371 0.9206245179131061 25 -115.0 -39534.0 nan -1.0270379445193605 nan nan
32 797.928777973625 670.2336001472394 0.6983698580819474 0.2731587496133315 0.7727576225539214 25 23.0 -38756.0 nan -0.9801611452185649 nan nan
33 796.5054052426929 685.4575187173447 0.6029761978040911 0.307856701191671 0.8096893032427899 25 -429.0 -40338.0 nan -0.8315583566660151 nan nan
34 795.7041233765709 700.5252655972216 0.6411913515440848 0.20877178631455415 0.8337105331228067 25 -193.0 -38723.0 nan -0.9180307514089685 nan nan
35 795.0537539260788 715.5262208590117 0.6317184176264347 0.25671427145247905 0.7399673928354745 25 -14.0 -39042.0 nan -1.0430685980092071 nan nan
36 793.9756208878347 730.6184889931077 0.6682701110483977 0.1841912691377777 0.6591016031182599 25 163.0 -38023.0 nan -1.1125630463110785 nan nan
37 792.8462449716599 744.4387312300383 0.6321073905570104 0.25755194315162017 0.9089852691766885 25 -29.0 -36310.0 nan -0.9606225992118085 nan nan
38 791.6762211131002 759.6423128652065 0.6569456706106501 0.20733113990259816 0.693397635292289 25 42.0 -36621.0 nan -1.0009336794303063 nan nan
39 791.790216843167 774.3220484267633 0.614798368375651 0.24616486770520124 0.7785085117589093 25 -213.0 -36781.0 nan -0.8841752478478054 nan nan
40 789.9964346756777 789.4307653596828 0.5723383326706035 0.2556984610647008 0.7626429777102177 25 6.0 -37369.0 nan -1.1144542767384722 nan nan
41 788.8081204915502 804.300931318999 0.6360045515929004 0.3024867328154898 0.7482997889658952 25 -31.0 -37392.0 nan -0.9847780857289932 nan nan
42 787.5932272429004 819.2842303346997 0.6181441967548601 0.27307752646914657 0.7804859610433056 25 -133.0 -36526.0 nan -0.9174130529523571 nan nan
