test_CNN/outputs/tables/00349_b27717m0s0_sources.ecsv
# %ECSV 1.0
# ---
# datatype:
# - {name: id, datatype: int64}
# - {name: x_centroid, datatype: float64}
# - {name: y_centroid, datatype: float64}
# - {name: sharpness, datatype: float64}
# - {name: roundness1, datatype: float64}
# - {name: roundness2, datatype: float64}
# - {name: n_pixels, datatype: int64}
# - {name: peak, datatype: float64}
# - {name: flux, datatype: float64}
# - {name: mag, datatype: float64}
# - {name: daofind_mag, datatype: float64}
# meta: !!omap
# - {date: '2026-06-09 15:18:33 Eastern Daylight Time'}
# - version: {Python: 3.11.15, astropy: 7.2.0, bottleneck: 1.6.0, gwcs: 1.0.3, matplotlib: 3.10.9, numpy: 2.4.6, photutils: 3.0.0, scipy: 1.17.1,
#     skimage: 0.26.0}
# schema: astropy-2.0
id x_centroid y_centroid sharpness roundness1 roundness2 n_pixels peak flux mag daofind_mag
1 404.71473428636574 63.510968666592575 0.49024866628201685 0.09392698082343778 0.1563688472727376 25 1105.0 8366.0 -9.806294650611528 -0.6080903324508589
2 539.0075762560587 146.20068304517366 0.6177088967990934 0.8863410993187198 0.013662087493890866 25 842.0 7813.0 -9.73204456077394 -0.03624276512780082
3 324.68582350711023 148.4946300511128 0.3892136285156319 -0.6512241098946139 -0.1386384962687372 25 1151.0 16968.0 -10.574076638771263 -0.15286370743719832
4 642.5842331722708 175.79727887078175 0.4227023030297865 0.18216221009487832 0.053329966387560025 25 789.0 9884.0 -9.987331841825105 -0.0352742133912923
5 381.29700787681173 211.7956907037896 0.5078755015653917 -0.3479530310568589 -0.12607104135837638 25 1016.0 7238.0 -9.649046446930452 -0.5524541805796405
6 211.97890831426605 303.19690644993426 0.5548685236842326 0.09197000536063302 0.30740213261237453 25 797.0 6179.0 -9.477295488036447 -0.1909958586088323
7 362.24573478251597 387.1622509700481 0.6936860205158952 -0.09092162502713295 -0.028940365940142987 25 818.0 4720.0 -9.18485499658522 -0.13778675918403044
8 320.1408649835428 425.90001849336846 0.46700978248082764 0.33816043329526924 0.3666931042311875 25 905.0 11193.0 -10.122366259401229 -0.0829324648698778
9 434.76657061799096 517.3973727676776 0.4522097349987935 0.6587326599896143 0.1093857038945879 25 709.0 6849.0 -9.589067915524744 -0.041918599884095624
10 470.87902618677003 534.0425940096522 0.516586737735569 0.05208108599892057 -0.8981938074092197 25 1051.0 13922.0 -10.359254073561923 -0.06691285335101506
11 379.53536368892054 541.00712474804 0.4657657151647138 -0.11205226747359391 -0.27499041165789917 25 1596.0 17365.0 -10.599186969116953 -0.8180601272028086
12 742.1662415534694 550.1942649968854 0.496635511807877 -0.23622456401331574 0.1622829699767738 25 1175.0 14428.0 -10.398015334115813 -0.251897096214791
13 469.5554412207485 552.2530124191956 0.5161646721087249 0.4008049655055324 0.5393039979188922 25 1104.0 14212.0 -10.381637997043224 -0.13535040949827515
14 641.8101101084177 558.1269093460388 0.4529926737368924 0.622731835361399 -0.12335850123525777 25 1299.0 19779.0 -10.740510826158413 -0.10119068101086331
15 315.8463828962067 571.3126167292222 0.5520594263371262 0.04457714732637743 0.06935983258463918 25 719.0 5958.0 -9.437751247197562 -0.004482636132817655
16 790.5853564130573 597.8569772741131 0.4717016785425384 0.18342826870397802 0.47955948890155026 25 1176.0 15538.0 -10.478487792780264 -0.19599100295435448
17 350.73058550113893 634.0497227996748 0.3802904915901354 0.0774765469037052 -0.32597441209468725 25 521.0 3592.0 -8.888340819988166 -0.05147115992070331
18 801.4235303505574 695.3354327652833 0.41706933712996447 -0.9977019141795356 -0.40600339981025196 25 1316.0 21877.0 -10.849969417008369 -0.06494674791751007
19 253.1859696866536 704.0528667685745 0.4849734863373731 0.08496200168035117 0.7292021219234986 25 931.0 10779.0 -10.08144617981078 -0.11875365345541226
20 242.84427283692582 735.248032682272 0.604666566332288 0.32810021383257737 0.28580884421142333 25 763.0 5448.0 -9.340592747261823 -0.07761302806244713
21 25.504484892742294 767.3343927012295 0.4434184244926163 0.603941983399414 0.061579949665621296 25 811.0 8784.0 -9.859230817765042 -0.0679347947231409
22 458.67945095542797 794.317410894879 0.7169917849631187 0.25874843424147237 0.07136162061570561 25 789.0 4054.0 -9.019709360892476 -0.13336730866310956
