test_CNN/outputs/tables/00353_b27869m0s0_sources.ecsv
# %ECSV 1.0
# ---
# datatype:
# - {name: id, datatype: int64}
# - {name: x_centroid, datatype: float64}
# - {name: y_centroid, datatype: float64}
# - {name: sharpness, datatype: float64}
# - {name: roundness1, datatype: float64}
# - {name: roundness2, datatype: float64}
# - {name: n_pixels, datatype: int64}
# - {name: peak, datatype: float64}
# - {name: flux, datatype: float64}
# - {name: mag, datatype: float64}
# - {name: daofind_mag, datatype: float64}
# - {name: aperture_flux, datatype: float64}
# - {name: inst_mag, datatype: float64}
# meta: !!omap
# - {date: '2026-06-11 12:14:26 Eastern Daylight Time'}
# - version: {Python: 3.11.15, astropy: 7.2.0, bottleneck: 1.6.0, gwcs: 1.0.3, matplotlib: 3.10.9, numpy: 2.4.6, photutils: 3.0.0, scipy: 1.17.1,
#     skimage: 0.26.0}
# schema: astropy-2.0
id x_centroid y_centroid sharpness roundness1 roundness2 n_pixels peak flux mag daofind_mag aperture_flux inst_mag
1 560.6168670900566 4.175707575192711 0.5790923368354036 0.14663943371594992 -0.4849575918417675 25 842.0 7705.0 -9.716931607636095 -0.11129686814717535 7705.9868859383705 -9.717070663986302
2 763.1267896983962 3.805688023374797 0.3899234813384009 -0.10297605929903583 -0.3323919047195597 25 1342.0 19381.0 -10.718440453881497 -0.4009336170691278 31955.38588310028 -11.261360165796496
3 788.6666336558426 15.372534891905211 0.5652169847507004 0.19619782851247686 0.6607706604430936 25 1006.0 13406.0 -10.318248037644269 -0.014167791135594972 31765.491721979488 -11.254888956237028
4 661.7836594339519 44.73554453501573 0.3827539409540336 0.3780650387640149 -0.4407801637099221 25 640.0 5412.0 -9.333394469813964 -0.17282648749027324 6008.626297685694 -9.446937985528253
5 528.4818339185277 68.3317756631526 0.4735584139321379 0.9798528694931824 -0.02610538650208799 25 1141.0 14201.0 -10.380797318561614 -0.28355057003457845 21327.745888171386 -10.822362394125323
6 506.70266890277895 79.16439496314038 0.43831516110558116 0.44925669578994026 0.01622850559278577 25 900.0 11020.0 -10.105453986289417 -0.11397478915476676 12504.485506663237 -10.242664568792094
7 655.796300394187 147.76039315619556 0.6403299907464369 -0.14125242224289733 0.27204557857057066 25 671.0 3769.0 -8.940565343624012 -0.048993103926407044 4903.983920040847 -9.22637259369791
8 568.8620079086243 223.4667433749608 0.5858461517779723 0.7129077978152407 0.20832051210290212 25 772.0 5398.0 -9.330582200551245 -0.1280426051300534 5360.919713507976 -9.32309825792451
9 262.1719189426735 225.5454966776991 0.4293130925341804 0.47293969886864384 0.16280234036692712 25 1230.0 11751.0 -10.17518706566882 -0.6652690115533908 13260.43265780413 -10.306394235856551
10 785.4470956674943 267.7462099497645 0.4823080747978178 -0.07619515657348427 0.29971345130414334 25 1445.0 18466.0 -10.665932078061509 -0.47748387766232714 25843.42786755664 -11.030875294711395
11 612.8675831177275 279.9145869573998 0.5529857845609436 -0.24290923100746334 -0.14392344914699948 25 1043.0 9328.0 -9.924471343537348 -0.3616742309316646 13782.570029167064 -10.348325519512326
12 340.2145866209597 282.8067046556183 0.42809446807812745 -0.36133476759023164 0.059450312924726 25 901.0 8654.0 -9.843042227156765 -0.387595941328674 9441.912257850965 -9.937649900715687
13 603.4738308352592 286.2878952887627 0.3858992010996516 -0.2361459357799761 0.2893213679724317 25 1082.0 13670.0 -10.339421286419556 -0.40359239016754633 21439.42211071246 -10.828032687450253
14 429.4158669386754 316.2658185371945 0.3969161143883656 0.1404690033887098 0.7387125403392053 25 1994.0 36778.0 -11.413970271160771 -0.267421692161438 117567.38286113282 -12.675717126454284
15 432.189692687563 327.1555884369839 0.4291632024517376 -0.4563671584161937 0.255508676074813 25 1312.0 21755.0 -10.84389771907184 -0.11410061922739909 96292.88937040433 -12.458985545921093
16 529.9825573919082 331.1106537789843 0.5372261404588963 0.9247631914353861 0.8546680420824159 25 776.0 6973.0 -9.608549163012295 -0.05507208599772398 5467.132610693103 -9.344399020650684
17 674.1116288560373 351.8457150325884 0.4247261808007059 0.2149426484466717 -0.28577650957061723 25 651.0 6645.0 -9.556237463196878 -0.04755496960970392 11872.619115953281 -10.186366338695091
18 420.0176181193237 358.71807844372137 0.45827466961764546 0.43550640079607594 0.6623452848030118 25 2219.0 40645.0 -11.522517819722673 -0.42460106129885705 112272.01227707809 -12.625678766688402
19 432.13496680386186 363.7151945863326 0.42119180773070425 0.14682033146119502 0.40652413779072916 25 2226.0 44108.0 -11.611293414755707 -0.12038681144746499 117922.91211473201 -12.678995488951587
20 833.3677712698634 364.99656834784196 0.38136678973684046 0.3781769671718026 0.5884813046781494 25 665.0 6270.0 -9.49316885207679 -0.09923682032780534 5429.013214528254 -9.336802246886352
21 457.64604325136446 406.82967196691584 0.4838071372765413 0.4290557096826723 -0.04082727407388163 25 670.0 5257.0 -9.301844942546062 -0.05941400391596685 3769.530395937616 -8.940718124084668
22 574.8143540088506 497.68040497611474 0.5212768479729184 0.4337210985231388 0.6285976900836536 25 1258.0 12407.0 -10.234166955569757 -0.5079540763392545 15778.337710935113 -10.495153118065142
23 232.16091466242614 519.2384262041124 0.41606871211642865 0.4877404641173252 -0.12913518463300186 25 1135.0 12516.0 -10.24366388618539 -0.45073115489455223 12888.86099112344 -10.275536349410183
24 209.4392937279681 552.6474494787415 0.48470522099446256 -0.4147981413577839 -0.10007109659573936 25 878.0 9079.0 -9.895095040245842 -0.20716427441100477 12747.945947607435 -10.263600533398654
25 552.2202893891823 592.41100372886 0.3773192463329234 -0.7160021153066242 -0.46133695751874443 25 1283.0 17845.0 -10.628791380729199 -0.3882941580718885 30982.429943860097 -11.227788690903417
26 529.6919980692671 681.7865007719947 0.47877665448947493 0.380978261371341 -0.20931021122636828 25 1407.0 14939.0 -10.435803818160101 -0.6896229522114374 19615.351478485776 -10.731490236147227
27 789.6383286297954 684.7829540901275 0.4776242041750842 -0.8132152152341949 0.16775326747973526 25 1061.0 13218.0 -10.30291436883603 -0.22492332668001866 16234.888787925382 -10.526123294931114
28 435.7658194427452 716.8799826471301 0.4891067767234342 -0.5915446197439879 -0.2592102718013221 25 698.0 4898.0 -9.225046951971738 -0.1926612345739523 3013.063401103038 -8.697520675565322
29 543.1571506903674 815.7946094671933 0.395441395137889 0.524445787056263 -0.35617661009065 25 1442.0 22886.0 -10.898924734009405 -0.2660454680925028 38886.38797905859 -11.474494012303225
