test_CNN/outputs/tables/00366_b29234m0s0_sources.ecsv
# %ECSV 1.0
# ---
# datatype:
# - {name: id, datatype: int64}
# - {name: x_centroid, datatype: float64}
# - {name: y_centroid, datatype: float64}
# - {name: sharpness, datatype: float64}
# - {name: roundness1, datatype: float64}
# - {name: roundness2, datatype: float64}
# - {name: n_pixels, datatype: int64}
# - {name: peak, datatype: float64}
# - {name: flux, datatype: float64}
# - {name: mag, datatype: float64}
# - {name: daofind_mag, datatype: float64}
# - {name: aperture_flux, datatype: float64}
# - {name: inst_mag, datatype: float64}
# meta: !!omap
# - {date: '2026-06-11 12:14:28 Eastern Daylight Time'}
# - version: {Python: 3.11.15, astropy: 7.2.0, bottleneck: 1.6.0, gwcs: 1.0.3, matplotlib: 3.10.9, numpy: 2.4.6, photutils: 3.0.0, scipy: 1.17.1,
#     skimage: 0.26.0}
# schema: astropy-2.0
id x_centroid y_centroid sharpness roundness1 roundness2 n_pixels peak flux mag daofind_mag aperture_flux inst_mag
1 306.03181961141996 8.885117910663048 0.48456544344241087 0.1670147298356678 -0.23189835582440327 25 825.0 14381.0 -10.394472715705124 -0.09340004509721653 31756.367559633618 -11.254577049955405
2 606.6579998819277 9.312223690458984 0.3911655856665307 0.11411967370207493 -0.6211903940315662 25 1256.0 25123.0 -11.000178745868743 -0.19526557669444322 63387.3981949396 -12.005007315114968
3 124.0925275270385 31.287528217443857 0.6649313211994873 -0.41332553311625864 0.0825744000145439 25 488.0 3563.0 -8.879539555877539 -0.310794190384876 6279.987785924157 -9.494896997674639
4 114.81072371851307 91.99037322692084 0.47667375072705565 -0.2608493356619549 -0.17660239109251963 25 3180.0 69426.0 -12.10380535992337 -0.5610077087280794 198265.33181938485 -13.243116952989219
5 127.30191877864908 93.7697819050457 0.4481268585569906 0.4010140688257792 -0.7349740854242627 25 2929.0 62241.0 -11.985191404161707 -0.7698774269310718 149892.66153421003 -12.939450927797598
6 794.258875125063 105.78063411336517 0.4211406391622609 -0.015260058273158959 -0.6605118316563365 25 2038.0 42327.0 -11.56654372046351 -0.4719918934410303 106386.82220229281 -12.56721959153148
7 276.8367793669527 124.25311777677794 0.7208596297781911 -0.514960568055163 -0.19862980526292418 25 337.0 1557.0 -7.980721531420301 -0.007730668091108003 2089.899131514144 -8.300313313741814
8 45.246502429053066 139.89664963492885 0.38552212120670193 0.09614573559186758 -0.6909652112248837 25 2129.0 43729.0 -11.601923864900696 -0.7255332147906117 93870.02019861163 -12.431317278289455
9 389.70579437337614 144.11048757714545 0.36485796106225893 0.3411583832337062 0.12412764529377818 25 490.0 6757.0 -9.574384797312437 -0.166368042547333 9100.09111645158 -9.897614352004389
10 552.6718464477418 147.46722072841342 0.5269657503190694 -0.0913298756235841 -0.48473565850613715 25 394.0 4015.0 -9.00921387403675 -0.019555532343391913 5409.91275401048 -9.332975653174305
11 274.0491123387832 160.792825656541 0.5841336089848214 0.2520339033967729 -0.011699679422830216 25 907.0 7401.0 -9.673226010523496 -0.99009477059797 9697.942665425959 -9.966699030557567
12 782.8606792878736 164.12629676996983 0.39933902666679444 0.09587163791037938 -0.3173881066879687 25 1302.0 25914.0 -11.033836136077856 -0.25263469759651913 54029.39732963028 -11.831575308081945
13 770.3166291052024 191.91581379727126 0.4013239497166623 -0.31733152430035 -0.473836039403467 25 800.0 14661.0 -10.415408984369584 -0.01764191647686633 31609.689577175894 -11.249550577183454
14 826.7409645905905 219.43922319406505 0.33109799956735014 -0.3243022716254432 -0.07568679788612567 25 283.0 2753.0 -8.599515528483327 -0.02518922684050053 2011.9358213874248 -8.259035307682087
15 153.4615806129097 234.70512049945162 0.41262081918789667 0.4050615761702384 -0.4148838025146815 25 3111.0 66798.0 -12.061908648630222 -0.7594966886323485 184572.4007800654 -13.165416903086749
16 545.4636213124439 246.169324883555 0.6562526287193953 -0.4365218133822243 -0.4655562691609508 25 493.0 3235.0 -8.774685712511799 -0.33712729263623487 3066.1104871921216 -8.716469501469813
17 306.9257303032852 279.42099008884486 0.3863771691382119 0.4422865407823958 -0.44376064260514086 25 791.0 13707.0 -10.342356031938419 -0.25036052830741157 28153.853219670174 -11.123844605208168
18 716.3599252576462 349.6066440720933 0.39725212757761713 0.019113725903721613 -0.5586482699416506 25 3090.0 67732.0 -12.076984749260246 -0.5915282476122057 198185.88702731938 -13.242681811997947
19 153.89565349283296 362.94625208997724 0.4564825932209968 -0.655254368845629 -0.7597187374282908 25 638.0 10453.0 -10.048102375989627 -0.14774957400622532 26969.336077710177 -11.077175638162636
20 156.9168360466543 370.82428847173367 0.4855271435216167 -0.8748969585413026 -0.13255248983163262 25 419.0 3764.0 -8.93912403688805 -0.2113820676931541 6293.184317999286 -9.49717612943138
21 417.73936988226944 394.78569442883855 0.4203802439284012 0.1521733679358857 -0.5197713200020105 25 2815.0 60266.0 -11.950180918126529 -0.6402269457992588 165013.4850480252 -13.043798591483867
22 780.7752023610756 408.16130251459487 0.3828109628346799 0.24434660710706027 -0.6074804838800065 25 1115.0 21705.0 -10.841399475436797 -0.2142197384171524 44441.53386219085 -11.619472599591381
23 351.1704472460059 468.1101344132949 0.40255693567784984 0.4082484432695878 -0.5429382696013322 25 935.0 17919.0 -10.633284423666836 -0.029621609585487 36529.14225341458 -11.406598686485005
24 462.79970747976114 467.86048620283304 0.41594820803790744 0.011617443993694765 -0.48124696977744646 25 2906.0 63325.0 -12.003937996156465 -0.5038372941951459 152139.2177720914 -12.95560294746975
25 740.9867166161404 468.6768849193266 0.46673441444721236 0.01626400457931469 -0.15417642339117038 25 840.0 15400.0 -10.468801802091157 -0.010187821342319877 32273.866337056006 -11.2721274900721
26 60.53214703459851 478.33527753086145 0.5115994036566591 0.36602858295322094 -0.40530090832852445 25 1496.0 15479.0 -10.474357250603925 -1.481771351737624 19889.665338684663 -10.746568689487145
27 664.2355257015399 488.78870749992814 0.41651741555285693 0.43006394480407834 -0.12579638450373312 25 947.0 17076.0 -10.580965365329773 -0.28513706846120707 35534.38105091172 -11.376621887914197
28 351.9146725866362 512.5525079270205 0.4649155232003755 0.034746700691470234 -0.9136920582206214 25 822.0 14566.0 -10.408350764045629 -0.0942928624276807 33200.726177121105 -11.302868957096504
29 119.69279513565868 529.116900678117 0.6095652837802955 -0.011103246165587654 -0.773723096261636 25 369.0 3211.0 -8.766600763916255 -0.007478187596340354 5507.2566629625135 -9.352338292579114
30 49.62539779504491 554.4935041859121 0.3821364980766679 0.10026372382581741 -0.25750098894890017 25 1773.0 34351.0 -11.339848461069739 -0.7588901426550826 72203.51724659122 -12.14639588462979
31 33.31120058027907 556.7570910058781 0.4811109559323262 -0.6636834605761677 0.174787871255456 25 814.0 13668.0 -10.339262425316813 -0.1988600975264382 27703.976695659712 -11.106355283042198
32 232.0703523636774 568.2503113222626 0.4925291180501563 0.15830898495128404 -0.05152174567051261 25 1035.0 18020.0 -10.639386966607612 -0.37932938928907334 44362.88317887889 -11.617549408840883
33 55.038768132662625 580.7181693459045 0.45104554341983616 -0.9938912002293862 -0.021760563889027966 25 385.0 3520.0 -8.866356658695327 -0.22022634085824747 4041.982023041106 -9.01648594408168
34 21.226802745588557 589.8500492378212 0.43237387758992835 0.46133735563638195 -0.23563749433051295 25 314.0 2668.0 -8.565464563111277 -0.0690290513534281 4321.843231624953 -9.089172523631463
35 194.95589313600217 663.5340043380759 0.4098464722229623 0.2887602413151202 0.3391487198093512 25 252.0 1522.0 -7.956036631086385 -0.05602863252906455 2069.7143739996086 -8.28977603954231
36 89.69885290765107 717.0461655133233 0.4011943384632885 -0.2549479416065706 -0.3402450979395972 25 1877.0 37909.0 -11.446855820851765 -0.6132192807654675 106187.6380625967 -12.565184902181652
37 24.860002614097922 737.6250477700482 0.4097345329229503 0.19461415024859083 -0.4198521684289994 25 3083.0 66445.0 -12.056155764396676 -0.7150910378163523 172102.83501209583 -13.08947006105958
38 124.5650392318644 748.0035929169464 0.437253435260976 -0.976170993004576 0.3626515492832281 25 833.0 10995.0 -10.102988084242025 -0.7425658954396818 21866.597125205994 -10.849453008722236
39 697.2477686040954 811.3807446659981 0.3965236642488363 0.0771727349494723 -0.33155780775378213 25 1585.0 30923.0 -11.225704051104394 -0.5240102002578569 66324.64406264038 -12.054187319947413
40 75.78731239808765 828.866469425105 0.38349426903209954 0.01550310638530889 -0.5857686349382026 25 2500.0 52623.0 -11.802939008191522 -0.7140500938873919 115802.87107894855 -12.65929831726713
