test_CNN/outputs/tables/00361_b28394m1s0_sources.ecsv
# %ECSV 1.0
# ---
# datatype:
# - {name: id, datatype: int64}
# - {name: x_centroid, datatype: float64}
# - {name: y_centroid, datatype: float64}
# - {name: sharpness, datatype: float64}
# - {name: roundness1, datatype: float64}
# - {name: roundness2, datatype: float64}
# - {name: n_pixels, datatype: int64}
# - {name: peak, datatype: float64}
# - {name: flux, datatype: float64}
# - {name: mag, datatype: float64}
# - {name: daofind_mag, datatype: float64}
# - {name: aperture_flux, datatype: float64}
# - {name: inst_mag, datatype: float64}
# meta: !!omap
# - {date: '2026-06-11 15:15:28 Eastern Daylight Time'}
# - version: {Python: 3.11.15, astropy: 7.2.0, bottleneck: 1.6.0, gwcs: 1.0.3, matplotlib: 3.10.9, numpy: 2.4.6, photutils: 3.0.0, scipy: 1.17.1,
#     skimage: 0.26.0}
# schema: astropy-2.0
id x_centroid y_centroid sharpness roundness1 roundness2 n_pixels peak flux mag daofind_mag aperture_flux inst_mag
1 548.8477106549342 34.887594644052484 0.35460182380612226 0.6403880640176179 -0.013578224352076729 25 1162.0 18535.0 -10.669981475913957 -0.7099115465564977 30298.639961593588 -11.203557836071642
2 121.05638472200592 42.31958714923361 0.393842228946135 0.12353759613946229 0.037886809690198274 25 1342.0 16464.0 -10.541338393545894 -1.1914399586309619 22230.335968077852 -10.867365065652079
3 256.83826763059767 52.152815289254626 0.5001440184221972 0.004825275084579892 -0.19663039421611964 25 438.0 4585.0 -9.1533483500151 -0.008155931965979992 5704.598044665649 -9.390562621827005
4 605.2616209315888 51.32700720307821 0.40068283426034196 0.3029964113775451 -0.03989340785713871 25 453.0 4462.0 -9.123823914869547 -0.21657315170509797 4176.575270020868 -9.052050781612056
5 664.434408017025 78.43962570051185 0.4246890754004826 0.21825554365759595 0.08603255035623388 25 492.0 6293.0 -9.497144329368714 -0.001561542722073076 9217.167074478471 -9.91149364944149
6 116.54009141258689 84.74710662651124 0.4451163328481201 -0.6524971447420526 -0.5916253986798589 25 2740.0 61409.0 -11.970580063190887 -0.04868868838018608 195965.50559074033 -13.230449080814708
7 248.22716960940687 83.56218019554558 0.5496276064974425 0.03499587023758161 0.009471788121509627 25 1164.0 12474.0 -10.240014349287783 -0.9304948617079083 22593.143741921784 -10.884941663486849
8 344.7214102127234 123.89754127238794 0.5233012292307958 -0.0821505957838738 0.5308240770717322 25 843.0 9589.0 -9.954433296569368 -0.5546023291434445 14441.151960919324 -10.399004594980898
9 649.1620198973797 129.852598613452 0.44805686621615276 -0.7922192983153705 -0.10987791340698662 25 1074.0 11818.0 -10.18135996410912 -0.970675053101614 13614.782674138947 -10.335026783272676
10 45.04777061936484 149.97636514716524 0.44598049820957364 -0.21657897306153984 0.4670818829657954 25 553.0 7002.0 -9.613055266072534 -0.07772734707701354 9144.47968495742 -9.902897498593283
11 112.62769350137314 163.9441671366525 0.4661017433037381 -0.18414605597317313 -0.3256247088749814 25 429.0 4561.0 -9.147650180602346 -0.04276280366572325 6591.277715503034 -9.547424026244109
12 690.7955302398871 177.26842618024605 0.4059492710890822 -0.3458531366620497 0.10977246325683639 25 602.0 6749.0 -9.573098570353473 -0.3836670999950683 8312.350728886739 -9.799309648574031
13 713.1054123418891 191.77110563391102 0.4910806708668144 -0.9352002275868188 0.21454109156146128 25 682.0 7708.0 -9.717354264958539 -0.39868862058161014 13034.77802126235 -10.287759099124942
14 720.1357341452111 196.5771481611699 0.38930715040078945 -0.7450172650415517 0.5076936881822798 25 1151.0 19247.0 -10.710907615782775 -0.5175619739194708 32040.87012001949 -11.264260753798286
15 569.0519443378694 217.804635852578 0.47973740371683826 -0.3823313292693773 -0.8362501764512843 25 801.0 11982.0 -10.196323288135865 -0.1722360181641467 20795.828069936513 -10.794940545587917
16 132.28096679831762 221.47857440902874 0.4770224575728661 0.08451691574005239 0.0878057730002388 25 801.0 9221.0 -9.91194505505594 -0.5715037138193172 13968.333540143774 -10.362861491754696
17 510.66329106775686 266.44580537382393 0.49327795659971746 0.019122407452241145 0.3758520628078367 25 574.0 7468.0 -9.683010773192603 -0.06523729296989733 10973.74564613384 -10.100887224313741
18 90.2109388650044 284.80146249633526 0.3669835992394665 0.8329416894254388 0.8912194335823085 25 771.0 12490.0 -10.24140609593534 -0.15170602508246864 23084.32373626185 -10.908292890643096
19 498.79009179651825 295.72620796601853 0.4150767367778676 0.27682903205969933 0.0034499888470055752 25 1907.0 24103.0 -10.955177751910213 -1.4697096368988043 29874.59420257216 -11.188255037042737
20 595.9410818630337 304.6237455085797 0.4369817777220092 -0.25839605372688457 -0.15832987740427326 25 470.0 5408.0 -9.332591707333949 -0.06823537114682672 6511.76589732827 -9.534246947406311
21 95.92503028774665 306.9455091646264 0.561351105260615 -0.08116442169558358 0.24026712553629687 25 659.0 5866.0 -9.420855146611334 -0.4512278003068159 7909.469430013028 -9.745368379620967
22 305.89084004562403 354.6454678222669 0.5726988571681606 -0.07151958914943284 0.4312563918599017 25 523.0 4552.0 -9.145505633467536 -0.18420622056934455 4258.621670644355 -9.073172649345182
23 507.0429101857904 363.27902470679743 0.5105999717407961 -0.03948187558398181 -0.093002384820525 25 561.0 5041.0 -9.256291743595376 -0.37815267192791424 4951.822367529665 -9.236912643046445
24 107.05553824360452 384.8146358067737 0.41472383212652236 0.2721018201888065 0.18362922656795155 25 733.0 9113.0 -9.899153425683739 -0.44533564899042377 14311.773166024142 -10.389233610694564
25 134.08510242659634 434.74534430976314 0.5673921188762975 -0.7837306671772192 -0.08774695760727261 25 571.0 5583.0 -9.367169069626073 -0.18706451198863175 8218.823766548168 -9.787024170294911
26 427.11184283288304 452.48455319703334 0.5582221750413695 0.596657205895401 0.10382886028846444 25 432.0 3739.0 -8.931888662885548 -0.02385916699520266 4794.84238684699 -9.20193583969077
27 286.15432181061334 475.3860114342671 0.585826410659763 0.3115234743501989 0.6838478088576625 25 1546.0 17608.0 -10.61427507386323 -1.075734723901088 30795.14627612924 -11.22120567829615
28 460.41083954766765 476.04411577182947 0.43674091944062887 0.11103679101458329 0.1370044951294661 25 1535.0 27769.0 -11.10890060122102 -0.6708729945098031 75191.54784464237 -12.190422562558417
29 507.110620282551 506.62383551255084 0.5719436296075213 -0.7179409193538759 0.26361937961618886 25 739.0 8446.0 -9.816627692722221 -0.34367652986766384 12395.373301404417 -10.233149026488672
30 579.6302252630118 517.3861108690594 0.46164175821150377 0.6371558891436747 -0.10388665753338876 25 662.0 10115.0 -10.01241471776706 -0.04071938487837975 17347.387883542513 -10.598085223297257
31 232.03512623931584 519.3467835780311 0.4360826948717399 0.5487985754349107 -0.12503099764444667 25 577.0 7043.0 -9.619394220980828 -0.23872760978915092 11094.687774309019 -10.112787712160788
32 309.0184104899776 545.7832704126208 0.38028708084894974 0.49436026200457966 0.1151314432303835 25 353.0 2580.0 -8.529049264908075 -0.16057165181143185 117.48581820476434 -5.174963614452738
33 50.99778711625093 559.2472494057814 0.4373235951004685 -0.8049822499877011 -0.2707960181924836 25 589.0 8671.0 -9.845172965558465 -0.00428457597095896 15956.37590706014 -10.507335647629056
34 689.244776437565 570.8784010253568 0.5064037891786699 -0.7294358005994703 -0.15633083424752586 25 395.0 3324.0 -8.804152537780183 -0.02000374353853352 3072.938417567016 -8.718884642441456
35 640.1559207611297 572.8982939144128 0.41297705738848284 -0.6355322854706047 0.1362678670449742 25 1007.0 15359.0 -10.465907350986827 -0.49872366673048624 24145.96292108663 -10.957111323468657
36 609.8681983689179 574.1699921331979 0.5172897889160436 0.7072809348014097 0.4899840648889865 25 576.0 6907.0 -9.598223640015368 -0.08842639998189135 9749.604962822872 -9.972467547979205
37 335.52099291797686 578.6650321188918 0.39857406808662443 0.293466453865694 0.017399946036040382 25 519.0 6614.0 -9.55116047644421 -0.09686727572635542 9937.128985602996 -9.993152317679993
38 73.60701902847359 601.567984652501 0.3749811494275876 0.4471589549680776 0.12074551235651151 25 767.0 10185.0 -10.019902583340457 -0.4832343419816592 13591.600751993043 -10.333176522040466
39 591.9103595970684 604.3059249830856 0.4911048576348924 0.04900472878245562 -0.11942845965388808 25 616.0 7287.0 -9.656371923811983 -0.2610841948966879 12081.632339915095 -10.205314038594613
40 153.40304667992064 614.2097896179666 0.44571869175796447 0.1634177103550369 -0.3004763247493653 25 778.0 11446.0 -10.146634353930926 -0.20220711994427648 17632.41599957285 -10.615779558881435
41 463.3228573948661 624.822920584628 0.5092371141893499 -0.7941989591545219 -0.023456618727089734 25 1507.0 22995.0 -10.904083534775141 -0.818197308295811 44512.824981113234 -11.621212893523467
42 484.40483863733135 626.999121713139 0.48740469001080966 0.15353799631736523 -0.03601261689913932 25 410.0 3316.0 -8.80153630469559 -0.09177190238818275 2505.666441795081 -8.497308141376452
43 653.997397899871 633.8937043310942 0.3731576861340544 -0.050041852939129376 -0.002950289470294236 25 601.0 6581.0 -9.54572972699999 -0.49838356475711804 9854.550334681107 -9.984092030284945
44 445.4327592008211 637.8522097139274 0.48091210791177447 0.11689721663125953 -0.19310810169313544 25 487.0 4734.0 -9.18807063398266 -0.14634264503434932 2817.3876031446484 -8.624616498301368
45 657.9562250620246 640.1846580415507 0.4844004626427307 0.14925457246642773 0.6589840181044115 25 1181.0 14410.0 -10.396659952034973 -0.8997427612352072 20629.544592015904 -10.786224102002977
46 509.88079767115204 642.9461953257164 0.508004888451059 0.3022151982009716 0.3907580324268746 25 664.0 5981.0 -9.441934506030268 -0.5177107491856586 5163.176534047834 -9.28229243563382
47 25.005897235226794 665.3066425226202 0.45199350703040425 0.2919533098191777 0.10477146428252601 25 542.0 5544.0 -9.359558054009376 -0.2546074756637643 7141.548671595636 -9.634481000938088
48 646.9466325113265 679.7749932072129 0.40024126308042507 0.5029837423199268 0.06808034949893063 25 459.0 5908.0 -9.42860121659978 -0.0028271419304913194 8827.023879157105 -9.86453575364183
49 335.709873101082 706.0702049400796 0.44880448436407966 -0.2099946837856133 -0.045282995083259635 25 574.0 5604.0 -9.371245316534342 -0.3915620545571983 6877.312781087753 -9.59354694140305
50 658.1516224838505 707.4219605971791 0.5118996256048284 -0.087827019933029 0.23471451485988457 25 665.0 8073.0 -9.767587381208543 -0.21605773976784634 10408.671641980849 -10.043488270613965
51 586.4417960785114 715.5585774642442 0.49347893935238824 -0.09478300041020901 0.18325502459999488 25 593.0 5273.0 -9.30514442832866 -0.412715498107041 6316.77713091073 -9.501238885870901
52 630.2059694769929 721.0818808177253 0.3878889535725173 -0.07184577639891356 0.20832094706893103 25 800.0 11257.0 -10.128556665222586 -0.46798236463332976 17099.727157007423 -10.582472952127835
53 46.67841053535075 724.5192738600007 0.5150003359689297 0.6185980889823285 -0.16636331642558544 25 620.0 6338.0 -9.504880587135705 -0.4117272593227317 10462.532599156513 -10.049092060445162
54 601.221929103564 744.3969265611374 0.43350543145123477 -0.5682251337348756 0.4361695968128937 25 727.0 10390.0 -10.041538868892943 -0.28621538030777344 20503.85465048974 -10.779588786306398
55 485.5815742760177 758.1951852799483 0.5071965561497813 -0.560523920026105 -0.1877056235380364 25 627.0 8495.0 -9.82290845801266 -0.06191849769766067 19559.297500669374 -10.728383131105739
56 679.0510858603291 771.9992664079382 0.481614475923253 -0.2062295902377158 0.16338170083146156 25 749.0 11020.0 -10.105453986289417 -0.1813907324316717 22096.19968972975 -10.860793965241966
57 748.8987432250904 773.9066208884111 0.3843234201477409 -0.7811131867329014 -0.15897806903084488 25 439.0 4915.0 -9.228808805420387 -0.08776285697332528 7067.516514938709 -9.623167079988566
58 603.9382764124681 777.7812131144038 0.38855333699477274 0.707586798867322 0.22364977222147533 25 384.0 3787.0 -8.945738262802065 -0.03833226496887519 5032.920767323453 -9.254550233510697
59 0.512204277445756 779.3857796243275 0.7225128773082975 0.24258472631818884 0.6535404272565734 25 544.0 3284.0 -8.791007871118508 -0.22236027593346408 2411.6515383402043 -8.455786391020263
60 595.7929169464891 779.0040819819966 0.4360711636713763 0.7047193140185403 -0.2526408384405944 25 542.0 6998.0 -9.612434845367218 -0.08713476493779868 13940.196582893035 -10.36067224542788
61 663.3736618828634 788.0880522601343 0.42300109123643465 -0.09516772182058064 0.12774053373152924 25 717.0 8836.0 -9.865639267998493 -0.5009484707416433 16188.047351155723 -10.522986165156798
62 559.8292798048268 811.6491516339194 0.4702069829768696 0.13618501538241742 -0.10918062252186166 25 487.0 4934.0 -9.232997862884293 -0.1679457097675882 5830.600616451522 -9.414283235514706
63 23.338657177597607 830.0409733450067 0.3629886860092183 -0.27025413062530534 -0.13790181863704226 25 565.0 5885.0 -9.424366167948634 -0.4658565808628661 7255.031102250541 -9.651598196485327
