test_CNN/outputs/tables/00379_b29650m0s0_sources.ecsv
# %ECSV 1.0
# ---
# datatype:
# - {name: id, datatype: int64}
# - {name: x_centroid, datatype: float64}
# - {name: y_centroid, datatype: float64}
# - {name: sharpness, datatype: float64}
# - {name: roundness1, datatype: float64}
# - {name: roundness2, datatype: float64}
# - {name: n_pixels, datatype: int64}
# - {name: peak, datatype: float64}
# - {name: flux, datatype: float64}
# - {name: mag, datatype: float64}
# - {name: daofind_mag, datatype: float64}
# - {name: aperture_flux, datatype: float64}
# - {name: inst_mag, datatype: float64}
# meta: !!omap
# - {date: '2026-06-11 15:15:30 Eastern Daylight Time'}
# - version: {Python: 3.11.15, astropy: 7.2.0, bottleneck: 1.6.0, gwcs: 1.0.3, matplotlib: 3.10.9, numpy: 2.4.6, photutils: 3.0.0, scipy: 1.17.1,
#     skimage: 0.26.0}
# schema: astropy-2.0
id x_centroid y_centroid sharpness roundness1 roundness2 n_pixels peak flux mag daofind_mag aperture_flux inst_mag
1 605.7253063348236 7.340654364294352 0.33503007000616775 0.15303066088698508 -0.1966665225041191 25 1590.0 32008.0 -11.263146345927353 -0.28544933346886425 86961.76046232798 -12.348320807667296
2 356.7435913428236 35.80909172108738 0.5161221678994886 -0.4919876950064105 -0.37325041884684224 25 727.0 8406.0 -9.811473464173545 -0.2787046621956747 14061.769794420683 -10.370099959529707
3 113.83874623470183 88.21985549680872 0.41220536965858534 -0.6034195287684336 -0.5932996797880229 25 3178.0 70944.0 -12.127289178585984 -0.29784639110563144 194600.2756632054 -13.222858627843731
4 822.0132723095593 88.14301265591303 0.5645929730431681 0.006531059224771938 0.11409442185895227 25 569.0 5617.0 -9.373761059690356 -0.016435857520312142 5795.2007686860925 -9.407671215598969
5 130.3058117786821 93.43617898484197 0.4184521356450044 0.37489492262905333 -0.3239071817701853 25 2782.0 60193.0 -11.948864972408067 -0.32007554046602515 146188.20210347517 -12.912280812400947
6 791.8113787400334 103.90062591595007 0.3685269283895777 -0.11464186817854001 -0.4429975157178788 25 2123.0 45916.0 -11.65491011803092 -0.07198667348884033 138069.0774727652 -12.850241057657767
7 823.7460510213441 134.17006589437784 0.4297282033240507 -0.07724223996715644 0.024234590405581635 25 1010.0 8796.0 -9.860713051721882 -1.0127856991941702 9536.835922103743 -9.948510777038555
8 39.891489417657034 137.2766814365951 0.49321077414447195 0.07988272764654801 -0.31875747775169616 25 2121.0 44043.0 -11.60969223346225 -0.171569161096406 132033.27118381363 -12.801708458143668
9 44.93697786729193 139.6965001973251 0.39511986306543934 0.2832575060752718 0.04149177475079715 25 1832.0 38453.0 -11.462325569876828 -0.07453848209419549 122898.42351607361 -12.723865779985434
10 257.67721923778896 149.34070959373665 0.4140163607387257 -0.07400400464414343 -0.2281262144521831 25 531.0 4964.0 -9.23957943206673 -0.2967835005468083 5571.91740407085 -9.365011674969313
11 782.6648915094355 162.55067295474768 0.5070129015268169 -0.5959460556172957 -0.6975188291750054 25 1474.0 27871.0 -11.11288137824995 -0.1602160989734536 71610.64403349013 -12.137443948976465
12 151.8891825348093 232.89683945113146 0.421860488483264 0.029819315588056967 -0.5414245229046598 25 2598.0 56916.0 -11.888085926748742 -0.17473024441780682 198439.71852169948 -13.244071505840836
13 490.2107033309815 238.63490904514052 0.3939152332564996 -0.27832521524810594 0.8477064144693885 25 1348.0 24992.0 -10.994502530493016 -0.4475037488068973 51442.662373714935 -11.778308592650646
14 200.3277134744074 268.5092957229035 0.5017639533782747 0.17404501490128765 0.1485659564696383 25 1629.0 17225.0 -10.590398076449159 -1.229236259244959 18636.41665077909 -10.6759060283071
15 479.3908127215581 269.04344515086945 0.7829815128606317 -0.20835910554018927 -0.7158449003436251 25 460.0 1742.0 -8.102620376679111 -0.0071206539947914855 2180.9263738594946 -8.346602511073906
16 301.259908711135 293.96528971480996 0.5963723853811042 0.6761099497188097 0.16454515913423207 25 925.0 11057.0 -10.109093273981426 -0.44238529906389157 28380.239593440707 -11.13254014391269
17 170.8937211595915 321.0104490314668 0.42978048585606177 -0.41637042887220077 -0.009256123172758807 25 436.0 3549.0 -8.875264998368982 -0.1394358903401413 2199.7722142212187 -8.35594428020496
18 711.8456645833124 347.968529901346 0.48496128858507465 -0.6705663985328781 -0.9281841606657428 25 2738.0 58990.0 -11.926945990422869 -0.2125892040452679 187983.15123910506 -13.185297313959781
19 719.8371288125156 350.984519216511 0.39743210220070685 -0.46525895643867965 -0.4596581568919122 25 2676.0 58523.0 -11.918316451957303 -0.24957994678411174 219884.62134307768 -13.355487140030057
20 213.8199023820269 360.29182120688193 0.5487350434183937 -0.2191954181773603 0.24450901859211024 25 554.0 4222.0 -9.063795572429093 -0.28887177650540485 6552.529897915941 -9.541022528060441
21 602.8976841913114 366.8748102998551 0.7520517501287379 -0.19851111127653673 -0.06333363979991413 25 620.0 3303.0 -8.797271434228534 -0.28018469779277305 2733.4627851663595 -8.591782913872475
22 83.98134088078541 385.05605498481367 0.4455881103350467 -0.13884288962509095 -0.25504899205509957 25 719.0 7426.0 -9.67688736222535 -0.4778558738828983 8605.875439572495 -9.83698763966212
23 421.1461564273522 394.7630207283388 0.42717822729252636 0.5022088245595777 -0.4873924635379919 25 2749.0 61393.0 -11.970297139795921 -0.05208135081390086 173710.64637364546 -13.099566090729667
24 410.7188249321925 394.0796627984362 0.4544859566842402 0.06206424489103316 -0.7477368282432851 25 2111.0 44979.0 -11.632524489281401 -0.06718337562715164 117445.33047726438 -12.674589385728476
25 780.4987704902604 409.6422228349549 0.5276917935131009 0.20577578838006147 -0.8066012752284131 25 1169.0 21976.0 -10.854871616031263 -0.009873900026475346 74128.67721437047 -12.17496562610952
26 80.09284875006986 430.6897332338289 0.45447553496313436 0.3230246755952261 -0.0055628713200656 25 912.0 12966.0 -10.282015043167211 -0.3564668708267052 19661.105962793157 -10.734019859532367
27 102.4293943646443 431.48385456050795 0.7080662826933843 0.14713066666971494 -0.10327398509012191 25 917.0 6930.0 -9.601833086529517 -0.5946807763157237 8078.151182476142 -9.768279941811574
28 87.01557111299469 461.9176732672499 0.5121663269652856 0.22751898145764443 0.3371500477951714 25 619.0 5287.0 -9.30802327601278 -0.36878789171386867 4344.964059466302 -9.094965471041105
29 459.7612931557678 467.2322929972525 0.39418809675072736 -0.26300106961348363 -0.30663479307397074 25 2736.0 59926.0 -11.944038224864283 -0.20033333934690445 157615.76659127718 -12.99399914648001
30 473.188759039573 469.00787006941914 0.41588888903041593 -0.3031587604603533 -0.42447361472776607 25 2749.0 60654.0 -11.95714861731995 -0.20390177824455266 157255.9092239063 -12.99151743489766
31 220.7145742733808 494.3752066276032 0.3478880268363649 -0.6777466061348334 0.12385655183760702 25 560.0 6989.0 -9.611037601184561 -0.230646159342147 11158.526426271821 -10.119017115716884
32 60.5052804678633 523.917708959886 0.5704188142916843 -0.4931711937945709 0.3488069332213044 25 467.0 3358.0 -8.815201729505075 -0.10720986307215061 3914.515391603431 -8.98169501254979
33 296.29884712128455 531.6681533552822 0.4036087758569764 -0.14749877424569732 -0.09270922119397959 25 447.0 4481.0 -9.128437359782609 -0.10062945172783772 6146.099552442201 -9.471498976331224
34 277.69665799466134 536.6435101320201 0.4958714242320025 -0.5915102436640989 -0.5618061090768867 25 737.0 7113.0 -9.630132021744625 -0.5061301160365351 8520.573748147273 -9.826172099377088
35 352.802109098808 588.892329742592 0.424399333029147 -0.5344127041689544 -0.03341013498919296 25 585.0 4478.0 -9.12771022310753 -0.5214259399489972 4549.3643364289555 -9.144876796880656
36 472.47256876520385 615.1974691122549 0.7056934292885024 -0.21724952335998454 0.03963629361120034 25 599.0 2977.0 -8.684447086616812 -0.35153071769868893 2861.9657841047833 -8.641661093245528
37 89.80393364537683 633.036780750351 0.41145101761132685 0.10691986433346591 0.12770962020915994 25 478.0 5516.0 -9.354060643759532 -0.04517710806796367 9690.001803262066 -9.965809644677144
38 87.21786530332162 715.5805259933312 0.38117719962342206 -0.05797447172238555 -0.1997103258880182 25 1972.0 41897.0 -11.555457316956876 -0.23592724676932542 131956.0565413806 -12.801073320837624
39 93.21874615635062 716.7849640227447 0.4335929096114063 -0.26319596984211335 -0.6101026952947544 25 1934.0 40623.0 -11.521929982023009 -0.150606042608446 97783.89938850923 -12.47566837975117
40 223.643606295291 718.7469593454755 0.5078063554413509 0.27954582768524266 -0.03964155298007135 25 443.0 3712.0 -8.92401991886706 -0.0025963323651378768 4289.024918590234 -9.080896423580196
41 184.41152052300177 720.3365986238734 0.37123298673710586 -0.8499395852146286 -0.2477206962128356 25 434.0 4632.0 -9.16442137679845 -0.08475352434735765 7217.492663440641 -9.645965877734904
42 18.749544616027194 735.9043971566219 0.4243805793136556 -0.02656552145113387 -0.36144314522010623 25 2371.0 50750.0 -11.763590116463128 -0.1994237503786494 132231.27580295893 -12.803335470366054
43 798.6026835090217 797.6485543507478 0.40350008626195666 0.45940969584710584 0.044688646576878044 25 684.0 6569.0 -9.543748154669396 -0.5558649677618902 6060.652410767369 -9.45629844290144
44 629.0907297782264 800.6211354819599 0.4164484902157602 -0.7119336836944293 -0.13292779382786973 25 450.0 3015.0 -8.698218291190425 -0.3101718811140248 1602.8950685769241 -8.012262731915282
45 491.76686353801335 808.3796259792214 0.5975936838393221 0.6764522594872852 -0.17227735771586905 25 418.0 1846.0 -8.165579241724734 -0.12916073078102966 2985.4034864724053 -8.68750758917133
46 76.45962457879067 827.4993280977684 0.4509701151261208 -0.5487674077373665 -0.341488236508065 25 2254.0 46145.0 -11.66031162580736 -0.3696364419274862 169177.84541964333 -13.070858724151627
47 346.0472577314027 833.3697710654563 0.3723267566590945 0.25767735354524246 -0.6182506703004514 25 438.0 4358.0 -9.098218064775592 -0.129517595927119 5794.444824007272 -9.407529579428788
