test_CNN/outputs/tables/00370_b29272m0s0_sources.ecsv
# %ECSV 1.0
# ---
# datatype:
# - {name: id, datatype: int64}
# - {name: x_centroid, datatype: float64}
# - {name: y_centroid, datatype: float64}
# - {name: sharpness, datatype: float64}
# - {name: roundness1, datatype: float64}
# - {name: roundness2, datatype: float64}
# - {name: n_pixels, datatype: int64}
# - {name: peak, datatype: float64}
# - {name: flux, datatype: float64}
# - {name: mag, datatype: float64}
# - {name: daofind_mag, datatype: float64}
# - {name: aperture_flux, datatype: float64}
# - {name: inst_mag, datatype: float64}
# meta: !!omap
# - {date: '2026-06-11 15:15:28 Eastern Daylight Time'}
# - version: {Python: 3.11.15, astropy: 7.2.0, bottleneck: 1.6.0, gwcs: 1.0.3, matplotlib: 3.10.9, numpy: 2.4.6, photutils: 3.0.0, scipy: 1.17.1,
#     skimage: 0.26.0}
# schema: astropy-2.0
id x_centroid y_centroid sharpness roundness1 roundness2 n_pixels peak flux mag daofind_mag aperture_flux inst_mag
1 721.2071916370328 11.59967388024323 0.5211827611656743 0.08506506792569264 -0.02041146102806336 25 355.0 3405.0 -8.83029279062201 -0.01861498785787664 4559.4023728848415 -9.147269802292826
2 561.8182829366278 73.03952741016387 0.4932399972109737 0.34174056754098314 -0.06977459336996217 25 729.0 7235.0 -9.64859633863764 -0.8494287078973378 9869.081596552722 -9.98569184922543
3 126.0351369516276 87.71391752296843 0.4896623643978101 0.21752230122616226 0.7787225627730485 25 2885.0 65657.0 -12.043202587652091 -0.12740179895668843 192255.29106585207 -13.209695752186047
4 306.59573632446586 96.24672605318547 0.6524584989645655 -0.03969363423241931 0.005892979211363453 25 920.0 6684.0 -9.562591103053384 -1.0558635915260042 8443.61533313454 -9.816321099692333
5 114.49342443524338 101.12096075239269 0.43715124338327666 -0.34149610676809283 -0.5039129942989137 25 2560.0 56073.0 -11.871884480516963 -0.43873747805562924 181953.2451357465 -13.149899514081259
6 538.2659365324005 106.01231948546861 0.47479574167050614 0.15820854785577068 0.1206145637575349 25 398.0 4627.0 -9.163248748749742 -0.025922042978205346 6087.737195390448 -9.461139739721961
7 789.9797246552099 205.16626848076532 0.37895742272205407 -0.37307638186956443 -0.3376893920036621 25 483.0 5905.0 -9.428049754873834 -0.33921555228607964 7544.081644163653 -9.694015949527941
8 268.3828084236177 230.16781275915932 0.3746348902451645 0.8331733055623503 -0.0414356497392166 25 524.0 4967.0 -9.240235399988059 -0.7092388572152674 5873.66783960544 -9.422273457992802
9 29.07836793135092 233.5861120327919 0.6176676362071107 0.4222997434966821 0.49036416072574196 25 495.0 3858.0 -8.965905558269665 -0.35017565277692886 5600.365062387524 -9.370540844039134
10 438.24847026370884 255.1562529945974 0.6689048908632774 -0.3946785986348254 0.4753107215928712 25 433.0 3578.0 -8.884100840578386 -0.12215033845580162 5709.8468947152305 -9.391561157798598
11 745.6299391674588 295.7442569870221 0.5730770460314123 0.7128204068192387 0.06243956062343312 25 296.0 1979.0 -8.24111448551599 -0.0158967633866296 1482.947393950534 -7.927814362867277
12 350.3406581482153 311.294540337574 0.4823217436382466 -0.18381045406920885 0.10262056769728505 25 624.0 6246.0 -9.489004949735449 -0.631007270298866 6717.485332540108 -9.568016817087969
13 609.9576725761583 349.33488371240674 0.6245404287843281 -0.2452725605121599 0.16746439395661786 25 417.0 2829.0 -8.629082368642477 -0.2624168487562439 1848.3084862330109 -8.16693614379013
14 334.17983036606955 351.9387250359561 0.4360403940720502 0.5360706495505886 0.026320911741494014 25 371.0 4262.0 -9.074033613445458 -0.016827645084601692 5520.308634514651 -9.35490839836267
15 166.05481095304145 382.12171433518046 0.5569981520898342 -0.16518464523380597 -0.12989331647333274 25 807.0 6996.0 -9.612124502016597 -0.9515083311422026 10354.554906471758 -10.037828588392907
16 731.4901397337798 388.10207149894165 0.41397242743896306 -0.1457318085227562 0.28940151537327463 25 372.0 4277.0 -9.077848125642028 -0.05426715703475241 4732.487012865513 -9.187723577060488
17 304.151990705003 428.30494057362165 0.5597422595700431 0.3109963058386339 0.4376393629479252 25 449.0 3978.0 -8.999161946971041 -0.3025478731492567 5200.994288116778 -9.29021594205065
18 395.7983787041549 441.2339366914465 0.6462966165824849 0.5135743648974574 -0.026688442621067322 25 410.0 3092.0 -8.725598713115719 -0.1516744874628517 4809.969701084101 -9.205355851696831
19 387.23034637649647 462.9983619343605 0.49334139657815224 -0.07151850036976687 0.44901641776295664 25 551.0 5267.0 -9.303908295893702 -0.533683137812845 5921.8373247740365 -9.431141182437596
20 245.69104006758442 482.9720129150906 0.4924351425182103 0.9534740857264927 0.2598952718635458 25 342.0 3015.0 -8.698218291190425 -0.09218022063248138 3434.8358637447677 -8.839764971994695
21 28.248342009856316 491.1341084601267 0.5451565297920667 0.20642213702027748 -0.38744257462582016 25 504.0 5849.0 -9.417704053408306 -0.1840907483638402 9789.41358229468 -9.976891692326696
22 267.41418523091096 508.1189889957797 0.5997842936341256 -0.0497813976794836 -0.07641710849734079 25 417.0 3727.0 -8.9283984818846 -0.0876799971000716 4096.346805323269 -9.030991794518004
23 676.6216309014629 527.1969533779891 0.47569313158304233 0.7943228401048977 -0.10854548614502964 25 802.0 10426.0 -10.045294301477501 -0.6870439336194127 15933.252938061669 -10.505761126387373
24 765.6743656341661 539.7452376951942 0.5177776533555409 0.3493904060203264 0.17916953888365006 25 409.0 3889.0 -8.974594857868649 -0.18409597134214087 3046.044171424347 -8.709340492137912
25 67.54412805311163 569.1883263543282 0.45658828737863194 -0.34926912450693043 0.09278640004433554 25 308.0 2426.0 -8.462226991326386 -0.12719994803211465 3613.0163412188836 -8.894674814579576
26 747.8017235738215 577.7287290948531 0.3863648797160014 0.03027194524803627 0.14210792955321538 25 373.0 3067.0 -8.716784439956214 -0.3836418620838192 1112.605220530329 -7.615852733480375
27 768.0669607582719 606.3522551981916 0.36735054296644737 -0.4739616394366537 0.027306581260680633 25 482.0 6000.0 -9.445378125959108 -0.3480791310354874 8526.437204300913 -9.82691899475949
28 507.1473484634705 629.5965499337022 0.48966853949299405 0.785357835377736 0.05597055283136275 25 436.0 5160.0 -9.281624254068028 -0.08998939048816168 9159.658913968746 -9.9046982544373
29 745.0383730625274 694.1758153276251 0.35668774374025763 -0.48385720448901 0.4341178105500628 25 558.0 7994.0 -9.756910359810215 -0.2772905710410433 10001.130276817014 -10.000122711311406
30 76.37803284283862 735.5634049238276 0.5781761293961878 -0.7746065777894874 0.3038725653556319 25 543.0 6074.0 -9.458686968955616 -0.259465949951155 8985.316246332743 -9.88383341775278
31 690.8755853458025 742.2186529446691 0.37876871150776814 0.5903927033337786 0.46853829649728634 25 708.0 9722.0 -9.96938904184631 -0.6440427582160125 18482.69320573456 -10.666913136794587
32 525.3921698567145 744.9008596897818 0.4486439984254603 -0.6557332317325337 -0.39318312334323985 25 349.0 3781.0 -8.94401669340634 -0.03306319041672 7018.906287608844 -9.6156736100033
33 120.33110664440039 749.9456826271643 0.5235043407802248 -0.18598700570195084 -0.047762162722456314 25 521.0 4981.0 -9.243291354330958 -0.4399806610531523 4829.825327048229 -9.209828561417693
34 747.5546337761747 799.9226507440221 0.5884547164814711 -0.8409815759176152 -0.48942957323207403 25 417.0 4432.0 -9.116499379300933 -0.006522679762801879 7009.872962978021 -9.614275368747759
35 721.8738448526012 808.4493135456271 0.6320397218859632 0.14603999109223084 0.03723971213427994 25 443.0 3136.0 -8.740940135031002 -0.32487661849624916 4662.394387054206 -9.171522518133514
36 658.7399657714927 811.2393603822368 0.5129648027603694 0.2303000958026466 -0.03821027044297227 25 403.0 3797.0 -8.948601492849493 -0.1625896506754608 5575.218913677496 -9.365654812096722
37 40.9357476575228 814.8072499549758 0.6172974204992294 0.3956238804222612 0.2897021082288262 25 359.0 2802.0 -8.618670327374389 -0.03967140033290942 2465.9230292961397 -8.479948791280208
38 624.5451998645093 827.1155462004156 0.5216644633886897 0.2997090811607428 -0.043884243830921724 25 437.0 4283.0 -9.079370185991424 -0.1974587995586863 4313.972217009619 -9.087193359543653
