test_CNN/outputs/tables/00383_b29985m0s0_sources.ecsv
# %ECSV 1.0
# ---
# datatype:
# - {name: id, datatype: int64}
# - {name: x_centroid, datatype: float64}
# - {name: y_centroid, datatype: float64}
# - {name: sharpness, datatype: float64}
# - {name: roundness1, datatype: float64}
# - {name: roundness2, datatype: float64}
# - {name: n_pixels, datatype: int64}
# - {name: peak, datatype: float64}
# - {name: flux, datatype: float64}
# - {name: mag, datatype: float64}
# - {name: daofind_mag, datatype: float64}
# - {name: aperture_flux, datatype: float64}
# - {name: inst_mag, datatype: float64}
# meta: !!omap
# - {date: '2026-06-11 15:15:30 Eastern Daylight Time'}
# - version: {Python: 3.11.15, astropy: 7.2.0, bottleneck: 1.6.0, gwcs: 1.0.3, matplotlib: 3.10.9, numpy: 2.4.6, photutils: 3.0.0, scipy: 1.17.1,
#     skimage: 0.26.0}
# schema: astropy-2.0
id x_centroid y_centroid sharpness roundness1 roundness2 n_pixels peak flux mag daofind_mag aperture_flux inst_mag
1 629.5044962670879 20.507963564066095 0.3695442229118795 0.026091427807187723 0.45652357182805087 25 554.0 6471.0 -9.52742849955552 -0.34634668089855386 8879.014372172076 -9.870911897418264
2 739.0065528904234 35.798311765603025 0.5157382980224348 0.3051295502078525 -0.0821460899314195 25 485.0 4506.0 -9.134477968469529 -0.15405367806043962 3360.992546200939 -8.816168873298514
3 718.84868091144 84.65513220437033 0.5829019342369017 0.42783026882608616 0.11158392179326872 25 604.0 5491.0 -9.349128609273441 -0.33165553173161055 6199.779465668585 -9.480940603363926
4 769.4401277634802 112.05024571802312 0.517210159763073 0.7017833431820131 0.18260799352024418 25 651.0 6475.0 -9.528099431883224 -0.45684046408278417 7449.833745997138 -9.680366452339964
5 662.6854530096347 192.36792865103183 0.5617551332745913 0.3840794606481121 0.0167314304067951 25 878.0 9683.0 -9.965024829633153 -0.604117644104704 13105.908535053728 -10.2936678318223
6 582.6351920374552 198.16335747819392 0.39061328888696556 -0.6081982116083194 -0.19518322321429588 25 663.0 8703.0 -9.849172458805816 -0.3439713507807482 13758.14445261685 -10.346399662450523
7 359.3913988351764 257.03634599942313 0.49670129362570054 -0.08121538681024884 0.05684113816580774 25 613.0 8328.0 -9.8013517912562 -0.07582386577783291 14208.794026589285 -10.381393046714603
8 27.379024587550244 264.7285510609116 0.38152870722006166 -0.39440336273029053 0.025217137035620254 25 1089.0 15456.0 -10.472742772678545 -0.8203623230003582 24398.42435466683 -10.968404451485252
9 667.4390060391403 296.95768623902075 0.48877815491428045 0.32751377165422957 -0.38372139932710964 25 569.0 6509.0 -9.533785678854708 -0.20268286806828595 8847.679280233584 -9.867073428733704
10 63.33366660986985 348.62336127570586 0.46020631173770354 0.09129555009276857 0.026006672696287234 25 797.0 9150.0 -9.903552735166121 -0.6330126123986877 13461.204236283806 -10.322709783779857
11 658.7347286631144 374.7565838906378 0.4322311416164301 -0.1324227735180542 -0.21008398212298005 25 512.0 5237.0 -9.297706434753715 -0.3014509346258259 6365.421440619976 -9.509567906571432
12 181.22298388367665 459.88285547981695 0.3616639373620473 -0.24430343841890556 -0.0030774027916058147 25 491.0 5578.0 -9.366196274825077 -0.2767907307079353 6755.051889746698 -9.574071723640905
13 95.22656919399977 484.1105795554871 0.3866634059697194 -0.1290201358327862 -0.02825483034621449 25 1661.0 30987.0 -11.227948830359995 -0.5568629362148286 55001.74479796333 -11.850941166649626
14 682.3362030553467 506.2590895986671 0.5067034499006335 -0.6858352677287237 -0.20768610751168723 25 472.0 4340.0 -9.093724323781277 -0.16202330134108267 6303.4833634089155 -9.498951527377905
15 663.1370452891251 546.8103597952978 0.5186204639892122 -0.04452757005663133 -0.09102722223522054 25 629.0 7626.0 -9.70574200234413 -0.1674563849393404 9729.753830403444 -9.970254631130839
16 715.1084291330891 573.8268353310931 0.5743159549358358 0.0313216681844825 -0.030936737084640762 25 829.0 7807.0 -9.73121044841172 -0.6653780090834392 8610.373096823596 -9.83755492578312
17 138.9409271190505 748.9636750105826 0.44404877720072733 0.3028877322311575 0.05810799141864797 25 620.0 6906.0 -9.598066435033589 -0.4119195145716079 8217.858093503366 -9.786896593914614
18 272.32884094017 794.0698484486478 0.4675852505944626 0.6676162940692728 -0.1827930842623485 25 1168.0 19840.0 -10.743854169545399 -0.4178444079444163 38359.958722651805 -11.459695327937506
