test_CNN/outputs/tables/00382_b29973m0s0_sources.ecsv
# %ECSV 1.0
# ---
# datatype:
# - {name: id, datatype: int64}
# - {name: x_centroid, datatype: float64}
# - {name: y_centroid, datatype: float64}
# - {name: sharpness, datatype: float64}
# - {name: roundness1, datatype: float64}
# - {name: roundness2, datatype: float64}
# - {name: n_pixels, datatype: int64}
# - {name: peak, datatype: float64}
# - {name: flux, datatype: float64}
# - {name: mag, datatype: float64}
# - {name: daofind_mag, datatype: float64}
# meta: !!omap
# - {date: '2026-06-11 11:14:57 Eastern Daylight Time'}
# - version: {Python: 3.11.15, astropy: 7.2.0, bottleneck: 1.6.0, gwcs: 1.0.3, matplotlib: 3.10.9, numpy: 2.4.6, photutils: 3.0.0, scipy: 1.17.1,
#     skimage: 0.26.0}
# schema: astropy-2.0
id x_centroid y_centroid sharpness roundness1 roundness2 n_pixels peak flux mag daofind_mag
1 613.0902241356623 1.534474062022706 0.28723953898380405 -0.2898423101604189 -0.8826604230979294 25 1453.0 25552.0 -11.018562246986018 -0.6418877664825563
2 763.2946254795627 6.2287490817974245 0.5883240631672741 -0.7843804116285853 -0.607381052675805 25 883.0 11315.0 -10.13413639572687 -0.1906840730062455
3 778.9280589234803 6.1442631065272595 0.45177422001034695 0.16561014327160214 -0.1764798660220006 25 580.0 6448.0 -9.523562571992585 -0.10392559309014643
4 636.6713871492345 26.14540703644601 0.4299490337571713 -0.013007795413823381 -0.13538794914946775 25 503.0 4138.0 -9.04197621582429 -0.14562087074502936
5 121.17529357611923 29.441329874266724 0.67014002268075 -0.4649068671201421 0.43353540176540545 25 834.0 5787.0 -9.406133705908868 -0.4878200181175977
6 386.9267024763454 32.71041300542298 0.6481585565649775 -0.7540796873500202 -0.518575477070536 25 596.0 4449.0 -9.12065601437011 -0.12773891281597388
7 735.1887797100203 60.85435757942735 0.5446803011597012 -0.22219180094827914 -0.3940396075019656 25 671.0 5920.0 -9.4308042668073 -0.2566998910773546
8 806.4665446990005 94.41256475051226 0.46920652741993363 -0.04407762760011538 -0.24017119020547353 25 1471.0 28288.0 -11.129005608332447 -0.1611318849207161
9 570.201557326799 110.86601154617442 0.6088660314124056 -0.14917268282060453 0.30146076326959986 25 732.0 5180.0 -9.285824399363083 -0.4357783341234625
10 500.8350880842186 128.09657915186446 0.5123082442914229 -0.12349122005895453 -0.19139456286591797 25 1288.0 11030.0 -10.106438781100477 -1.0223688425698905
11 602.0896050798638 142.76120936215517 0.5316374058637454 0.1798427428632895 0.7213485345328366 25 523.0 4080.0 -9.0266504077247 -0.14370970269184002
12 653.1066456780247 169.35913633070047 0.5106221740551469 -0.27012942818287217 0.3608767624104227 25 544.0 4189.0 -9.05527590090305 -0.15545692722019946
13 311.4400725838279 268.2652970729759 0.5278890623847533 0.33566506937351387 0.5865616741789534 25 940.0 14838.0 -10.428438416862353 -0.04802929744698926
14 720.5024667805525 275.66558515976664 0.47919243816437684 0.08397905530819018 0.27250875598461666 25 469.0 3389.0 -8.825178922093444 -0.15572887654908252
15 133.0309484750641 335.9079389618184 0.5628935672856756 -0.07057431609397964 0.2741052391766446 25 591.0 3304.0 -8.797600096620862 -0.3504986673608062
16 760.6696191916747 370.03016269779096 0.41797017322638497 0.17329773512473653 0.3575918498444365 25 502.0 3888.0 -8.974315640635593 -0.2488279232867014
17 180.06626952580015 405.69775206924334 0.4197046239351235 -0.5196064058214352 -0.23041975092372788 25 3241.0 51288.0 -11.775039409689187 -1.4391964283367888
18 800.7648686235059 408.7436983712237 0.4536153216616062 0.1845721042885066 0.47047721897959227 25 608.0 5714.0 -9.392350590116811 -0.239843844862299
19 7.526921945913853 453.78662793669025 0.5178475225150221 -0.18352503751433533 0.06223346129126436 25 1075.0 10069.0 -10.007465852141964 -0.7642812720120948
20 247.92670721469824 481.67280041552056 0.6784039361611942 0.0330882077994858 0.3303172041161925 25 507.0 2503.0 -8.496152124020558 -0.0408913621745383
21 750.567928942207 481.73687197847073 0.6340489379870557 -0.34814441094861936 -0.15509659520305083 25 681.0 6712.0 -9.567129869551609 -0.1073545162789971
22 581.5407135700437 496.96487913203526 0.46806631613250566 0.41536325667788243 0.4051662288273941 25 805.0 6542.0 -9.539276349472408 -0.6201553265446792
23 372.21859655551265 607.7433416731782 0.5233146007218011 0.14952701071825591 0.11729027461448928 25 835.0 5618.0 -9.373954337163898 -0.7043255763209243
24 739.8135173147483 608.7402534934139 0.3790882142126519 -0.11350671884387421 0.08804248019310051 25 919.0 11976.0 -10.19577946833749 -0.48680282575688616
25 387.31304714808624 620.278152896262 0.572040696294424 -0.4336031721579819 -0.2104135735248837 25 553.0 4352.0 -9.09672221672531 -0.14232130888796704
26 147.46230549285616 645.3513855582332 0.41862833462698257 -0.06957615588354152 0.22008315674523207 25 854.0 10987.0 -10.102197811289466 -0.33336329254052066
27 491.3086978286698 649.5957093463747 0.5929750390585942 0.24483689807676096 0.31738237587854773 25 565.0 4327.0 -9.090467237996812 -0.11295600538037154
28 677.1683988069926 663.2562326205006 0.40315246693304274 -0.13803656671735018 0.25835845851035716 25 514.0 5766.0 -9.402186595130473 -0.023769400605506228
29 1.0922994914342976 686.4680447374265 0.4259734247458209 -0.34402576811340796 0.23270511677264077 25 450.0 3946.0 -8.99039270229043 -0.03364690815906478
30 282.18211126033316 704.9330422373188 0.6862781627418241 -0.0575498878461969 0.20404302544554248 25 906.0 6777.0 -9.577593714100063 -0.5215917176940247
31 641.0221911036548 781.9777147466184 0.5416827770384464 -0.1316096757147913 0.0594672823771423 25 624.0 5810.0 -9.410440330975828 -0.12873442496939275
32 166.4618633184374 791.8725279510486 0.6275604928234132 -0.03365308420284132 -0.07916350048662661 25 624.0 4422.0 -9.114046845606739 -0.1974519756489633
33 68.59706649438193 803.9012971813333 0.4258564993436399 -0.908147124280032 -0.5038677240324918 25 523.0 5707.0 -9.391019681372395 -0.09123931127952425
34 645.2266995900305 832.2263817671018 0.5681885056388664 0.17924519574937245 0.19163347331464942 25 1220.0 11276.0 -10.130387667998912 -0.9258125515264377
