test_CNN/outputs/tables/00391_b30286m0s0_sources.ecsv
# %ECSV 1.0
# ---
# datatype:
# - {name: id, datatype: int64}
# - {name: x_centroid, datatype: float64}
# - {name: y_centroid, datatype: float64}
# - {name: sharpness, datatype: float64}
# - {name: roundness1, datatype: float64}
# - {name: roundness2, datatype: float64}
# - {name: n_pixels, datatype: int64}
# - {name: peak, datatype: float64}
# - {name: flux, datatype: float64}
# - {name: mag, datatype: float64}
# - {name: daofind_mag, datatype: float64}
# - {name: aperture_flux, datatype: float64}
# - {name: inst_mag, datatype: float64}
# meta: !!omap
# - {date: '2026-06-11 15:15:31 Eastern Daylight Time'}
# - version: {Python: 3.11.15, astropy: 7.2.0, bottleneck: 1.6.0, gwcs: 1.0.3, matplotlib: 3.10.9, numpy: 2.4.6, photutils: 3.0.0, scipy: 1.17.1,
#     skimage: 0.26.0}
# schema: astropy-2.0
id x_centroid y_centroid sharpness roundness1 roundness2 n_pixels peak flux mag daofind_mag aperture_flux inst_mag
1 49.023539769400614 1.4347376309611044 0.37011774746239096 0.10932719726464019 0.5122325545120663 25 1272.0 16693.0 -10.556335983454284 -0.7337628407170551 34240.29700189374 -11.336343807778864
2 398.81599961603524 104.93437080753998 0.70902490229551 -0.3595308860362149 -0.03391408042928633 25 639.0 4814.0 -9.206265214847528 -0.009962855250626262 5542.867606235687 -9.359336263517076
3 723.315001385639 168.20137705012704 0.5356201824763438 -0.37110683435199276 0.4077448527176664 25 1784.0 19139.0 -10.704798106090632 -1.083671502897445 24738.61174886921 -10.983438311926978
4 329.0077140324402 188.49049356661433 0.5263941851292643 0.572826477248035 0.21057887197903144 25 520.0 3273.0 -8.78736501327001 -0.10734239181648357 6022.447752719045 -9.44943260249611
5 114.56239381605086 191.67637797125442 0.4669821754620326 0.6015240281550882 0.1588056842187321 25 692.0 6667.0 -9.559826137813909 -0.3112838339804198 9482.26554171437 -9.942280282879853
6 84.2053588605452 230.27272335785185 0.5873352371933357 0.02781280665180505 0.05252938778582091 25 752.0 5708.0 -9.391209911106523 -0.3211141615078175 5707.878176806765 -9.391186738495634
7 386.883083903572 300.09182224048953 0.5757354443776562 0.587714186105536 0.5295676252844647 25 893.0 11102.0 -10.113503057489606 -0.12468556347419073 20525.984128766086 -10.780759971902134
8 386.70987660383594 349.70180740643195 0.4759802624506284 -0.1314257802970606 0.38331477122510077 25 869.0 10799.0 -10.083458852932798 -0.201647957042501 18705.88517144488 -10.67994566010839
9 419.0943158566553 377.3679742618365 0.4647915736053382 -0.186299263330999 0.12648590891899741 25 726.0 9221.0 -9.91194505505594 -0.03021846558330755 15740.56640218244 -10.492550889453515
10 185.88853302259386 383.96900057584384 0.6761455704294771 0.5613761790527553 0.23025508675569448 25 635.0 4735.0 -9.18829995834823 -0.04392625518367735 6942.404914251732 -9.6037748505125
11 829.5882134779915 396.6910344182729 0.5029085620839746 -0.4918719454773044 0.027543268645926277 25 417.0 2042.0 -8.275139344377228 -0.030983943681177715 3126.576849506105 -8.737672769656912
12 378.3130330351412 420.9453930936737 0.41312314488072854 -0.7837398386108353 0.2665236018505418 25 1119.0 15630.0 -10.484897445047967 -0.468158346570381 29458.774954988912 -11.173036706796868
13 174.05988558250394 453.5370983146193 0.46793511829548357 -0.09958719289510369 0.7552178064558581 25 1765.0 22300.0 -10.870762157620401 -0.96778213899293 40458.6976363688 -11.517529746850567
14 277.3121071465369 461.5226734258597 0.5860338958330381 -0.10977208417635867 -0.08764370026867208 25 633.0 5326.0 -9.316002905257307 -0.10414651465383834 9993.287841839037 -9.999270991999028
15 172.70547106148706 468.3695875473781 0.493273127161049 0.3149507630521589 0.4219134804351241 25 811.0 9171.0 -9.906041733614378 -0.21424159261221085 16969.861032299734 -10.574195714640313
16 381.040105753687 479.3985206690648 0.45445593800528516 -0.30544737712176034 0.3651285211789705 25 1151.0 15891.0 -10.50287806913815 -0.43556642380083344 30182.255647920603 -11.199379233300611
17 684.6236556348122 509.5056084750191 0.4475850502897811 -0.08633200527527199 0.4005782665782645 25 597.0 6777.0 -9.577593714100063 -0.048650154759888146 8578.696613493117 -9.833553273069713
18 563.8074256413759 527.6025810736983 0.3613014798713523 -0.3522016639067517 0.22789146254251177 25 613.0 7023.0 -9.616306671040718 -0.1282815230597863 8067.126119991016 -9.766797116693592
19 26.198122763241912 576.8089413926325 0.35222859685503555 -0.6871151776334634 -0.009307145479399882 25 549.0 6518.0 -9.535285890322813 -0.041591590514178114 12854.909327398052 -10.27267254419174
20 250.03574671449297 587.8655888097434 0.4656996022308718 0.5961610744171979 0.08380390523334455 25 577.0 3654.0 -8.906921357541297 -0.3201416705969824 2638.0169249679916 -8.553193943905914
21 218.00353730250012 619.9687380003865 0.4136138222824357 0.10571259206998798 0.2628404657973949 25 709.0 8241.0 -9.789949785350561 -0.22929694730109546 12276.178566252343 -10.222657992364198
22 491.94604143842946 619.634036930132 0.3641063372071002 -0.4970943354605881 0.08821691719232706 25 774.0 11713.0 -10.171670358214747 -0.04401177112921192 21532.4847629008 -10.832735371417899
23 151.92240581190381 626.2525467936982 0.34521212717046756 0.5243263547410567 -0.1970026499554149 25 730.0 10472.0 -10.050074083856748 -0.12574963902285277 21977.35839289022 -10.854938726095005
24 389.8270455725869 635.0402323637128 0.5899475452136467 0.43854210528139803 -0.27293304159169146 25 563.0 3946.0 -8.99039270229043 -0.07264929727302295 5471.670937483211 -9.345299928316877
25 11.52170719191442 698.5412017966956 0.4746687349401091 0.2527526099899998 0.11606152726696696 25 961.0 10381.0 -10.040597977606598 -0.5219894859310972 14485.675858277646 -10.40234690723278
26 281.17571896813456 713.3873708816786 0.5586658186939557 0.200078517418855 0.6247779171741751 25 777.0 5792.0 -9.407071382972726 -0.4405145085533254 5570.196172096189 -9.364676226246095
27 161.58449644230512 751.3581330651791 0.561321869249744 0.6097047396066102 -0.11027085973141526 25 614.0 4793.0 -9.20151857247947 -0.13454153467156763 4015.2500933649826 -9.009281502172326
28 178.24406732092797 752.7943611920039 0.5244390721772665 0.06114267530928502 0.8274037692235712 25 1290.0 15700.0 -10.489749131023085 -0.6191729104635122 27371.985501646235 -11.09326575321965
29 39.339980315956744 806.6596703171762 0.5080309066945713 -0.6198119192728574 -0.18820182250360265 25 1732.0 24303.0 -10.964149717229056 -0.8421754966559083 51143.561381303116 -11.771977417086315
30 40.16339865110881 832.4129319047105 0.3827289486519903 -0.05275994657602068 0.3860973311052068 25 909.0 12573.0 -10.248597288883767 -0.24634817722453098 24718.86952084293 -10.982571512716063
