test_CNN/outputs/tables/00411_b31423m0s0_sources.ecsv
# %ECSV 1.0
# ---
# datatype:
# - {name: id, datatype: int64}
# - {name: x_centroid, datatype: float64}
# - {name: y_centroid, datatype: float64}
# - {name: sharpness, datatype: float64}
# - {name: roundness1, datatype: float64}
# - {name: roundness2, datatype: float64}
# - {name: n_pixels, datatype: int64}
# - {name: peak, datatype: float64}
# - {name: flux, datatype: float64}
# - {name: mag, datatype: float64}
# - {name: daofind_mag, datatype: float64}
# meta: !!omap
# - {date: '2026-06-09 15:18:40 Eastern Daylight Time'}
# - version: {Python: 3.11.15, astropy: 7.2.0, bottleneck: 1.6.0, gwcs: 1.0.3, matplotlib: 3.10.9, numpy: 2.4.6, photutils: 3.0.0, scipy: 1.17.1,
#     skimage: 0.26.0}
# schema: astropy-2.0
id x_centroid y_centroid sharpness roundness1 roundness2 n_pixels peak flux mag daofind_mag
1 30.18136694526813 7.600820832982676 0.6300887487183089 0.27000527209185093 0.714939034335869 25 199.0 -33760.0 nan -1.3550119517392987
2 31.49383292505358 20.434666104177047 0.5909221762666879 0.18530603802999565 0.8755790837259426 25 -155.0 -34710.0 nan -1.1841897809092754
3 31.883718563051374 33.69755877088742 0.654606986263838 0.271273984010459 0.7769994187596397 25 373.0 -34302.0 nan -1.4503421711002655
4 33.100642642760626 45.41464089393795 0.6321852916213385 0.14280784922812065 0.7433930913244532 25 250.0 -33800.0 nan -1.389208223593712
5 33.992023644373944 58.562348659344075 0.6603515024294612 0.16879409099719336 0.6931336519642882 25 243.0 -36069.0 nan -1.4135265101245444
6 35.21646551892695 71.59521173627415 0.6617675560379777 0.2704687322894753 0.7181838001414856 25 150.0 -34672.0 nan -1.3004947077431148
7 36.10381086594566 84.54408163639 0.6230134032241063 0.3224484311134356 0.8916124049553685 25 162.0 -33833.0 nan -1.3512522452139777
8 37.38870230127669 97.58842757477771 0.6103375741089127 0.14171625498499454 0.6234335543740313 25 136.0 -33872.0 nan -1.3605428732827718
9 38.20029727101003 110.49292969283177 0.6469488978433964 0.21914214215081693 0.787417970071103 25 177.0 -34370.0 nan -1.3628078830189105
10 39.10515414158121 123.68363139091721 0.6392627707668944 0.17909384499036402 0.6719554929193051 25 362.0 -34347.0 nan -1.5061008723422955
11 40.16051238340487 135.69909588457676 0.6460673778201877 0.21340841618048417 0.6676035817013662 25 339.0 -33937.0 nan -1.4648208763297093
12 41.108044476381586 148.6360467609264 0.6175802812271415 0.13434755437844656 0.7140622848214834 25 255.0 -33716.0 nan -1.4098401752122578
13 42.04127530107084 161.53981250868972 0.6798061265425169 0.22435638960333326 0.8261694884036275 25 164.0 -36023.0 nan -1.3403522846997908
14 43.248658332085284 174.2320987998026 0.6661189592518679 0.08216895858023922 0.9085302918085189 25 -7.0 -35474.0 nan -1.223193810052857
15 44.445189324203334 187.78727443024505 0.6677573684123557 0.24595189806728698 0.6266356943931702 25 92.0 -35501.0 nan -1.3108502181259398
16 45.34134046599079 200.25106414805626 0.6531842365484752 0.04821802952285874 0.7839960113815757 25 53.0 -34630.0 nan -1.254374504585736
17 46.422320347599154 213.48552413138077 0.5995696279397552 0.17942486625215334 0.8355409360280318 25 -46.0 -33932.0 nan -1.2398307633204255
18 47.189052490609335 226.61703374632935 0.6384366078616399 0.1819729161551466 0.7167913805928161 25 132.0 -35550.0 nan -1.379920091453439
19 48.32124121475786 238.50820002445477 0.6207739924984653 0.1551437092591559 0.7624657005664044 25 -3.0 -35239.0 nan -1.2776992027442502
20 49.24547768109795 251.4199628949982 0.5855692565549167 0.18905163078202092 0.8841382906830553 25 -117.0 -35744.0 nan -1.258483899441822
21 50.12920835229596 264.67884570939253 0.6733888663120177 0.14084578834333067 0.5845166193169715 25 292.0 -34630.0 nan -1.373844398118198
22 51.25701042316101 277.6092386634761 0.6655875507937886 0.17815140665729123 0.7181099082090769 25 204.0 -34661.0 nan -1.373119216518768
23 52.06682082279262 290.52541458442687 0.6943049858447026 0.25538797006995534 0.7411335941407123 25 349.0 -34310.0 nan -1.3991993434470131
24 53.11210033298929 303.55038385270603 0.6294826161398589 0.10369600585778636 0.6762433072226349 25 437.0 -32402.0 nan -1.503367855543721
25 54.1701070394064 316.49998824645246 0.6419658931824498 0.18865839129763298 0.8847102156386376 25 42.0 -35432.0 nan -1.3032321279471675
26 54.80374395784699 329.18250510986206 0.7074306450689164 -0.026205174197760705 0.7216003356144911 25 294.0 -37181.0 nan -1.3807259241314338
27 56.1043661468431 341.2428288283189 0.6498957060094215 0.10241189316219472 0.9094840861808818 25 -68.0 -37408.0 nan -1.256656723103773
28 57.11097937394008 354.60623369477645 0.660210516571675 0.16718814798344997 0.6686135632293616 25 95.0 -36938.0 nan -1.3373066584275604
29 57.997911437318265 367.50560535262844 0.6447899553989219 0.22110329009413165 0.844984160967121 25 114.0 -36354.0 nan -1.3622961532018694
30 59.29242350177034 380.3526637745985 0.6050135381569387 0.19770683195880362 0.9257393361526363 25 -283.0 -38188.0 nan -1.1848746758817157
31 60.165032388772474 393.3521570118059 0.6321092660273058 0.10912222657680558 0.791456506838866 25 -49.0 -37123.0 nan -1.2870523478428584
32 61.31639628158531 406.70965306924785 0.6264049217937069 0.265896070496818 0.7431463380328269 25 -43.0 -36929.0 nan -1.3211684259899812
33 62.21382239757238 419.48030375249147 0.6497054132276036 0.20456586555186435 0.8023331312606687 25 -77.0 -37607.0 nan -1.2557730522438173
34 63.241422080688736 432.5325954587199 0.6333581530540774 0.18554513064301414 0.6395214422530595 25 104.0 -35957.0 nan -1.3592791742926251
35 64.11213760680127 444.7483756624991 0.6317967235525834 0.2565170320964016 0.6673207457432055 25 199.0 -35468.0 nan -1.4146624655224858
36 65.15936083454534 457.63347663907524 0.630743868321277 0.24378103307990875 0.7560945649912404 25 90.0 -35637.0 nan -1.3543235829196252
37 66.26363362001531 470.4456036052546 0.6196006528880137 0.15078708769571958 0.758998087446992 25 -27.0 -35876.0 nan -1.270534036009077
38 66.89066537604955 483.6730042288916 0.6548443390740486 0.2506165931886669 0.800202590555921 25 220.0 -36261.0 nan -1.4163498816844782
39 68.09981959227348 496.449664798344 0.6497245089153807 0.154664554421605 0.7938559858602477 25 175.0 -35172.0 nan -1.3718101038375736
40 69.09809578706515 509.50903411509745 0.6022853204654368 0.23277167739575932 0.8678484760912456 25 23.0 -35314.0 nan -1.3306190074653654
41 70.20399212699242 522.3678787124534 0.6295694614004181 0.10079932324687986 0.8091209285573555 25 120.0 -34516.0 nan -1.3494134349522864
42 71.30671886420967 535.6576120156864 0.5956420354495351 0.2584555865453688 0.7675236299932424 25 5.0 -35010.0 nan -1.3250331791365215
43 72.00921630773126 548.4808659755095 0.6321744213750546 0.19395615875212838 0.8005281426255058 25 257.0 -34415.0 nan -1.4261099035309945
44 73.26223399339793 560.7115722817496 0.6064432366012779 0.2448018866484323 0.7315714809767296 25 124.0 -34428.0 nan -1.3851671700446642
45 74.2022060123588 573.5330461063597 0.6497679297702406 0.2289377348881781 0.8525094230745378 25 80.0 -35103.0 nan -1.3101833603600377
46 75.24206931226064 586.5274416544459 0.6296449824735832 0.25346269308416775 0.8034850118203773 25 59.0 -35020.0 nan -1.313869683098723
47 76.32694814417249 599.4284013821457 0.6665119853912513 0.1458164844366122 0.7224892040320722 25 116.0 -34826.0 nan -1.3036335002212749
48 77.32418121496158 612.5905166936068 0.6003070104716104 0.24997905698680944 0.8109366925268907 25 19.0 -34416.0 nan -1.3097059735346503
49 78.15038214913672 625.6503137385911 0.6468279016091397 0.2343266245588971 0.7089665080718265 25 220.0 -34609.0 nan -1.386698506188775
50 78.99513816305017 638.5236106660462 0.687734188501333 0.11091677538931727 0.7464903873663388 25 474.0 -33361.0 nan -1.4580959237685929
51 80.37453305869667 651.4845881128349 0.6225358026724465 0.2189943114658985 0.8534078436445612 25 103.0 -32278.0 nan -1.2539421566519287
52 81.3532555529278 663.4720181602169 0.6821307057130225 0.1815592185603358 0.6644858872734468 25 327.0 -32754.0 nan -1.3685911057083149
53 82.2017416451353 676.5615209853489 0.6009609022475004 0.18062249986954734 0.7493719662987145 25 296.0 -31835.0 nan -1.4341405789622095
54 83.20225498885357 689.462196737974 0.6372158595888714 0.24453830230687595 0.8809241808603234 25 194.0 -32831.0 nan -1.3361164077103318
55 84.43714811970835 702.6152424104301 0.639282307257653 0.16507589973424894 0.6504754858912155 25 258.0 -31968.0 nan -1.3525292096604051
56 85.18600625223955 715.6012727263675 0.6428916247772266 0.2567465751825297 0.7725542337636364 25 252.0 -33338.0 nan -1.382568305679783
57 86.0914921353406 728.5366675366577 0.679437276073148 0.10508621183191068 0.6500621479030677 25 500.0 -32954.0 nan -1.480193014396074
58 87.28240185502526 741.5597024832539 0.6385265050177757 0.16178023902142755 0.7878096069781939 25 185.0 -33271.0 nan -1.3436445929583876
59 88.0439616622975 754.4114809619707 0.6230408905696974 0.06912469038890853 0.8144473970105347 25 340.0 -31959.0 nan -1.4105381027556207
60 89.14107295116278 767.525143416775 0.6321962456190467 0.18559427907211093 0.7239766564660598 25 314.0 -32705.0 nan -1.4140947741075593
61 90.31973758604138 779.526833535987 0.6318985462405485 0.1447483093544786 0.6733982267074886 25 311.0 -31810.0 nan -1.3913386416543627
62 91.14276219986975 792.5284743781434 0.6161736787082598 0.1924692110409032 0.8081095109708561 25 349.0 -31265.0 nan -1.426069137923359
63 92.02820985672747 805.4989146617725 0.6673400568843001 0.1473156940674909 0.7850180454008296 25 522.0 -31273.0 nan -1.4603474478680465
64 93.28094085712306 818.4393932888657 0.6150886454754662 0.11040518922696292 0.8175580946335764 25 318.0 -30473.0 nan -1.3896247507418509
65 94.2489692918911 831.5039180346505 0.659627496182679 0.32750662058372704 0.7241310161562953 25 441.0 -30876.0 nan -1.4184052363196544
