test_CNN/outputs/tables/00417_b31675m0s0_sources.ecsv
# %ECSV 1.0
# ---
# datatype:
# - {name: id, datatype: int64}
# - {name: x_centroid, datatype: float64}
# - {name: y_centroid, datatype: float64}
# - {name: sharpness, datatype: float64}
# - {name: roundness1, datatype: float64}
# - {name: roundness2, datatype: float64}
# - {name: n_pixels, datatype: int64}
# - {name: peak, datatype: float64}
# - {name: flux, datatype: float64}
# - {name: mag, datatype: float64}
# - {name: daofind_mag, datatype: float64}
# - {name: aperture_flux, datatype: float64}
# - {name: inst_mag, datatype: float64}
# meta: !!omap
# - {date: '2026-06-11 12:14:33 Eastern Daylight Time'}
# - version: {Python: 3.11.15, astropy: 7.2.0, bottleneck: 1.6.0, gwcs: 1.0.3, matplotlib: 3.10.9, numpy: 2.4.6, photutils: 3.0.0, scipy: 1.17.1,
#     skimage: 0.26.0}
# schema: astropy-2.0
id x_centroid y_centroid sharpness roundness1 roundness2 n_pixels peak flux mag daofind_mag aperture_flux inst_mag
1 232.2646720804972 10.129697201797931 0.4283729251577805 0.22853714581732598 0.11527905651290704 25 1313.0 14700.0 -10.418293336870441 -0.253013808172491 19662.161610082967 -10.734078153491797
2 381.8369838140458 9.982244443111787 0.5218129759675182 -0.41675162433875057 -0.2566983198084316 25 1394.0 11888.0 -10.18777199104125 -0.4342568136736847 13063.314911234296 -10.290133490774336
3 634.0779610835219 10.471428078379823 0.5236736288856392 0.13242183915208988 -0.04062611701407776 25 1124.0 9279.0 -9.918752936807104 -0.23469057273687832 15913.497931714795 -10.504414130051401
4 594.8926595701964 11.482996632793892 0.45874306612032784 -0.9755926278449988 -0.38158964735347395 25 881.0 7425.0 -9.676741144973125 -0.022678377514727933 11884.234487784588 -10.187428030697259
5 790.9950718368525 11.764940886668622 0.5300787103124884 0.8453812381442266 -0.00507584187784628 25 1202.0 13999.0 -10.365242533839673 -0.023127527790060245 23450.659705507853 -10.925387661597025
6 692.7884786013512 24.43329669192176 0.4069768867906434 0.6266550264111995 0.3680374356981153 25 1043.0 11389.0 -10.141213982377788 -0.1481904342446452 16019.030914220975 -10.511590598762483
7 54.25129277697475 65.02427926680136 0.4499590248617782 -0.1167598674446001 0.02756690008826419 25 2102.0 30089.0 -11.196019385792653 -0.4508314228535129 54164.591486221434 -11.834288680025901
8 643.1688458039334 92.42455904386135 0.36974206290604367 -0.7236543505666524 -0.010612253030431913 25 988.0 10352.0 -10.037560658311564 -0.16138390180024315 10101.852770339252 -10.011002586471516
9 788.8194637562264 109.97344980824418 0.6338972570164365 -0.05555258313218782 0.32309452985040393 25 1636.0 21947.0 -10.853437909111737 -0.13527465725894883 81335.81181306113 -12.275704514303891
10 430.85729491254676 164.21268283728224 0.5282559486963176 -0.08632331626746761 -0.01013081584183731 25 1051.0 9631.0 -9.959178457150491 -0.05725302365305482 13746.586239155811 -10.345487152402978
11 398.92748599068966 172.56670843383964 0.41054939331356166 0.4865819130688707 -0.5835158798120302 25 1264.0 17184.0 -10.587810660048653 -0.047939751420048526 23935.822622153348 -10.947620894577579
12 813.5069382920644 178.66270548739388 0.4473947279647474 0.9070189128374736 0.03825322176862153 25 1141.0 12207.0 -10.21652236143237 -0.19787846571039272 21090.899588567554 -10.810237760161755
13 336.2516518972642 195.2135352722949 0.6461154090253219 -0.5814282183696113 0.01931441496767877 25 1051.0 7888.0 -9.742417254832887 -0.030647193709939 10796.967144681774 -10.083254449526386
14 192.36600011451554 209.34363841942826 0.4493710457787344 -0.4767718356104286 0.14135604433916762 25 1487.0 15533.0 -10.478138355615663 -0.4757767907771927 19887.06028800004 -10.746426475777845
15 424.54887975304706 215.9930149356842 0.47713073493073876 0.5448040440416343 -0.37615827199269514 25 1263.0 14627.0 -10.412888153480164 -0.09060975551659892 17552.216116136235 -10.610829894062743
16 772.4061381227081 249.43141035718554 0.48938588642936126 0.19412394279360606 0.14347846307257112 25 1224.0 9952.0 -9.994775918366859 -0.3292769054667546 7631.671098307054 -9.706549113337227
17 533.1906446344848 262.6514743497294 0.4887272760028285 -0.11546161648700069 -0.38472965761594513 25 1133.0 11317.0 -10.134328289719019 -0.1399839708612471 18067.10797058181 -10.642221599867083
18 345.73229634630235 266.91834682398263 0.3871476653232064 0.3861992135510887 -0.6196839661144273 25 1524.0 22299.0 -10.87071346880653 -0.11077245772151452 33777.08973209349 -11.321555568997695
19 356.7150041747331 277.2118392465357 0.5618259791258482 0.19319060523557713 -0.19925376368788997 25 973.0 8068.0 -9.76691472385182 -0.004309893256322263 6235.455494200323 -9.487170459449127
20 129.55037021311045 304.4046471060663 0.6600029640765187 -0.18804345638408818 0.0033445306513246787 25 1279.0 12629.0 -10.253422408123127 -0.10609826375032536 23311.380101941817 -10.918919964465877
21 147.36398672375276 311.4401409261471 0.6565069580961086 -0.3070760062579965 -0.2056330074177776 25 1073.0 8111.0 -9.772686003502262 -0.056635566741430776 11899.90365510904 -10.188858613098157
22 607.9886987271758 312.7801307666864 0.48570502931457993 0.5067526399109057 -0.05570807628696393 25 1311.0 13356.0 -10.314191025955832 -0.2850113522572542 16742.57440733865 -10.559555594259422
23 736.6716738090719 319.38182735833647 0.5630800710981531 -0.2806478523958703 0.15294307072975158 25 1146.0 11721.0 -10.172411664861116 -0.013490517499224412 14939.811708605312 -10.43586280989172
24 696.1114776223667 320.3830946522385 0.4150383854655502 0.4292332010499287 0.10571183988236842 25 740.0 5476.0 -9.346158598654881 -0.008450422919800383 4279.943739329977 -9.078595150418952
25 15.223470349289421 356.1143220113874 0.5814772643142697 0.2848759528045623 -0.42727299424746296 25 1200.0 9405.0 -9.933396999715994 -0.24454786277717933 10170.645950229095 -10.018371340937984
26 734.9311788301702 363.0189823924249 0.4844055539171218 0.33058174416613273 -0.40823769345699473 25 1256.0 13682.0 -10.340373965221328 -0.10445504968022261 14385.95573710383 -10.394846799309747
27 366.7287910113073 393.9019154725712 0.4963413126368153 -0.09060053365939863 0.027028467982973176 25 1258.0 13202.0 -10.301599321038918 -0.19165146846437325 21025.678780941395 -10.806875063024908
28 186.25493675908135 396.449007455446 0.4516359075478114 -0.7467161720747901 -0.21758857147940272 25 1159.0 11636.0 -10.164509281437555 -0.24522422590815277 18805.937168919998 -10.685737451967046
29 490.65805113919004 427.03683028897035 0.5662696713301107 -0.4422059843439927 -0.1981859512056472 25 987.0 6316.0 -9.50110530334064 -0.13575914491716137 5761.09517924929 -9.401262625699237
30 257.2689232372916 457.3563390661923 0.4766011167450943 -0.3382175317760049 0.22765129847222926 25 1137.0 11096.0 -10.11291612016307 -0.1634833110027708 12213.90796851847 -10.21713660818614
31 670.5415654384951 470.0054730538254 0.5725792590517453 -0.12387851956910123 0.10516316587961767 25 1255.0 13510.0 -10.326638372555077 -0.06652698613123352 19768.887407874514 -10.739955569817123
32 608.9618254824327 482.00900190705056 0.35853393155968494 -0.0963809784923104 -0.15957479771825467 25 1795.0 27586.0 -11.101721829680397 -0.4058298437277156 44836.85160269347 -11.62908777321154
33 348.713445077007 485.55070187676665 0.39496657047752937 0.36216705794127996 -0.18353516801742054 25 1292.0 16745.0 -10.559712879689712 -0.14222707768006884 17787.069794457402 -10.625261022976439
34 602.3407333121565 501.1286109411926 0.5138163190361841 -0.3813114105054464 -0.31311137661538446 25 1121.0 7857.0 -9.738141882862237 -0.29195470963415726 5160.041397716873 -9.281632964692001
35 382.1252295136278 540.0836537402864 0.5249921899854915 -0.53009010852999 -0.1899250746630321 25 1067.0 9843.0 -9.982818712764276 -0.09354021389828701 11089.759946173028 -10.112305363303296
36 503.5792966987774 564.489687118335 0.42947474049034684 -0.36213452702616183 0.25582338976044405 25 2397.0 30840.0 -11.222785923447297 -0.7531385952726384 38580.466991117864 -11.465918700470166
37 321.45084925492 564.6547174916313 0.4355550770842059 0.5121533815650638 0.08014020929748268 25 996.0 9953.0 -9.994885010173508 -0.09154178281581027 15005.788368797925 -10.440647042925079
38 740.8702688352566 587.9803938345652 0.5481102485528226 0.5970723439108272 -0.30347106255740214 25 1469.0 17756.0 -10.623362840883324 -0.16054622058182189 22015.67615329761 -10.856830070518466
39 115.09167484078114 605.3467811945083 0.528145384888268 -0.4424416423949784 0.06645969438914845 25 1141.0 10958.0 -10.099328240246727 -0.10865010566006592 12569.674828312362 -10.24831010708358
40 241.1817813243498 622.225581256585 0.4014403121961748 -0.4656269998637103 -0.09137108827502052 25 1058.0 10339.0 -10.036196338315515 -0.23119067923236108 11094.925177476347 -10.11281094440143
41 216.99511285533512 650.7982730224932 0.3624585575313784 0.20009032352425343 0.056514630907212975 25 1083.0 11633.0 -10.164229320233177 -0.21776143189581393 14391.177973136988 -10.395240860153354
42 740.8151058756628 700.9521654767581 0.40441411882070794 0.14986062643103984 -0.25478757918468625 25 1496.0 21479.0 -10.83003514501392 -0.05446582136430538 31983.445665591105 -11.262313124208962
43 747.7409364375217 715.2587474982545 0.43755588615237945 0.13343408680175187 -0.08071696032956743 25 1046.0 9419.0 -9.935011992243536 -0.2389399549293315 14943.33240163792 -10.436118642671225
44 693.1265437797182 734.6927523506579 0.4369135398929601 0.5564470244106261 0.1462319018465003 25 1032.0 11630.0 -10.163949286821122 -0.00214377905541984 15131.944629514968 -10.44973685865656
45 124.04007857289908 735.4590795697162 0.4136262287614372 0.20074024530924858 0.06483919783231797 25 1510.0 16583.0 -10.549157751842555 -0.4950676089906594 19194.59617468352 -10.707947449123733
46 779.0866848194199 773.931207061447 0.645987291233707 0.6352831165144779 0.5597726854832767 25 966.0 4897.0 -9.224825260045545 -0.095468945980319 3418.673453672741 -8.834644049124508
47 457.00604056187086 803.4664726683485 0.3594153335775653 0.9894552354431759 0.8841594107198713 25 1150.0 14993.0 -10.439721352482248 -0.14999174090619982 17671.824981525908 -10.618203504281873
48 274.3477855074996 806.0608114664187 0.4211981017552326 -0.2524898550832337 -0.37591939543752817 25 1495.0 14427.0 -10.397940079483675 -0.5324353154143134 14012.812737467711 -10.366313295700865
49 611.8219525650085 810.9320390077263 0.565261239927558 0.4991867927877287 0.04459627956604225 25 984.0 8741.0 -9.853902800590177 -0.0017407900197023705 16758.630263674353 -10.560596298677545
50 442.7611931569632 813.0679276966267 0.5763456609883879 0.38578696025007025 -0.10117536891715695 25 1297.0 11711.0 -10.171484952441627 -0.2423261909759321 17162.986381944946 -10.586482144730994
51 319.16465789718535 823.9926656668416 0.46505316491300763 0.44623048227787465 0.2635453072964715 25 915.0 6018.0 -9.448630458510154 -0.19406538626375563 2507.4664588422393 -8.498087830963783
