test_CNN/outputs/tables/00414_b31607m0s0_sources.ecsv
# %ECSV 1.0
# ---
# datatype:
# - {name: id, datatype: int64}
# - {name: x_centroid, datatype: float64}
# - {name: y_centroid, datatype: float64}
# - {name: sharpness, datatype: float64}
# - {name: roundness1, datatype: float64}
# - {name: roundness2, datatype: float64}
# - {name: n_pixels, datatype: int64}
# - {name: peak, datatype: float64}
# - {name: flux, datatype: float64}
# - {name: mag, datatype: float64}
# - {name: daofind_mag, datatype: float64}
# - {name: aperture_flux, datatype: float64}
# - {name: inst_mag, datatype: float64}
# meta: !!omap
# - {date: '2026-06-11 12:14:33 Eastern Daylight Time'}
# - version: {Python: 3.11.15, astropy: 7.2.0, bottleneck: 1.6.0, gwcs: 1.0.3, matplotlib: 3.10.9, numpy: 2.4.6, photutils: 3.0.0, scipy: 1.17.1,
#     skimage: 0.26.0}
# schema: astropy-2.0
id x_centroid y_centroid sharpness roundness1 roundness2 n_pixels peak flux mag daofind_mag aperture_flux inst_mag
1 123.54587154526568 81.2921698739217 0.37480483900929806 -0.05947493355178185 -0.5680939740236233 25 2395.0 54004.0 -11.831064821482924 -0.20693493422550488 161761.16607724057 -13.022185672321779
2 115.36785993197527 103.84334173119375 0.38787925250336 0.6161328524124522 0.18616743158041876 25 2684.0 61723.0 -11.976117566152046 -0.11503549529450405 200442.14060483145 -13.254972580265678
3 798.3998501060887 214.6131248391547 0.4064979187191224 -0.1668974811375068 -0.367808434189245 25 611.0 7304.0 -9.658901911315606 -0.5714800973316647 9807.945455669926 -9.97894510491397
4 351.6992550316777 281.26972560689137 0.6393759675508432 -0.4339926306961175 -0.6611501470606195 25 519.0 5046.0 -9.25736811545389 -0.2800815051950163 8030.58580623577 -9.761868067161876
5 457.15867906375297 316.7904586754578 0.49654740743022974 -0.09699393415713925 -0.35214226506865987 25 406.0 4514.0 -9.136403886854358 -0.08301598688734617 6200.4784053393505 -9.481062998255096
6 794.2127836421809 339.66638820466966 0.43935544397050297 0.17599691346832855 0.03515465881708967 25 267.0 1869.0 -8.17902325344708 -0.007416434868911483 1740.224034074196 -8.101512905906192
7 719.4755180787266 342.7360829239046 0.44074725952452026 0.01684622893940763 -0.5553290090565677 25 2319.0 48599.0 -11.716568332674766 -0.5747571539516964 134224.15403401625 -12.819576688609676
8 300.4476607466128 343.93133860000034 0.5329276352267379 0.30202832722816564 -0.2782272684938975 25 369.0 1971.0 -8.236716560698609 -0.3656192221304049 1234.9523066651066 -7.729125464126609
9 723.6413992797751 353.4844138530185 0.5480933284819444 -0.25223234663213817 -0.7550386247382032 25 1270.0 24946.0 -10.99250229501924 -0.1747593722129996 108383.83420032659 -12.58741127651263
10 714.6849569497871 356.6275835324915 0.4665706283659959 0.11595167812431777 0.11502594037527805 25 1961.0 42020.0 -11.558640120174834 -0.3060624092841409 144990.99224297467 -12.903352554885927
11 134.38093997161602 361.2965080691894 0.5490050321466451 -0.6587398494075349 0.113731116648349 25 394.0 3296.0 -8.794968007562696 -0.17380807953359906 3247.379708814187 -8.77883268168307
12 795.1428826676689 370.10503531706627 0.5822524530857462 0.5275245518244233 0.7002042615690506 25 337.0 2772.0 -8.606983064849423 -0.034026363410832025 1716.2297884858972 -8.086438589303606
13 645.0755658527194 382.07137855895013 0.5272525019886387 0.053634261897799726 -0.24174067558898737 25 2256.0 20284.0 -10.76788400468959 -2.0560533832432752 23378.627363560558 -10.922047521776774
14 722.988711213312 381.92993963733124 0.624749894985278 -0.3865973892248126 -0.18729306251587474 25 559.0 2676.0 -8.568715272739464 -0.6951478091634427 1670.4693968569331 -8.057096309336893
15 423.17318338211885 390.3879226940914 0.3986317839734123 0.012060343373683915 -0.47664757622484893 25 1350.0 28825.0 -11.149423289916843 -0.17636163449874623 75989.6869948972 -12.201886639086128
16 816.7742959404835 399.51348673480544 0.5361997677995632 0.37127789344431134 0.3880942012892004 25 312.0 2108.0 -8.309676516351272 -0.08437504611095117 1017.3880438663283 -7.518716573966203
17 415.9125412946181 401.83506803588494 0.37211019837142445 0.30374293279796205 -0.48463677645383124 25 1520.0 32233.0 -11.270751820468135 -0.14016381452840834 95630.84037710828 -12.451494930628913
18 616.8115423215474 413.72771077613237 0.5611556873897884 0.29603163576349084 0.19821038429678417 25 446.0 3372.0 -8.819718914881761 -0.38632875780992665 5375.346797241242 -9.326016221361964
19 138.86530175047247 417.53529525061936 0.3913978094180477 -0.5820794056104279 -0.3156565899833806 25 1324.0 18786.0 -10.684585795001398 -1.1749210069126264 26035.47823653274 -11.03891389871851
20 751.841396499289 443.39254020183427 0.44697636298238946 0.32440718331269286 0.5510653712930472 25 369.0 3544.0 -8.873734283037534 -0.17074269235746076 2650.147511813117 -8.558175120486807
21 666.9234973280119 451.3482543882935 0.4307902558169089 -0.5869670738771064 0.20067125303237038 25 469.0 3505.0 -8.861720055756694 -0.6065205331599507 3148.3530800328845 -8.745208578683291
22 466.32854044930383 463.76973058095456 0.5360540598501339 0.4863678671385657 0.12104226463120281 25 2702.0 59895.0 -11.943476423125048 -0.2901043182390651 172890.790323869 -13.094429648915696
23 422.6132912688081 469.5730837810161 0.5156006190750222 0.68788465039412 -0.27285521630677334 25 341.0 3226.0 -8.771660907632358 -0.025605079094796077 4608.77657078132 -9.158964136101716
24 203.7390059670985 472.4902847882374 0.4191328596938961 0.18903594474567811 0.13067536617108577 25 743.0 7802.0 -9.730514864939432 -0.8730213306349309 10688.851398330524 -10.072327598342879
25 464.25444548578 478.6670936735253 0.6252889201979689 0.05433923936875467 -0.29726761077107283 25 1641.0 33186.0 -11.302387272132023 -0.18395786710856454 103499.31380148993 -12.537343676095523
26 695.791686648903 484.34871291858457 0.6408135936972481 -0.16431172541742067 0.14634266253879363 25 553.0 4421.0 -9.113801287264685 -0.47753121389480313 10758.917948746333 -10.079421488614315
27 557.5405398546321 491.2595152337934 0.4527177641221525 -0.301664035318343 -0.09636072090704835 25 478.0 4777.0 -9.197888103208385 -0.41924876644838854 5556.864022940212 -9.3620744242069
28 492.0156545709379 496.8637493114139 0.7452719248205574 0.35982578496679324 -0.29229740386628905 25 310.0 1007.0 -7.507573676384045 -0.010303264196490913 84.84592645109886 -4.82157749046224
29 450.47263458566204 504.3298349297282 0.4511741171835945 0.299047535472099 -0.07351405847578331 25 448.0 3656.0 -8.907515467654484 -0.5158116835204952 2217.5685002722535 -8.364692609963772
30 149.46625101611232 514.9393803110205 0.5300366915488692 0.0553019718874796 -0.11938521119676067 25 333.0 1900.0 -8.196884002382072 -0.25668118295957987 1948.4173538667126 -8.224204972562138
31 5.993239575628564 516.617628549811 0.5758268658059768 0.4684871603478366 -0.010238902683552334 25 342.0 2200.0 -8.356056702055515 -0.09961420836094838 605.7722426378549 -6.955773423625332
32 94.78965430799454 560.2728921885895 0.4355564207420276 -0.28443488161456765 -0.17862571772669036 25 2155.0 22728.0 -10.891403051787199 -1.9977645269671738 28544.056921299067 -11.138789246869473
33 195.96011744853513 572.7576134128718 0.5948791701921892 -0.8812973459947537 -0.20852930281947765 25 370.0 3355.0 -8.814231311262526 -0.03649338559320643 4078.9736937613447 -9.02637726115304
34 40.94423628463152 588.2867218440475 0.6890685960355841 0.46202518542003745 0.3621950355924316 25 552.0 3496.0 -8.858928559905912 -0.534566021116953 5780.28472319346 -9.404873078173422
35 622.840955206991 599.5533240888853 0.42224359723153565 0.8458196109221979 0.607573687477862 25 1283.0 15170.0 -10.452463951966827 -1.343175983845363 21690.02647323037 -10.840650205205014
36 705.6540510472537 600.8862069796845 0.5153417888198888 -0.6790887120202386 -0.3775116621039083 25 386.0 2665.0 -8.564243033406477 -0.34924384065256275 3416.261755466177 -8.833877847811294
37 67.97152046632925 603.7561819692972 0.4447761813877294 0.6770698681298307 0.4450939455277986 25 337.0 3147.0 -8.744741857283051 -0.1055731412513895 2835.166111626081 -8.631446272930493
38 715.7388920046561 605.1681403611444 0.6257966231444402 -0.3972789154394039 -0.27371762625014256 25 352.0 2971.0 -8.68225662950916 -0.007518223631707659 4383.800684590866 -9.10462700035243
39 616.7581821719755 612.0975958237752 0.4651400426257209 0.8545348412488967 -0.04628405636639892 25 274.0 1945.0 -8.222299014154316 -0.027421959713699033 2027.9069584759802 -8.2676200636017
40 190.34441427870593 618.6315456665924 0.4920367047807432 0.2322556946494826 0.43114438821021184 25 437.0 4887.0 -9.22260584757043 -0.14056267571396144 7239.662991120397 -9.64929587526383
41 19.783480662924273 624.5094614424783 0.4403124678545874 0.37412082099943056 0.13774285147034523 25 614.0 7575.0 -9.698456592935857 -0.5037233343460994 10584.667190335289 -10.061693018034727
42 252.77447788612648 623.8260029748751 0.46477615532150107 0.8082455462187841 0.534722633189222 25 1010.0 11614.0 -10.162454554243263 -1.0321843763997105 14570.93218149614 -10.408718342075915
43 290.4773016175962 627.2771429688569 0.36626774885731817 0.22395783319370055 -0.10679758031159921 25 412.0 4376.0 -9.102693283313435 -0.363595903088803 5694.416915387277 -9.388623151856843
44 284.09696664646134 635.3968487235041 0.5985318924470887 0.4857401008939176 0.3161918333037501 25 451.0 3952.0 -8.992042339788975 -0.18830898335325008 4474.65803781062 -9.126899628198808
45 657.2348982655334 645.4479444608542 0.5731470439176365 -0.12382643546800629 -0.20693207314592263 25 449.0 3129.0 -8.738513907865483 -0.4494061487306153 5028.361348727285 -9.253566198648286
46 414.0418914469363 651.5032131809834 0.5373423881531838 -0.18305391720950256 -0.06831279998364667 25 414.0 4023.0 -9.011375081428154 -0.1919916676744437 4781.790621298493 -9.198976389714202
47 39.30755436000576 656.3795876643807 0.6815159408651743 0.4222587056331173 -0.12405455527006133 25 653.0 3326.0 -8.804805612208751 -0.7886609142845997 3196.2371419771343 -8.761597484827192
48 540.8749511043459 688.325132944298 0.6315238757857027 0.18171646680966536 -0.691250404283207 25 475.0 4285.0 -9.079877065648041 -0.177257936813017 4595.638048139838 -9.155864540964412
49 7.923389801682074 692.6860102101693 0.7336989540428016 -0.32503540258548946 0.14032761086192572 25 348.0 1232.0 -7.726526769571017 -0.12134067061495973 460.87280511364236 -6.658952705777073
50 157.7956461122826 705.365733193133 0.3900138753085982 -0.10134579609503774 0.2890124376536172 25 1234.0 19551.0 -10.727922439288156 -0.9500263757432824 34161.80678192189 -11.333852080003483
51 253.71131582156926 705.4355193094311 0.48816446690375337 0.1345386689835386 0.18459460658957255 25 291.0 1763.0 -8.115630780748305 -0.0896475517380805 1330.331904024976 -7.809900016146747
52 359.737066509586 712.1119320390854 0.41266059637144425 0.5949749661114413 -0.1542501509121989 25 333.0 3290.0 -8.792989744874935 -0.11929886046809292 2368.623241210219 -8.436239965783326
53 86.98170518078481 722.4960319240142 0.3738119988305156 -0.5879761893802653 0.3250378176365508 25 947.0 17082.0 -10.581346793826496 -0.3611378513794078 43246.58248152776 -11.589879483660646
54 157.9811685447108 726.7921488200266 0.3817247365402644 0.8928372228360751 0.42455692644541354 25 662.0 9359.0 -9.928073618190602 -0.4571021950133011 14518.25583070845 -10.404786112432639
55 22.799135124567506 731.1150497207788 0.5886240675972604 -0.31254518206822296 -0.21695642782529181 25 1367.0 25731.0 -11.026141661993286 -0.3935239693144379 90861.79864769045 -12.395953324016112
56 22.352795422864357 740.0438178352395 0.37451432657165096 0.013282127357460483 -0.586930310480752 25 1708.0 37233.0 -11.427320075837093 -0.11484656056941427 102938.03352276917 -12.531439668616551
57 34.79771560021474 742.9132927923338 0.5397950209752117 0.22537599418634638 -0.8506364044370447 25 583.0 8017.0 -9.760029708993471 -0.18704723471458892 21115.34528246264 -10.811495468728882
58 323.1178088829341 754.6792093871807 0.4231575982931257 -0.4883288585755648 0.7173247025955226 25 462.0 5473.0 -9.345563620356263 -0.26024487129288604 7050.705944036772 -9.620581506042617
59 140.59403389275798 777.7895357451711 0.4433014902258029 -0.5774942246939009 -0.015032979732405829 25 794.0 8306.0 -9.798479816934648 -0.9073083288558149 9445.120530226204 -9.938018760932653
60 81.63185651354067 793.8594003399091 0.4029037613601286 -0.8066513152337713 -0.18337638647585222 25 778.0 11430.0 -10.145115575988203 -0.5718993093114944 22709.948935706412 -10.890540394227688
61 33.83455612060618 802.1252230436821 0.5114449985994608 0.11134051995346907 0.07971414905315173 25 342.0 2033.0 -8.270343446595096 -0.26009310265253266 1579.5865544974613 -7.996358570871555
62 82.81480933036795 810.865954903441 0.44874010739533604 -0.3813156017576196 0.9254074864801072 25 708.0 11398.0 -10.14207163159453 -0.1701375554717216 27277.16541636149 -11.089498093480696
63 81.60298808360959 821.3967665045491 0.589665870804069 0.5190723040387499 -0.1369005736754992 25 906.0 16031.0 -10.512401535289007 -0.2656702313114465 59579.033280577205 -11.937733630366537
64 39.989718448809825 822.0887590494646 0.4780553341761965 0.33078907772590105 -0.21524324384069918 25 497.0 3713.0 -8.924312373065398 -0.6345863951809518 3397.5518533241916 -8.827915234107884
65 676.2791963869998 822.2860359320268 0.4917121258997086 -0.4764986593377588 -0.1607901096487977 25 319.0 2502.0 -8.495718263393503 -0.07032385351112609 1711.2989413134244 -8.08331470418955
