test_CNN/outputs/tables/00427_b31887m0s0_sources.ecsv
# %ECSV 1.0
# ---
# datatype:
# - {name: id, datatype: int64}
# - {name: x_centroid, datatype: float64}
# - {name: y_centroid, datatype: float64}
# - {name: sharpness, datatype: float64}
# - {name: roundness1, datatype: float64}
# - {name: roundness2, datatype: float64}
# - {name: n_pixels, datatype: int64}
# - {name: peak, datatype: float64}
# - {name: flux, datatype: float64}
# - {name: mag, datatype: float64}
# - {name: daofind_mag, datatype: float64}
# - {name: aperture_flux, datatype: float64}
# - {name: inst_mag, datatype: float64}
# meta: !!omap
# - {date: '2026-06-11 12:14:34 Eastern Daylight Time'}
# - version: {Python: 3.11.15, astropy: 7.2.0, bottleneck: 1.6.0, gwcs: 1.0.3, matplotlib: 3.10.9, numpy: 2.4.6, photutils: 3.0.0, scipy: 1.17.1,
#     skimage: 0.26.0}
# schema: astropy-2.0
id x_centroid y_centroid sharpness roundness1 roundness2 n_pixels peak flux mag daofind_mag aperture_flux inst_mag
1 569.9706119009358 1.1898886536208797 0.3072606934667862 -0.29844830434986175 -0.9453780451974413 25 844.0 13422.0 -10.319543086200685 -0.09325157334838984 35001.16057198245 -11.360206112422217
2 147.79166995265118 28.637294396537822 0.3711121302652232 0.25305585734017677 0.25112795787506575 25 674.0 7809.0 -9.731488557072245 -0.22444772764081572 8092.499009693247 -9.770206637321285
3 820.2428824289689 34.667992697334284 0.4809652590152911 0.08202390686352236 -0.5513768883426895 25 667.0 6645.0 -9.556237463196878 -0.196136365579739 10627.890240797979 -10.066117651497011
4 508.9032879913449 49.79657592711857 0.5402314503820309 0.591349064383749 0.1630707337478091 25 1076.0 7886.0 -9.742141931843012 -0.8088059083553312 7501.130613428439 -9.68781681920147
5 758.2277136114204 58.51585089870586 0.48563509511280245 -0.3107950430255319 0.0891998698905665 25 1694.0 21624.0 -10.837340081726673 -0.8646728370244249 26511.51403754328 -11.058586326063637
6 84.06494683055242 63.22093614973955 0.4011372812728389 -0.2441092763068993 0.09862828716928562 25 2902.0 64560.0 -12.024908804285035 -0.03365525683284598 221231.63711312303 -13.362118082815577
7 47.883125412558265 138.92540939504792 0.460683661240266 0.6514382378353174 0.12237932179570685 25 715.0 5895.0 -9.42620952357777 -0.40363673454162685 7353.180736529789 -9.666188101966242
8 521.4190073900938 149.31709995093206 0.40873562973709265 -0.30713581013475055 0.13485949270419728 25 984.0 11196.0 -10.122657224485312 -0.5483991659305645 10683.475806485374 -10.071781427141639
9 42.87778702377449 268.59766578189874 0.6112417669960575 0.01274862464298739 0.46644949694619275 25 798.0 5891.0 -9.425472556839983 -0.4096324333592994 7524.689516895802 -9.691221462033226
10 560.4545264036408 379.2790640580807 0.4015632941815495 0.7687253420545762 -0.0006937772728161774 25 880.0 8530.0 -9.827372577918807 -0.6207434185871478 8938.628842219528 -9.87817726121563
11 63.10627739559543 481.14171320636376 0.6679077418265468 0.1399994645158476 0.09788891458799481 25 787.0 4463.0 -9.124067217101324 -0.37606589124816453 4670.167696251831 -9.173331188700724
12 665.801739932225 545.4597368867243 0.6145041071926752 -0.07573569659747778 -0.12107026305300768 25 1390.0 9863.0 -9.985022582809034 -0.967410738314616 9752.44317268772 -9.97278357091252
13 588.9808045062312 619.2883106495289 0.469806590387674 0.04758546479100877 0.18736953461132605 25 1135.0 12980.0 -10.283186731160876 -0.6474385925643054 18009.12094889669 -10.638731286995997
14 330.09052736059283 700.9246770873372 0.5898867171564038 -0.2392316214836081 0.13943430535602921 25 844.0 5708.0 -9.391209911106523 -0.5278117185197314 5430.400349828916 -9.337079621537589
15 823.3055787062347 753.8600398971201 0.4161565941998921 -0.17292797218053768 -0.35210913681356243 25 936.0 9088.0 -9.89617079591736 -0.6400826910775497 7641.151161299197 -9.70789697802928
16 330.87942902185523 755.3067312869181 0.505257335033881 -0.07500557087617427 0.5509467668142365 25 747.0 7139.0 -9.634093454896485 -0.2674503245199936 6985.945253080866 -9.61056294467332
17 615.8011096837746 804.1637749607244 0.5086352561734774 -0.2569221516584462 0.18935064670273094 25 1059.0 9430.0 -9.936279231843322 -0.7433652627822263 13160.60847642962 -10.298189923013748
18 480.2794102448622 822.457051872486 0.5889655598076421 -0.8207544270819925 0.10556396769556535 25 782.0 6886.0 -9.594917545921636 -0.31835228526140896 10751.15070799296 -10.078637374439868
19 222.36030259665102 830.7259350520192 0.44221398919223803 -0.07781792401469059 -0.3989367714105373 25 761.0 7217.0 -9.645891763244434 -0.38207155634658985 6498.115661497084 -9.531968592969822
