test_CNN/outputs/tables/00435_am02090m0s0_sources.ecsv
# %ECSV 1.0
# ---
# datatype:
# - {name: id, datatype: int64}
# - {name: x_centroid, datatype: float64}
# - {name: y_centroid, datatype: float64}
# - {name: sharpness, datatype: float64}
# - {name: roundness1, datatype: float64}
# - {name: roundness2, datatype: float64}
# - {name: n_pixels, datatype: int64}
# - {name: peak, datatype: float64}
# - {name: flux, datatype: float64}
# - {name: mag, datatype: float64}
# - {name: daofind_mag, datatype: float64}
# meta: !!omap
# - {date: '2026-06-11 11:15:03 Eastern Daylight Time'}
# - version: {Python: 3.11.15, astropy: 7.2.0, bottleneck: 1.6.0, gwcs: 1.0.3, matplotlib: 3.10.9, numpy: 2.4.6, photutils: 3.0.0, scipy: 1.17.1,
#     skimage: 0.26.0}
# schema: astropy-2.0
id x_centroid y_centroid sharpness roundness1 roundness2 n_pixels peak flux mag daofind_mag
1 13.491538212563915 808.8143374991932 0.6389680693166826 -0.2025983540780273 -0.7751109530938991 25 32.0 -44322.0 nan -1.4807209008627944
2 26.459431203127497 809.7306023669605 0.6367366129754165 -0.18622070683911307 -0.7409646861263665 25 -62.0 -45169.0 nan -1.4517004092731691
3 38.4695801009792 810.7954785297993 0.6355944239089115 -0.1944609238541091 -0.7767149344162305 25 -66.0 -45507.0 nan -1.458663468591623
4 51.48400979474403 811.7348168565759 0.6356329716159105 -0.19294107890568726 -0.7651316634295525 25 -148.0 -46139.0 nan -1.4233426321769882
5 63.47189329900356 812.8032593432844 0.6374066828103826 -0.19795521852831108 -0.7599080620765887 25 -35.0 -45285.0 nan -1.4666075624583206
6 75.41389604338998 813.7623432964625 0.6338825627018428 -0.16761792649990603 -0.7431793249179862 25 -50.0 -45273.0 nan -1.4664740556169957
7 88.4941536382399 814.7705825537689 0.638905709022956 -0.2058124018695385 -0.7563439227849856 25 -49.0 -45205.0 nan -1.454488770413322
8 100.4441800502368 815.8048918495587 0.6347005148672061 -0.18504728314389257 -0.755640258949576 25 -19.0 -45114.0 nan -1.4776128799012567
9 112.40986993228515 816.7763974135323 0.6318459671692543 -0.17218114872189363 -0.7333706776313536 25 -80.0 -45871.0 nan -1.4645417729837098
10 125.41512467349233 817.8127390726615 0.6318791313410218 -0.17505061250911633 -0.7449651495023552 25 -24.0 -45324.0 nan -1.4837867927130435
11 137.45037609490453 818.8193433810388 0.6354807634256682 -0.1905684908951072 -0.7605905585855826 25 6.0 -44876.0 nan -1.4852839892374128
12 150.47953938489326 819.7952545127725 0.6371485123158804 -0.1971891950893916 -0.7706351950103909 25 -61.0 -45461.0 nan -1.4560119812576056
13 162.44648324112498 820.8233842510986 0.635053012219092 -0.19639330938500557 -0.7410825622037521 25 27.0 -44809.0 nan -1.4959980614589876
14 174.4263539293311 821.8052342434103 0.6339565485256958 -0.17153667352838836 -0.7567672089801282 25 -26.0 -45214.0 nan -1.477762075694088
15 187.41230685403426 822.7561929667932 0.6335805712109751 -0.1639884635457189 -0.7459135683370518 25 -86.0 -45710.0 nan -1.456385010891985
16 199.3886914597086 823.746617885451 0.629699983517375 -0.15259892594854468 -0.7267430899130719 25 -71.0 -45557.0 nan -1.4690512813342886
17 212.4642427981819 824.7582789072221 0.635481287282924 -0.191692476117846 -0.748608452682586 25 -12.0 -44642.0 nan -1.4709680689751696
18 224.4900655181905 825.8123694826194 0.6384280695343153 -0.20258548553506595 -0.771531667381408 25 -26.0 -45151.0 nan -1.4669661631603848
19 236.47612923879902 826.7613651145098 0.6370243912255431 -0.1932571315311327 -0.7555783266889095 25 -86.0 -45624.0 nan -1.4456788521145731
20 249.44357182975588 827.7616151833995 0.6362008433724611 -0.1853765930508325 -0.7299037711941224 25 -31.0 -45132.0 nan -1.469255364869676
21 261.4601326542154 828.7886432755815 0.6360710197077942 -0.24478117897233237 -0.7465363184915851 25 -25.0 -45141.0 nan -1.472485120342173
22 273.44298174151965 829.8094628032021 0.6334478700795048 -0.25670173562494236 -0.7542954154478857 25 16.0 -44673.0 nan -1.4901415904124604
