test_CNN/outputs/tables/00441_b32180m0s0_sources.ecsv
# %ECSV 1.0
# ---
# datatype:
# - {name: id, datatype: int64}
# - {name: x_centroid, datatype: float64}
# - {name: y_centroid, datatype: float64}
# - {name: sharpness, datatype: float64}
# - {name: roundness1, datatype: float64}
# - {name: roundness2, datatype: float64}
# - {name: n_pixels, datatype: int64}
# - {name: peak, datatype: float64}
# - {name: flux, datatype: float64}
# - {name: mag, datatype: float64}
# - {name: daofind_mag, datatype: float64}
# - {name: aperture_flux, datatype: float64}
# - {name: inst_mag, datatype: float64}
# meta: !!omap
# - {date: '2026-06-11 12:14:35 Eastern Daylight Time'}
# - version: {Python: 3.11.15, astropy: 7.2.0, bottleneck: 1.6.0, gwcs: 1.0.3, matplotlib: 3.10.9, numpy: 2.4.6, photutils: 3.0.0, scipy: 1.17.1,
#     skimage: 0.26.0}
# schema: astropy-2.0
id x_centroid y_centroid sharpness roundness1 roundness2 n_pixels peak flux mag daofind_mag aperture_flux inst_mag
1 750.2023954884761 35.647056886561025 0.5428377590501263 0.39789864196966157 0.10258404466795298 25 845.0 7975.0 -9.754326729323047 -0.7093548732054201 12291.304242578413 -10.223994921882902
2 151.44863850894697 63.84591729754074 0.46069809789730043 0.016613750388197686 -0.20707914452457107 25 629.0 8441.0 -9.815984750674206 -0.03261750108794919 11220.742971150392 -10.125054035702316
3 112.11679087473875 82.6261081090732 0.43024505971895033 -0.19389563243686705 -0.7370099040944957 25 3289.0 73730.0 -12.169110584757746 -0.2754982379291896 241790.94436554023 -13.458600078721709
4 131.18849053212523 104.13039380993251 0.39467470585854464 0.08733819867261225 -0.15269271396614326 25 2523.0 56507.0 -11.880255627206406 -0.12092166176097635 165105.93320717025 -13.044406700613596
5 184.11674651416604 118.774905938575 0.45900418151230143 -0.7194445902762616 -0.47077645376706606 25 515.0 6072.0 -9.45832940721856 -0.05278434224146855 7336.934461805236 -9.663786599239524
6 148.54104966915256 132.7524870438632 0.4211841077178661 0.2582612026031508 0.1791986910475087 25 486.0 5091.0 -9.267007742593345 -0.17643917626171707 6193.674671528762 -9.479870974754675
7 3.6952463140972975 147.94684426992322 0.44820417743743035 0.7247436706892623 0.20716252105368432 25 372.0 2935.0 -8.669020263959084 -0.06293408126642219 1869.4992799794768 -8.179313255564322
8 255.80466130954346 173.09140409570105 0.5028534993331377 0.23727230696302523 0.19367935669425004 25 646.0 7044.0 -9.619548368238098 -0.30712155192254237 8754.73220466655 -9.855607165364956
9 398.19098005105354 180.46757564346973 0.42229931670543996 0.04503643057593686 -0.11863647700731424 25 637.0 6849.0 -9.589067915524744 -0.4461815990822274 7975.414487888319 -9.754383157261922
10 516.7015885463956 182.74208432068824 0.3508628173803548 0.6682113042214791 0.46286952471867204 25 488.0 5280.0 -9.30658480633453 -0.2655716226620702 5217.450329297499 -9.293645808064529
11 100.78459053100252 191.6041694342203 0.4636327105606867 -0.07117783976586424 -0.036494956957137725 25 373.0 3184.0 -8.757432647664078 -0.03360618509977034 3429.7556752040346 -8.838157958496124
12 293.5152804631846 214.50930573183794 0.4513842319159161 0.6696546943674533 0.5060171476080803 25 490.0 5444.0 -9.339795291328242 -0.07507869655668574 9063.07580004391 -9.89318903069601
13 146.13864319420423 224.4074439217273 0.5024087055893594 0.39309896156219326 0.3930590536579501 25 1632.0 31881.0 -11.258829838246092 -0.21514505070507614 77325.34876151277 -12.220804718709022
14 349.1429923283391 281.392276356198 0.5352782395302146 0.37262615545556327 -0.3761785180593626 25 462.0 4349.0 -9.095973519163339 -0.07977240411436703 5994.559297208889 -9.444393151312122
15 374.9481047935238 304.7627974285022 0.46919885412547435 0.1153330339135436 0.09561697640614249 25 401.0 3535.0 -8.870973545332296 -0.029850210013444983 3801.0601069203203 -8.949761843106302
16 518.7328549216643 305.08172859020664 0.5871751668046693 -0.5685790680610759 -0.3223659275766836 25 437.0 3513.0 -8.864195374480063 -0.0046984552829075 4375.341642951458 -9.102529925027639
17 401.1582935685592 338.1371939059501 0.39469795550693715 0.8907327784697746 0.7221718859682438 25 484.0 6140.0 -9.470420927852919 -0.017976786528620416 9404.165226699793 -9.933300627167348
18 709.3141428333032 341.19160827851556 0.4570629892858123 0.2379276392440237 -0.008429534969134891 25 2110.0 45416.0 -11.643022203043392 -0.021968096058564826 141077.5150632888 -12.873644503519854
19 217.81723372767885 341.9360427662785 0.4897022553061375 -0.00295801729741846 -0.40861297477654773 25 756.0 11646.0 -10.165441964430016 -0.05862573319565485 22810.133034733153 -10.895319545511002
20 194.42182029309365 377.43525674656 0.5730954341789346 0.07653330421975371 0.5541971261217145 25 556.0 5949.0 -9.436109922312411 -0.06025141746293938 6656.765901844616 -9.558158211019421
21 353.75299417725245 406.3183841456817 0.4253306582727418 -0.44498934496663906 0.09688692179877587 25 615.0 8802.0 -9.861453410567316 -0.022032120053755426 12231.239183445452 -10.218676147347391
22 501.8751405137726 420.6145530951891 0.44435831425074285 0.7111118726064087 0.03302287597196292 25 361.0 3093.0 -8.725949800007948 -0.04210306868023591 2284.1347887928446 -8.396804321068645
23 417.09461810393657 422.37570088735185 0.4041692181946621 0.19718174249845066 -0.07931128646264965 25 651.0 9029.0 -9.88909913255813 -0.14884791569800962 11976.60696639192 -10.195834494113
24 148.4107940087369 455.8545661085502 0.4169303336396421 0.8343851897503877 0.14785669608107507 25 783.0 12268.0 -10.22193441827612 -0.18924246970942765 24847.21768280561 -10.988194411983706
25 441.8918651470287 507.6639405979377 0.4172148249495996 0.6635485403499415 -0.004219437727976757 25 502.0 5064.0 -9.261234242523246 -0.2695357745613446 7344.137679761282 -9.664852024853921
26 736.9072537606233 543.3190867402083 0.7523947789506338 0.6811239484567551 0.5383193990041986 25 583.0 4554.0 -9.14598256569781 -0.18691309759118652 6883.302936269691 -9.594492208518641
27 303.1549649936715 568.2678030690381 0.6496934864460321 0.5956430378248281 0.20017795867119131 25 547.0 4930.0 -9.232117298193076 -0.08572054946458345 4522.533146695177 -9.138454396471449
28 209.96354413698572 686.6328609603818 0.4926235142466724 0.12854723092061918 -0.02999696248309942 25 673.0 7398.0 -9.672785817448439 -0.3487996877730993 8127.15952817983 -9.774846961529311
29 548.6155082633694 726.1888311703802 0.39101599015644767 -0.0349837873940197 -0.2240860512817473 25 613.0 7089.0 -9.626462440880077 -0.3935514242690782 10286.42052157729 -10.030660687107197
30 535.3238332647483 761.7664340042467 0.521488667434737 0.05261184237443121 0.2577214712776069 25 482.0 4078.0 -9.026118053605304 -0.20139743511367447 2624.40623798938 -8.547577653418408
31 126.39174827459499 832.6117778582719 0.3062721795425334 0.3892661692182192 0.21244564082403766 25 684.0 8690.0 -9.847549441121666 -0.5263558330951709 14381.289515564638 -10.39449457332047
32 683.8869373828225 833.2238256583141 0.31857820301797146 -0.6926979383692494 -0.2939259525893398 25 422.0 4733.0 -9.187841261169986 -0.07660476073133404 6041.21392614217 -9.452810537137808
