test_CNN/outputs/tables/00442_b32219m0s0_sources.ecsv
# %ECSV 1.0
# ---
# datatype:
# - {name: id, datatype: int64}
# - {name: x_centroid, datatype: float64}
# - {name: y_centroid, datatype: float64}
# - {name: sharpness, datatype: float64}
# - {name: roundness1, datatype: float64}
# - {name: roundness2, datatype: float64}
# - {name: n_pixels, datatype: int64}
# - {name: peak, datatype: float64}
# - {name: flux, datatype: float64}
# - {name: mag, datatype: float64}
# - {name: daofind_mag, datatype: float64}
# - {name: aperture_flux, datatype: float64}
# - {name: inst_mag, datatype: float64}
# meta: !!omap
# - {date: '2026-06-11 15:15:36 Eastern Daylight Time'}
# - version: {Python: 3.11.15, astropy: 7.2.0, bottleneck: 1.6.0, gwcs: 1.0.3, matplotlib: 3.10.9, numpy: 2.4.6, photutils: 3.0.0, scipy: 1.17.1,
#     skimage: 0.26.0}
# schema: astropy-2.0
id x_centroid y_centroid sharpness roundness1 roundness2 n_pixels peak flux mag daofind_mag aperture_flux inst_mag
1 832.9038244803642 38.32958920844543 0.2670415195676461 0.24878906952785315 0.9204831500378683 25 410.0 6110.0 -9.465103025606386 -0.15988241351851065 7971.062014293445 -9.753790469807875
2 798.2863939202789 64.1041776792965 0.5728302206811997 -0.10239899041576556 0.15243723045748914 25 670.0 6299.0 -9.498179020874682 -0.8127683031222863 8420.215790695162 -9.813308054018503
3 365.08185260217715 67.37139676473873 0.44631226978291055 0.13730911744901786 0.10603068017368406 25 430.0 5490.0 -9.348930861125229 -0.2290445175046682 8442.000891064125 -9.816113484146841
4 128.90632187895514 81.28625002074196 0.4048303657944056 -0.13917943106143804 0.72175375954828 25 2437.0 53557.0 -11.82204060494554 -0.5356982772360727 152636.18106739933 -12.95914372879537
5 109.5433016910259 105.82124942523932 0.4463899793091136 -0.01824226386424401 -0.022207139454448768 25 2533.0 57268.0 -11.894780040718073 -0.22827812561182942 171338.28814147622 -13.08463605876376
6 159.1769510926579 225.51999580416555 0.3855767857248929 -0.11554277490939995 -0.5098387080536585 25 1552.0 34637.0 -11.348850674019513 -0.0057920085621983326 101308.09864015545 -12.514110411380543
7 143.20545017715628 238.77756614332563 0.4481802323483667 -0.5268168298679161 0.4156416304491045 25 1185.0 24552.0 -10.975217188559416 -0.15969714495494092 74220.70232592324 -12.176312649042615
8 647.1633093579596 276.08844397992607 0.4695073700535067 -0.09600437136715852 -0.010090143376483923 25 817.0 11143.0 -10.117505326296264 -0.7461779883993045 15768.993583965266 -10.494509941172943
9 723.278638099224 338.455305247166 0.34179766421559493 -0.5313261918885842 -0.8791634767044049 25 1393.0 29884.0 -11.188596819342758 -0.19651479689580584 92683.68730675126 -12.417508258336502
10 477.88474315761687 338.67880937335934 0.4699895256444783 -0.49053380080457687 0.2695002942516512 25 1050.0 12949.0 -10.280590577172347 -1.1681174292994554 18465.966168705625 -10.665930088897921
11 568.2834689028518 351.20516953422 0.6656367569649373 -0.07519916658025504 -0.0005398977379487661 25 486.0 4088.0 -9.028777217816641 -0.40437372245254016 4319.736564522801 -9.088643156352923
12 423.38264700873304 362.87419421273324 0.5099652306911646 -0.6152336927347722 -0.023610043362278177 25 1483.0 17596.0 -10.613534883262064 -1.5255461374400747 22273.900415086577 -10.869490684078968
13 182.36077485078263 382.99876620972105 0.606161069045594 -0.33259979949991025 0.1919509941307822 25 402.0 4347.0 -9.095474100477093 -0.10172031178307102 6025.413102832007 -9.449967068835164
14 409.9681576470864 403.63632689205787 0.42322434877340187 -0.5812921445263283 -0.14532137092925126 25 896.0 17905.0 -10.632435813369804 -0.12653928069201908 51615.61976645263 -11.781952866076857
15 475.35928834784437 459.5060891805112 0.38615601517684783 0.07944863551529315 0.581117822390433 25 1696.0 36746.0 -11.41302517674953 -0.3317884353995138 123503.6506337176 -12.729199487646026
16 641.011546746022 465.68944598799607 0.5874089992478727 -0.32958071736834627 0.28453196622830484 25 490.0 3898.0 -8.977104586954006 -0.5351645470879943 4129.04965900049 -9.039625265130688
17 462.6020676063855 473.0732344833834 0.35470725992304997 -0.4407161917626131 0.29845211540859257 25 1600.0 35628.0 -11.379478609109173 -0.076517278746624 112129.43314191721 -12.624299066574354
18 455.8102101822539 478.5799593765213 0.4138013315329245 -0.08007708914310566 -0.3821768282015069 25 1229.0 26368.0 -11.052692975042556 -0.041265169719275366 89447.8245963454 -12.378924457079846
19 815.9519994024644 493.366665620484 0.4386858923442025 -0.1073176699380114 0.2492293615932377 25 422.0 4449.0 -9.12065601437011 -0.3923764628678053 5401.017642613559 -9.331188989804168
20 547.1354491263979 506.3547236421494 0.47417835989285045 0.04601817604502898 0.04452737072237636 25 294.0 2688.0 -8.573573160954469 -0.09847456308270171 2920.2657234869307 -8.66355592741688
21 717.249708372192 522.4240515002216 0.5221829640919301 -0.04213923656810944 0.49775063275066256 25 384.0 3530.0 -8.869436763469556 -0.2564417445268743 4833.664836165879 -9.210691333398929
22 216.0092044662417 534.1758345355789 0.44378046523803605 0.15784413260092753 0.49227448350425895 25 310.0 3390.0 -8.825499245507705 -0.03345171568888249 3911.756958806785 -8.980929659557809
23 423.8208822528753 596.4798577642589 0.6706857581521424 -0.6544280977384827 0.32029824854172906 25 483.0 3873.0 -8.970118742465207 -0.437840280450593 5041.85220401552 -9.256475276734012
24 674.6448601465812 634.9678563665825 0.41091084405058703 -0.5493455630587257 0.3953297271497092 25 443.0 5248.0 -9.29998456591901 -0.4063436526652866 7891.880061268148 -9.742951190840518
25 393.45064342421523 672.0937358107612 0.478780659584219 -0.21243532975578938 0.4223463581413218 25 562.0 5280.0 -9.30658480633453 -0.7478719693862491 6672.921453631653 -9.56079003209729
26 89.59902732254817 685.2368702561282 0.41184814020307287 -0.3819099088091546 -0.17932740680538778 25 633.0 8800.0 -9.861206680375421 -0.5903137953214412 13773.4690606118 -10.347608344494109
27 311.7220814498092 688.1854221015953 0.46092196992042583 -0.025418677638517462 0.4585745120979919 25 921.0 11493.0 -10.151083516756852 -1.0461344082972566 16582.388536798833 -10.549117716868459
28 771.1115753840991 689.9165569495402 0.4484547373135165 0.3325350846407738 0.2826398703185234 25 474.0 5124.0 -9.274022802681621 -0.503228326695724 6863.638707547529 -9.591386036952992
29 393.4051518409949 696.4021155070736 0.38987734874408203 -0.21193650976984352 0.41028250365441327 25 337.0 4007.0 -9.00704835608175 -0.1155038728682574 4337.375305745722 -9.093067506353243
30 291.8466633201699 733.0262272719677 0.5938632620549049 0.28350760594768165 0.3457524329104159 25 554.0 6502.0 -9.532617412900269 -0.36203581450375394 9556.106985353514 -9.950702508117525
31 525.4570549511124 752.6657101464696 0.5165539191466444 -0.06610422862925759 0.05824492986728751 25 508.0 5326.0 -9.316002905257307 -0.5092329142403332 7648.803524016688 -9.708983763192352
