test_CNN/outputs/tables/00452_b33315m0s0_sources.ecsv
# %ECSV 1.0
# ---
# datatype:
# - {name: id, datatype: int64}
# - {name: x_centroid, datatype: float64}
# - {name: y_centroid, datatype: float64}
# - {name: sharpness, datatype: float64}
# - {name: roundness1, datatype: float64}
# - {name: roundness2, datatype: float64}
# - {name: n_pixels, datatype: int64}
# - {name: peak, datatype: float64}
# - {name: flux, datatype: float64}
# - {name: mag, datatype: float64}
# - {name: daofind_mag, datatype: float64}
# - {name: aperture_flux, datatype: float64}
# - {name: inst_mag, datatype: float64}
# meta: !!omap
# - {date: '2026-06-11 12:14:36 Eastern Daylight Time'}
# - version: {Python: 3.11.15, astropy: 7.2.0, bottleneck: 1.6.0, gwcs: 1.0.3, matplotlib: 3.10.9, numpy: 2.4.6, photutils: 3.0.0, scipy: 1.17.1,
#     skimage: 0.26.0}
# schema: astropy-2.0
id x_centroid y_centroid sharpness roundness1 roundness2 n_pixels peak flux mag daofind_mag aperture_flux inst_mag
1 642.1229139217635 42.266737862167446 0.49110902110877425 -0.27211275601382334 0.1254346017038976 25 806.0 7485.0 -9.685479511697677 -0.3064493211659634 10468.791360803658 -10.049741361400304
2 620.7944504174071 59.28517770988076 0.5041394962071805 -0.2743002619457048 -0.2512406532148115 25 1795.0 15680.0 -10.488365145871049 -1.1792464343549618 18797.43303294256 -10.685246365746384
3 652.708088880515 85.83915844915404 0.6268458615523799 -0.32731788651935717 -0.2745534133103293 25 839.0 7857.0 -9.738141882862237 -0.09308912579153475 10297.944936968841 -10.031876413320553
4 312.6997632293542 134.54094861021142 0.48872567296351155 0.468491555967521 -0.24979605922283687 25 749.0 6085.0 -9.46065145641521 -0.3502248336951755 4827.767425276635 -9.20936585014991
5 60.91106354098862 175.80369591470458 0.5836190669334046 0.2521829751026981 0.09852826829536178 25 607.0 1990.0 -8.247132691024268 -0.2588037522391797 nan nan
6 469.5389950662495 223.35785050990148 0.4005533195942792 0.6536215484370969 0.3942566318287043 25 734.0 9742.0 -9.971620313089378 -0.05904445342720571 14375.10504939666 -10.39402756770097
7 142.47305130260654 229.74319504230368 0.6244149655214362 -0.002880876749427973 0.07654061622893521 25 650.0 3298.0 -8.79562662827125 -0.18070899097064275 4031.581182762983 -9.013688523708765
8 782.2942960859118 259.84962393411905 0.3989963448642881 -0.22764973595316113 -0.03648062715501574 25 743.0 7848.0 -9.73689748592973 -0.21401275340314407 10392.157112975101 -10.041764259900287
9 244.11892489782156 275.22692452834275 0.6854721232636356 -0.1082201713127946 -0.017172905844523172 25 1045.0 6056.0 -9.455464666230041 -0.5144264837719364 5271.62409200637 -9.304861085249089
10 504.2590030880735 294.0331723453445 0.357955805293871 -0.33450695410107906 -0.2161817081154335 25 970.0 16029.0 -10.512266072256422 -0.0019682681321548105 41390.836165052584 -11.542260499935232
11 718.6981918628321 341.7873582774086 0.3325861051520523 -0.19829312313765388 -0.40393100776899643 25 2192.0 46832.0 -11.676356762724291 -0.05126510738270002 150220.1744204716 -12.941820654758263
12 379.7935471765922 359.2282394207915 0.4754895816120387 -0.228512819984949 0.41571332332454025 25 835.0 8249.0 -9.79100325900969 -0.35290132616299014 11666.31564106235 -10.16733430605301
13 187.1383940627755 369.90556999214425 0.47061006880104844 -0.4727259604321048 0.1279521808487692 25 895.0 7458.0 -9.68155594756322 -0.5170008525279935 5903.712314640218 -9.427812965868608
14 650.5706249721942 408.91720084269053 0.6451280220449449 0.6347333138201694 -0.3296352513552736 25 536.0 1933.0 -8.215579635071382 -0.03747667379888475 535.476470793301 -6.8218509809676044
15 199.34064713909046 423.8229795580281 0.5082829244451674 -0.48789287303816176 -0.5672413721007455 25 1232.0 11617.0 -10.162734973392881 -0.7094330819031587 14981.999623294596 -10.438924454537872
16 38.171853402651266 451.54932217433134 0.5454402488520254 0.3703974594853405 0.09423121921284637 25 633.0 5432.0 -9.337399403181113 -0.0034482467078551307 7419.366410903454 -9.675917048912815
17 666.8912835326292 476.0584505915872 0.5624639062581477 0.6462629998592883 0.2466749827245624 25 608.0 3560.0 -8.878624994932188 -0.1310315255640547 2770.517324175653 -8.60640217542079
18 653.1101869158937 484.27432647345665 0.6578662665813536 0.36297537573162747 -0.43033905452632626 25 766.0 6456.0 -9.524908804285035 -0.07738395639274433 9572.296379937514 -9.95254034222153
19 148.3029662813847 597.313873968667 0.4552658893751005 0.23439290217053652 0.03866902446833345 25 1304.0 13134.0 -10.295992529878939 -0.8168760104260833 21538.10432206122 -10.833018690452974
20 601.9585059876952 612.2571124344771 0.463471757448393 -0.5102142190739452 0.0472792685968097 25 708.0 5981.0 -9.441934506030268 -0.23127514090632145 8524.856376675394 -9.82671767727196
21 102.16542037957022 661.9626439902205 0.7755592164588782 0.6534353169837509 0.1189623932499788 25 676.0 2274.0 -8.391976150879291 -0.09043356938800111 nan nan
22 544.9044982017892 671.301844440142 0.4770008578571131 -0.5701788377867941 0.14130876719626534 25 1207.0 11718.0 -10.172133734178745 -0.6726610607892105 12487.024834716536 -10.241147438653293
23 33.88638542008315 746.03705503842 0.5233345932388351 -0.4534190907954055 0.15741810744243756 25 721.0 5896.0 -9.426393687127488 -0.2056367581332233 8888.331796645865 -9.872050645537147
24 375.11706868208944 758.1921921483954 0.5257922896679638 0.16371135009637505 0.0021466073909014376 25 689.0 6543.0 -9.539442300745907 -0.094043494054836 8388.622609290858 -9.809226641555474
25 399.82236771411567 793.2675029048219 0.5723807135085365 0.10768079847012364 -0.017296649367589862 25 764.0 4952.0 -9.236951590030154 -0.3042489208546736 6510.6093194105415 -9.534054088806968
26 527.4725030555852 801.393240944869 0.4064323965422975 0.5791712486818197 0.18697265004998267 25 769.0 7235.0 -9.64859633863764 -0.3814639838853479 10977.8890467047 -10.101297092656301
