test_CNN/outputs/tables/00477_b34204m0s0_sources.ecsv
# %ECSV 1.0
# ---
# datatype:
# - {name: id, datatype: int64}
# - {name: x_centroid, datatype: float64}
# - {name: y_centroid, datatype: float64}
# - {name: sharpness, datatype: float64}
# - {name: roundness1, datatype: float64}
# - {name: roundness2, datatype: float64}
# - {name: n_pixels, datatype: int64}
# - {name: peak, datatype: float64}
# - {name: flux, datatype: float64}
# - {name: mag, datatype: float64}
# - {name: daofind_mag, datatype: float64}
# - {name: aperture_flux, datatype: float64}
# - {name: inst_mag, datatype: float64}
# meta: !!omap
# - {date: '2026-06-11 12:14:38 Eastern Daylight Time'}
# - version: {Python: 3.11.15, astropy: 7.2.0, bottleneck: 1.6.0, gwcs: 1.0.3, matplotlib: 3.10.9, numpy: 2.4.6, photutils: 3.0.0, scipy: 1.17.1,
#     skimage: 0.26.0}
# schema: astropy-2.0
id x_centroid y_centroid sharpness roundness1 roundness2 n_pixels peak flux mag daofind_mag aperture_flux inst_mag
1 249.12656136463266 18.69431729509655 0.4254172737280078 0.5507293537888541 -0.11698939835597669 25 946.0 10055.0 -10.005955187331901 -0.2611332461988616 16392.157348057077 -10.53659028549739
2 720.3235114447009 77.45240006332769 0.5234451749795269 -0.13106852333526098 0.19234492320337837 25 947.0 6913.0 -9.599166392206083 -0.3524975694371469 8325.79906413985 -9.801064813401787
3 423.68206445507826 118.52168993307164 0.4894087826629694 0.631776575593753 0.05398360435752614 25 857.0 6036.0 -9.451873077758881 -0.29308221146495117 2290.5252788062644 -8.399837722800982
4 92.21980787212608 164.86773044147108 0.49835371628988034 0.03684112766253027 0.08564679741268272 25 873.0 9028.0 -9.888978876014312 -0.057540280591682376 12417.46285239271 -10.235082173626076
5 629.7562901683963 247.93356630737793 0.48730557049802775 0.14150188358171586 0.29547220039385935 25 1127.0 9381.0 -9.930622839906489 -0.4955550062605296 6545.479229393865 -9.539853622657008
6 531.0724129194409 270.2722667910961 0.4647372566499139 0.34422857425664516 0.3450106819911699 25 813.0 8068.0 -9.76691472385182 -0.09778758739824368 7828.871482692717 -9.734247909563209
7 512.9422268517887 340.02049676478003 0.5837609347976812 0.2404743625969859 0.1591573618421843 25 1422.0 13110.0 -10.294006729225211 -0.5509899792884694 15420.814745809961 -10.470268299764298
8 337.15051405575605 371.09249764528255 0.6352758794712556 -0.03636079290594659 0.13729924145073752 25 1220.0 8593.0 -9.835362029481193 -0.46695383883565234 9483.015340859214 -9.942366132816199
9 720.2210249047627 448.22184980710193 0.6220148115402816 0.4215247713992137 0.34726552394590654 25 900.0 7627.0 -9.705884365971785 -0.10212817656678866 11191.206321586822 -10.12219225621621
10 509.2268293351993 504.6819811519238 0.5285425768566046 0.3706489808202011 -0.07148190156233399 25 1656.0 16795.0 -10.562950020444209 -0.7085517661123008 16193.941354693983 -10.523381405434426
11 580.9236503576853 509.62636140606776 0.40228588598194454 -0.6407878005515073 0.24094181667723052 25 1764.0 25014.0 -10.995457863774853 -0.5948186502764424 34375.13497773772 -11.340611030366459
12 27.893109298579937 593.679782783683 0.5213121915383688 0.5693227837471287 0.31018360221580055 25 964.0 5572.0 -9.365027769379815 -0.441829640181107 4447.43577854163 -9.120274213853728
13 684.1312855931601 629.5614767513448 0.4898427675008058 0.28063716223054785 -0.0033114997653242812 25 768.0 5755.0 -9.400113319914528 -0.0975368527507263 1618.4631684433348 -8.022757051401118
14 514.0920517600624 639.5234315657347 0.5261234469356612 0.2538813236840335 0.49809900477306424 25 1140.0 9779.0 -9.975736115321096 -0.4550909500610057 10610.429877691604 -10.064332448850289
15 724.4053113347265 670.1701192304505 0.5173858641042761 0.5447836096929394 -0.23038730942932664 25 965.0 8526.0 -9.826863320777782 -0.26487288871693593 8362.333997244601 -9.805818773936343
16 334.5217844239152 676.184155883746 0.41818782001078125 0.1578259570186399 0.05142198896139369 25 968.0 9427.0 -9.935933767703558 -0.3332764108293007 8339.667754757813 -9.802871872652643
17 791.9961977988895 730.6298691137539 0.34888636756845937 -0.017236953905419676 -0.017670288339955362 25 945.0 12526.0 -10.244531018413223 -0.10311329600899635 15494.038481638896 -10.475411575659743
18 230.95762641838084 743.999742820024 0.5528948473655505 0.6482212601794441 0.34625716701374154 25 900.0 7177.0 -9.63985736558079 -0.1591540607156295 5439.33628193748 -9.338864773750172
19 806.832375351932 753.8941021438101 0.4601551918779999 0.2448348894431447 0.08092748470140837 25 632.0 4344.0 -9.094724541451976 -0.018128114468825843 881.8374894503783 -7.363471394978703
20 122.8252617338403 815.9475499556311 0.39245375805788024 0.8246838624031978 0.3613125404382483 25 1349.0 13302.0 -10.309792358745328 -0.7302745936856324 11230.833009535732 -10.12602992449777
21 830.5143078487674 833.5767854273462 0.7214280509427249 -0.5445142077037516 -0.9800274230173219 25 873.0 5582.0 -9.36697458038153 -0.04427725992929988 7383.322713372168 -9.670629627907646
