test_CNN/outputs/tables/00479_b34240m0s0_sources.ecsv
# %ECSV 1.0
# ---
# datatype:
# - {name: id, datatype: int64}
# - {name: x_centroid, datatype: float64}
# - {name: y_centroid, datatype: float64}
# - {name: sharpness, datatype: float64}
# - {name: roundness1, datatype: float64}
# - {name: roundness2, datatype: float64}
# - {name: n_pixels, datatype: int64}
# - {name: peak, datatype: float64}
# - {name: flux, datatype: float64}
# - {name: mag, datatype: float64}
# - {name: daofind_mag, datatype: float64}
# - {name: aperture_flux, datatype: float64}
# - {name: inst_mag, datatype: float64}
# meta: !!omap
# - {date: '2026-06-11 12:14:39 Eastern Daylight Time'}
# - version: {Python: 3.11.15, astropy: 7.2.0, bottleneck: 1.6.0, gwcs: 1.0.3, matplotlib: 3.10.9, numpy: 2.4.6, photutils: 3.0.0, scipy: 1.17.1,
#     skimage: 0.26.0}
# schema: astropy-2.0
id x_centroid y_centroid sharpness roundness1 roundness2 n_pixels peak flux mag daofind_mag aperture_flux inst_mag
1 698.9853328693906 16.284097830241404 0.6033153620408118 0.2971886067655316 0.4364649565800879 25 1352.0 11787.0 -10.17850820882867 -0.6428931575485488 15686.411947442635 -10.488809040033384
2 199.93983910558464 35.73548778473304 0.4652638477486638 -0.5468855876741727 0.31569783179560634 25 783.0 7541.0 -9.69357235197055 -0.14347280393087244 7110.897023087554 -9.629810973555857
3 642.4135150892982 60.98148480435795 0.36935696174117355 -0.6747170911816881 -0.040903956696700744 25 742.0 9592.0 -9.954772925226981 -0.044207693572812845 10037.04209243907 -10.00401436364631
4 529.7119959358926 115.76747702765343 0.5833526843578305 0.23972566544189133 0.6240629020807001 25 751.0 6250.0 -9.48970004336019 -0.04552892197318094 7523.428617715126 -9.691039511854212
5 53.32350988161052 195.3569968772353 0.4189876457398791 -0.5021841482959781 0.3553604570237862 25 802.0 8396.0 -9.810181074775906 -0.18351762611306263 7489.934918431872 -9.686195110106908
6 403.73838112306487 196.7987747041324 0.4257132523609021 -0.32535955332785066 0.3083320578474507 25 839.0 8515.0 -9.825461630746549 -0.30242844446396133 8989.66277132032 -9.88435850093994
7 687.2484349180719 225.48539365033488 0.45517695488376636 -0.01792887722070126 0.5789147909504597 25 737.0 7169.0 -9.63864645096509 -0.10774146167152575 7366.582640962923 -9.668165163214212
8 809.6945097896115 235.52352200208375 0.5621745814810506 0.3611007858874542 0.13454651667998363 25 748.0 6224.0 -9.48517395995408 -0.08679695838347229 7077.905630189943 -9.624761919714963
9 749.9887205343143 263.7082851531764 0.44900942975066277 0.5037290315880075 0.47219850183221473 25 1093.0 11747.0 -10.174817421881182 -0.4915419188759922 19900.235611371154 -10.747145545812284
10 704.2330171817601 270.41997239663465 0.40339352573542625 -0.19354568947168999 0.25679120146257606 25 1021.0 11131.0 -10.116335456877422 -0.4675218833579073 14647.063229061354 -10.414376390860571
11 674.0778066945564 486.39917471917016 0.532726283957465 0.14098222576850983 0.5210235653600107 25 932.0 11635.0 -10.164415969056872 -0.04654972706042977 21055.827162731195 -10.808430767579218
12 391.16737757124287 502.3362074778551 0.46144269596170906 0.13942739378618974 0.14028292374164233 25 664.0 5541.0 -9.35897037539976 -0.09641183661010204 6123.491692653527 -9.467497832499506
13 24.06952555850571 540.3550540317071 0.5288976725659144 -0.39857873448069436 0.38533536455717143 25 903.0 8408.0 -9.811731757550465 -0.2678864551543987 9716.790067768869 -9.968807049637595
14 828.9007473343756 614.1372937144947 0.5645000919811746 0.6605123226531355 0.3968404653991774 25 872.0 7380.0 -9.670140904557604 -0.279410977011838 10595.30786010362 -10.062783950517398
15 471.05308219593337 702.9468290072329 0.4994504976476136 0.10259561539308719 0.48304803167223126 25 1095.0 10383.0 -10.040807135034475 -0.5108113571194979 14567.509156101061 -10.408463249322308
16 706.4013381795992 802.3173090512952 0.4285394250449159 0.30795096744665057 -0.026962975884949652 25 1385.0 22435.0 -10.877315184672733 -0.16342389576762276 45653.865546003966 -11.648693888642118
17 262.7645551709043 812.5336124279925 0.3911241377506464 0.3194700209648313 0.7575974330343656 25 749.0 8608.0 -9.837255645805785 -0.0419120201765571 10447.168186987967 -10.047496465966875
18 634.3632329662919 821.7299747275405 0.4074967025056632 -0.11396858198837531 0.2793012578412776 25 1102.0 15543.0 -10.47883711751696 -0.1842366445977017 25133.626460917203 -11.000637890635538
