test_CNN/outputs/tables/00483_b34334m0s0_sources.ecsv
# %ECSV 1.0
# ---
# datatype:
# - {name: id, datatype: int64}
# - {name: x_centroid, datatype: float64}
# - {name: y_centroid, datatype: float64}
# - {name: sharpness, datatype: float64}
# - {name: roundness1, datatype: float64}
# - {name: roundness2, datatype: float64}
# - {name: n_pixels, datatype: int64}
# - {name: peak, datatype: float64}
# - {name: flux, datatype: float64}
# - {name: mag, datatype: float64}
# - {name: daofind_mag, datatype: float64}
# meta: !!omap
# - {date: '2026-06-11 11:15:09 Eastern Daylight Time'}
# - version: {Python: 3.11.15, astropy: 7.2.0, bottleneck: 1.6.0, gwcs: 1.0.3, matplotlib: 3.10.9, numpy: 2.4.6, photutils: 3.0.0, scipy: 1.17.1,
#     skimage: 0.26.0}
# schema: astropy-2.0
id x_centroid y_centroid sharpness roundness1 roundness2 n_pixels peak flux mag daofind_mag
1 50.31009223374901 16.16663294006469 0.42964422861006957 -0.5150928779734035 -0.7804640946208102 25 610.0 8339.0 -9.802784934591703 -0.035886409901579194
2 464.2594593004141 30.789044799694345 0.5521389429743145 0.04316234656358069 -0.426703134121677 25 732.0 8156.0 -9.778693042765257 -0.3272616592923023
3 521.3871547357865 44.975628507842195 0.4205095977502971 -0.5276778239117133 -0.801780296375531 25 581.0 6379.0 -9.51188150537615 -0.24735695653587048
4 601.040215068795 81.61494309815393 0.3930995248897458 -0.21073996679897875 -0.4006655340799329 25 581.0 8080.0 -9.768528401936464 -0.01193952529619793
5 66.61415278617643 87.2197305282935 0.5083093984519017 0.001797337340037154 -0.6868731403741477 25 1028.0 14088.0 -10.372123357398051 -0.48053937495240284
6 300.78580525206854 133.99046494498282 0.5962565400561656 -0.425459179911357 -0.6518003244835193 25 624.0 6653.0 -9.557543808615122 -0.093825239817826
7 152.5575587900537 135.15660181338808 0.6207361222040951 -0.9534012653240311 -0.7061986328904173 25 810.0 10902.0 -10.093765444229195 -0.11916730452272574
8 122.70391226276777 140.5154882265496 0.5042649163051648 0.2971106584560132 -0.6104456886014902 25 952.0 13657.0 -10.338388273521936 -0.3728311394262876
9 175.58435667346717 268.93159713199645 0.4913992273976225 0.19257531329667052 0.2722520078992235 25 1326.0 22456.0 -10.878330999065957 -0.3701821123422836
10 366.7390365334682 298.4619026846968 0.37234402694721275 0.5672824540834341 -0.448970185015478 25 1041.0 19465.0 -10.72313602013545 -0.05890640663474781
11 199.6825758269985 315.4605038027149 0.4930250615279797 0.17058463711461455 -0.40849768382837787 25 925.0 11790.0 -10.178784512737721 -0.4759943418380008
12 390.9692417414431 329.9088212230284 0.4194629612438847 0.592640818193934 -0.48972526611499473 25 570.0 6926.0 -9.601206218033605 -0.15731907448098897
13 261.01865657359434 336.7578827932157 0.5668017445684959 -0.09416707826777333 -0.06489634891997195 25 694.0 6989.0 -9.611037601184561 -0.3312736516349454
14 379.6606651821212 337.1411442784409 0.6031611023072222 -0.34459773364934804 -0.5040645300887305 25 501.0 4117.0 -9.036452167493715 -0.028004629671143928
15 212.9890216946682 354.93753209915525 0.4409930977077966 -0.12068130351290458 -0.6971709132248222 25 778.0 9143.0 -9.90272179941974 -0.4425631656486031
16 258.4771425686705 374.34411676216337 0.570529956531835 -0.1331821007350818 -0.6647434859419857 25 886.0 8999.0 -9.885485629539657 -0.5433145247053152
17 2.3201634797361868 417.46078335755027 0.45007777083969475 0.5158119594556289 0.21291357120984458 25 586.0 5602.0 -9.370857761218874 -0.37559919002655706
18 248.88851389234335 418.4647873344038 0.6590250126403006 -0.2619504068490002 -0.19726606635235647 25 424.0 2580.0 -8.529049264908075 -0.01224759033153577
19 70.83817898890493 432.55543683079117 0.4361330071255622 -0.538546832073574 0.12911460709676018 25 972.0 13582.0 -10.332409315326816 -0.5112290107057048
20 219.26921620254151 434.84939702511775 0.517522803418453 0.7837991350619191 0.19977694598332302 25 687.0 6084.0 -9.460473013452402 -0.4607769028102396
21 712.9864531473407 448.2603773519586 0.35997419137295766 -0.049491134104822435 -0.13620301353544065 25 561.0 5946.0 -9.435562262172297 -0.3558617597831142
22 366.88242511179163 452.6574877902673 0.40575891203107306 -0.09387840498189047 -0.10042304594878068 25 584.0 6288.0 -9.496281332578379 -0.35092089769599744
23 439.09731304530214 454.1111213553488 0.47830581341131595 0.6566727839514892 0.2908275603920401 25 663.0 6288.0 -9.496281332578379 -0.4800929735425761
24 387.76619316498005 491.91774139098294 0.4086913986033451 0.6796719096352309 -0.1270026846300192 25 1074.0 10722.0 -10.07568950722322 -1.0733244877556138
25 260.4793369682117 517.2927887264773 0.39110528152265056 0.5752964875467199 -0.07464771603282094 25 1660.0 30714.0 -11.218340949834722 -0.5389862430451055
26 502.26223166113266 522.3433164779218 0.6773557008776221 0.05209823737832112 -0.2577571612984406 25 846.0 5162.0 -9.282045000519625 -0.6651685699182452
27 113.16118980079153 526.6858027836546 0.6706190403528827 0.26727369080433844 0.38428625779031694 25 529.0 2569.0 -8.524410260665865 -0.2287998668103821
28 274.9628854388699 543.5488334782959 0.5805818205654155 0.4132864393745141 0.15219952698147782 25 426.0 2074.0 -8.292021880132555 -0.06843525076918903
29 108.10200368928682 547.3874091347384 0.6376174604864955 0.5688146462077673 0.033196393125008904 25 1147.0 8006.0 -9.758538964422716 -1.0175591817753606
30 508.67003448345633 549.8021403070417 0.6468239836819695 0.4592350499091247 -0.19300392774234268 25 826.0 5577.0 -9.366001611228903 -0.649668896825104
31 73.79028209364654 553.0939964187992 0.5061581886245368 -0.15612007762302504 0.0982611656492062 25 1120.0 8068.0 -9.76691472385182 -1.1605603524427692
32 98.40052637386503 554.8111017364034 0.5369755201551101 0.4246212749550751 -0.039796311748794874 25 1355.0 11541.0 -10.155608602566195 -1.2151000801267298
33 293.88766656856615 560.1670660114866 0.41803386743536 0.2999564009643455 -0.21559808836581612 25 825.0 7486.0 -9.685624556946008 -0.8195891699768282
34 1.3842076243823445 562.9292121131139 0.24044076806697495 0.19837565525089088 0.8662077192770699 25 794.0 14034.0 -10.367953680481993 -0.2210525632889769
35 390.50129585438975 564.4270127973264 0.49642033186207263 0.6980467256742804 0.19958150753356205 25 1853.0 30437.0 -11.208504610747942 -0.873700321222382
36 1.3503889822480772 572.4639399292735 0.2981839532479143 -0.15246112035598022 0.9888918587566191 25 1424.0 23168.0 -10.91222136129263 -0.8677411697203962
37 49.432687141707156 576.4800675012426 0.6090707363637856 0.4868931524068396 0.28638876695576837 25 847.0 12839.0 -10.271327997144672 -0.018411813807866828
38 536.8659784448755 595.5381204438942 0.48772468434486616 0.03815779308586574 -0.08919333954758414 25 849.0 8333.0 -9.802003454564135 -0.6844307118440927
39 80.33447005824333 601.3985128794998 0.7285275038075193 0.7400939298616847 0.5139438153510831 25 722.0 7042.0 -9.619240051835414 -0.2417935204731203
40 96.2475723420045 616.9154048093853 0.4673632467206817 -0.30354934806069145 -0.23836043848961241 25 564.0 5172.0 -9.28414629052089 -0.22025217298019584
41 352.5980336263631 617.0506550286723 0.39019991356980926 0.4124161856656127 -0.1630807943721883 25 554.0 4471.0 -9.12601167467008 -0.48047530227088464
42 79.31636976764663 633.3660065484165 0.4308983547403743 0.5372062207490277 0.47589848461989687 25 1320.0 15921.0 -10.50492585587262 -1.0764928000665355
43 354.9351869025232 645.2027971522873 0.6934016961753059 0.011449988301904126 0.10009991478465792 25 990.0 5467.0 -9.344372684728894 -0.9042310156967183
44 791.7377185921109 647.1515835698186 0.3942653659723619 -0.09074870734656468 0.2676596026399099 25 659.0 6033.0 -9.451333313291011 -0.5767763939727504
45 579.1137793225554 649.9898741471253 0.5196106747958912 -0.30449757272376604 0.0033606342874235875 25 730.0 9112.0 -9.89903427767761 -0.1895615142081923
46 61.40133500541684 654.5242214074775 0.6545664060578184 -0.20336677413697207 0.27258916129766414 25 992.0 12680.0 -10.257798133864284 -0.45635475564576816
47 762.4015941595477 662.8954638559255 0.4168211090896537 0.0003292285868960189 -0.08759101808696429 25 535.0 5209.0 -9.291885893581743 -0.28867252946009747
48 516.9220657254082 675.6812920380899 0.5018344306117697 0.1567639139586414 -0.04311957668300328 25 1446.0 10723.0 -10.075790764971464 -1.4126226586212887
49 382.94100642998137 679.3182579149998 0.5238340911573494 0.009496948812370957 -0.3379914706554801 25 447.0 3309.0 -8.799241917899632 -0.08885806364450627
50 173.7052351863355 679.8666509574712 0.5745020057128873 -0.08027792358951123 0.2827619245338632 25 491.0 3177.0 -8.75504303706787 -0.2135141440825556
51 9.106327654909105 694.0416216387424 0.4860752400380807 -0.005074388843709582 -0.15013453000225688 25 1737.0 20016.0 -10.75344323087336 -1.3258424331527046
52 604.3640086337329 693.8364682980963 0.5284775258300567 -0.08945998335577816 0.4731207981161796 25 475.0 4373.0 -9.101948693362143 -0.0027184311041723594
53 131.71100198158754 703.0693554568479 0.48948349732870167 0.46068510652470795 -0.09620224797204142 25 593.0 4940.0 -9.234317372309118 -0.4228665917741978
54 111.01434332191914 707.0366535245753 0.4747175730343575 0.1458040775239132 0.6213875492500799 25 725.0 6748.0 -9.57293768479272 -0.5737748892443056
55 30.11639495975439 708.9174406468306 0.45536372973952294 0.4036630312133093 -0.3851456631022158 25 489.0 5580.0 -9.366585497343946 -0.04465070468364574
56 164.7903037650991 713.2484802688858 0.388470323794894 0.3225340436532628 0.38246184238076486 25 575.0 6333.0 -9.504023720068297 -0.2894359740542308
57 89.01884948965441 715.2028469766171 0.6004873262746091 -0.6782392538929206 -0.4983189419931937 25 481.0 3793.0 -8.947457106756977 -0.0974420297078063
58 796.1624589363362 714.9876482703348 0.45723631672820697 -0.499547634594554 -0.5250103648031718 25 678.0 6610.0 -9.5505036487141 -0.42623949116112225
59 825.9104621345261 722.1190218743031 0.6718336622832235 0.46269637973635785 -0.2125274042586443 25 547.0 4294.0 -9.082155100250574 -0.11202869000010662
60 408.3623824519216 730.9321591341143 0.44967464190272605 -0.8556197227258265 -0.32972533511621127 25 623.0 6004.0 -9.446101708928081 -0.4470668152646312
61 69.9147308740596 739.3472321426635 0.39000218734333464 0.10380565256580772 -0.12060688557981168 25 816.0 7321.0 -9.661426017133575 -0.8442222053626948
62 538.6925148025387 746.7480411487604 0.34416919584469086 0.054653578290390394 -0.3526972664055615 25 454.0 5456.0 -9.342185904121056 -0.09034676827183896
63 2.362982827918415 759.9546514346332 0.6328990960061768 -0.8998867939127946 -0.43930801300862526 25 581.0 5319.0 -9.31457497580145 -0.11774655267506845
64 178.3234805549191 763.3188685842628 0.4200347794821108 -0.08736105552739247 0.09485699061281508 25 1326.0 12030.0 -10.200664068349612 -1.313553959817253
65 18.33130487675234 768.4927353995143 0.5312352991590018 -0.062216704078536585 0.024114530402133374 25 615.0 5182.0 -9.286243521624515 -0.3893023336357359
66 85.22187517873374 768.3287652598748 0.7093587973336384 0.23909837036279305 0.2453627173045293 25 520.0 3472.0 -8.851449291261135 -0.11713933013600736
67 636.8214980672443 768.8437605980216 0.44869373655852335 0.26415297816279465 0.0006983670735761136 25 322.0 1525.0 -7.958174609207012 -0.029554703348449066
68 344.3261339533598 772.4726201068962 0.4837199936082614 0.14833962963067954 -0.0065764304537393745 25 476.0 2595.0 -8.535343405461193 -0.3866897288650489
69 575.7337354168117 784.311261853114 0.3541382152195594 -0.12919593803096752 0.17755346004281355 25 367.0 2500.0 -8.494850021680094 -0.1864341292380073
70 425.1238048539291 790.5214137833431 0.5333943287406037 0.2097179435474568 0.3566004906795216 25 577.0 3162.0 -8.749904663990476 -0.48992343139253386
71 229.51466895927555 799.9385528416198 0.4784211767346157 -0.31789643403754736 -0.5830865729488174 25 405.0 3079.0 -8.721024222257995 -0.07176022428122152
72 750.5607010682501 799.6319813835479 0.4906604670182721 0.07681827600120307 0.12102395458841039 25 865.0 8339.0 -9.802784934591703 -0.6729807293730793
73 209.15587437759334 815.8235172153568 0.46267927777717816 0.6838236059096324 -0.19960527375378453 25 491.0 4275.0 -9.077340297660479 -0.22724226286450422
74 669.9919494593441 821.9857619433922 0.37240129145147305 0.12654168787050835 0.02552192155512389 25 870.0 11495.0 -10.151272439013244 -0.5172388605493888
75 168.8604796726225 823.6548085318639 0.5980850089090191 0.4809396362823368 0.18678623533192695 25 492.0 4016.0 -9.009484260342408 -0.01543509381838032
76 718.1429580078865 823.9368345728011 0.5764470658433509 0.295722833367263 -0.14832720236194816 25 478.0 3005.0 -8.694611190846896 -0.21072345490356661
77 73.93351326996986 826.4752075247403 0.5081648380020841 0.5762666855021427 0.2045892336581282 25 715.0 6187.0 -9.478700290050002 -0.5769806531201269
78 132.81275704562788 833.4788019556806 0.8402756273144298 0.4940817778182581 -0.14499396524159675 25 776.0 3306.0 -8.798257123088572 -0.5379130665829939
