test_CNN/outputs/tables/00482_b34326m0s0_sources.ecsv
# %ECSV 1.0
# ---
# datatype:
# - {name: id, datatype: int64}
# - {name: x_centroid, datatype: float64}
# - {name: y_centroid, datatype: float64}
# - {name: sharpness, datatype: float64}
# - {name: roundness1, datatype: float64}
# - {name: roundness2, datatype: float64}
# - {name: n_pixels, datatype: int64}
# - {name: peak, datatype: float64}
# - {name: flux, datatype: float64}
# - {name: mag, datatype: float64}
# - {name: daofind_mag, datatype: float64}
# meta: !!omap
# - {date: '2026-06-09 15:18:46 Eastern Daylight Time'}
# - version: {Python: 3.11.15, astropy: 7.2.0, bottleneck: 1.6.0, gwcs: 1.0.3, matplotlib: 3.10.9, numpy: 2.4.6, photutils: 3.0.0, scipy: 1.17.1,
#     skimage: 0.26.0}
# schema: astropy-2.0
id x_centroid y_centroid sharpness roundness1 roundness2 n_pixels peak flux mag daofind_mag
1 452.8429990516226 134.03927442206688 0.5203124949647929 -0.11197978842440286 -0.6218540915445552 25 874.0 9953.0 -9.994885010173508 -0.0872267763227284
2 347.4163705211089 442.72656272924075 0.5545614777774521 0.002934338976511977 -0.5863168237980966 25 896.0 9605.0 -9.95624342299428 -0.09225005466193036
3 555.8026081863418 474.9142382190619 0.5240598989498452 0.15433250719985084 0.22630642500439038 25 2454.0 26011.0 -11.037892622717047 -1.2657547331355725
4 335.03177168022074 511.4344256562975 0.6976237606486204 0.7164132910794611 0.43550422289453944 25 792.0 4589.0 -9.154295144236649 -0.18949459532131066
5 258.352953163333 545.6035571378279 0.5341213274425322 0.4601559884099278 -0.019121147336323398 25 950.0 7668.0 -9.711705260515062 -0.4374909416050265
6 785.0345247551492 545.9462036742995 0.5150230703597218 0.2739066351726638 0.20374519851547784 25 668.0 4615.0 -9.160429263404827 -0.11416047778059187
7 497.5882603744816 559.1125896551537 0.5238360511254936 -0.043648561081086015 -0.33940221922634245 25 1390.0 10728.0 -10.076296912108855 -0.8862300917977892
8 636.8297854580476 605.538399528216 0.576189981271264 -0.018744737167529696 0.5147231831748647 25 585.0 1464.0 -7.913852691805933 -0.15009920445692324
9 506.20127300125284 640.6699558717647 0.7360752810905041 -0.5496187317379293 -0.0003159556612670699 25 773.0 4671.0 -9.173524668219457 -0.12119828677816544
10 599.6049609681829 640.4707961942875 0.4863408596156678 0.6674972928163153 0.15132268742398175 25 1145.0 8024.0 -9.760977300030904 -0.765989391256078
11 10.715441199480388 646.0930358147109 0.5451141757690475 -0.7844323834970696 0.12083358096560615 25 826.0 8259.0 -9.792318665282481 -0.1295433651980716
12 432.2493304497855 663.0758685064727 0.5598160075063808 0.3114615948961915 -0.04704729113580762 25 623.0 2885.0 -8.650364543729376 -0.10850751292856854
13 770.6610126292654 668.6721192717444 0.5462266192858762 0.3117547012314705 0.14789133692452613 25 568.0 2709.0 -8.58202251258292 -0.11827827770364176
14 472.29803474746285 703.6939315325025 0.6027467236067755 0.37158927856627705 0.2511965418160299 25 989.0 6661.0 -9.558848584142147 -0.46918276317876123
15 562.1168688689025 724.9594063656547 0.4304752269483475 0.17359459148978185 0.002965276572969984 25 902.0 12583.0 -10.249460491508945 -0.03142407647417087
16 618.4812528757219 737.2075438099341 0.5668216718290948 -0.007902258751760117 -0.2059463275622195 25 665.0 4140.0 -9.042500852802247 -0.13303516012782932
17 365.78592544683653 741.1057036848493 0.5554658664907511 -0.5518777585976254 0.30165751272501906 25 681.0 5131.0 -9.275505036638462 -0.09345704865811758
18 359.01203338448545 788.0428606960681 0.4352946124845856 -0.1976299547083096 0.04268607960731053 25 513.0 3047.0 -8.709681135556684 -0.07682178350676572
19 458.0699068410178 799.2224489374405 0.5181201929110214 0.6549406535028217 0.29744572060242463 25 1029.0 7140.0 -9.634245529440436 -0.6219050749611197
20 583.6176945287731 813.1886876208976 0.5339562014119477 -0.12392570297801912 -0.1914619160704391 25 1149.0 7288.0 -9.656520909912356 -0.7566918603750887
