test_CNN/outputs/tables/00498_b35642m0s0_sources.ecsv
# %ECSV 1.0
# ---
# datatype:
# - {name: id, datatype: int64}
# - {name: x_centroid, datatype: float64}
# - {name: y_centroid, datatype: float64}
# - {name: sharpness, datatype: float64}
# - {name: roundness1, datatype: float64}
# - {name: roundness2, datatype: float64}
# - {name: n_pixels, datatype: int64}
# - {name: peak, datatype: float64}
# - {name: flux, datatype: float64}
# - {name: mag, datatype: float64}
# - {name: daofind_mag, datatype: float64}
# - {name: aperture_flux, datatype: float64}
# - {name: inst_mag, datatype: float64}
# meta: !!omap
# - {date: '2026-06-11 12:14:41 Eastern Daylight Time'}
# - version: {Python: 3.11.15, astropy: 7.2.0, bottleneck: 1.6.0, gwcs: 1.0.3, matplotlib: 3.10.9, numpy: 2.4.6, photutils: 3.0.0, scipy: 1.17.1,
#     skimage: 0.26.0}
# schema: astropy-2.0
id x_centroid y_centroid sharpness roundness1 roundness2 n_pixels peak flux mag daofind_mag aperture_flux inst_mag
1 675.2489202354053 57.010987767502044 0.5629306667277181 0.1755943191644621 0.3169687595229208 25 635.0 7128.0 -9.632419227572045 -0.5686355375363507 9899.209220643059 -9.989001258001975
2 430.4320831793516 65.36250623494074 0.6268497502793592 0.32181160991739916 0.2145123716241701 25 332.0 2731.0 -8.590804250349333 -0.13095063744511362 4429.932777031946 -9.115992839945037
3 118.98978029186142 88.25107691009843 0.3711597810507648 -0.41976385614456424 -0.7674433482975582 25 2498.0 56621.0 -11.882443838245917 -0.31799695555220986 166463.36453329938 -13.053296670706267
4 127.19647419913731 92.53269375925765 0.41537306569065907 -0.7804295024330743 -0.539805292374671 25 2624.0 57804.0 -11.904894730905147 -0.656060573360424 156887.4462326515 -12.988970484365524
5 117.17924559887356 96.77973884839328 0.4710249304607249 0.05133660385079484 -0.6343552353710686 25 2713.0 60722.0 -11.958365168691687 -0.41853747934906765 180901.04831767094 -13.14360270898564
6 590.9401800696022 114.58353861714956 0.5631775404977035 0.011212619778707788 0.20049743317344768 25 309.0 2711.0 -8.582823793951214 -0.07351506405021027 4255.873598762202 -9.072471801873917
7 128.9235987948725 158.4082746059083 0.5772591672318083 -0.30081035541387235 0.11015805477466026 25 299.0 2211.0 -8.361471856446785 -0.12307968040712328 2660.056127369148 -8.562227000928736
8 354.74625171328546 158.15148448500136 0.5373304994029142 -0.23381063382347986 -0.05228482279094042 25 264.0 1672.0 -8.058090682757493 -0.044104348413650046 1249.4695862805509 -7.741814223242435
9 365.80872373538404 196.7669300632817 0.4171202274283891 0.7242015721887977 0.6677175810148867 25 415.0 4072.0 -9.024519423321756 -0.4952467519268443 4972.331502593387 -9.241400187769827
10 26.1462462452553 212.15028337685132 0.5490650761745348 -0.10572272180079116 0.29503745787175517 25 485.0 4295.0 -9.082407920418152 -0.5489852190004061 4637.643587816717 -9.165743422962658
11 370.82228809327046 214.03387861083576 0.49899343892356196 0.4876542124666362 0.2719295871000725 25 348.0 3104.0 -8.729804281465377 -0.29423683447532056 4124.911790190017 -9.038536664370415
12 608.9336421846496 220.51800733665328 0.4546895496116781 -0.034445740308709255 0.383579761048858 25 394.0 4972.0 -9.241327799924019 -0.05776379573660814 7686.960778734378 -9.714386662923367
13 782.4538171661243 231.31585004945774 0.47759134276448334 -0.32547682839675246 -0.5515649504831263 25 954.0 16007.0 -10.510774862351342 -0.6590026785589342 35346.431246758235 -11.370863929485061
14 156.59199873136993 233.93557084255576 0.3445506748168228 -0.43528173733825676 -0.7995997029067896 25 1057.0 22540.0 -10.88238477927522 -0.021249177853636336 76109.11929564914 -12.203591741220166
15 796.0802457368766 239.68453444312019 0.42297474468826196 0.685979457638772 0.5826080836846881 25 298.0 3125.0 -8.737125054200236 -0.07718651307966869 4137.409613752875 -9.041821298121288
16 158.4010666076969 249.594445597107 0.5139312660127311 -0.18966132688236834 0.38114259574470305 25 328.0 2935.0 -8.669020263959084 -0.19048568912541147 3565.186358793153 -8.88020559036465
17 701.2906343341189 264.0925168802641 0.522749867530102 0.6790986865522302 0.5096768652405568 25 391.0 3343.0 -8.81034094148142 -0.3948368458743956 4939.670342336321 -9.234244916195024
18 578.1795454861589 297.93859239545617 0.45556772090675357 0.2567279300559358 0.1907556400442036 25 226.0 1700.0 -8.076122303445686 -0.023399907153261946 2833.6398330053935 -8.630861622119278
19 664.9860414471382 314.554417083595 0.5026268133253649 0.7046502640499411 0.6646231706639751 25 1275.0 15662.0 -10.48711804907861 -1.3272200002199952 21163.976179239624 -10.81399316011846
20 788.1759997425313 333.921370474403 0.403051342647408 -0.8639346979228734 -0.6126000571489298 25 500.0 7240.0 -9.649346415492868 -0.27758308173073 9198.791973250949 -9.909326993962095
21 723.2044619886486 348.29362104283393 0.43713730575497356 0.5132586105845258 -0.48156720934235936 25 1423.0 29923.0 -11.190012831447948 -0.31579602169504517 78585.62054968406 -12.238357717285806
22 709.0158916337198 350.1922107410204 0.4302550925432446 0.6378386062844525 0.05510350603363557 25 1223.0 24655.0 -10.97976251716789 -0.36041701835068063 89321.6679587804 -12.377392060811838
23 266.0663469060147 364.9672027275481 0.4334630466551743 -0.5404325131814091 0.681956616706096 25 254.0 2176.0 -8.344147227565356 -0.017227146488136814 1683.2808964108585 -8.065391486585442
24 531.936727491394 370.8911125350191 0.513924940053738 0.02265774492855192 0.1408180585023488 25 672.0 9364.0 -9.928653512561468 -0.46347791565587054 14510.26763249543 -10.404188556980632
25 421.28910229979994 392.2044384449938 0.4006827286496775 0.16352123926475542 -0.005521989042256106 25 1762.0 30660.0 -11.216430376295891 -1.2877706717081385 75448.19962671635 -12.19412220234293
26 81.33484300343987 435.31198244082753 0.5776338158510047 -0.11643396600328748 0.14109534478399507 25 355.0 2568.0 -8.52398754849204 -0.27167391002182023 2931.263680715578 -8.667637217478743
27 416.8582796592067 445.18908853786877 0.6748858435559391 0.16464727721362016 0.24470813135357478 25 264.0 944.0 -7.4374299857451724 -0.097030222613265 nan nan
28 470.7979773667262 467.8679323311996 0.5237148391080179 -0.04919002612739165 -0.03932906140844549 25 1664.0 33334.0 -11.307218577707793 -0.5892047797907511 112369.724043632 -12.626623285823687
29 456.72641311663523 469.34896597960653 0.46644410448235296 -0.03175716108234796 -0.16074585637201963 25 1267.0 26681.0 -11.06550525710895 -0.12829401863757556 65637.6348883503 -12.042882309477775
30 89.10894388055475 472.70311571667804 0.5797210057709672 -0.06952909924354747 0.5673082165876239 25 462.0 3353.0 -8.81358388357205 -0.5563434131120576 3058.5003992991856 -8.71377135383167
31 543.6195157511836 476.787398847619 0.4318131233980295 0.2664479365963449 0.31323804393991445 25 289.0 3069.0 -8.717492221079556 -0.004292574164210155 4908.260052292321 -9.227318911769244
32 664.13064690554 488.63270728314023 0.5010821339252367 0.5350030038989232 0.3053689535475727 25 581.0 6284.0 -9.49559044091984 -0.6603205857432114 12444.269710611738 -10.23742353802694
33 631.6100327276023 501.52874209208466 0.6470384200349113 -0.1927957076148199 0.38285567961919936 25 430.0 3915.0 -8.981829415984905 -0.2676297773022359 5014.030814827557 -9.250467496706294
34 828.0130019298928 513.734502290989 0.6251994979530904 0.511174175582485 0.5116172536097089 25 378.0 2569.0 -8.524410260665865 -0.3150482500187969 1263.8051431001895 -7.754200296021195
35 734.7779872271411 523.7329876930588 0.4915926866919912 0.6992105731728214 0.19184715214887493 25 333.0 3200.0 -8.762874945799764 -0.18610571039559415 4228.064457232669 -9.065353998863237
36 111.9488492743604 528.0432927417764 0.41223390582513025 0.08211651114240288 0.2772439896375423 25 643.0 6607.0 -9.550010767020794 -0.925525644948198 6922.986510569143 -9.600733713474968
37 669.6951043951613 540.6412670220537 0.4716293480116135 -0.3013413841873604 0.26170893571864545 25 975.0 10987.0 -10.102197811289466 -1.2101756271507338 14474.038565589504 -10.401474313636584
38 347.8097584169707 548.4680048213462 0.4875919333482408 0.040742507876557685 0.10512797685245127 25 809.0 12092.0 -10.20624534626445 -0.6613873439050916 20604.4517951269 -10.784902660289283
39 764.3822542525174 565.6648467101189 0.3823336275772371 0.6248050657797688 0.20193451689866215 25 451.0 6407.0 -9.516636809979651 -0.2226978546548638 8067.569469383511 -9.76685678444304
40 52.45203794054236 575.2570787651301 0.38749269413117754 -0.3664673238330186 0.24137708888467976 25 245.0 1759.0 -8.113164598643653 -0.17943341603583846 1608.0022721343848 -8.01571664519577
41 111.6007877059262 609.833165985149 0.44166813787081066 0.050220355875415686 0.27349914956591603 25 408.0 3626.0 -8.898569499398723 -0.5225263983877645 4123.985245297992 -9.03829275701298
42 680.608069545947 629.5925847657827 0.41061336561181805 -0.06185316365662527 0.06235732346141334 25 491.0 5620.0 -9.374340788922652 -0.5572106406433561 5612.685547884659 -9.37292677860994
43 744.3044212540884 648.7998386662795 0.5998391594830307 0.26121876614360334 0.48923395212242077 25 569.0 5368.0 -9.324531267902339 -0.6167044801038825 7917.0428720093 -9.746407491794352
44 511.12068203584215 718.1454052598148 0.6861815012214396 0.4557438642955068 0.7033848342381337 25 279.0 1624.0 -8.02646506226289 -0.007235695648479274 3224.9893871265194 -8.771320724466996
45 175.78328653383087 720.1263004437756 0.4742417708647156 0.3058864467583205 0.5800780706028309 25 276.0 2447.0 -8.471584923379472 -0.056454809189403696 2416.793669452897 -8.458098936690373
46 25.393950506226584 739.0729090900721 0.40658338237745795 -0.9951061604550601 -0.8995018091882975 25 1179.0 23802.0 -10.941533627144487 -0.31268114789346513 65977.40892151029 -12.048488139603098
47 529.0796564438593 747.8185090748434 0.5524125501140386 0.6096008490209311 0.12927829970894059 25 344.0 3535.0 -8.870973545332296 -0.027873121214130735 4132.190814803499 -9.04045092000789
48 173.65091662853234 753.4403277537318 0.5580651139844759 0.44742393192968505 0.21521684090370474 25 740.0 7747.0 -9.72283388991681 -0.8562560038951778 10628.25085016302 -10.066154490417281
49 61.74058464952602 770.6926930886452 0.6329847652467531 -0.11306896191953694 0.2609083000374632 25 908.0 8156.0 -9.778693042765257 -1.1081391423357347 10614.655609220294 -10.064764770291417
50 466.58705971201096 785.2173481287118 0.4787460332174487 -0.30461867243374535 0.3104245535621448 25 791.0 8693.0 -9.847924199062945 -0.9509061300471084 10539.081342644027 -10.057006891231094
51 309.2723399725963 793.9626304501011 0.3786749191499198 -0.3060332630032073 -0.45481056693008176 25 326.0 4113.0 -9.035396773772938 -0.08845402760264022 6382.584148002045 -9.512491373133354
52 476.9598802933421 817.3096356175533 0.6794360463050534 0.19206248396313402 0.14447232573103963 25 548.0 3905.0 -8.979052595533298 -0.6460255128743414 4840.300161176284 -9.212180735877823
53 292.0903190197861 833.6424301595581 0.622462242705934 -0.3428037225531479 -0.49967027073326875 25 290.0 1330.0 -7.8096291024177145 -0.1857022687675433 1656.3356530329934 -8.04787087564033
