test_CNN/outputs/tables/00500_b35702m0s0_sources.ecsv
# %ECSV 1.0
# ---
# datatype:
# - {name: id, datatype: int64}
# - {name: x_centroid, datatype: float64}
# - {name: y_centroid, datatype: float64}
# - {name: sharpness, datatype: float64}
# - {name: roundness1, datatype: float64}
# - {name: roundness2, datatype: float64}
# - {name: n_pixels, datatype: int64}
# - {name: peak, datatype: float64}
# - {name: flux, datatype: float64}
# - {name: mag, datatype: float64}
# - {name: daofind_mag, datatype: float64}
# - {name: aperture_flux, datatype: float64}
# - {name: inst_mag, datatype: float64}
# meta: !!omap
# - {date: '2026-06-11 15:15:42 Eastern Daylight Time'}
# - version: {Python: 3.11.15, astropy: 7.2.0, bottleneck: 1.6.0, gwcs: 1.0.3, matplotlib: 3.10.9, numpy: 2.4.6, photutils: 3.0.0, scipy: 1.17.1,
#     skimage: 0.26.0}
# schema: astropy-2.0
id x_centroid y_centroid sharpness roundness1 roundness2 n_pixels peak flux mag daofind_mag aperture_flux inst_mag
1 252.05914994246305 38.168848536595625 0.49064016720435166 -0.06795582164647651 -0.5293177634224682 25 670.0 10158.0 -10.017020521231448 -0.01949293210189883 19029.491495998664 -10.69856795818045
2 536.5916991986412 316.0863454894356 0.5084930603069657 -0.06620928456412453 -0.26809762862572223 25 397.0 3223.0 -8.770650763780836 -0.1200008381188661 1751.4767087198036 -8.108510916021629
3 715.2098777107185 341.18552952588425 0.3670997340667857 0.03633240052808178 -0.23416957107342562 25 919.0 17715.0 -10.620852891672989 -0.0002275739383700977 61506.82256666572 -11.972308230036736
4 798.5186794860092 341.4286024844654 0.34812006274174057 0.12743747631901498 -0.17867371366242094 25 344.0 2250.0 -8.380456295278407 -0.3281782098615318 484.0172450666506 -6.712152088531816
5 827.6668530781085 383.30296347245115 0.5135947736194354 -0.20938080598982944 0.0931634969388349 25 1964.0 20527.0 -10.780813705787828 -1.654394313877351 23769.282672708334 -10.940040188650988
6 526.0917297089268 411.68640868872524 0.5476742334713941 -0.6216232554901073 -0.09521232880236875 25 672.0 6512.0 -9.534285979702862 -0.4816085739930032 5398.723236512121 -9.330727660252263
7 162.1170143935878 441.651585935894 0.42531867495083947 -0.4061756959645208 0.30689504714442284 25 1375.0 14990.0 -10.439504082120699 -1.3706199792928275 20520.650259988543 -10.780477796539305
8 372.50850145147064 444.75292785630677 0.473076748789453 -0.4662453726824557 0.392043241709904 25 437.0 5025.0 -9.252840165231316 -0.046004932560030534 7287.5320935394075 -9.656451200898424
9 220.74076241933054 533.6612065211804 0.5638229177984896 0.6240986179229676 0.19046262150337523 25 731.0 8116.0 -9.773355095903272 -0.46265484756609976 11704.795301219423 -10.170909557399376
10 538.1766096821523 642.7537074909009 0.37560193387912005 0.33534987082992845 -0.16223237132267318 25 1086.0 17462.0 -10.605234959709708 -0.6318642142278431 28012.02465728258 -11.118361249897891
11 729.5493304933934 674.1720133598594 0.6250824423319856 0.13514075822926908 0.2257146723338359 25 1174.0 9439.0 -9.937314965224406 -1.132216389550032 10507.496925342439 -10.053748178990379
12 246.6600476413344 680.1395718176726 0.5384819293952406 -0.1461786216120686 -0.33673438413723383 25 490.0 4569.0 -9.149552895139262 -0.21433944777967426 6171.5256318685115 -9.475981342659857
13 715.8501827745603 711.1163761638917 0.3454211024334482 -0.30201790889612673 -0.12822290042738843 25 388.0 3530.0 -8.869436763469556 -0.2736088899959068 3042.656554256803 -8.708132333237714
14 435.86666159936175 718.6607687466247 0.6620654077540844 -0.34898281904892353 -0.044856040139169474 25 589.0 4260.0 -9.073523997756798 -0.39928020682026255 6187.194461580389 -9.478734414934484
15 660.6497912780553 744.9111513509342 0.4894397979604484 0.3630488051367897 0.02325148974376601 25 382.0 3492.0 -8.85768558758383 -0.04358688093425518 5029.493393377307 -9.25381060501498
16 734.5623393124569 746.5781863373368 0.6482219604481281 -0.5704173483786651 0.05883480156914024 25 481.0 3487.0 -8.856129868439941 -0.19992749637881294 3536.9011410885896 -8.871557302859099
17 743.3093739617437 756.6055325142985 0.42771754093203795 -0.20509967453054506 -0.06442318391528983 25 1181.0 13457.0 -10.322370631023327 -1.1716962688031205 18434.84105620985 -10.664098493761147
