test_CNN/outputs/tables/00502_b35798m1s0_sources.ecsv
# %ECSV 1.0
# ---
# datatype:
# - {name: id, datatype: int64}
# - {name: x_centroid, datatype: float64}
# - {name: y_centroid, datatype: float64}
# - {name: sharpness, datatype: float64}
# - {name: roundness1, datatype: float64}
# - {name: roundness2, datatype: float64}
# - {name: n_pixels, datatype: int64}
# - {name: peak, datatype: float64}
# - {name: flux, datatype: float64}
# - {name: mag, datatype: float64}
# - {name: daofind_mag, datatype: float64}
# meta: !!omap
# - {date: '2026-06-11 11:15:11 Eastern Daylight Time'}
# - version: {Python: 3.11.15, astropy: 7.2.0, bottleneck: 1.6.0, gwcs: 1.0.3, matplotlib: 3.10.9, numpy: 2.4.6, photutils: 3.0.0, scipy: 1.17.1,
#     skimage: 0.26.0}
# schema: astropy-2.0
id x_centroid y_centroid sharpness roundness1 roundness2 n_pixels peak flux mag daofind_mag
1 400.29979760983383 13.505771294241924 0.48891490359657946 0.12464063376770144 -0.020631621402774046 25 616.0 8199.0 -9.784402216030808 -0.28862436538396685
2 690.9200665577403 13.628595147048248 0.4818414232325614 -0.5161522238162406 -0.20952092956599072 25 587.0 7621.0 -9.705029904066647 -0.29143904593925263
3 317.7183164973052 21.666663800225173 0.37768265834151554 -0.2892767693891842 -0.025183947055151448 25 555.0 8391.0 -9.809534302727975 -0.16968572769598855
4 45.10514178304322 23.874138096053937 0.3726407836633263 0.09286192470131778 -0.08869428803212646 25 876.0 11978.0 -10.195960771870476 -0.8361374953128718
5 275.20904062979355 42.284890200832166 0.4223997417522366 0.24386103691577563 0.4110776284326642 25 827.0 14347.0 -10.391902745766561 -0.2647671803885973
6 620.1633543298364 45.46475168808529 0.3643627863053755 -0.48673989692829633 -0.07627361875256192 25 538.0 7785.0 -9.728146542260347 -0.21425689080871957
7 587.2664922774621 55.32973872444621 0.496272243071518 -0.1787827365595307 -0.1784188465552618 25 586.0 8027.0 -9.761383157441932 -0.18165225773986665
8 825.8868651108081 65.85130761506247 0.4694509815823796 -0.2228766904337631 0.013739306275212778 25 700.0 8705.0 -9.849421938633375 -0.5542062788867709
9 123.55254522546554 80.48364961737349 0.4676285916804447 -0.26518715566519757 -0.6456178581181524 25 2425.0 54658.0 -11.84413434076377 -0.02733443129383359
10 390.968604274029 90.1162903721134 0.48726020480150606 0.012689657794849287 -0.1506369193353001 25 565.0 7952.0 -9.751190928473143 -0.10096956292880795
11 248.46873503149794 114.94245810997434 0.413238192250124 -0.44037577419828433 -0.2675274750853407 25 657.0 9908.0 -9.989964994784499 -0.2997370302397927
12 711.7323569790094 139.22672667658577 0.40331744100090544 -0.010460728471875022 0.03985354604312083 25 1097.0 21313.0 -10.821611462359769 -0.20446783995041187
13 43.53208947125514 155.04675337621862 0.36481080343766326 -0.4495385431494876 -0.8102839565182585 25 475.0 7141.0 -9.634397582686923 -0.029855555708156147
14 508.68542372703257 171.95710043289296 0.39447542881602965 -0.7978388715081928 -0.3640419981675752 25 520.0 7807.0 -9.73121044841172 -0.06558223972470785
15 270.1715844373008 172.9626610881227 0.48312304927849153 0.21189597532434157 0.24334480582174586 25 1185.0 18628.0 -10.675415573151735 -0.7559225653166226
16 449.2388520532996 197.0736222484013 0.5081650672286442 0.05031989591501534 -0.1972623444465735 25 435.0 5113.0 -9.271689481816342 -0.05381656852646091
17 684.9233393031941 207.38304499538648 0.4499422514970682 0.009744647216037204 -0.39840667726266055 25 544.0 7978.0 -9.754735079934552 -0.05127733108490359
18 137.43869151980533 225.37936614807026 0.4763568398308352 -0.7765397757429556 0.009475487066301382 25 567.0 8511.0 -9.824951476288787 -0.1094863236578324
19 550.5749942286708 372.4558732461576 0.4080785800681635 0.17289428004170695 -0.1268849376355377 25 413.0 4438.0 -9.117968244739973 -0.21297162254121726
20 149.4604494986564 380.7587474381897 0.49425060138340854 -0.23701208628235002 -0.0021519464251318217 25 901.0 10934.0 -10.096947673888845 -0.8141699028829769
21 480.02397210170943 381.8706362285096 0.4196812161067597 -0.06712807924720769 0.05081509452217134 25 1327.0 23050.0 -10.906677324314167 -0.7293750603993594
22 794.6849883318376 395.08516531188536 0.5916737187002338 -0.6749540753647216 0.11809440945137674 25 395.0 3997.0 -9.004335370650264 -0.02124154525822912
23 799.2656513944931 425.3450715363227 0.4656235322480269 0.1032877331176805 -0.017324438795617552 25 557.0 6070.0 -9.457971727688143 -0.4710808118637971
24 562.8922512589481 564.9213183147737 0.47975335773002287 -0.47597892226217986 -0.12258466073699757 25 566.0 7215.0 -9.645590838573781 -0.30527638304114524
25 1.668847620511222 619.4610575536427 0.28881078614702727 0.28482591222264814 0.1222839860967122 25 584.0 7732.0 -9.720729613391288 -0.6096786042370071
26 530.4814138745014 639.4637085544582 0.45213798411500505 0.1191665942507553 -0.0635077498156087 25 364.0 4025.0 -9.011914711759719 -0.0013784388341267562
27 770.1689713129956 707.1285651330339 0.46977004937265665 0.2780544155661142 -0.11420436999108623 25 490.0 5428.0 -9.336599597469249 -0.3354369304203274
28 704.9155246402869 723.1173258371991 0.4397981592899307 0.6576275856594757 0.3382022132473966 25 553.0 6577.0 -9.545069604648141 -0.38707052910457923
29 701.3707893050974 774.423181268639 0.37320784418336556 0.5488779155393038 0.7658898712206228 25 2316.0 35933.0 -11.388733693516507 -1.6259737650693529
30 759.2002320069137 777.5971046231766 0.4623600166112546 -0.08692973490781374 -0.031227790396669643 25 592.0 6500.0 -9.53228339160714 -0.5081552592633126
31 730.5541722648388 783.8907792930157 0.4890119246980454 0.5385484910241639 0.07627483470132723 25 565.0 6886.0 -9.594917545921636 -0.2836573430790057
32 52.733220129768895 790.4697820849708 0.4682364129163286 -0.5572474552469707 -0.1897144763384561 25 764.0 10130.0 -10.014023613400703 -0.5629778051415922
33 192.15888292425623 817.4383435831792 0.4634464766333918 0.35936185470115956 0.1651559474087332 25 732.0 8049.0 -9.764354818479005 -0.7582577215671014
