test_CNN/outputs/tables/00526_b36372m0s0_sources.ecsv
# %ECSV 1.0
# ---
# datatype:
# - {name: id, datatype: int64}
# - {name: x_centroid, datatype: float64}
# - {name: y_centroid, datatype: float64}
# - {name: sharpness, datatype: float64}
# - {name: roundness1, datatype: float64}
# - {name: roundness2, datatype: float64}
# - {name: n_pixels, datatype: int64}
# - {name: peak, datatype: float64}
# - {name: flux, datatype: float64}
# - {name: mag, datatype: float64}
# - {name: daofind_mag, datatype: float64}
# - {name: aperture_flux, datatype: float64}
# - {name: inst_mag, datatype: float64}
# meta: !!omap
# - {date: '2026-06-11 12:14:43 Eastern Daylight Time'}
# - version: {Python: 3.11.15, astropy: 7.2.0, bottleneck: 1.6.0, gwcs: 1.0.3, matplotlib: 3.10.9, numpy: 2.4.6, photutils: 3.0.0, scipy: 1.17.1,
#     skimage: 0.26.0}
# schema: astropy-2.0
id x_centroid y_centroid sharpness roundness1 roundness2 n_pixels peak flux mag daofind_mag aperture_flux inst_mag
1 348.07145936291374 68.99283308790581 0.6408611848073014 0.23490481179760564 -0.6318157395242779 25 650.0 3509.0 -8.862958420538515 -0.02357183798823083 589.8782629901572 -6.926905981788513
2 683.5564656630531 70.02519452232383 0.470175420412173 -0.8591170701760845 -0.08901415956286542 25 817.0 8728.0 -9.852286843950713 -0.16151176841193315 12836.528522977009 -10.271118975383818
3 669.7268669560638 135.50463007863647 0.4248190780895678 0.38305931245197483 0.4797216454367704 25 801.0 5127.0 -9.274658293600998 -0.5066575272571278 4801.187081839037 -9.203371572268978
4 239.90988704450706 159.98233101674776 0.5506580850137565 0.07503631939068936 0.1674323350816626 25 1220.0 9420.0 -9.935127256982193 -0.6613729668556296 8923.014183713725 -9.87627895831496
5 758.7223292212489 276.31882084103444 0.5263886922056201 0.7495952659938033 0.9297062160109145 25 1611.0 17665.0 -10.617784104427162 -0.6679550939982313 23081.21794581211 -10.908146804665638
6 712.1666797632586 285.2703769910219 0.5434036228105451 0.13192681208564067 0.35033620280115096 25 1727.0 17642.0 -10.616369544354551 -0.8214272157906864 23284.819935994878 -10.917682209590042
7 496.99247352443695 293.22122780369403 0.4486808461074209 -0.18305447155189494 0.4071085152776878 25 661.0 6242.0 -9.488309410823284 -0.0226545958773716 8661.842585204124 -9.844025717187392
8 120.6996631482607 343.66670010996796 0.5402760950154597 0.48053351819356493 0.6515311579283144 25 1061.0 10411.0 -10.04373111619319 -0.3816266853761721 10637.815212380096 -10.067131104992269
9 813.3459842522736 346.36672169878534 0.5138365720686707 0.8775566794260757 0.2606952870721497 25 1040.0 11496.0 -10.151366887815422 -0.2237598601334079 12997.78692204113 -10.284673532812388
10 225.19673682195622 352.75228446722764 0.6278502554143309 0.061692552708091854 -0.06929048329485775 25 835.0 4960.0 -9.238704191225494 -0.2541101451966817 4173.386696086836 -9.051221568175142
11 457.4434593253939 451.28493724236466 0.47623809959948277 0.17678601546336292 0.4422800898179248 25 1235.0 12083.0 -10.205436938711665 -0.6264580635975112 12325.50421890514 -10.227011736710702
12 196.62245452716348 655.6172865546275 0.4760079969893149 -0.6894981561788244 -0.27530001515738706 25 803.0 7279.0 -9.655179298449985 -0.3166810868881036 10039.722316885163 -10.004304252661885
13 204.19386003100882 666.3562642501072 0.5473552192397336 0.39765438801838526 0.2772759240797954 25 943.0 6755.0 -9.574063383395124 -0.44694794035817326 3881.2637528880805 -8.972432891011184
14 817.1515681482625 680.9273976001583 0.3872572144570617 -0.6336707987933163 0.336357013198001 25 1288.0 16597.0 -10.550073984981111 -0.5199842097492037 22396.165990717822 -10.875434194095416
15 510.71565430000146 751.7092046208719 0.48160697727830715 -0.28005149989175093 0.6316005744601831 25 853.0 10243.0 -10.026067931792625 -0.020383042499868324 16286.446400088234 -10.52956583581878
16 77.53522392965466 757.3377674717834 0.5482551107671774 -0.6782479915497462 -0.1927910427991148 25 746.0 6512.0 -9.534285979702862 -0.10382353588692475 6261.653355368996 -9.491722553596103
17 380.5616255924427 758.4206053350482 0.37100590884739226 -0.4975893292927907 -0.16609791147747063 25 557.0 4291.0 -9.08139628633168 -0.08227453390373236 345.09874308919314 -6.344858443792164
