test_CNN/outputs/tables/00533_b36655m0s0_sources.ecsv
# %ECSV 1.0
# ---
# datatype:
# - {name: id, datatype: int64}
# - {name: x_centroid, datatype: float64}
# - {name: y_centroid, datatype: float64}
# - {name: sharpness, datatype: float64}
# - {name: roundness1, datatype: float64}
# - {name: roundness2, datatype: float64}
# - {name: n_pixels, datatype: int64}
# - {name: peak, datatype: float64}
# - {name: flux, datatype: float64}
# - {name: mag, datatype: float64}
# - {name: daofind_mag, datatype: float64}
# meta: !!omap
# - {date: '2026-06-09 15:18:50 Eastern Daylight Time'}
# - version: {Python: 3.11.15, astropy: 7.2.0, bottleneck: 1.6.0, gwcs: 1.0.3, matplotlib: 3.10.9, numpy: 2.4.6, photutils: 3.0.0, scipy: 1.17.1,
#     skimage: 0.26.0}
# schema: astropy-2.0
id x_centroid y_centroid sharpness roundness1 roundness2 n_pixels peak flux mag daofind_mag
1 235.81020608191824 15.403285667551453 0.7522776488460056 0.26580187073826733 0.2061158410433102 25 506.0 3157.0 -8.748186454730543 -0.2976622394950237
2 181.2603855753254 31.454920678812876 0.46522827833343494 -0.4184412956204074 -0.04853548667870517 25 407.0 4034.0 -9.014339734691866 -0.19432952204584894
3 174.89816566759373 48.04635934416718 0.5641833236562102 -0.4369888680876026 0.4458417652142911 25 405.0 3448.0 -8.843918142881687 -0.19077448873820196
4 592.6980822466901 51.25829878936278 0.4343229184903357 -0.1614297735423184 0.2248750885260781 25 546.0 6530.0 -9.537282953187685 -0.3643123913661577
5 500.0834089677634 60.504842649053884 0.6113129202977253 0.7083600258906924 0.004518061605465564 25 573.0 5027.0 -9.253272213070188 -0.4585734844222464
6 168.27197709460455 62.61176099249382 0.4258974137393863 0.37123791709593895 0.20333384402691315 25 516.0 5253.0 -9.301018502007771 -0.4432677112007211
7 13.532970903194583 71.1057599609395 0.4203329367810246 -0.00048757376477740345 0.1256218187927771 25 371.0 3143.0 -8.74336095254395 -0.2429031334370937
8 70.16610374834454 74.49473932728405 0.4348298549651504 0.6889062885671224 0.18938874399031233 25 471.0 4097.0 -9.031164909882856 -0.4766932824641579
9 112.14386779034855 81.88435176383655 0.39763796206910257 -0.01400015305509224 -0.8374708262366254 25 2121.0 47332.0 -11.68788713960927 -0.09102381211273346
10 805.7726807348432 82.17598449029798 0.532443735340895 -0.36108301624257466 0.48384064189299075 25 711.0 7712.0 -9.717917552236935 -0.5990731679843617
11 130.11817187943058 105.56715125454322 0.45493114696258863 0.04571894070110731 -0.42293292154765777 25 1645.0 35555.0 -11.377251707440717 -0.06829855386412702
12 386.71065229402984 109.82975030392801 0.41297177783529926 0.5944802793298073 0.3696933897648373 25 309.0 2844.0 -8.634823980144322 -0.019303488055309827
13 365.61597385293067 111.35789622118853 0.46542896880796947 -0.49964326916624585 0.2883213961241921 25 797.0 9565.0 -9.951712435908286 -0.7352746162386198
14 145.1585801672426 121.24992368757464 0.45945287245654687 0.18660750995411546 -0.3502834512667235 25 485.0 5499.0 -9.350709299204699 -0.30587179499220857
15 695.6949374821539 120.43940845772623 0.4583310142628006 0.17446465605606884 0.3509572001928369 25 582.0 6977.0 -9.60917180744786 -0.40762100156464887
16 61.94178341602733 162.31307060326955 0.41359800072348785 0.005026617081659421 0.6842606364784373 25 592.0 7771.0 -9.726192272400427 -0.36387622226121413
17 266.3446209041084 166.6420662802963 0.5035080484622634 0.19687269631979984 0.06863226480327894 25 467.0 3161.0 -8.74956123959895 -0.4966915034311875
18 38.52786904422159 179.5593766610073 0.5510292927084287 -0.12566465013434963 0.011559769841807132 25 489.0 5444.0 -9.339795291328242 -0.19395998582193735
19 121.34041005369974 185.88672733440478 0.3831599269226643 -0.030908869448852197 -0.06564729893437977 25 624.0 6434.0 -9.521202641414877 -0.7654251303127528
20 418.2826196704075 219.12291074442575 0.4472277245712885 -0.813352656339808 -0.29344560079294574 25 307.0 2618.0 -8.544924105536843 -0.029787835215976336
21 287.8655976216303 256.6321493386709 0.4489342073818681 0.6049527558789407 0.19808749703250725 25 505.0 4447.0 -9.120167823622337 -0.5157566001978462
22 715.7508531212095 261.63521560892053 0.5859073680860862 0.15168321809405327 0.7892348559100584 25 479.0 4574.0 -9.150740400676824 -0.18906847184762657
23 385.93855032803725 268.7863189455781 0.6816503997718545 0.2580447734334441 0.3231986928167211 25 466.0 2556.0 -8.518902123715907 -0.34232743891552564
24 4.936226900805257 270.5567932065003 0.4313198171427421 0.1324917557184835 0.35253945394701824 25 1179.0 12696.0 -10.25916728436698 -1.297477915888598
25 215.86405739054132 288.7968293025023 0.5245278702726589 0.09102722297499447 -0.0033695241023110963 25 849.0 8111.0 -9.772686003502262 -0.8956374102645157
26 537.3158595928338 288.52438243919784 0.5701160952798552 -0.1899871516926621 0.6586254176238933 25 391.0 3813.0 -8.953167013184176 -0.00336048686702572
27 149.92528362658666 293.08729011826273 0.5822218204578422 0.5895362033254335 0.11636705411786594 25 411.0 2859.0 -8.640535388394973 -0.23127409964839596
28 256.6177955465796 306.1116901778003 0.6222778898299921 -0.5089944968111177 -0.2425995459359888 25 478.0 3668.0 -8.911073317494958 -0.2853521022593434
29 368.1958644157065 332.6955695279802 0.41468400888825396 0.7921752366892354 -0.0028576384709307965 25 328.0 2630.0 -8.549889371224396 -0.18850164151337345
30 307.2943346720367 338.69913686852544 0.37722629703642213 -0.11477849395799382 -0.04170555991904718 25 1759.0 26802.0 -11.070418007138706 -1.3422740368984476
31 268.4095417991146 346.60313299504674 0.47272972650891665 0.9158726865713858 0.18911485743804915 25 900.0 13139.0 -10.296405781589009 -0.6101403902146587
32 444.69181256639934 357.25977712249323 0.540327210205969 0.6824660090067365 0.4932167673189183 25 351.0 2662.0 -8.563020127846642 -0.059293233271811914
33 308.4861618902492 364.04402093227947 0.3734368852343738 0.10660908736907966 0.09334957065802701 25 1209.0 20655.0 -10.787562998281512 -0.7011713124988049
34 39.787393354395284 395.5330795361455 0.6537657770479294 -0.4589370948348274 -0.0667019861007951 25 754.0 8799.0 -9.861083294250538 -0.41110520455199207
35 499.9792724758139 410.80119355168404 0.4289390712824174 0.2823502601122592 0.20272185775582963 25 644.0 6044.0 -9.45331113916747 -0.7745048381499948
36 759.063049291981 416.97969198134024 0.564840748527472 -0.2223158120481602 0.504340941783133 25 588.0 5958.0 -9.437751247197562 -0.4042458016780586
37 93.87895072496649 453.6547264205988 0.38928687646343524 -0.8155543072141803 0.5262216538194227 25 754.0 9993.0 -9.999239718527097 -0.6530416967854508
38 106.75459374126325 462.9783890740279 0.4203850878026855 0.18752456831329525 0.6906460873149095 25 1989.0 29235.0 -11.164757745433256 -1.4791426960958478
39 187.45230873545094 466.29546949287374 0.6461740741132542 -0.20805506142551772 -0.1134580429313141 25 500.0 3902.0 -8.978218162646247 -0.3195229347711357
40 431.30804002223465 468.7950751646365 0.6989016513071291 -0.03549797056661304 0.21031170445753172 25 511.0 4498.0 -9.132548627749033 -0.2257150977897411
41 412.3399819751871 485.5640548339489 0.4115719576275045 0.45707717416425653 0.034817907136338304 25 414.0 3998.0 -9.004606974455244 -0.31388078467765895
42 370.29145868711726 486.88908717137616 0.42893426833925 0.17794207447472427 -0.13106589684121167 25 717.0 9987.0 -9.998587624690824 -0.5005675826822279
43 219.674208715561 499.780238054067 0.6563718415181786 0.5414635142643712 0.33499675451194527 25 415.0 3719.0 -8.926065445897432 -0.03513618346946935
44 447.97132783688244 505.95422667380285 0.5478672071422449 0.5055092576019191 0.15005794613249593 25 1430.0 12964.0 -10.281847555900432 -1.5005447051819836
45 12.74459543137055 516.2111367384564 0.6067198015482035 -0.03839426117268402 0.16972715832298513 25 599.0 5055.0 -9.25930289981755 -0.47360130415077534
46 394.24244498477674 515.8757214344249 0.458548598935785 -0.4686139933899531 0.01950548822860524 25 395.0 3247.0 -8.778705721565004 -0.2467756118242484
47 172.0929746908914 532.0751629439898 0.4731542557221477 -0.869520483497149 -0.6771919474781332 25 694.0 8830.0 -9.86490175894392 -0.4849755627271019
48 699.8402310500484 536.5826314398762 0.44021241197664124 0.11307606110670428 0.3874911422736412 25 446.0 5522.0 -9.355241005758112 -0.0317685534797372
49 141.03380130624487 562.0426396695807 0.48312084274009515 -0.14043154058847607 -0.02338959454770815 25 588.0 7057.0 -9.621550293585335 -0.3599781739490514
50 65.49260036323378 634.2784772790234 0.5011072445849651 0.0071561927720394155 -0.017888925780076184 25 409.0 3675.0 -8.913143358550533 -0.21819469179767428
51 414.53989912076577 644.4497323879676 0.7128221781932317 0.2100024393908256 0.2870921987167165 25 654.0 5889.0 -9.425103885799173 -0.4527567935483295
52 380.54519124383955 649.3915533345665 0.3688988505348077 0.5925317055086514 -0.16755190901236658 25 290.0 2707.0 -8.581220639426267 -0.04019205350940813
53 736.0633852928734 649.4907323111252 0.5070423859012306 -0.10781488167355179 0.5480921441011869 25 598.0 7057.0 -9.621550293585335 -0.3290772746214745
54 42.43161214009983 676.6701350786007 0.41863759183817034 -0.13204523843249702 0.09452588397289192 25 348.0 3105.0 -8.730154011281497 -0.1738671833341115
55 126.76002938087747 691.4649217052398 0.5530989549028118 -0.19515959933957286 0.15510118265425193 25 445.0 2962.0 -8.678962635462975 -0.40437522733254133
56 210.80829715726458 706.43565112268 0.44388626527792563 -0.11932554480586867 0.07297427133917768 25 569.0 6349.0 -9.50676331768588 -0.5154047771801078
57 132.72614573347724 709.010132744278 0.525782141622064 -0.0178456221463544 -0.24237556933638008 25 617.0 5955.0 -9.43720441454699 -0.5482894707895759
58 520.5669466446989 709.649211128594 0.46688726046382306 0.1972166696549121 0.01880086805018811 25 1009.0 11120.0 -10.115261968115096 -1.052342616614455
59 467.7075871705992 771.3139864584276 0.4469231234845849 0.42722864828446755 -0.16320418185490404 25 554.0 5867.0 -9.42104022054083 -0.49181632725579494
60 249.00330380073854 795.9619366939374 0.5728902110059184 0.6451796223519535 0.3746213958531421 25 501.0 4201.0 -9.05838170384498 -0.3767803275789815
61 717.1471716047175 798.1407357212686 0.6457039634027407 -0.07801207368694978 0.49864753540578655 25 475.0 4495.0 -9.131824240173119 -0.11705981932447207
62 413.8710119222543 833.3564490893554 0.7425313106111805 -0.23875611389919185 -0.8647582868656327 25 526.0 4126.0 -9.038823059092833 -0.2072608054051446
