test_CNN/outputs/tables/00534_b36692m0s0_sources.ecsv
# %ECSV 1.0
# ---
# datatype:
# - {name: id, datatype: int64}
# - {name: x_centroid, datatype: float64}
# - {name: y_centroid, datatype: float64}
# - {name: sharpness, datatype: float64}
# - {name: roundness1, datatype: float64}
# - {name: roundness2, datatype: float64}
# - {name: n_pixels, datatype: int64}
# - {name: peak, datatype: float64}
# - {name: flux, datatype: float64}
# - {name: mag, datatype: float64}
# - {name: daofind_mag, datatype: float64}
# - {name: aperture_flux, datatype: float64}
# - {name: inst_mag, datatype: float64}
# meta: !!omap
# - {date: '2026-06-11 15:15:45 Eastern Daylight Time'}
# - version: {Python: 3.11.15, astropy: 7.2.0, bottleneck: 1.6.0, gwcs: 1.0.3, matplotlib: 3.10.9, numpy: 2.4.6, photutils: 3.0.0, scipy: 1.17.1,
#     skimage: 0.26.0}
# schema: astropy-2.0
id x_centroid y_centroid sharpness roundness1 roundness2 n_pixels peak flux mag daofind_mag aperture_flux inst_mag
1 155.859828093174 0.224162534064815 0.8224719844712339 -0.388180064574431 -0.42906814667864346 25 608.0 1894.0 -8.193449936668136 -0.20292824163207457 1881.6002527918195 -8.186318406858103
2 301.2991224926342 5.85829430978513 0.7299301569381055 -0.3305236623358748 -0.4834058591134174 25 724.0 6821.0 -9.58462012382787 -0.09519397802249852 15375.256878678747 -10.467055950965914
3 186.79243289659325 14.012738418675776 0.6069565267761181 0.12630876911650882 0.15503250673908503 25 498.0 3627.0 -8.898868888951085 -0.012091282529579472 5692.754774320338 -9.38830619049088
4 800.3489045122425 17.702495183815987 0.3810679422931426 -0.07647783248653009 0.22596750410368013 25 607.0 6037.0 -9.452052939633683 -0.31363814012137586 5554.802810759803 -9.36167161646453
5 281.4609160799872 56.20481258006192 0.5777106783284504 0.1313039810081086 0.7369160072320615 25 1035.0 11985.0 -10.196595095924181 -0.41343934408013033 14757.271755878224 -10.42251518726668
6 610.1313951936106 81.64312732631672 0.4389153025766059 -0.06371230117797927 -0.028764990935109643 25 638.0 6044.0 -9.45331113916747 -0.32396041211096344 7234.303626292575 -9.648491830754427
7 89.57362040558688 83.37649567324202 0.49763432231696186 0.6995241880108567 -0.17151676291603457 25 692.0 7219.0 -9.64619260453335 -0.2759467883293264 7564.875466652781 -9.697004457603013
8 133.2618742701111 91.39816139007095 0.40249483789915047 0.06652700787946397 -0.922015983019296 25 2435.0 52126.0 -11.792635999226288 -0.1451502580051048 128954.90768156991 -12.77609468720984
9 189.7481959367886 92.78957843639948 0.6239583366435426 0.10392451120482793 -0.21078952676792823 25 812.0 5278.0 -9.306173464710078 -0.5653451772455039 5647.22790565912 -9.379588287375174
10 590.3270747781886 95.2041919897929 0.552181416999118 -0.11044263600901337 -0.5679296689287461 25 579.0 4372.0 -9.101700383194164 -0.21376912088684608 6250.820755134298 -9.48984261376949
11 636.6497273737654 152.34777672103252 0.49046054070996187 -0.27361965668245825 0.08297684929830235 25 1198.0 11532.0 -10.154761584290426 -0.8820803359121044 10885.472135751872 -10.092118176117324
12 523.2433705877078 168.262583723465 0.6021344262125491 -0.5490895300699093 -0.46522463447259277 25 954.0 11907.0 -10.189505884067065 -0.2593798655120229 18341.374190674385 -10.65857967799003
13 480.7756537809466 170.01563756322474 0.6852851041304195 -0.2361462879773808 -0.05240285676883612 25 422.0 868.0 -7.34629931294123 -0.05261201818957113 nan nan
14 679.6132662120328 183.7617094506561 0.5434736295377874 0.4619466094006063 -0.3318425431796548 25 664.0 4458.0 -9.122850160360548 -0.41386686422762586 6434.206678027528 -9.521237517730256
15 1.2037748201140466 212.508262855151 0.5675285550518099 -0.11659715271491504 -0.07754129695148569 25 570.0 3831.0 -8.958280379957694 -0.20207816547454005 4558.342149969617 -9.147017300721526
16 426.3640424700692 212.47174699600836 0.476677534592747 0.12195299598709611 0.32554573589243047 25 517.0 5049.0 -9.258013426738716 -0.0505617383076365 8196.910172753982 -9.784125439555325
17 33.24598054569717 242.81662381183867 0.5846544500426514 0.036174151680245265 0.13148947318271664 25 539.0 4351.0 -9.096472708231792 -0.020555952546778975 5111.906036419656 -9.27145715579473
18 215.40101488598648 263.23996610225055 0.6837671193652554 -0.019755170434909833 -0.40366784188624566 25 521.0 3194.0 -8.76083727950616 -0.014438647611530544 1500.8288651246498 -7.940827934523446
19 327.9455650716975 270.13134259799494 0.4430914106770541 0.7744854112249584 -0.05823742864805018 25 468.0 3732.0 -8.929854087686156 -0.1280844726895407 4427.9123135415075 -9.115497529770254
20 776.6660533199679 278.7466006211314 0.3823123885994964 -0.05877678503771189 0.11366094276902226 25 532.0 3864.0 -8.967592794358639 -0.37272777348450037 2073.8976111619704 -8.291968278390732
21 644.3207548589904 280.411043615169 0.3791805863429644 0.21740922969817345 0.1979365756520097 25 433.0 3535.0 -8.870973545332296 -0.12820793725479634 1327.8307439546056 -7.80785679968233
22 503.31641345317695 281.7208982177221 0.38128469886541605 -0.7138312608417829 -0.5578669011226914 25 1608.0 27181.0 -11.085663576400762 -0.7185762750308471 47755.73391387277 -11.697563809309997
23 482.49533815303585 285.1602859924328 0.6919689729196611 0.20305921127001325 -0.13540841991301825 25 675.0 4207.0 -9.059931280042491 -0.2860508996294554 4995.848182257926 -9.24652308055556
24 627.6504337294882 286.02455007611775 0.5050803233306838 0.37603438767722014 0.1874147298034507 25 832.0 9266.0 -9.91723073966784 -0.3375716833996018 12687.120691026326 -10.258407678191164
25 708.0404401106972 290.5939563611008 0.4479726667757342 0.007215430347317897 -0.2253295242816566 25 903.0 10828.0 -10.086370617746173 -0.39792905771096665 14866.421558379629 -10.430516109187355
26 382.4711324104177 302.1474036733147 0.34362915487715034 0.4267636215156944 0.32475920633626537 25 838.0 8156.0 -9.778693042765257 -0.7505064833352538 10237.782811053443 -10.025514779981863
27 150.6649089235047 312.81166466758776 0.636377191682548 0.48977035041938866 0.08052970592157611 25 659.0 4510.0 -9.135441354694901 -0.2853798863071799 6825.179386263923 -9.585285176073462
28 194.2470769707176 319.0700606170248 0.38552272662226433 -0.13901248004349345 0.628197257684958 25 1836.0 30301.0 -11.20364240354252 -0.8410193591043112 50155.60675072315 -11.750798721496558
29 445.79809747793604 339.0760081294192 0.4359333813909182 0.8618541131002508 0.34096078117711254 25 481.0 5045.0 -9.257152926432324 -0.0030570912602535466 7492.120870931824 -9.686511938160585
30 725.2180600569413 349.242452574256 0.4189661616554929 -0.15984337288623246 -0.9975215002758901 25 2313.0 49194.0 -11.729780341989917 -0.10042799945333429 121935.56137401248 -12.715325955108675
31 46.74653263986984 355.1475895962339 0.562962395752201 -0.20647480533637377 -0.4113047103320968 25 636.0 4879.0 -9.220827045280664 -0.29769342949002303 4509.89581521566 -9.135416272987825
32 723.2991435224957 358.4644073597483 0.6556381311249811 0.19871562598328227 0.4217238445677522 25 680.0 6319.0 -9.50162088840997 -0.20584091076125915 18896.90933400545 -10.690976948403108
33 183.34511476130186 358.8558984462818 0.5342729195361008 -0.0973330919469891 0.020149235650068712 25 585.0 5682.0 -9.386253073467293 -0.11930311856408339 8338.272463425425 -9.802690205336479
34 628.5489406665184 363.5639861848969 0.6292262232223516 -0.02270978219842276 -0.1438051974211704 25 481.0 2700.0 -8.578409410397468 -0.031547324102853484 2781.89338106096 -8.610851202975255
35 307.7905870461461 382.34778070803986 0.6027351267020108 -0.1593367923065441 0.01567199485151047 25 887.0 6630.0 -9.553783821011933 -0.611292766667356 8211.007586458823 -9.785991133477456
36 660.8612577308623 393.7213585005589 0.5310433007857824 -0.2350989519337585 0.26199339757787016 25 694.0 5382.0 -9.32735923356934 -0.4023674901053182 5673.558142526611 -9.384638774660008
37 167.800407885794 397.2562771530905 0.5292414299755906 -0.31506784784570085 0.21134890139388862 25 439.0 1577.0 -7.994579233322257 -0.1427916472847979 nan nan
38 130.55761477657686 402.95424107115537 0.6605850146903398 -0.5804797089624547 -0.1818118754603257 25 748.0 5364.0 -9.323721922948904 -0.3685814603526407 6925.908875484946 -9.60119193304429
39 83.96755717936445 451.0890337605286 0.36831958179558333 -0.6955863572339742 0.04288427473104548 25 461.0 4292.0 -9.081649283234784 -0.09807474508094374 3789.8019856578535 -8.946541297490946
40 130.8368771351717 473.947993138629 0.6975737249644083 -0.1755798139282994 0.34655962818390906 25 734.0 4716.0 -9.183934491057629 -0.3649052456900217 4055.3532290683193 -9.020071720199054
41 690.9956234315739 477.4803503787721 0.7233051092218011 0.007211696985807469 0.37055622080011935 25 928.0 6599.0 -9.548695320905306 -0.5021862711557524 8755.130373654452 -9.855656543991877
42 578.2256026259702 482.4840866209 0.48019335577295424 -0.189460047217979 0.24767115810505513 25 491.0 4508.0 -9.134959768435172 -0.029514886622349083 7019.7999897459 -9.615811845642485
43 627.2112035186146 481.7304080443791 0.4707364027417772 -0.28376730993742105 -0.1304672591404677 25 883.0 7725.0 -9.71974622024218 -0.7095131374638786 8831.388268990488 -9.865072446987813
44 427.84520529744754 482.93882992916355 0.6940300706506741 0.5585305735708176 -0.10825468372227189 25 392.0 238.0 -5.94144239264128 -0.02218328754699531 nan nan
45 308.30918866795105 484.77016870509544 0.5147274789337587 -0.471841653233377 -0.34501713971328934 25 1001.0 7448.0 -9.680099169933214 -0.8617766026648483 7263.159061176398 -9.65281388798671
46 623.8331459102847 489.9509066997318 0.613341947178448 0.35774985642791746 0.190030006978261 25 645.0 3779.0 -8.943442229792536 -0.3527131203452607 2455.098168875097 -8.475172155962497
47 107.56730458814451 495.03942790684334 0.37989356121522955 0.4436671626838845 0.2940634129925321 25 489.0 4873.0 -9.219491028453236 -0.1503896134327628 5877.092937301789 -9.422906396191388
48 378.8248942170749 497.14477450674474 0.5599783584077479 0.2287196143644573 -0.040777893997563014 25 1038.0 7696.0 -9.71566264757439 -0.8271852322094942 6934.669936074564 -9.602564487837327
49 203.05335568064106 527.825047063526 0.4295347853615081 0.6317475654538729 0.1740180104833563 25 610.0 7431.0 -9.677618153263749 -0.06984483429058194 11283.847673254006 -10.131143036868602
50 509.37826155549345 531.3407744312952 0.37427810034015846 0.15247686482593992 -0.13482354643205324 25 572.0 6427.0 -9.520020749776 -0.144867985194202 8822.747275947222 -9.864009598034665
51 796.6621821063635 532.0451903922891 0.5798892416868201 -0.2184753007792322 -0.5969065146789423 25 815.0 10343.0 -10.03661631171008 -0.1193668686321484 17963.60660854958 -10.635983839311297
52 373.3577399157957 539.4118145437667 0.4324271659734244 -0.29710956413595896 -0.34366819788613207 25 601.0 4579.0 -9.151926608819243 -0.39101207198338406 5275.5192891074785 -9.305663038262677
53 675.925756313895 541.8724562832376 0.42283067252017464 0.39684834993917645 0.1808074106873129 25 670.0 6253.0 -9.49022107170167 -0.4415141846505043 9423.11188029705 -9.935485868782152
54 19.71097889602668 560.8029979393007 0.4621832855397368 -0.34641836771250245 -0.29544926697860174 25 775.0 7101.0 -9.628298781621863 -0.5035514218191282 8322.921898679102 -9.800689548209236
55 108.45674920667753 563.4496078734838 0.49747180320921236 -0.527832990022176 -0.20601413112702707 25 807.0 7270.0 -9.653836027147594 -0.5376181164365327 10211.876519164085 -10.02276388681264
56 510.87747781813516 562.7865977937003 0.43075760014784065 -0.3043158472556675 -0.07812497682784747 25 598.0 5401.0 -9.331185443202983 -0.336687014901862 6813.583947613877 -9.583439027668726
57 90.42235125323354 568.6927083614273 0.6195810296434616 0.5875094919988899 -0.24540829950214402 25 958.0 8959.0 -9.88064884147705 -0.523133839210651 12168.327775874857 -10.213077249270903
58 25.391466286192017 575.7185599886108 0.373857166703741 -0.38908343002514245 -0.33109306280120715 25 1390.0 18660.0 -10.677279098526203 -0.9083120634247405 24128.90614916116 -10.956344085527132
59 644.8098695484025 588.5892315175793 0.36712215789455704 -0.08346055935344263 -0.01758508867294856 25 662.0 7925.0 -9.747498177224474 -0.2872764278044395 12961.173694878124 -10.281610826778012
60 110.53082960415752 596.2825705419796 0.43939250442176037 -0.6652557893262676 -0.2190641261893114 25 759.0 6345.0 -9.50607906607681 -0.5993587873979986 6423.289592214919 -9.519393756251889
61 753.4581564019642 619.190739678534 0.6686972672099212 0.35669851974146105 -0.11182608307173708 25 512.0 3269.0 -8.786037301450923 -0.009645484090903468 4900.511478729542 -9.225603527008627
62 550.132799988083 627.4925086747634 0.4919986255115422 -0.15158995306614206 0.040137256852341825 25 626.0 4532.0 -9.140724752978398 -0.41688047316185983 5438.186519159794 -9.338635247395304
63 732.6483403717449 627.9293233385563 0.6080209614094766 0.3473720542886876 0.07150589390978311 25 751.0 4760.0 -9.194017381801233 -0.4890634994306698 7131.460561366946 -9.632946212000732
64 513.3325419662808 630.563775523928 0.46868951822782584 -0.28269103151701847 0.3171127245850459 25 488.0 2933.0 -8.668280157451381 -0.22211297485735484 2708.951519131801 -8.582003081831775
65 456.08941282296524 631.658870025264 0.5236244509226984 0.18520278428690443 0.4277033909214962 25 826.0 9825.0 -9.98083139761866 -0.22822919454018675 13472.187841725647 -10.323595323834638
66 162.39401462887767 643.3556446671051 0.5298707165340395 -0.07375315149144114 -0.03356020608348045 25 380.0 1008.0 -7.508651330273767 -0.05322706682493176 2.13140309818192 -0.8216639818180548
67 312.14997051917743 643.8962233501276 0.7517055564455118 0.12897501557729815 0.5475250387408471 25 610.0 3306.0 -8.798257123088572 -0.1312132813709322 4347.039116674438 -9.095483870479061
68 722.0539728778491 650.023871303061 0.571221714875743 -0.31589324138454866 -0.4323065093565202 25 506.0 3958.0 -8.993689474675943 -0.0256459577630153 7999.906779494916 -9.757712315796471
69 524.6952691636434 655.123940094596 0.4829588469847076 0.7520235982226927 0.21248580553099625 25 556.0 5123.0 -9.273810889690852 -0.15968954642676209 6783.253691958801 -9.578595149679174
70 189.99338720607372 664.335553689438 0.5361697029233355 0.4885977736663612 0.9593235853722881 25 576.0 6089.0 -9.461364935136306 -0.01018930247989989 8782.274515066283 -9.859017520236563
71 151.24122285524797 680.4433317809309 0.627224326945071 0.1556793295668096 -0.026991482399136835 25 550.0 3599.0 -8.890454616632278 -0.10163098656398822 1930.4068673542477 -8.214122134726892
72 355.117408493402 680.8685152519953 0.5305281365059797 -0.5128020020032356 0.615131100407428 25 509.0 3874.0 -8.97039904095773 -0.12844982364964747 6233.06128164088 -9.486753491924222
73 44.654940566503235 707.6811821125324 0.45175433793081676 -0.5109040294184853 0.0788755202069977 25 1482.0 21147.0 -10.813121913218843 -0.7569862197297 32012.186846287022 -11.263288357715446
74 629.4152736110769 716.4920483138782 0.6109746871533068 0.5164683323053462 0.17293926756807115 25 642.0 4417.0 -9.112818498145979 -0.27308056994521424 3349.3405994672753 -8.812398284606456
75 818.5574859580158 717.4724348885105 0.5241364880042408 -0.7151217553448053 0.22408798266453844 25 407.0 2058.0 -8.283613426066035 -0.06891966563981564 nan nan
76 354.12464308340043 721.3520508866071 0.5073263060838765 0.2735257345545062 0.08731904770779898 25 813.0 5203.0 -9.290634564740092 -0.7182038564827836 4855.477171090077 -9.215579791371196
77 204.7812459868057 742.5874542723055 0.4646397249888192 0.15917426864663659 -0.013284257252597399 25 735.0 6502.0 -9.532617412900269 -0.48819108818418433 7646.991817095829 -9.708726563646763
78 545.5103669633719 756.8567221235876 0.6540294911971734 0.60571263392773 -0.1098316253440744 25 855.0 7765.0 -9.725353650161443 -0.40835438171842653 9867.154257742002 -9.985479794449866
79 302.4905304293269 765.3262305743519 0.5417367726624405 0.2595485497375675 0.28700042181583807 25 433.0 2934.0 -8.66865027376816 -0.029181073346043224 3489.8752941129937 -8.857024770803232
80 43.12268916502682 786.2285146931812 0.5551811611043957 0.40300592331081936 0.4935621681739151 25 993.0 7966.0 -9.753100755183272 -0.7432561713158375 5548.609595807834 -9.360460421536644
81 430.71178509677213 792.8272323532337 0.3697659490815047 -0.2761336548036358 -0.2148079993067871 25 549.0 4629.0 -9.163717951957027 -0.35338861243434994 6324.030927009924 -9.50248496284244
82 560.8529464988835 797.0126130533114 0.517184483099066 0.13256808413084986 -0.4172074057940478 25 533.0 5213.0 -9.292719312317548 -0.0002962697931258864 7233.448731428779 -9.648363519143471
83 685.2719138522427 808.4721007222054 0.6309106488907036 0.12356570627985773 -0.28187479620237177 25 587.0 5040.0 -9.256076341113813 -0.04876427508847135 10093.796633922451 -10.010136376203448
84 632.3266448918929 816.6576699145571 0.48857478232409834 0.36058378284281933 0.23254920283679512 25 554.0 4310.0 -9.086193175401828 -0.2703203262076247 7094.221268215715 -9.627261824896648
85 742.8741986328779 816.7282366200662 0.39338255026510927 -0.32009305897487794 -0.051400910735612176 25 1362.0 13179.0 -10.299706144962457 -1.2243079540599113 17330.937351262903 -10.597055130886375
86 76.81056546810585 828.5205804607349 0.4346240997951067 0.22581785566222623 -0.6941646813656871 25 2350.0 49392.0 -11.73414153034505 -0.13521133646157535 136345.3137153207 -12.836600538815636
