test_CNN/outputs/tables/00535_b36764m0s0_sources.ecsv
# %ECSV 1.0
# ---
# datatype:
# - {name: id, datatype: int64}
# - {name: x_centroid, datatype: float64}
# - {name: y_centroid, datatype: float64}
# - {name: sharpness, datatype: float64}
# - {name: roundness1, datatype: float64}
# - {name: roundness2, datatype: float64}
# - {name: n_pixels, datatype: int64}
# - {name: peak, datatype: float64}
# - {name: flux, datatype: float64}
# - {name: mag, datatype: float64}
# - {name: daofind_mag, datatype: float64}
# - {name: aperture_flux, datatype: float64}
# - {name: inst_mag, datatype: float64}
# meta: !!omap
# - {date: '2026-06-11 12:14:44 Eastern Daylight Time'}
# - version: {Python: 3.11.15, astropy: 7.2.0, bottleneck: 1.6.0, gwcs: 1.0.3, matplotlib: 3.10.9, numpy: 2.4.6, photutils: 3.0.0, scipy: 1.17.1,
#     skimage: 0.26.0}
# schema: astropy-2.0
id x_centroid y_centroid sharpness roundness1 roundness2 n_pixels peak flux mag daofind_mag aperture_flux inst_mag
1 68.77822993019126 37.89735206030036 0.5010069160544091 0.4709624256124305 0.0801808752635376 25 631.0 4692.0 -9.17839500860873 -0.5493054198523133 3849.09392011739 -8.963396270650923
2 128.28278783496935 92.44543763082099 0.4115627270258643 0.3897530982557656 -0.14138524923255225 25 2921.0 63801.0 -12.01206871447839 -0.3210651212802846 159548.41857926932 -13.007231259717733
3 114.78635501227303 94.17284998344358 0.3706089032366636 0.3168807330768339 -0.027136234350646674 25 3259.0 72324.0 -12.14820609378884 -0.352102780701707 185968.17847185297 -13.173596593120136
4 761.99174194244 102.24831614582106 0.5424544816196784 -0.48881854447960665 -0.14595347912789397 25 983.0 9260.0 -9.916527466704835 -0.808508136704953 10997.133049704002 -10.10319869858236
5 794.824048492916 104.7839350423289 0.48758005617185896 0.22472251917920352 -0.43671895735992244 25 2024.0 41996.0 -11.558019817622394 -0.1435338076464592 104125.37155458574 -12.543891410318464
6 665.8629648258437 126.54587696132866 0.4803945057367258 -0.14143117236308672 0.10278139469123604 25 381.0 2827.0 -8.6283145212238 -0.0012622763975054072 140.5374613284856 -5.369480260419605
7 223.78185766535208 128.68273112477664 0.493324831705614 0.12182488951461207 0.021496984574017285 25 512.0 5432.0 -9.337399403181113 -0.07173256641350745 8023.69387081042 -9.760935876565679
8 40.8294968582577 139.79147365072484 0.5054032853333138 -0.23294424362317254 -0.24533302804730706 25 2123.0 41508.0 -11.545329520154965 -0.4604755709610941 98725.12471106394 -12.486069227540641
9 528.0760144944118 168.88552091582775 0.49551872923629836 -0.36073747999934047 0.1337070901231963 25 661.0 7630.0 -9.706311344887201 -0.2758704246375088 10895.133666555232 -10.093081406852944
10 177.33943956756707 176.2493970199906 0.5625000203867585 0.3623299172192198 0.2243013759332171 25 603.0 4915.0 -9.228808805420387 -0.37243171443549605 5495.888031449012 -9.350094690487548
11 101.43151947014854 184.98208522846645 0.48256390338155025 0.11867118372328082 -0.026246970471050363 25 1065.0 10315.0 -10.033673080772926 -0.9682418361821159 10889.3663794666 -10.092506525397926
12 208.92676287082315 221.0326792990219 0.47253882780950146 -0.22945925378794407 0.043965242644007606 25 575.0 4963.0 -9.239360687993308 -0.448171100769865 2991.4845570649777 -8.689716913065691
13 561.8870187352996 222.18980845329992 0.45725378342349043 0.07373404234580162 0.18110462974360003 25 550.0 6030.0 -9.450793280350378 -0.1420404813902054 5615.867610091809 -9.373542152681377
14 158.24891521543725 233.83399892335385 0.46013908640509704 -0.1479251193883354 -0.6864888222292951 25 2163.0 45151.0 -11.636668433671016 -0.20108112182636212 112903.44642196885 -12.631767997841617
15 149.79833277923484 235.3068383949367 0.4403067295977914 0.14940272526213066 -0.6078893122413113 25 2303.0 47234.0 -11.685636813146136 -0.4502440590194178 130772.49513041641 -12.791291025314798
16 577.7041840129282 249.87660742023954 0.4601642931411504 0.3863824331696979 0.4160026622935645 25 953.0 14325.0 -10.390236576598568 -0.3885922214704904 21423.825912444452 -10.827242576637637
17 284.03143749021746 280.09832700055665 0.4773638970817233 0.33465089447738944 0.1483096942563657 25 450.0 3664.0 -8.909888662489532 -0.1699467540317359 3475.504645825069 -8.852544683455562
18 269.8973928984776 333.1851880683525 0.6823082653785931 0.4946645430597928 -0.13615535910018695 25 526.0 3380.0 -8.822291750694136 -0.19180449091121066 3667.645442340113 -8.91096836256186
19 716.1200503320403 349.8869229346914 0.3982982920623971 -0.08982844777735426 -0.37737940224703986 25 3191.0 70304.0 -12.117450088101041 -0.37637530361072735 204421.88228363977 -13.276318457208253
20 418.071939258894 394.0377916491198 0.453132666602903 -0.06346044339808603 -0.2539575421601584 25 2617.0 55584.0 -11.86237449191751 -0.31224380077283864 160906.01840305037 -13.016430721036148
21 392.45350729873553 421.20222002566675 0.5489293875580327 0.07062564956180535 -0.19816171116722492 25 632.0 5254.0 -9.301225171125129 -0.41355280761485225 6821.074955216212 -9.584632054797645
22 465.7700047202195 468.8124993083068 0.401968177017092 -0.03258910172303645 -0.2893812890489254 25 3074.0 67979.0 -12.080936929093763 -0.2663911287334714 210204.37145908334 -13.306604358688418
23 125.44974691071462 517.719920855384 0.6634620659857434 -0.2051377281012394 -0.14074126819756966 25 543.0 4273.0 -9.076832232042992 -0.12847776937315628 5433.8762269390845 -9.337774354541464
24 665.1733027313973 525.5681715565389 0.4577595273930577 0.27004161755485606 0.14528157571080297 25 556.0 6402.0 -9.515789174520284 -0.1477312829007738 8880.146762404986 -9.87105035858387
25 384.0690186041429 530.0504768681434 0.4404307141420166 0.15373683851221165 -0.14982288663836615 25 729.0 7318.0 -9.660981012876471 -0.6137113207345468 10978.328401579603 -10.10134054490354
26 48.494746939086035 554.580404927065 0.5145813735820944 0.2181248069766625 -0.5136216752746037 25 1316.0 24886.0 -10.989887741970358 -0.09071090741360283 61235.15936188748 -11.967502131032619
27 136.681179234593 568.1086509968679 0.5709650281422907 0.454537901649174 0.31563464395235374 25 896.0 7214.0 -9.645440344955862 -0.7690979386386259 7831.579810527682 -9.734623445307234
28 138.48865241192343 581.9611462528925 0.647342416656265 0.3578194865226774 -0.19696862465386325 25 867.0 6610.0 -9.5505036487141 -0.6637787989620676 8483.655918314837 -9.821457615014566
29 0.31323147564873316 598.8139139647424 0.6872411952036377 0.2502556291227233 0.6001789056043516 25 609.0 2778.0 -8.609330603503992 -0.46476908550458973 2562.1793321739897 -8.521523809079762
30 316.75551534890565 618.6843329168711 0.4316969101272181 0.7215103490166221 0.05785186876033122 25 443.0 4856.0 -9.215696695168003 -0.04252783655716689 5673.934706091033 -9.384710834400586
31 85.0773721546943 683.6453803772409 0.4981172182345434 0.1510714978412302 0.4215380290724087 25 484.0 5396.0 -9.330179852499667 -0.011875976704063665 8369.367273115351 -9.806731566075925
32 88.04111604544276 716.5190736723714 0.3984897577275785 -0.3085830337027217 -0.38571730229102336 25 1845.0 36617.0 -11.409206900104232 -0.42188957749076805 89756.91682115878 -12.382669815034369
33 236.51064826399062 732.280952864119 0.3608676419817933 0.7230516869855345 -0.21546359196746917 25 549.0 5875.0 -9.422519677359434 -0.3806090118682247 7451.54616285438 -9.680615990704746
34 24.26078133580844 737.6156160701756 0.38560764916851725 -0.062027463562918855 -0.040978017527211405 25 2851.0 61297.0 -11.96859804945558 -0.4726085070935523 171876.76210120594 -13.088042909090863
35 396.7619469480043 762.3683945344333 0.4817213375419862 -0.5095453436036025 -0.12165952196702812 25 1330.0 14466.0 -10.400871151902745 -1.1055355323720044 16451.100399772535 -10.540487382092746
36 78.39338907765446 829.1875621806397 0.41560173053685234 0.021689591604463876 0.2548064184992278 25 2211.0 45324.0 -11.640820577187874 -0.4348469610450778 136711.26581460674 -12.83951076117302
