test_CNN/outputs/tables/00587_b37733m0s0_sources.ecsv
# %ECSV 1.0
# ---
# datatype:
# - {name: id, datatype: int64}
# - {name: x_centroid, datatype: float64}
# - {name: y_centroid, datatype: float64}
# - {name: sharpness, datatype: float64}
# - {name: roundness1, datatype: float64}
# - {name: roundness2, datatype: float64}
# - {name: n_pixels, datatype: int64}
# - {name: peak, datatype: float64}
# - {name: flux, datatype: float64}
# - {name: mag, datatype: float64}
# - {name: daofind_mag, datatype: float64}
# meta: !!omap
# - {date: '2026-06-09 15:18:54 Eastern Daylight Time'}
# - version: {Python: 3.11.15, astropy: 7.2.0, bottleneck: 1.6.0, gwcs: 1.0.3, matplotlib: 3.10.9, numpy: 2.4.6, photutils: 3.0.0, scipy: 1.17.1,
#     skimage: 0.26.0}
# schema: astropy-2.0
id x_centroid y_centroid sharpness roundness1 roundness2 n_pixels peak flux mag daofind_mag
1 610.4117511098962 9.182645268506679 0.459905980313417 -0.43124222067027385 -0.35194668459438616 25 1044.0 20150.0 -10.76068762619282 -0.15016168843088906
2 454.9046021007132 35.09991478212436 0.3801770366455939 0.7676976807057821 -0.49848289268627494 25 1645.0 28325.0 -11.130424796338588 -1.1486414273043792
3 107.75545202826264 91.37624561582686 0.38668270364000384 0.048126605392232104 -0.6461238751502618 25 2856.0 63041.0 -11.999057734039937 -0.542816351619086
4 131.1631171799705 92.52883188019287 0.3709277948695613 0.25803470290388286 -0.46882384007459404 25 3121.0 69647.0 -12.10725603551425 -0.5474691008335857
5 109.96718468906688 104.38836596094966 0.5792842898464772 0.3983350742682983 -0.5932705680245132 25 531.0 7211.0 -9.64498873890231 -0.08698504447870334
6 798.9274378416245 106.4597673442283 0.36549420880104316 -0.22477549290995913 -0.7624235608742357 25 1765.0 37636.0 -11.43900864965113 -0.30994164193156903
7 36.41403780231623 136.9181350195695 0.51387885008385 0.11122971845125491 -0.7975210098467164 25 1695.0 35477.0 -11.374867219941834 -0.13026704979451934
8 46.3563987803694 139.29049326738595 0.4396448588497678 -0.08991712163119066 -0.5564918567823823 25 1596.0 34025.0 -11.329495334688431 -0.12066251520520127
9 329.6357456725182 144.18623169871313 0.4177122293112731 0.010035075155942336 0.18365130182192899 25 1574.0 27880.0 -11.11323192356493 -0.9770624141062105
10 373.6166361351255 149.8073566164545 0.37353411592111263 -0.8957960425992115 -0.496937745966623 25 1437.0 29350.0 -11.169020263959084 -0.32909669362825933
11 341.52374845672887 150.3343398877498 0.43533136156045976 -0.10060440004782419 -0.23469661412048798 25 1178.0 19450.0 -10.722299014154316 -0.687446637300424
12 377.19305471814647 154.00424541024015 0.45026325123359423 0.21204885640171173 -0.6318529668054829 25 1728.0 34933.0 -11.358089709692397 -0.4583073533966239
13 326.9693417343465 156.93465572912814 0.3539472404394771 0.05772919974015069 0.023664669703538345 25 1246.0 24465.0 -10.971363050239892 -0.38866505346214303
14 354.53607995291736 162.84051830951043 0.39574159045833507 0.38760055015221695 -0.7778768031208017 25 448.0 6330.0 -9.503509275043388 -0.049425279072764165
15 326.2444320683119 168.08372004733712 0.3871581106746625 0.22558722269462064 0.23967279937736619 25 1620.0 29504.0 -11.174702248433839 -0.8357422126054513
16 143.83603063338563 232.63859019169982 0.4003774560493112 -0.3479032420803243 -0.8894008308767722 25 2026.0 44826.0 -11.628824966981961 -0.11937848057357563
17 158.9119620146603 233.82300292808878 0.3899637917946988 0.04502081791268893 -0.6370390712314961 25 2374.0 53157.0 -11.813901157152934 -0.14983987066195023
18 335.08092043054893 255.90722350190717 0.5604351390851402 0.18275588171990667 -0.63270148917039 25 739.0 8820.0 -9.863671462829549 -0.567947862580439
19 381.99689013193694 331.49089576204966 0.33693105457616335 0.16231515761814394 -0.5407287060405664 25 412.0 6048.0 -9.454029456232876 -0.06919262656201812
20 706.8374994862038 349.8706509305386 0.4099001270688303 0.39421824670439093 -0.5560138141192288 25 2299.0 50507.0 -11.758378932954844 -0.34093085420256286
21 722.1199847843475 350.03099074002836 0.46973534466978245 -0.5922520902746585 -0.3934636674883537 25 2627.0 58071.0 -11.909898261946687 -0.2959834287893388
22 334.21672099260064 361.6984153509234 0.41258547776485555 -0.369849209053605 0.150657094792686 25 754.0 12852.0 -10.2724267921987 -0.16696511874294767
23 425.1404971231021 395.6514711628351 0.4294041222673423 -0.4118414923891311 -0.8054130638580297 25 2255.0 48436.0 -11.712920676306744 -0.4124878450202639
24 195.42816030051367 438.94055307047023 0.3981896194994765 0.6121402728112539 -0.4124572749938772 25 498.0 6773.0 -9.576952689015902 -0.23990635898941443
25 455.80257576652684 468.8974203701806 0.4318900016972374 0.5483821097932329 -0.7900668212864409 25 2294.0 50372.0 -11.755472986719425 -0.37596031214152276
26 72.49436457507079 481.96470337356305 0.39502105931788944 -0.026181577431569063 -0.4988036028328222 25 761.0 11220.0 -10.124982142300356 -0.540203420149912
27 184.10679503597666 526.6978535465444 0.4843585950703427 -0.13295070377776133 -0.7563090053858855 25 529.0 6607.0 -9.550010767020794 -0.21709228689934057
28 293.83205459578016 534.4525899760827 0.4504976459251794 0.23797465086217692 -0.592968828946334 25 830.0 11018.0 -10.105256920093257 -0.699214566029387
29 436.10173759101804 575.9369347996607 0.4330343365366639 0.3642181820861433 -0.414235104182886 25 475.0 6498.0 -9.53194926752241 -0.06943004234363588
30 348.139144880695 585.1197976306671 0.4051126659606893 0.4293370489360158 -0.6586360514590094 25 742.0 10551.0 -10.058234057591513 -0.5271395051594673
31 308.7624065186444 612.1776736876202 0.45666754169927826 0.08671114751796526 -0.7367125571571914 25 433.0 5463.0 -9.343578001286456 -0.05043215497791167
32 95.61445660036328 718.3196135674757 0.595308123411866 -0.17202377787398362 -0.5407710209352262 25 1129.0 21367.0 -10.824358875028086 -0.015285713078092993
33 606.5261438646949 735.9736259174692 0.5246046971298629 -0.07211453550660911 -0.07029414114313141 25 571.0 5325.0 -9.315799030276938 -0.5526541326922174
34 503.8444504909483 750.4945407058709 0.37812093352668164 0.4546394382430515 0.2525846822205803 25 292.0 2910.0 -8.659732472464768 -0.013800425978446945
35 775.8730305680782 752.075618240961 0.4414200822608267 -0.34834081103186654 -0.005537774500530106 25 451.0 3980.0 -8.999707680184219 -0.46448847483831796
36 444.47864408022775 766.1169542010241 0.4099730943962879 0.056074746420595734 0.21820331981005528 25 338.0 3112.0 -8.732598970794129 -0.14366803218434793
37 65.81157766558559 780.28729444461 0.6676364977110464 -0.2781940337464072 -0.008815818049496098 25 523.0 3354.0 -8.813907645675167 -0.48361571163404427
38 774.67716258878 787.5844705044163 0.5917758221725881 -0.5852343503061374 0.13765106550400028 25 363.0 1516.0 -7.951748003240087 -0.2818564543700825
39 703.7444197571576 813.6412274190276 0.48506931567380507 -0.4756036141040766 -0.3619707229382857 25 994.0 18192.0 -10.64970111835915 -0.2019079207005679
40 695.5822359082559 813.5729898528058 0.4373174840092901 0.3380873159637913 -0.3261177721234696 25 853.0 16640.0 -10.552883304886763 -0.06766035635667644
