test_CNN/outputs/tables/00586_b37722m0s0_sources.ecsv
# %ECSV 1.0
# ---
# datatype:
# - {name: id, datatype: int64}
# - {name: x_centroid, datatype: float64}
# - {name: y_centroid, datatype: float64}
# - {name: sharpness, datatype: float64}
# - {name: roundness1, datatype: float64}
# - {name: roundness2, datatype: float64}
# - {name: n_pixels, datatype: int64}
# - {name: peak, datatype: float64}
# - {name: flux, datatype: float64}
# - {name: mag, datatype: float64}
# - {name: daofind_mag, datatype: float64}
# - {name: aperture_flux, datatype: float64}
# - {name: inst_mag, datatype: float64}
# meta: !!omap
# - {date: '2026-06-11 15:15:49 Eastern Daylight Time'}
# - version: {Python: 3.11.15, astropy: 7.2.0, bottleneck: 1.6.0, gwcs: 1.0.3, matplotlib: 3.10.9, numpy: 2.4.6, photutils: 3.0.0, scipy: 1.17.1,
#     skimage: 0.26.0}
# schema: astropy-2.0
id x_centroid y_centroid sharpness roundness1 roundness2 n_pixels peak flux mag daofind_mag aperture_flux inst_mag
1 403.2086554545576 9.183132614652116 0.48125384898841816 -0.1259528797830624 -0.018176042487320757 25 324.0 1735.0 -8.098248697817231 -0.13307319880615248 2026.8152657488017 -8.2670354167226
2 527.7480428788632 16.27258600869065 0.491259087952657 -0.4964011390632338 -0.1100472786794427 25 466.0 4530.0 -9.14024550503208 -0.18341086452659489 9067.38806666293 -9.893705507727766
3 5.751491896384037 19.73090977524582 0.4222821246952171 0.44480997856931426 0.42222965480031605 25 605.0 6970.0 -9.608081945245024 -0.3971047072184557 8883.880929613946 -9.871506822699262
4 239.0401835309244 57.82300920507801 0.49991421140913406 0.05064429250584865 -0.17443828556806182 25 433.0 3172.0 -8.753332946613915 -0.3082459394127595 2968.589728247331 -8.681375450987224
5 749.1837723519175 76.32951871394425 0.6466199814922324 0.5300649594713656 0.24731176126446758 25 730.0 4585.0 -9.1533483500151 -0.7476048422401464 4969.667853808244 -9.240818409419555
6 115.69894674425126 79.30330051337063 0.4421037564249116 -0.014053618150756708 -0.3203181813560269 25 2850.0 61957.0 -11.980225951906574 -0.503953139386288 171070.91109688292 -13.082940420928757
7 120.7574623628356 85.1287841513385 0.46842266482682965 0.8129644960973391 0.5482490807226617 25 3406.0 76122.0 -12.203775475625516 -0.45300541957336965 259087.24392877903 -13.533615077932364
8 765.6090002378048 86.2012276419288 0.5616078159911598 -0.03481470294018041 0.3216250481666816 25 519.0 5651.0 -9.380313268244745 -0.11161389101814022 8992.270659791851 -9.884673425801854
9 196.89646263712802 89.18641079854427 0.38803477424778793 -0.358893853919038 0.07867987182972289 25 521.0 5957.0 -9.43756900024711 -0.3495521346026619 6873.534100446823 -9.59295022899447
10 606.1266322112775 95.7750521414486 0.5935863725458084 -0.305933644494211 -0.1563117155840678 25 925.0 8404.0 -9.811215109334787 -0.7975108878671183 10828.845507562552 -10.086455394466974
11 792.9620923075057 96.75102467821905 0.6724401043228546 0.037238398590639 0.26156836693385693 25 1143.0 20316.0 -10.769595510391401 -0.02282261550431154 53358.588869678744 -11.818010839086476
12 112.8195738020584 95.5754365279847 0.41043223583269633 0.06949334814224198 -0.8245346268117897 25 2585.0 58264.0 -11.913500742365535 -0.202203560256835 176882.07945885093 -13.119209588119823
13 353.1624660033021 101.46347109124282 0.6549442789060727 0.03433280826566512 0.3627925961038152 25 407.0 2279.0 -8.39436081295094 -0.12742114537129634 3608.183665561981 -8.893221590266453
14 124.9425673174063 100.50348278672233 0.3944575121688616 -0.6459252260805061 0.6678750349191737 25 3353.0 75106.0 -12.189186582284226 -0.48438505263218185 270638.5847475192 -13.580974284315776
15 797.8123225355785 105.79634633900933 0.5073012980100664 0.13783023512686618 0.8064824615329088 25 1240.0 23521.0 -10.928639454782543 -0.14811123887195687 57123.6809189036 -11.892040461523845
16 40.67400293642638 109.10525909796432 0.5552851962226941 -0.1620594540296274 -0.10921371942092854 25 717.0 8225.0 -9.78783976655503 -0.4226252919884792 11458.965006483786 -10.147863482937126
17 782.6458469846316 118.55732400029045 0.4727967477750367 -0.29410099312257515 -0.10069082580684478 25 477.0 5119.0 -9.272962823875613 -0.1623858505208189 7670.152328660342 -9.712009972727634
18 703.3020952259603 123.75188552619957 0.4305564537661564 -0.35094114897658274 -0.10009686622909812 25 396.0 3542.0 -8.87312139213514 -0.2136334896306613 4216.913298434771 -9.062486679559662
19 763.1813146772935 128.61874495596643 0.41355441444906793 -0.5419938115656417 0.009426736291906159 25 629.0 5475.0 -9.34596030878039 -0.7515917772305729 9400.549801458434 -9.932883136328202
20 183.78459003951968 144.11157469950905 0.5021153603562781 -0.1168468134196015 -0.0023615363870860932 25 349.0 2883.0 -8.64961160597052 -0.021781863487852507 3291.3445711371082 -8.793433377499838
21 41.484224250138425 147.0718736853899 0.37951287839601505 0.9876414839437891 0.21141272780025633 25 1100.0 21603.0 -10.836285164101408 -0.08005984580533107 57342.15668919634 -11.896185057792428
22 651.8602023701756 154.42697347775524 0.42873057108170376 -0.30233372395486724 0.1646320103286026 25 703.0 7267.0 -9.65338790048315 -0.6508458232263905 10746.271536460848 -10.078144525277548
23 22.265483741112863 156.4192036645262 0.6236334810970082 -0.45075484340720856 0.3692052869720477 25 624.0 7919.0 -9.746675857413825 -0.0496382958626492 14190.945773683663 -10.38002835132944
24 815.3473345783722 169.54326810655172 0.623516323145655 -0.5449711159723154 -0.326504033958168 25 453.0 2522.0 -8.504362705592657 -0.28712406788376676 3078.942126539389 -8.721003814365167
25 176.01252441816317 171.81877004967873 0.3761863217708207 0.31459742186450046 -0.06051171038539604 25 812.0 7581.0 -9.699316241598943 -1.0154810711340114 9758.242950133996 -9.973429066257872
26 385.61577242022554 184.8095453520484 0.520755527298989 -0.14903025119540167 -0.28590082552320234 25 623.0 4464.0 -9.124310464823806 -0.6629026966694544 5954.006229499685 -9.437023211750867
27 672.5495820500819 207.07802642475406 0.5328463900145407 -0.12308734069692737 -0.146506295304351 25 871.0 7560.0 -9.696304488753016 -0.9036435236678003 10356.16050307651 -10.037996931623264
28 694.92838635878 220.61417085003941 0.3424848312035189 0.20232211901312794 -0.2430520475036813 25 381.0 4439.0 -9.118212862563416 -0.12949825717606914 4825.500292927898 -9.208855865802825
29 149.55256926616875 224.3036816490637 0.3926561517925585 -0.15724942254669186 -0.06578343990246698 25 1763.0 36575.0 -11.407960836993372 -0.3662164256486921 111538.64006542746 -12.618563362633765
30 312.2824221972171 225.57957697725453 0.5748347560233882 -0.44286285097645184 -0.19719869234157025 25 817.0 5809.0 -9.410253441190571 -0.8783381118643812 5145.038505514183 -9.278471573436
31 797.8899205428924 229.53395719223485 0.47706018265872463 0.16911003398693658 -0.015586217039459409 25 1136.0 11293.0 -10.132023320351404 -1.1650285777962375 15767.799015189128 -10.494427688891523
32 28.355024160131425 237.00744058829065 0.5917148058770032 -0.024739422966312482 -0.18136001753210343 25 776.0 6199.0 -9.480804090878934 -0.7269698306363028 7407.117731328422 -9.674123118838363
33 160.38127613985208 241.8783654001207 0.4582769801050984 -0.13485622061837108 0.12590351247013878 25 1394.0 28212.0 -11.12608468793141 -0.10923779576204043 73034.83995339225 -12.158825204753075
34 610.039628059098 254.11069674188863 0.4230939191909037 0.10350834477276319 0.4900776215196844 25 422.0 3536.0 -8.87128064085259 -0.31473906822512143 3976.2229668602295 -8.998676823720903
35 393.54660416472956 261.32990258762544 0.6982781692830268 -0.35078178502008184 -0.04149927025191545 25 522.0 3737.0 -8.931307744624094 -0.23593574851721266 7654.4076147432 -9.709778964201258
36 709.7020518497624 278.55440741605395 0.49600828744997966 -0.8210346292161228 -0.03223592041636313 25 504.0 4884.0 -9.221939138182112 -0.22943683748946062 5327.794891341648 -9.316368742698621
37 590.324730290196 279.79088474078065 0.8049255523141192 0.5964611597773828 0.05676592283546716 25 428.0 2104.0 -8.307614338704253 -0.061593233390717275 3515.5699936956603 -8.864989372499073
38 149.4411730307936 299.60644747959316 0.470370507355204 -0.06884686621559079 0.06681257194499704 25 878.0 8356.0 -9.804996078270676 -0.9211999071803174 11384.134046177063 -10.140750002118777
39 689.7698729267997 307.8132840581274 0.4872198486950254 -0.08588430024176644 -0.1901502958792034 25 584.0 6128.0 -9.46829689156137 -0.3628501226569415 9236.943783622304 -9.913820751247007
40 618.3730045751348 310.0878101961848 0.42120849481055833 -0.2812586544771244 0.5146159995380055 25 524.0 6209.0 -9.482554149614957 -0.18943112874215587 9223.847456113272 -9.912280279971794
41 265.5021705855067 312.3363435288317 0.6544113744091221 -0.23456805721123386 -0.27882204368288316 25 471.0 3327.0 -8.805132002172055 -0.14185664180917165 2722.4745832464887 -8.587409584790997
42 129.67797614276074 317.07071538316575 0.4073692861143335 0.02170826086831692 -0.04825305589351412 25 1153.0 20176.0 -10.762087673072516 -0.3759748836061747 42934.365010848654 -11.58201261042272
43 639.3554642604555 321.92435142146854 0.46205471008637355 -0.3048123994529804 -0.6723904564630135 25 431.0 4594.0 -9.155477477147517 -0.0491191626979893 7492.217957576062 -9.686526007581445
44 699.8946211419186 323.97543945094674 0.40223036236695875 -0.7878012562977585 -0.1719816974909031 25 620.0 7309.0 -9.659644904709932 -0.47208694534512513 9679.254598503996 -9.964604783709719
45 386.69253842600466 326.72309069406623 0.627647634075812 0.5597136887521219 0.11538313327350078 25 598.0 5529.0 -9.35661647484684 -0.34119477795128095 8118.457566184036 -9.77368381259628
46 141.65602203708286 329.2363622304533 0.4180850421463165 0.7669649969644472 -0.06738742726403898 25 2276.0 36884.0 -11.417095033375846 -1.3578886014115918 72907.20069615579 -12.156926059072399
47 333.2101858049409 335.2869817771349 0.7273701028154916 -0.25859937227966195 -0.18917974416890132 25 470.0 2151.0 -8.331601025968657 -0.2440665246799536 797.5905630747034 -7.254450017130525
48 404.31387309360724 340.3224736797074 0.44672058565896094 0.9951479327410555 0.9969126812264312 25 686.0 9357.0 -9.927841573692016 -0.25954108730169984 13936.233146356039 -10.360363508145934
49 158.2542117248013 349.5754846920053 0.42184755164336857 -0.09339574520389438 -0.29709611109328027 25 1214.0 18438.0 -10.664284526600055 -0.8079095187704708 36548.98873888704 -11.407188412797154
50 797.420008993191 349.68305292955404 0.3665356045514509 -0.7167296676384729 -0.27181079437207306 25 315.0 2652.0 -8.55893379933184 -0.06199069685502486 3641.6457298351443 -8.903244235126303
51 701.4385277288269 354.02464772147067 0.4558917027839744 -0.10989669154419976 -0.20236310448934378 25 378.0 3930.0 -8.985981375938566 -0.0052704726113199235 13601.818446644425 -10.333992434261965
52 374.40202182184 359.07184571513454 0.6881224877352146 -0.4703210063003493 -0.2612818785960266 25 646.0 4261.0 -9.073778835501132 -0.5279749659118026 5203.6698387918905 -9.290774334376291
53 713.7384835621313 359.30759168326074 0.5519360263425555 0.46001558641807894 0.003573026469234387 25 1731.0 35536.0 -11.376671353010996 -0.16451329825002275 113672.89378240221 -12.639142290035297
54 677.999528441157 370.09883022016083 0.6233866835364441 0.1741678496580141 0.2901664102821667 25 530.0 2793.0 -8.615177339252512 -0.440322527930905 1872.6929797074804 -8.18116645605379
55 416.84228608449763 387.6130979721597 0.3623232293320537 0.3584719430676781 0.7505095569111123 25 1965.0 42346.0 -11.567030982949467 -0.356266158222926 122426.94447891341 -12.71969252636023
56 421.4623136424251 399.83724109307855 0.36530130031351415 0.5349892981616121 0.8835257161466877 25 1760.0 38100.0 -11.452312439189047 -0.16396887934615761 116687.33979522165 -12.667559347582664
57 420.97023976756185 405.0090024467005 0.4191917437595656 -0.6488135065592622 0.23725307084012995 25 1580.0 31131.0 -11.232982678634215 -0.4706246827268985 99917.52226018927 -12.49910413982459
58 687.9343111395151 410.4458530774313 0.44403664633079526 -0.27062819742162986 -0.07688963101175258 25 546.0 5387.0 -9.328367438864888 -0.4523130234518485 6416.885571576045 -9.518310737126141
59 624.8078633562154 420.72051528834913 0.3947688141386801 -0.17583386171895604 0.18731582533652935 25 670.0 6062.0 -9.456539830079008 -0.761680016969458 4986.574517101662 -9.244505783310036
60 633.9602698084029 422.1255349163118 0.7415092696324556 0.07183464583305538 0.19248591789837047 25 533.0 2120.0 -8.315839652321879 -0.43524710727042515 1482.4521751995164 -7.927451729151507
61 366.7502149195281 427.6466277761115 0.36118695642760085 -0.6626802534642028 0.03306762575625227 25 268.0 1758.0 -8.112547176844382 -0.04097282989121004 nan nan
62 462.30660309596124 457.30593517556264 0.41162759125191617 -0.5080064289534827 -0.5560382787917595 25 2183.0 45458.0 -11.6440258107606 -0.5381435495343013 146158.74228742073 -12.912061993018034
63 13.95044522955856 458.89667217479746 0.526340540009863 0.06996130103939165 -0.30192810139790177 25 389.0 2879.0 -8.648104162195205 -0.07300142496844289 2861.1014668466278 -8.641333150027124
64 682.4445582337402 466.4882070621553 0.5585078357338518 -0.7734924400567571 -0.0980601879296645 25 560.0 6773.0 -9.576952689015902 -0.12642430225972884 9868.820487820713 -9.985663123254199
65 471.40533596165614 476.31739224539507 0.38699561646074826 -0.013281681161191102 0.8800426479651355 25 2427.0 50944.0 -11.767732604303891 -0.6125460119037297 167005.3874464511 -13.056826203325933
66 313.4531545135924 492.9971828322025 0.3934630954003706 -0.16625859535493537 -0.1718769106390899 25 729.0 6641.0 -9.55558370059711 -0.888643902922942 7547.213025989752 -9.694466521164454
67 650.192519604587 497.14092996056985 0.5325699581990779 0.2250401206760723 0.017569972070727156 25 319.0 998.0 -7.497826353218428 -0.13411492657692248 nan nan
68 455.1585801113532 518.4127026339263 0.5547287956410287 -0.10344919336230592 -0.22862330341843362 25 342.0 2005.0 -8.255285942390502 -0.0993372846051626 3448.3660162906885 -8.844033391155277
69 51.93512700410239 519.6157094935485 0.4465921168830281 -0.012340937628254866 0.0874849152452977 25 340.0 2742.0 -8.595168626133734 -0.028690536556234415 1790.452396335871 -8.13240694673551
70 15.984853515738358 530.1207044303335 0.578801784040498 -0.5661884016495993 -0.43553145307591845 25 371.0 2219.0 -8.36539325558002 -0.09185678565678769 2815.946694520365 -8.624061073534229
71 687.6860052242995 542.214203515145 0.5400189991446848 -0.878692588820334 -0.2792253279621103 25 720.0 7173.0 -9.639252077088592 -0.6284407032799961 9424.578350082886 -9.935654823102114
72 510.71437601309117 563.2950131001295 0.5077080466342982 -0.11865641501472794 -0.3473413868449497 25 483.0 4417.0 -9.112818498145979 -0.24133540130060332 5269.9807078283975 -9.304522563411345
73 59.86771172745283 574.9549745645622 0.6469974404679445 -0.5320270474629736 -0.1137431799679658 25 698.0 5956.0 -9.437386722700346 -0.4934933247296333 7544.158376086638 -9.694026992648508
74 272.06027067931217 575.0301247325998 0.6526734286827334 -0.37264353142680456 -0.29414255157547237 25 447.0 3800.0 -8.949458991542025 -0.07043118882633223 4586.006752427348 -9.153586724621835
75 227.29564922289882 604.2538070779817 0.4781630709282195 -0.8546003892871382 -0.13750526218519948 25 389.0 2809.0 -8.621379348003945 -0.24833511463686345 3142.370949027766 -8.743143627767733
76 540.4469986278958 607.570060107732 0.5515500064794039 0.00023296051547032687 -0.014938819470310753 25 1055.0 9198.0 -9.909233513095048 -1.0608479290700292 11965.028346276424 -10.194784329587776
77 350.2320548846182 627.5912007153095 0.3700522295678137 -0.26777284879027907 0.1224431408096538 25 457.0 5192.0 -9.288336709480783 -0.233853079136738 7937.009021976104 -9.749142184918117
78 628.1697249517771 651.8147140737403 0.5577796331724264 0.3804184503105546 0.37584469795611564 25 568.0 4109.0 -9.034340353154679 -0.49408605620312634 4141.115602056156 -9.042793385742979
79 665.8499640255551 659.5382643370402 0.47280218877474084 0.8262519612149796 0.3156999231816405 25 363.0 3093.0 -8.725949800007948 -0.051023954833758045 3170.6309900749548 -8.752864250369186
80 678.9984390412958 669.1737561520965 0.6292817616320321 -0.10513989003624716 0.13711844978520285 25 639.0 3984.0 -9.000798324379153 -0.5907280828389532 3803.0746137112287 -8.95033711513636
81 389.3149171577471 676.144089022985 0.5135662204349917 -0.8177149077425988 -0.30685296918714156 25 328.0 1840.0 -8.16204455752384 -0.09456799672523845 3156.266094920196 -8.747934025224925
82 352.06007602741994 681.7500694477418 0.6114368874164609 0.2618894961630755 0.17236091689939786 25 444.0 3784.0 -8.944877819324388 -0.0011086330620661425 5054.832656424034 -9.25926695639786
83 586.9056240208201 682.1784141575026 0.6608730186505214 0.7559329595255132 0.19597287416789702 25 489.0 2943.0 -8.671975655249028 -0.30531413458736173 2207.4628654340922 -8.35973351621551
84 89.83663418178305 712.9672191869814 0.5162449534657562 -0.3865925883110152 -0.6012287271785522 25 1110.0 20545.0 -10.781765363994724 -0.1675201340574782 66504.23627055928 -12.05712327605212
85 24.530122149556178 729.1953096372298 0.36604267716711103 0.6493844535543682 0.8169327781092866 25 1943.0 41629.0 -11.548489946283835 -0.2529507575691762 124120.64769537534 -12.734610082962593
86 100.51502852781458 735.1589351349685 0.4889690753583696 -0.4228440647118574 -0.2230878051286422 25 748.0 5900.0 -9.42713002910536 -0.8613242576035757 7101.419997577425 -9.628362996956422
87 29.05965217113025 745.1199443162149 0.47429398692731967 -0.6447446675780072 0.4327401161585431 25 2046.0 40713.0 -11.524332763037792 -0.5047493418350311 117820.21627533296 -12.678049539021018
88 308.65771369453705 750.8448197581291 0.47125599471986873 0.18452329826133287 0.21675548683248966 25 555.0 4842.0 -9.212561962764285 -0.48186373167385144 4276.398079371151 -9.07769531455709
89 712.2611070865753 804.4296916957252 0.6310746256495969 0.4461478680795548 -0.1824580924020432 25 548.0 2863.0 -8.642053370053997 -0.495871050296623 2514.312792151436 -8.501048262387572
90 616.8187720875133 814.701410711293 0.5140685982092721 0.07191042524548656 -0.0009627985952662913 25 467.0 4002.0 -9.00569271075048 -0.3234200092532203 5535.577222677526 -9.357907284153903
91 80.32263837016293 824.7330744457001 0.4445350396333192 0.5529399214508286 -0.056694919708881276 25 1760.0 36169.0 -11.395841253899796 -0.28945290665202467 109782.53334336859 -12.601333120867846
92 665.7005235363617 826.1558475110744 0.6407223300754564 0.10087207405761137 -0.6348354282245434 25 609.0 4998.0 -9.246990629476079 -0.3966448903855699 7983.710890074054 -9.755512004215674
