test_CNN/outputs/tables/00605_b38679m0s0_sources.ecsv
# %ECSV 1.0
# ---
# datatype:
# - {name: id, datatype: int64}
# - {name: x_centroid, datatype: float64}
# - {name: y_centroid, datatype: float64}
# - {name: sharpness, datatype: float64}
# - {name: roundness1, datatype: float64}
# - {name: roundness2, datatype: float64}
# - {name: n_pixels, datatype: int64}
# - {name: peak, datatype: float64}
# - {name: flux, datatype: float64}
# - {name: mag, datatype: float64}
# - {name: daofind_mag, datatype: float64}
# meta: !!omap
# - {date: '2026-06-09 15:18:56 Eastern Daylight Time'}
# - version: {Python: 3.11.15, astropy: 7.2.0, bottleneck: 1.6.0, gwcs: 1.0.3, matplotlib: 3.10.9, numpy: 2.4.6, photutils: 3.0.0, scipy: 1.17.1,
#     skimage: 0.26.0}
# schema: astropy-2.0
id x_centroid y_centroid sharpness roundness1 roundness2 n_pixels peak flux mag daofind_mag
1 806.2569587607695 9.689769750483949 0.38149689988474694 -0.0037056451735344004 0.37224197909507784 25 562.0 8709.0 -9.84992072637834 -0.21265170542414766
2 189.03972206796215 38.110379307646454 0.5885846623233417 0.3930218822264567 0.21261428318731054 25 315.0 2423.0 -8.460883535343765 -0.049479941167813124
3 361.5538373789516 63.42475216754351 0.40549540008515844 0.20116358891744243 0.4197192738910921 25 606.0 8838.0 -9.865884993065686 -0.37059560393586866
4 105.02737655758764 78.0186682834199 0.41833028454077364 -0.4655312643295764 -0.6623351779330015 25 2104.0 47793.0 -11.69841073086117 -0.025296392295496486
5 772.0056370736138 77.46938175679811 0.5043283102334095 0.04930841039883511 0.9082165454465547 25 598.0 8192.0 -9.783474859079389 -0.32127925686768677
6 110.27826957985772 93.83549013566821 0.4182730024373006 0.3825161957540656 -0.34164932290340966 25 2222.0 49662.0 -11.74006051395623 -0.21621136665930302
7 116.11616013813268 100.11514490931535 0.44080988218381145 0.2952909627418316 -0.005569311644517659 25 1842.0 40639.0 -11.522357531911041 -0.17565684560222872
8 126.84412928531025 108.9766770441813 0.41167901494234277 0.4931134864883124 -0.5792834013758696 25 2148.0 46397.0 -11.666224750656243 -0.4756209454973908
9 503.7622089043504 132.23336884921846 0.5491164013719019 0.09641276790197935 0.5580672723673554 25 552.0 7443.0 -9.67937004747968 -0.20460311951344934
10 532.0947392101842 164.52981050108372 0.6459639541367388 -0.41398154047519764 0.8669690617441196 25 380.0 3416.0 -8.833794655042418 -0.07761370550932795
11 617.4835412844427 164.40548089707207 0.4771085893497344 -0.26401960293086424 0.584904611247894 25 451.0 4520.0 -9.137846087028455 -0.4242740168194902
12 553.5554505231147 319.68062223770767 0.41687303835115824 -0.09594448868357318 0.4649546000025303 25 461.0 6323.0 -9.502307954533046 -0.1189671754712
13 64.48208551862835 325.67291844235774 0.4320862073167245 -0.13818277797644088 0.14614320819563867 25 1206.0 17614.0 -10.614644980017992 -1.045181475347868
14 56.63894143678653 344.9153123056371 0.44392524300013475 0.18875314776423388 -0.021947395160593897 25 522.0 6746.0 -9.572615842132956 -0.31531657858391854
15 123.62979923863266 417.62027236918755 0.4226353877690638 0.6073483538832278 0.022869411718739643 25 546.0 6082.0 -9.460116039520283 -0.5754046881356433
16 487.45766672114866 429.1575672201677 0.462279870260864 0.2383421998640867 0.11527864794065928 25 703.0 10558.0 -10.05895414416235 -0.359640688097467
17 21.885581181956244 500.2489451864872 0.41219446519793024 0.845480678071543 0.2962492417445494 25 464.0 6993.0 -9.611658820600598 -0.02429662256678868
18 6.087612376776438 593.6147141770558 0.3688093842792098 -0.35118470109118716 -0.29236635057712357 25 547.0 8760.0 -9.856260265420202 -0.15289153838102373
19 705.2403992093664 624.615989817739 0.38724939214327986 0.19862408320982922 -0.23461963265463665 25 1133.0 21612.0 -10.836737397167894 -0.39272892018950345
20 59.11275456889473 685.4014494340257 0.3707890949404402 -0.3838337194527764 -0.648921864336455 25 516.0 8157.0 -9.778826155767907 -0.055961488822274044
