test_CNN/outputs/tables/00608_b38741m0s0_sources.ecsv
# %ECSV 1.0
# ---
# datatype:
# - {name: id, datatype: int64}
# - {name: x_centroid, datatype: float64}
# - {name: y_centroid, datatype: float64}
# - {name: sharpness, datatype: float64}
# - {name: roundness1, datatype: float64}
# - {name: roundness2, datatype: float64}
# - {name: n_pixels, datatype: int64}
# - {name: peak, datatype: float64}
# - {name: flux, datatype: float64}
# - {name: mag, datatype: float64}
# - {name: daofind_mag, datatype: float64}
# - {name: aperture_flux, datatype: float64}
# - {name: inst_mag, datatype: float64}
# meta: !!omap
# - {date: '2026-06-11 12:14:49 Eastern Daylight Time'}
# - version: {Python: 3.11.15, astropy: 7.2.0, bottleneck: 1.6.0, gwcs: 1.0.3, matplotlib: 3.10.9, numpy: 2.4.6, photutils: 3.0.0, scipy: 1.17.1,
#     skimage: 0.26.0}
# schema: astropy-2.0
id x_centroid y_centroid sharpness roundness1 roundness2 n_pixels peak flux mag daofind_mag aperture_flux inst_mag
1 430.3140782847184 0.9609027139458036 0.5234847475159541 0.34942889157887635 0.22325115767243517 25 469.0 3138.0 -8.741632348127295 -0.4607315555239252 4116.6772560223735 -9.036367050039955
2 308.40437869983197 9.06160110236995 0.4671290937076911 0.646637368022455 -0.7691429905453975 25 993.0 16909.0 -10.570294810342114 -0.3586713827941745 43108.701239111295 -11.586412347021994
3 607.9704321274506 9.456244175071719 0.3800943807872986 -0.15350987025404605 -0.5808678015909368 25 1435.0 26625.0 -11.063224041116985 -0.6081984163556046 75643.79269948057 -12.196933239458223
4 672.118893191865 13.936501740061825 0.4643371952868912 -0.2030000342862472 -0.633573273380509 25 433.0 5171.0 -9.283936344430174 -0.007471122003281759 7947.823069513804 -9.750620476243817
5 273.14200460833945 27.611625885057407 0.5230498809945414 0.00584886135851721 -0.3536514255445148 25 408.0 4349.0 -9.095973519163339 -0.004366244591559009 8111.252234995684 -9.772719767083665
6 404.5364532741456 34.349186195852056 0.35608942676860283 -0.3236910969624521 -0.23226968038744522 25 359.0 4004.0 -9.006235172018203 -0.14191972283041468 4877.258969041375 -9.220439540116761
7 430.1562231875135 59.49411729855144 0.686987205693803 0.3297584194030933 0.5158031362714508 25 871.0 5021.0 -9.251975553435868 -0.9424291384761281 5439.219657840181 -9.338841494372744
8 127.24925763962297 93.6272936490113 0.4170247429816937 0.5590954459181823 0.5609515157862546 25 3041.0 67991.0 -12.081128571875126 -0.35650494170309943 182756.92684715832 -13.154684616393308
9 112.78310909974873 92.48779130594005 0.3591284720385993 0.46388304750049464 -0.19857008337956375 25 2876.0 65998.0 -12.048826937259047 -0.08773355115896547 186697.5051193296 -13.17784628603301
10 757.0579411670212 96.61379039812559 0.5921405014925067 -0.3491681676553065 -0.17475459950814032 25 386.0 3187.0 -8.758455158684331 -0.022823798663692312 3076.164594663146 -8.720023923273363
11 792.4709065742607 105.29362344778319 0.47096956037410803 -0.09671355104606935 -0.6529515652996354 25 2178.0 42790.0 -11.578355716209831 -0.724823689027513 124548.88062108199 -12.73834957170717
12 796.220829727534 106.19674720891943 0.43879067769677654 0.2731762550516963 -0.34574611463822685 25 2014.0 38491.0 -11.463397985637254 -0.7833958794425819 111237.86103020435 -12.61563157328437
13 754.8613280973091 112.96605341848247 0.49302157016922626 0.5131229479191668 0.4133705336527681 25 366.0 2583.0 -8.530311015433293 -0.21719615098007908 4163.073351235548 -9.048535157505315
14 39.33385673735292 138.2462936040716 0.402526289232296 0.07914018226505357 -0.07704516815331758 25 2269.0 44924.0 -11.631196046432743 -0.7927572590401473 114592.45085689629 -12.647890020099737
15 44.0455715980957 139.16841819751667 0.5087140652803179 0.24161651367412457 0.07992154798084933 25 2317.0 42306.0 -11.566004912651715 -0.9785885581818279 107432.11242338548 -12.577835288225874
16 781.7530039702748 163.42564742635264 0.4360073381224671 0.22078717328309627 -0.8748974823758155 25 1730.0 32018.0 -11.263485500712466 -0.6997505237490529 71978.01779069855 -12.142999706013988
17 21.33249302827513 177.6451729646502 0.44659205170736505 0.3406761312917666 0.3935297605388471 25 377.0 2834.0 -8.630999614778604 -0.23213372311000596 2548.328947735746 -8.515638719053896
18 393.14530231135535 181.96575417169967 0.5772075884832832 0.03658562020835263 -0.1760098235947945 25 511.0 4665.0 -9.172129120206296 -0.2979905157432069 5102.119492925797 -9.269376564198048
19 599.2312662074545 189.48740337213314 0.4547396766890425 0.3458944785636914 0.01405837851015396 25 484.0 4507.0 -9.134718895177445 -0.3759526948366001 5383.171709176793 -9.327595582252682
20 768.2437340862224 191.81844399653343 0.3996135420000238 0.06725889122255235 -0.3556471503506349 25 950.0 17515.0 -10.608525354134278 -0.0934584830280881 43610.37798254979 -11.598974627083948
21 158.23648343233342 234.94998024769382 0.38074565010786804 -0.08471365092011228 -0.4505135938310694 25 2627.0 54374.0 -11.838478207160737 -0.7299440414978771 122137.48711109166 -12.717122451156062
22 229.20190253122004 269.3729482464301 0.5558953660075838 -0.1278189527362804 -0.13269725937852953 25 713.0 4899.0 -9.225268598640827 -0.8068160041878271 3868.4612507769275 -8.968845627542635
23 604.3429206583959 275.059094407014 0.37128164571690475 0.011536781229612394 -0.1288491590833438 25 1015.0 17743.0 -10.622567631367968 -0.4053826767720432 34607.325934572444 -11.347920107977762
24 305.45087724276215 278.57457232138404 0.5579690305581495 0.3201561868082706 -0.5266271497184816 25 932.0 15120.0 -10.44887947791297 -0.25864930259347874 29055.561480586788 -11.158073180814059
25 422.06509457916974 293.1152913254953 0.5136235158790893 0.4089484139899302 -0.036897302023325224 25 605.0 5202.0 -9.290425869649635 -0.5571556882543756 5748.746561156066 -9.398932906978656
26 663.381845766509 300.6583075327494 0.47045340439442423 -0.2531886861723579 0.05664983130842155 25 392.0 2409.0 -8.45459199999586 -0.34176767629943083 2404.1909196489296 -8.452422381348518
27 827.3408518137546 329.6482545914095 0.4795628775624062 0.05449531557979055 -0.3685882169504013 25 1331.0 12728.0 -10.261900416596312 -1.3848074744962502 16063.377469958505 -10.514592162186865
28 154.1882309675255 331.0335449309697 0.5947149561529306 0.3891320073305093 0.23939419323863256 25 867.0 6513.0 -9.534452695435206 -0.918051755732911 8224.927917251394 -9.787830251273226
29 711.7961308303959 349.2992759433406 0.4081993837970684 0.3761149889641976 -0.15799778855254046 25 2954.0 65146.0 -12.034719387371764 -0.4446176692488216 164414.17005857782 -13.039848111371548
30 718.9292659815375 350.4610179336884 0.4629211332835122 0.3941527341088964 -0.09904753731533689 25 3073.0 65300.0 -12.037282953187685 -0.6659426694033403 201752.41560145287 -13.262046858189125
31 150.94788008822007 361.229193881055 0.4070573825518709 0.15543669745140917 -0.17187536420857505 25 882.0 14992.0 -10.439648933859258 -0.28177194765154645 31006.21397181186 -11.22862184936207
32 35.244011204863114 378.160588586383 0.5170029334757686 0.7248699044458451 0.23578989342214782 25 487.0 4336.0 -9.092723183825825 -0.32661704387859114 5527.550036790132 -9.356331706531895
33 780.8992588491574 381.26938115409484 0.6018963764554015 0.09144877320921856 0.4259580658408607 25 392.0 2196.0 -8.354080839445135 -0.1414583680848369 779.8859760610658 -7.230077777279523
34 633.5634906192236 382.42663694150974 0.37517759716036814 0.7045982267091565 0.33205981892893005 25 335.0 3357.0 -8.814878353120031 -0.08827928738336133 4943.889883404119 -9.235171972575209
35 418.63572678572217 395.29279740842065 0.3728780193547537 -0.14235620294622583 -0.5716621821151573 25 2693.0 57312.0 -11.895613910422345 -0.6555377014222428 171770.04274379238 -13.087368559309729
36 128.73826950054237 398.999752585234 0.45219779298102086 -0.20700545349857719 0.27218982510416256 25 1012.0 14805.0 -10.426021029313295 -0.6864413517026426 33374.10719342449 -11.308524141275742
37 621.9491050272366 400.77190192373337 0.40865499251069626 -0.07344868536842794 -0.6358661953018292 25 661.0 10854.0 -10.088974543108645 -0.05193268322879334 21359.367066001698 -10.823970948160078
38 778.7945708209296 408.3291156451997 0.3800670773550687 0.06360913462809868 -0.3846940601280983 25 1450.0 27519.0 -11.099081620568148 -0.49847301778454634 61944.73702101182 -11.98001103384926
39 65.40903831951849 432.76109330383656 0.5732405864335435 -0.014639303380767715 -0.28696385834011495 25 444.0 3833.0 -8.95884704813588 -0.1337447628795443 4633.972502016063 -9.164883630897451
40 291.7690449150411 434.32601133969007 0.5563644772573723 -0.25802330224332604 0.2226774323150513 25 1006.0 8311.0 -9.799133205775911 -1.0922931917208196 9670.217187705859 -9.963590570513336
41 351.6431263216019 467.9714441621088 0.5116315965363271 -0.04439142340646418 -0.6646778962156584 25 1203.0 20307.0 -10.769114422042303 -0.3906755327058617 41324.06982117776 -11.540507716644635
42 464.24070071149026 468.0950279693441 0.42522684414147965 0.00030266774978108 -0.24253875446409245 25 3242.0 71478.0 -12.135430980417972 -0.5352380848538508 220341.74545845733 -13.357741963538814
43 472.2819567342253 469.25765082105977 0.3656219697992555 0.38711710334887905 -0.24628324568462626 25 2635.0 56875.0 -11.887303524162922 -0.585805334423974 137700.2669350966 -12.847336955368656
44 739.0907968333215 468.8525713028724 0.4308089128981363 0.7335305456558823 -0.31969686930364183 25 1293.0 22323.0 -10.871881398143039 -0.5749847721311099 44682.49795538318 -11.625343610410317
45 151.15592284417204 481.89877561441705 0.5144819522408596 0.3349100320250112 0.3636282411884153 25 895.0 7699.0 -9.716085799072346 -0.9869541079300268 10068.179903981407 -10.007377417917954
46 663.7095034277161 489.5172280073439 0.39235035623778 0.568184047627411 -0.7087304554468815 25 1063.0 20050.0 -10.755285942390502 -0.1951374956404101 44331.273720601246 -11.616775523933072
47 701.68330419975 502.16000486527724 0.43900654585160515 0.5416701511874874 0.2075455964687305 25 832.0 7216.0 -9.645741311334714 -1.0059983824539944 6364.625977395993 -9.509432217646701
48 827.9595311777169 509.3241505319941 0.7055877444559601 -0.5836577749582166 -0.4102853294069068 25 458.0 3952.0 -8.992042339788975 -0.053476479907419494 4917.114522216543 -9.229275808394462
49 353.76546266330615 512.4673831027989 0.4900218186562238 0.20889567724223448 -0.4732631785412523 25 1088.0 18702.0 -10.679720131651209 -0.35197847940693944 47641.56277383116 -11.694964997734214
50 48.199869533023524 553.3363361671163 0.3841521366303506 0.10530457051287188 -0.6141323748056439 25 1760.0 33845.0 -11.323736296083194 -0.6490914294760295 81093.82991766461 -12.272469529650902
51 582.957054200988 566.1961170586866 0.40072540277634094 0.5419384769616792 0.4095510652368455 25 828.0 13192.0 -10.300776606591155 -0.36051300785753526 21837.973321516918 -10.848030827741667
52 232.48137376532742 569.2539715889342 0.4489414617387754 0.08074829613988171 -0.5472966255560947 25 1364.0 26080.0 -11.040768967649706 -0.3311827862022451 61132.87718326748 -11.965687090219234
53 0.6558741485601037 580.133696528454 0.36322268693703463 -0.04860076667568742 0.7069477409531472 25 581.0 5403.0 -9.33158741884799 -0.747293772677118 7008.236070105932 -9.614021806179737
54 166.8311890905495 593.9802298611686 0.5652837796807169 0.12414233642500294 0.2309540823662428 25 922.0 6541.0 -9.539110372829914 -1.0635446640437278 7055.452247983848 -9.621312142146147
55 285.1228527762268 600.3282954397826 0.5108415232075778 -0.41157582078379384 0.02151614207229829 25 686.0 10796.0 -10.083157189711198 -0.04129389882074716 22701.263253981626 -10.890125062472737
56 567.6874076283614 627.6588431863394 0.5500196594644888 -0.4970769117938853 0.2457452129188189 25 1537.0 14625.0 -10.412739686885546 -1.4505473819120023 17261.302909399306 -10.592683934561322
57 241.97126973259475 652.2901595396931 0.537531367453718 0.47674188879270496 0.12276751272567236 25 922.0 7051.0 -9.620626786692606 -1.0623802796558748 7608.285253945968 -9.703216967595568
58 654.0325634368995 655.8261082606814 0.5743720117672942 0.45777017314091584 0.46405662983513 25 404.0 2791.0 -8.614399591221577 -0.17402528385381222 3849.593683192908 -8.963537232563812
59 660.9735089972257 678.1706595996328 0.5003949686269094 -0.18185313153760005 -0.10482614181148403 25 628.0 9387.0 -9.93131704466464 -0.04675470092462282 19938.9969219048 -10.74925826580178
60 147.88843136408292 707.4356643617951 0.5912796022996991 0.6321904373279554 -0.7231802281436946 25 672.0 9724.0 -9.969612375428245 -0.02931816877985455 22832.537067829326 -10.896385428456242
61 86.46161445640934 715.8213799045174 0.4678616922107597 -0.07497761136701071 -0.18372276847654787 25 2195.0 42477.0 -11.570384591190262 -0.7652908836857311 103522.71440478179 -12.537589127099316
62 4.642393586798345 724.2279723844752 0.37619651256110914 -0.09515495245320323 -0.36924173518723974 25 775.0 13402.0 -10.31792403399974 -0.1028810297762621 25204.56661553753 -11.003698085709104
63 19.78474967240278 736.8487442054534 0.43940121499067797 0.021903921044035102 -0.6013570825176855 25 2559.0 54150.0 -11.833996152403348 -0.5319546887580044 130663.8294475305 -12.790388455458764
64 26.11544280020183 737.8223078090492 0.39192834629899476 0.18480754343220207 -0.6953174809965449 25 2618.0 56489.0 -11.879909716698938 -0.5268678367969825 170981.62452085258 -13.082373597646937
65 192.61378542841888 777.7089204183382 0.421728768706588 0.022792021874086733 0.26489887751211466 25 596.0 5687.0 -9.387208070630418 -0.6377565868846731 7222.974883159061 -9.646790261668109
66 695.4758651312178 811.2761870469621 0.41930330978393143 0.4827571332396111 -0.4001169892150221 25 1881.0 37037.0 -11.421589503865784 -0.5734017718853708 82042.63151332522 -12.285098954734103
67 76.77976035368887 828.6163936078458 0.42643760488415333 -0.12904496600371101 -0.44522217771139666 25 2476.0 50204.0 -11.751845802261006 -0.7483720503566376 142621.00816624414 -12.885458755211005
