test_CNN/outputs/tables/00622_b38932m0s0_sources.ecsv
# %ECSV 1.0
# ---
# datatype:
# - {name: id, datatype: int64}
# - {name: x_centroid, datatype: float64}
# - {name: y_centroid, datatype: float64}
# - {name: sharpness, datatype: float64}
# - {name: roundness1, datatype: float64}
# - {name: roundness2, datatype: float64}
# - {name: n_pixels, datatype: int64}
# - {name: peak, datatype: float64}
# - {name: flux, datatype: float64}
# - {name: mag, datatype: float64}
# - {name: daofind_mag, datatype: float64}
# meta: !!omap
# - {date: '2026-06-11 11:15:25 Eastern Daylight Time'}
# - version: {Python: 3.11.15, astropy: 7.2.0, bottleneck: 1.6.0, gwcs: 1.0.3, matplotlib: 3.10.9, numpy: 2.4.6, photutils: 3.0.0, scipy: 1.17.1,
#     skimage: 0.26.0}
# schema: astropy-2.0
id x_centroid y_centroid sharpness roundness1 roundness2 n_pixels peak flux mag daofind_mag
1 571.7708626130187 67.09953695547966 0.5765926861736606 0.7929268467436662 0.2704775766472377 25 901.0 6619.0 -9.551980952720509 -0.4814512423331262
2 758.0302335755717 98.68924794583697 0.6995649702984111 0.7349307157865508 0.4174842445113273 25 735.0 4885.0 -9.22216142013698 -0.12978453298128662
3 773.0782289530756 106.43764272586805 0.5116532029574045 -0.4042129987323209 -0.09976385299997916 25 1343.0 21196.0 -10.815634777105728 -0.21443056886487705
4 126.03548242900204 120.17017236608356 0.3870402777214049 0.1815574550374703 0.2428933318877944 25 644.0 7474.0 -9.683882733784047 -0.020637799423070747
5 625.4096741256774 138.58312681588043 0.5125120845607221 -0.1471881138082062 0.08369927230271429 25 1451.0 12979.0 -10.283103081081498 -0.9203544629889975
6 595.4834278669512 226.39398017740965 0.5043551327925754 -0.2911399387314078 0.13388551150801162 25 738.0 5954.0 -9.437022075776765 -0.26106851670229014
7 152.55367116694484 234.1435983507567 0.3915080792883329 -0.010404972106232186 -0.4981324678794907 25 2399.0 49972.0 -11.746816828258362 -0.0021736808568033226
8 132.66136555928423 235.72661879475166 0.4314068612753291 0.03690221405693426 -0.33154089139783954 25 2069.0 39100.0 -11.480441893489669 -0.24741030163981134
9 73.66616993770872 266.96152595418056 0.48574990996491346 0.5413510571244683 -0.07649173274982278 25 1601.0 16387.0 -10.536248634277204 -0.9646773569072752
10 672.6393546507458 274.6772432763674 0.7225431953870655 -0.49511932743971715 0.15122536542220585 25 730.0 3343.0 -8.81034094148142 -0.2249034907333533
11 715.4554539178711 349.4284747441178 0.393051152720519 0.1162300110079022 -0.3507221139565764 25 2954.0 63511.0 -12.007122377228841 -0.12953969999047366
12 695.6030232897857 351.00701662908864 0.39872516899961896 -0.2019814325162661 -0.23128964696500973 25 2287.0 45909.0 -11.654744582426279 -0.13313686349803522
13 61.76222627813509 360.5939944757884 0.5724667828625983 0.17528652408999615 0.27135490864420797 25 993.0 12845.0 -10.27183527150591 -0.04778737720882436
14 427.3667632745022 393.49410513207243 0.4710673062894518 -0.200040530416068 -0.39890962354018694 25 2011.0 38150.0 -11.453736355727248 -0.17028663733889812
15 825.7133935877129 417.35171726701503 0.4512614940627074 0.3130128399054633 0.14634357868294443 25 980.0 11044.0 -10.107815994918063 -0.4295514997351525
16 463.79748218139076 436.8278140584527 0.41459778170881195 -0.8453961209115977 -0.10367489068167492 25 798.0 8687.0 -9.847174553782466 -0.3116014987591917
17 49.233710076598605 439.47292562398815 0.37301642639478105 -0.2520248122372588 -0.1247704141323948 25 797.0 7605.0 -9.702748045972543 -0.45039236332318855
18 251.86725968378255 449.0260771367814 0.5743464519709681 -0.48981066183767397 -0.010209790649501527 25 826.0 6043.0 -9.45313148562114 -0.3214118025920593
19 465.34513233912844 468.51514649555713 0.47025310904963324 -0.4059677706349185 -0.7976650321811628 25 3107.0 66826.0 -12.062363665905236 -0.013555840221446163
20 445.52475018085784 469.93617937018263 0.38251396968613516 -0.1319084557577989 -0.41710131893877983 25 2632.0 53425.0 -11.819361327090267 -0.293938072534763
21 718.5735622792848 509.7620916355796 0.495662373552493 0.37756993086968327 0.0037292295096319466 25 598.0 4022.0 -9.011105165651808 -0.13150822042566623
22 387.84446933366127 556.2214130481376 0.5689351521200986 0.22969443246962729 0.12592674993849345 25 964.0 8229.0 -9.788367655810479 -0.38919482217423806
23 549.8167541959564 565.4804940835668 0.4184351085675823 0.20055508886422801 -0.2532810611831 25 568.0 5373.0 -9.325542101421735 -0.039031404700223434
24 337.34313539127 692.2164459317501 0.4788266442634022 -0.38639966665179404 -0.0479230767718728 25 561.0 4793.0 -9.20151857247947 -0.02449956938634722
25 515.0606793233993 698.6842943922735 0.4320925367504922 -0.2507267711483947 -0.0007054929123229734 25 1396.0 14233.0 -10.383241123388263 -0.9266263771020116
26 363.2172940597606 775.1138994819503 0.4988311456846335 0.12463210482826827 0.09409249966616379 25 755.0 6224.0 -9.48517395995408 -0.3235969363854141
27 410.7462335925187 821.0744754845307 0.3604896182052913 -0.4123969349882907 -0.1030933479793419 25 985.0 12834.0 -10.270905087387929 -0.45969033901341094
28 57.670570245730815 830.3654620353134 0.45412847187199396 -0.3533379238307512 -0.442235463017635 25 1512.0 26110.0 -11.042017179557362 -0.1760429300099549
29 222.86647889067757 833.5587368359418 0.7538325958481026 -0.4459820941811455 -0.823784691225732 25 756.0 4563.0 -9.148126171931652 -0.10484497553145544
