test_CNN/outputs/tables/00620_b38889m0s0_sources.ecsv
# %ECSV 1.0
# ---
# datatype:
# - {name: id, datatype: int64}
# - {name: x_centroid, datatype: float64}
# - {name: y_centroid, datatype: float64}
# - {name: sharpness, datatype: float64}
# - {name: roundness1, datatype: float64}
# - {name: roundness2, datatype: float64}
# - {name: n_pixels, datatype: int64}
# - {name: peak, datatype: float64}
# - {name: flux, datatype: float64}
# - {name: mag, datatype: float64}
# - {name: daofind_mag, datatype: float64}
# meta: !!omap
# - {date: '2026-06-11 11:15:24 Eastern Daylight Time'}
# - version: {Python: 3.11.15, astropy: 7.2.0, bottleneck: 1.6.0, gwcs: 1.0.3, matplotlib: 3.10.9, numpy: 2.4.6, photutils: 3.0.0, scipy: 1.17.1,
#     skimage: 0.26.0}
# schema: astropy-2.0
id x_centroid y_centroid sharpness roundness1 roundness2 n_pixels peak flux mag daofind_mag
1 421.6302920262179 17.395778268346504 0.6087148807458191 -0.1756966652884041 -0.22826714510379445 25 570.0 4987.0 -9.244598420545907 -0.2681178402916233
2 721.9591984235784 26.464390336674068 0.43645879621253564 0.4811301305177725 0.21705153022831997 25 905.0 13827.0 -10.351819907110457 -0.3507078441872007
3 0.4747070119095862 83.08885357038771 0.3028884290377115 0.5712716441366104 0.626828252962102 25 319.0 3020.0 -8.700017357392877 -0.05966765453027215
4 124.8026129794889 85.38520073551798 0.47164262369730026 0.03181750151320738 -0.2657011943039931 25 2711.0 60336.0 -11.951441287653864 -0.13417909567845712
5 192.76357350900093 83.97668027965604 0.44775295434038787 0.15140083318675843 0.3615485989252012 25 651.0 9595.0 -9.955112447678726 -0.04182802941258082
6 600.2357521588968 86.95528996701599 0.45844128060412237 -0.6287281507667505 0.3837650472570389 25 379.0 3736.0 -8.931017168895139 -0.0018471893994111265
7 483.55780543435867 93.575929045512 0.4892858819823748 -0.0955015101690348 -0.03035982277293345 25 516.0 4874.0 -9.219713812121764 -0.2756816684798751
8 718.6176556266532 116.32737171402046 0.36980328850097716 0.12133138934780198 0.21956351313218564 25 647.0 8525.0 -9.826735969161339 -0.32506134992740915
9 826.651899405814 159.6371602957696 0.38379805973296816 -0.24754145551288997 -0.012428942867200976 25 553.0 5615.0 -9.373374401493692 -0.46998563616620204
10 134.19837843963447 168.21378589434164 0.37969284710475126 0.4674970314562298 -0.24203990000742562 25 2575.0 58049.0 -11.909486856559322 -0.13003448765704773
11 213.90073318367175 188.2567201010578 0.40495381468797725 -0.06398703775245518 0.6488362979183407 25 549.0 7249.0 -9.650695249380588 -0.09433836668392878
12 728.3540590827463 196.70955567698553 0.4157056560257069 -0.5736243293844933 -0.14000045856818777 25 656.0 8580.0 -9.833718219621764 -0.2945969441799434
13 415.0479854069546 221.7660668622538 0.5526494096315923 0.5331370764048029 -0.056365227933344544 25 776.0 7638.0 -9.707449135093247 -0.5656287777149387
14 386.23766608835075 238.96463689716074 0.6262440107619237 -0.11845511544391443 -0.5557716124440174 25 870.0 7609.0 -9.703318960251378 -0.6816289071136648
15 637.7916789012565 252.20169401853 0.4863156827868155 -0.14402551615544146 0.4967606648557103 25 476.0 4550.0 -9.145028491642782 -0.15409360787083856
16 778.1652704446376 296.5653512536841 0.49407583456234805 -0.5663912219537274 0.1342275307640232 25 554.0 6095.0 -9.462434274886002 -0.22779523168745452
17 310.93909598949085 299.1283366301554 0.40265666613851775 0.23175080457062325 -0.0351968027204802 25 630.0 7005.0 -9.613520349054484 -0.5066847960660532
18 530.2132866977936 334.21679063893606 0.3859565763130209 -0.8670467215587244 -0.3885503580557879 25 766.0 11615.0 -10.162548035340635 -0.28869534366499483
19 90.6118730691646 407.7375386062102 0.41871656401790264 0.46546185065858464 0.1438223824642277 25 679.0 7070.0 -9.62354853449225 -0.6160903324991157
20 659.3883601251545 415.8422909212019 0.5815302622296424 -0.5043800157168123 0.44542830136887585 25 646.0 6608.0 -9.550175085780815 -0.3191904379019268
21 237.62879930302108 508.69472967577 0.395794844927738 0.3891635531366652 -0.18099368640629762 25 824.0 9641.0 -9.960305207152775 -0.7269200232890145
22 342.11345398646057 518.525363384499 0.4647222134233891 -0.038646365838889876 0.2462800719023794 25 1033.0 13790.0 -10.348910665439623 -0.6836156141174032
23 227.1291274764276 544.552695630216 0.4664538004299298 0.4238905060373253 0.04861893966135693 25 494.0 4841.0 -9.212337706602224 -0.24341171758361807
24 157.66965578821245 566.062954854953 0.5850059133376629 -0.3463445187155275 -0.1874610379077387 25 864.0 8616.0 -9.838264225724814 -0.6749753532487363
25 312.7443087830985 577.2129201753642 0.7447467972038989 -0.007104195710177677 -0.22458874727601497 25 539.0 4214.0 -9.061736328180203 -0.1328210380428348
26 171.32142480976017 613.1694228363349 0.6561233943742751 0.2506044466101185 0.04854636162985856 25 653.0 4153.0 -9.045904827774695 -0.545143146044491
27 810.8019155803656 637.8292773761458 0.4200562349437984 0.004453589747108198 0.2882584863477246 25 591.0 8206.0 -9.785328781577235 -0.06387660554061872
28 664.7158603529084 676.474610625181 0.4608179737118289 -0.47749958889458394 0.29788436508940097 25 604.0 7757.0 -9.724234478610462 -0.1717625992025695
29 69.56657057507371 688.2700757908049 0.6586836419957659 -0.03731676097519722 -0.29833675242832897 25 714.0 5964.0 -9.438844086952393 -0.49274789951707665
30 412.8973238540477 717.3884640137979 0.41067325871814114 0.03449252800107369 0.06832940087659749 25 504.0 5782.0 -9.405195218336598 -0.22990840588727204
31 463.5731384702992 724.0550165403757 0.4313610177597634 0.4469201062339934 -0.4008338193441976 25 593.0 8313.0 -9.799394451254736 -0.08281400422747562
32 462.9303107259452 778.4163977890911 0.5124887767043234 -0.45806006598043986 0.45389544211838617 25 678.0 9751.0 -9.97262289109555 -0.0922637028562111
33 45.73054640850974 827.8778197655671 0.6066554135458521 -0.11913478443739998 -0.1151558219994699 25 703.0 8012.0 -9.759352351553845 -0.2987934785819576
34 138.82121974051498 830.0118537506178 0.48139315222317264 0.40330574354117615 0.02460056839084421 25 533.0 5836.0 -9.415288208053536 -0.21427262867032693
