test_CNN/outputs/tables/00636_a08822m0s0_sources.ecsv
# %ECSV 1.0
# ---
# datatype:
# - {name: id, datatype: int64}
# - {name: x_centroid, datatype: float64}
# - {name: y_centroid, datatype: float64}
# - {name: sharpness, datatype: float64}
# - {name: roundness1, datatype: float64}
# - {name: roundness2, datatype: float64}
# - {name: n_pixels, datatype: int64}
# - {name: peak, datatype: float64}
# - {name: flux, datatype: float64}
# - {name: mag, datatype: float64}
# - {name: daofind_mag, datatype: float64}
# - {name: aperture_flux, datatype: float64}
# - {name: inst_mag, datatype: float64}
# meta: !!omap
# - {date: '2026-06-11 12:14:52 Eastern Daylight Time'}
# - version: {Python: 3.11.15, astropy: 7.2.0, bottleneck: 1.6.0, gwcs: 1.0.3, matplotlib: 3.10.9, numpy: 2.4.6, photutils: 3.0.0, scipy: 1.17.1,
#     skimage: 0.26.0}
# schema: astropy-2.0
id x_centroid y_centroid sharpness roundness1 roundness2 n_pixels peak flux mag daofind_mag aperture_flux inst_mag
1 618.6514496635843 0.7073677100275324 0.25834076623427626 -0.1318698691067806 -0.41598068581178776 25 516.0 6178.0 -9.47711975991358 -0.27124925134461153 6643.142304171423 -9.555933889140325
2 784.0119167927696 3.0708439576617432 0.4939450365823668 0.8356484020948851 -0.891775738407843 25 990.0 9458.0 -9.939498274198519 -0.9290414470566678 14526.031338318986 -10.405367441922715
3 500.0790245963089 10.016467733598427 0.8040829065539246 -0.9254102811666277 -0.3215430349746719 25 595.0 1810.0 -8.144196437172962 -0.32482744913180267 2083.124272434839 -8.296787948300485
4 182.1857090095388 14.847400472072101 1.1193826193580372 -0.2589549791448872 -0.010465696380086474 25 1282.0 1548.0 -7.974427390867184 -0.9404415505555845 1934.958610264205 -8.216679199193383
5 19.045657870965123 20.10694449491383 0.4298987621058382 0.78789717568816 -0.31486728212627213 25 216.0 -301.0 nan -0.04778437697807851 nan nan
6 320.11980935087865 39.239823929950546 1.2031897458324758 -0.40889119598411827 0.19031760845982826 25 793.0 1955.0 -8.227866904329714 -0.3084022372926605 1579.080699259543 -7.996010813221416
7 347.00048673974914 41.59266197243531 0.7534747326743301 -0.04850324946745702 -0.3275109395575611 25 570.0 3776.0 -8.942579964065079 -0.19670304125970484 12395.87124980061 -10.233192641935311
8 828.8973078709482 58.76227839250665 0.7776732141705313 0.7080510394958559 0.8105371311940168 25 539.0 1005.0 -7.50541515439127 -0.3183959795565489 761.8280238032265 -7.204642360295298
9 804.0402662364894 64.71518953353726 0.5766201810798989 -0.570606166624193 0.6400577865780254 25 376.0 2249.0 -8.37997363858908 -0.07512455698281433 3178.6240624190154 -8.755597916773834
10 185.13420804185824 77.7903488390347 0.3413497922542387 0.30388419729870203 0.46105592844889254 25 658.0 11514.0 -10.153065562797787 -0.08248255227966834 26008.42353746664 -11.037785072172856
11 277.50310786413314 77.26004949058878 0.25437369640515034 -0.18654234086981755 -0.5836914719662085 25 243.0 2208.0 -8.359997672642903 -0.025255057106420516 2877.1017402086463 -8.647388049260012
12 283.64276127244204 83.03736753958142 0.3541585109072943 -0.30691560599437673 -0.21610178990738613 25 714.0 10565.0 -10.05967375347083 -0.27874028618602925 15081.2154908062 -10.446090863727743
13 499.6648987337995 85.5460182971681 0.6671226256950739 -0.157412960614328 0.49043532806267026 25 1162.0 5194.0 -9.28875486323321 -1.135594851451408 4820.9492789476635 -9.20783140577191
14 120.40832868052493 89.48650061821935 0.4874793767544946 -0.5671980738021659 -0.24711390529315264 25 2564.0 50339.0 -11.754761459755354 -0.5993837029589345 189849.8241018599 -13.196025497742385
15 117.81067461504568 95.35359718809369 0.4083107699175462 0.5829082289618281 0.26461160350744556 25 2624.0 54415.0 -11.839296583770553 -0.4826538300384631 197391.5272478813 -13.238321268143277
16 506.73801850091945 102.57526901076403 0.5924390875482731 0.164592505393114 -0.06433238772483175 25 487.0 2280.0 -8.394837117501135 -0.2658109557276092 1763.0286004437949 -8.115648394069591
17 295.9967620185749 125.03380848983788 1.0441463986434978 0.5064539763770689 0.09243892661108746 25 891.0 1836.0 -8.159681692163058 -0.5468370933570507 2255.664967693078 -8.383186486630073
18 260.4857061049332 131.5115288958791 0.7675912244523885 -0.16250610227512458 0.16652593181305386 25 442.0 2077.0 -8.293591241337747 -0.10024443815254093 2122.638429602443 -8.317190056774155
19 39.997279124538146 138.34003128334825 0.460917371384984 -0.11192697354137618 0.007159165011059515 25 1840.0 36365.0 -11.401708979768632 -0.291591684565472 81538.42201321415 -12.27840575609103
20 211.75507116635077 139.54664329147352 0.6522795574614905 -0.08094359607144504 0.051991694892165555 25 473.0 1933.0 -8.215579635071382 -0.2092307842942358 3269.671533425897 -8.786260315606638
21 145.95338665018878 150.03061076278428 0.6471398516071734 0.18767464633586425 0.7032903936379715 25 333.0 291.0 -6.159732472464769 -0.08295549361865154 447.81768314674906 -6.627753096831448
22 450.11722826228515 163.95961691002853 0.9215562320772307 0.5045517572316278 0.35444665716965074 25 604.0 1390.0 -7.857537000635237 -0.2739116231067853 1434.2812804398743 -7.891585825616265
23 673.459598760092 164.91430298513055 0.7960000346529897 -0.10622416785140501 0.1577298612778574 25 423.0 870.0 -7.3487981315465465 -0.084945579196715 2170.718143065219 -8.341508590351607
24 666.0379635791608 169.541964024676 0.7850024007055162 0.11558223421137032 0.5582629610157093 25 922.0 2969.0 -8.681525493990112 -0.8036404001635629 4677.783717932275 -9.175100344730296
25 627.5433876707486 170.65377178292394 0.42437977931586035 0.06277720955508798 0.9405441989545616 25 791.0 10984.0 -10.101901310571746 -0.3295276257105423 17131.014765552183 -10.58445772352976
26 501.3884142221211 175.61255134627314 0.6260219558691316 -0.283928787875773 0.4358892088328314 25 449.0 3087.0 -8.723841573705238 -0.0522515241253147 3329.520441704113 -8.805954214006267
27 810.6312991063197 180.45312618133775 0.5103630866112057 -0.14442725641012363 0.0970067168947559 25 852.0 4685.0 -9.176773988059493 -0.9200889260770235 5195.226133433906 -9.289011139773953
28 158.28819197787965 191.56823566126468 0.374738466054233 -0.13841979988060504 0.41415151864353134 25 1229.0 18358.0 -10.659563413803037 -0.7496856546571634 25911.781604944645 -11.033743186516656
29 7.8654282833117835 192.9382392293147 0.7974678024873175 -0.8221825458742553 -0.07083379081454949 25 1091.0 3660.0 -8.908702713486026 -0.9881368292416193 3100.1945447551448 -8.7284723693136
30 789.214410693417 219.9750136151911 0.7318529027375684 -0.3799809603729776 -0.034852152038818786 25 771.0 1420.0 -7.8807208609576405 -0.7593087062243711 619.6682783353106 -6.980398161478983
31 537.4798438372977 220.69786862425173 0.4649585775486896 0.43276104116205777 -0.08742451286197213 25 1506.0 11670.0 -10.167677140113424 -1.422731716382928 12503.227067837066 -10.242555295895412
32 17.844739226039962 221.21150325951862 0.8588813618499994 0.5865633896926958 0.7080208646842625 25 829.0 2610.0 -8.541601268345701 -0.6159311040214414 1316.392808876308 -7.798463752967515
33 384.33575748657034 231.6845626950526 0.8515790296190789 0.608059141792852 0.6217902491065591 25 715.0 3114.0 -8.733296520580254 -0.3282868563381839 3612.6736572938516 -8.894571830824516
34 743.5268410339031 235.03696626184546 0.5394949295656132 -0.7188756188304206 0.27701994578887473 25 773.0 4906.0 -9.226818859675918 -0.744066560675971 5737.390916387519 -9.396786103722194
35 167.72924820954677 245.48279797284243 0.7706411177379897 -0.441702282877428 0.2761395647752426 25 630.0 2908.0 -8.6589860054675 -0.30569682390102826 4389.422479923819 -9.10601845875938
36 227.9483068572424 248.20277028926824 0.7792937699578175 0.6485756845342735 0.0853734079632834 25 671.0 -223.0 nan -0.6730501677903045 397.41509291973745 -6.498110891504751
37 369.17899135285035 254.9154390550209 0.5765551573339027 0.2822852313688551 -0.3694326469989215 25 518.0 2145.0 -8.328568241301857 -0.4710398424791156 1156.4926129214061 -7.6578571576656085
38 203.87671548055795 262.5345269824331 0.7426746925537735 0.08982506647368646 -0.052893195129450635 25 425.0 835.0 -7.304216188709005 -0.11183564787309647 nan nan
39 172.83275724733178 278.52703102789735 0.8342502231967031 0.08436211688038732 0.2016363824273918 25 506.0 2235.0 -8.373193818669888 -0.01717866285402003 3005.2064819232505 -8.694685792243856
40 149.7297591050086 285.6018144386394 0.6784064959967973 0.07280890738965413 0.44475248460602573 25 1128.0 5150.0 -9.279518072602977 -1.0528637878585612 6348.445954678107 -9.506668566809589
41 425.1016620595075 298.9934596170511 0.9583798630101249 -0.39518405420815556 -0.26932047695550976 25 639.0 621.0 -6.98272900044145 -0.32608878130737307 1057.3648853196737 -7.560562208890525
42 771.3685511810567 306.4256978218793 0.6141338525999361 -0.43010465680528764 0.16023330225661886 25 534.0 2879.0 -8.648104162195205 -0.29891546045723705 4322.620765567769 -9.089367838634152
43 441.4364342101294 321.72653339814025 0.6193345978155753 -0.5462271832367318 0.38848860654824513 25 627.0 3611.0 -8.894068721067066 -0.4699362614067834 2675.236122978406 -8.568405299893975
44 316.3160028012739 329.79408998466954 0.6787092661276757 0.47132338891528786 -0.31016392073571597 25 1103.0 4033.0 -9.014070555019046 -1.1334295783008268 3930.489542328546 -8.98611661276515
45 299.48882326893545 332.83371659426206 0.7601700199270018 0.3766570214685395 -0.036859288470533 25 591.0 1219.0 -7.715009264045954 -0.40863876572832025 1200.2354428748554 -7.698166118268367
46 262.4029125186339 336.52655253122333 0.389825216096234 -0.5998893994949434 -0.9713552269423091 25 776.0 12463.0 -10.239056487554056 -0.040302915537497035 24599.76253448314 -10.977327287020502
47 712.740830576053 349.288825546759 0.4367409534226654 -0.13242902551109442 0.021847459291859547 25 2176.0 45994.0 -11.656752952201352 -0.20170254065368085 118219.456352161 -12.68172239464181
48 543.9258810266765 348.91795961614986 0.5806637515993321 0.5211127049546995 0.6101739786388527 25 1287.0 7884.0 -9.741866539018515 -1.1980968319079317 8878.235013025702 -9.870816592292575
49 384.06918782978494 358.0451170186955 0.815153770823377 -0.169126111675463 0.5195942420979193 25 854.0 2421.0 -8.459986973604332 -0.7276129748057967 2565.1005518375205 -8.52276098526896
50 687.7069570762548 357.68358917636266 0.3081420948579718 -0.31350055500201435 -0.056367468377623235 25 1256.0 18395.0 -10.661749480417864 -0.9315945342132581 27586.72256455499 -11.10175026817178
51 734.6543502956285 361.08241594835147 0.5457379285631329 -0.6703284226560325 -0.27246976798673733 25 1723.0 10644.0 -10.067762164698378 -1.6016921438962008 11194.095976763161 -10.122472565431588
52 388.22605832986017 388.5151936104973 0.7230198133725381 0.8027139006335661 0.45327176345831915 25 743.0 3675.0 -8.913143358550533 -0.5488938180913783 3510.036102903086 -8.86327895869373
53 415.9925375543862 394.3325752599644 0.3337684356657948 -0.5074867198897897 0.17174544552017332 25 2052.0 43537.0 -11.59714624961676 -0.3012158309369046 122564.60172950037 -12.720912645820285
54 583.5334794748177 393.6857733281936 0.5100890617605958 -0.04565211137594525 0.12726691515079175 25 516.0 1938.0 -8.218384431786866 -0.5360900780069153 2559.13541695412 -8.520233168098105
55 18.224976076380898 399.8510895490863 0.7303715818290856 -0.9173241753876488 -0.11435403158021326 25 437.0 988.0 -7.486892361469071 -0.0991372361138451 nan nan
56 52.416807099965396 405.13693448099167 0.7159980261864032 0.5154729086208394 0.17717192105360413 25 726.0 7659.0 -9.710430173809781 -0.1965625066320078 18712.09638372477 -10.68030611451183
57 369.6846135658416 440.42562340225 0.5896035490162348 -0.22678485047261362 0.15710762463693484 25 814.0 4800.0 -9.203103093438967 -0.7061944120063789 4295.1304766697895 -9.082440903210362
58 384.78623471410816 447.81786069001794 0.9619227431871704 0.03443257289441882 -0.3269870551967483 25 704.0 3018.0 -8.699298088598928 -0.2632464865813191 4867.365365325314 -9.218234868685126
59 151.7968166685625 462.7828269166118 0.8300912430116356 0.1337215644499685 0.17902275828906364 25 464.0 206.0 -5.784668050922884 -0.1507151062148125 nan nan
60 466.66088868942086 466.30209066262876 0.4299467568466956 -0.6990660661622545 0.1500116076616076 25 2234.0 47061.0 -11.68165287817245 -0.19447696065137254 152406.0202049571 -12.957505306126958
61 238.43931847820295 465.28714826485736 0.8636804201338171 0.07875140369873532 0.09909849055453634 25 506.0 1085.0 -7.588574345461371 -0.16161759470179934 2232.582955709104 -8.37201901216839
62 339.587106088453 468.02492795688926 0.4893216913684392 0.702308338014676 -0.27511537176555434 25 1431.0 12890.0 -10.275632293383508 -1.320362927223272 18912.893837071966 -10.691894961895523
63 122.38080225145103 473.1093288630649 0.3712979982507715 0.41860231367432277 0.335135244494455 25 2245.0 19112.0 -10.703265341854554 -1.9534542588857504 19721.301517191914 -10.737338932583269
64 464.50255379268174 472.77263478460065 0.3732441930436117 0.03015577696638028 0.334521182004147 25 2051.0 43354.0 -11.59257293318028 -0.16163556958415864 113833.69848070662 -12.640677115995125
65 313.93818563452794 486.1466023586938 0.8314799602317919 0.41996866420828416 -0.018955108055066883 25 607.0 2134.0 -8.322986037721128 -0.39503366686745583 2023.43481813998 -8.26522304704991
66 162.16862679817712 498.33584911301205 0.9398445368192857 -0.14303003411130338 -0.06452248475287085 25 472.0 278.0 -6.1101119897951905 -0.01609305046263183 nan nan
67 122.49743564121016 500.6168717283566 0.30828531871350934 -0.8300631934806361 -0.752956107003917 25 614.0 9034.0 -9.889700215563439 -0.013636834793951237 16083.244064266473 -10.515934131104403
68 770.8209262316644 501.0020774746321 0.5876730508163791 0.6683005366391701 0.5621599804219765 25 406.0 2521.0 -8.503932114191116 -0.07349540826803187 5554.752707587547 -9.361661823304399
69 527.4114302476776 510.72440949426516 0.38792337261853493 -0.34128203283139846 -0.4033834330409347 25 732.0 10809.0 -10.084463792105577 -0.13972453761506448 17374.34870203979 -10.599771333815564
70 53.66667726911349 519.6369980316535 0.39879756835248065 -0.365600903883819 -0.1774619744058522 25 464.0 4622.0 -9.162074852857726 -0.04306096462857775 5772.276860401502 -9.40336788334965
71 312.0357751768996 547.8698572617784 0.7336819051236322 0.08672079010740348 -0.016367784607429107 25 745.0 4609.0 -9.1590167703113 -0.46383400607673186 9499.714431061764 -9.944276375622607
72 559.9632287183572 550.7180114365697 0.6286103254324137 -0.3972205533176637 0.9307969123528148 25 519.0 3374.0 -8.820362695632767 -0.22077796121121862 3420.8338144044833 -8.835329941206455
73 622.1063737453524 557.7292286373619 0.7750896424609621 -0.43738811680353523 0.40928961421850635 25 581.0 2642.0 -8.554832033196272 -0.22474290581861478 3513.930831066187 -8.864483021254816
74 356.41806419009976 562.2838964475897 0.9482143999501909 -0.36916345083469637 -0.41219886418847085 25 537.0 1211.0 -7.707860357857631 -0.06294052280265575 285.38239353067866 -6.1385679402687785
75 564.8424518690472 562.5128139764959 0.7436433006552217 -0.041599252095956815 0.555563953586486 25 579.0 3249.0 -8.779374278362457 -0.14017496383340208 3929.5806705799387 -8.98586552214112
76 833.4894871096137 567.2679477815101 0.621047642344581 -0.3765191722444782 0.16063967128274823 25 773.0 3245.0 -8.77803675284097 -0.7412876600728129 2986.6337907879015 -8.687954935996236
77 462.31668387321275 580.3345361251609 0.5942449539448752 0.10777112578273909 -0.03587148141699876 25 450.0 1836.0 -8.159681692163058 -0.22361882929553611 1331.1099159368446 -7.810534796676739
78 400.1143102812767 595.7478950241332 0.708159918671949 -0.3017185016468716 0.292046953053987 25 863.0 2540.0 -8.512084291549845 -0.8353814388956968 1807.8904839954544 -8.14293029704498
79 80.1569046715772 613.0859342381583 0.3802377267106975 0.14358825357001442 -0.22240694580407525 25 838.0 11955.0 -10.193873951129484 -0.28320785357407013 16219.198251026311 -10.525073455797429
80 100.61107295702874 622.9231043618838 0.6370808190162324 0.6365271596346637 -0.5643560715762032 25 797.0 4716.0 -9.183934491057629 -0.6399900259794306 4284.473321458678 -9.079743607280218
81 414.00921580460147 652.0837680505298 0.6091592539157471 0.611098342103629 0.5557060543573259 25 718.0 4182.0 -9.053460071204132 -0.6188926739029574 5492.35513147132 -9.349396526551992
82 191.15403747704727 712.9169785850534 0.7452682922045941 -0.5147078843370141 -0.28495056966288485 25 603.0 1782.0 -8.12726924925214 -0.37975899232075705 1929.4065041780561 -8.213559345577227
83 414.8360357741856 720.1259669906427 0.8850385975034056 0.8326625130220269 0.1724018418437031 25 523.0 709.0 -7.126615587957667 -0.15845717324236402 74.65835183620733 -4.682695995440311
84 454.10230166281684 725.0786514353516 0.5420609224330629 0.16976772689702022 -0.12366649271280376 25 370.0 1635.0 -8.033794392490762 -0.07987439454045188 1419.0123781318503 -7.879965459628378
85 25.126534540830153 734.6203191473212 0.38726023090328926 -0.19584578473641803 0.11061020810603839 25 1706.0 33537.0 -11.313810527181005 -0.3076290845749094 107942.4929445632 -12.582981109817826
86 277.37809483076006 737.7930882507426 0.5887685455261038 -0.0707099972731701 0.4785285683804332 25 384.0 1759.0 -8.113164598643653 -0.02288785110931997 1405.6381779812468 -7.869683860869163
87 728.9745812830874 745.4034907505477 0.6759293860250223 -0.44423443802442364 0.06025631761722749 25 465.0 2402.0 -8.451432507667217 -0.012395774741094519 1917.0384366805217 -8.206577051458206
88 619.9232942156191 749.5470743060125 0.5748329263654276 -0.7245413913384107 0.8095916113938575 25 1240.0 8858.0 -9.86833918987185 -1.232517782434953 10569.426640920066 -10.060128571996483
89 734.2163771027814 750.1454339880805 0.767235611722429 -0.3535548090639524 0.3470518732530417 25 844.0 3612.0 -8.89436935410367 -0.663543259600424 5798.864644141129 -9.408357429143923
90 282.0834810321265 762.1391640597543 0.49340879307399826 -0.08561035352139326 0.17216457521052803 25 242.0 42.0 -4.058123225994751 -0.11511540667350612 752.5651694608497 -7.1913602856206555
91 631.0004626594479 769.2857657902634 0.41640368830371804 0.2586499690552755 0.4142859520221376 25 261.0 1016.0 -7.517234269869752 -0.021116351725771785 nan nan
92 23.28328783979108 778.4156523340517 0.565987255269473 0.40075676254741815 0.10532123550930754 25 245.0 202.0 -5.76337842361656 -0.0012606551237403566 991.4532901203053 -7.490680645771224
93 816.4898781177703 786.8312255005105 0.5687823411046975 -0.06652769194397613 -0.04786825509049975 25 1164.0 5930.0 -9.432636733410657 -1.180006306495023 4471.073945459681 -9.12602963141328
94 729.9759120124504 788.7166589117141 0.22820715474238906 -0.9612950845388857 -0.8364669821144648 25 267.0 2311.0 -8.409499863697773 -0.24882739167680798 2597.9371934756737 -8.536571618905022
95 695.0479984959278 801.0449458944875 1.1395961367661176 -0.02143061883825214 0.4368763507179586 25 667.0 593.0 -6.932636733410656 -0.25693766118134076 3104.6155954901274 -8.730019586891531
96 129.12103295879353 822.4887537766504 0.4365653038579483 0.8172071509127398 0.8388166602721795 25 184.0 -350.0 nan -0.004407507845260842 nan nan
97 79.2628823676433 824.3697530261617 0.3789397203713829 -0.5873180459479337 0.545809991321006 25 1244.0 23316.0 -10.91913511661852 -0.3748534210711649 62554.961472012066 -11.990654402358345
98 559.5764639607595 824.5516149774966 0.9767762166150272 -0.9863501674974462 0.014426532221175273 25 756.0 4221.0 -9.06353838038602 -0.31127656642242907 4512.05700071013 -9.13593644360483
99 76.85389904682837 831.4475608194972 0.4858811172623442 -0.3500892543526254 -0.3788147944374268 25 1407.0 23394.0 -10.922761213929073 -0.47440894074539003 80034.72663314707 -12.258196164753878
