test_CNN/outputs/tables/00637_b39174m0s0_sources.ecsv
# %ECSV 1.0
# ---
# datatype:
# - {name: id, datatype: int64}
# - {name: x_centroid, datatype: float64}
# - {name: y_centroid, datatype: float64}
# - {name: sharpness, datatype: float64}
# - {name: roundness1, datatype: float64}
# - {name: roundness2, datatype: float64}
# - {name: n_pixels, datatype: int64}
# - {name: peak, datatype: float64}
# - {name: flux, datatype: float64}
# - {name: mag, datatype: float64}
# - {name: daofind_mag, datatype: float64}
# meta: !!omap
# - {date: '2026-06-09 15:18:59 Eastern Daylight Time'}
# - version: {Python: 3.11.15, astropy: 7.2.0, bottleneck: 1.6.0, gwcs: 1.0.3, matplotlib: 3.10.9, numpy: 2.4.6, photutils: 3.0.0, scipy: 1.17.1,
#     skimage: 0.26.0}
# schema: astropy-2.0
id x_centroid y_centroid sharpness roundness1 roundness2 n_pixels peak flux mag daofind_mag
1 607.9279145192334 8.287011519844746 0.39225386279552865 0.4604308791759235 -0.48716737732796783 25 1668.0 32525.0 -11.28054326308406 -0.13126219153254795
2 260.88324264929264 39.31360818383556 0.5742752591719653 -0.3908808353003902 0.03572868091442742 25 587.0 4078.0 -9.026118053605304 -0.20013192153682702
3 534.9670912822697 43.22397729589627 0.3845606561642762 -0.13175558011409488 -0.64857780555601 25 1067.0 15876.0 -10.501852725587815 -0.42558628826919687
4 624.6290715967194 50.020049633242195 0.3464973911371915 -0.34608064537025335 -0.12570477943118727 25 674.0 7665.0 -9.711280397975985 -0.3382021757273652
5 248.24558752809725 75.12349042281613 0.367479994367072 -0.328993022338222 0.21592675552968718 25 723.0 8144.0 -9.77709441248171 -0.36902037002807025
6 212.1856204523237 88.29692225017827 0.6193215950850227 0.2445385481495559 0.15451153446873256 25 851.0 5986.0 -9.442841781260432 -0.4837099144339231
7 532.8749780125405 96.88105710505609 0.4501050477676658 0.7404641474529425 -0.06807248641326057 25 544.0 4890.0 -9.22327214780905 -0.1137278087495063
8 793.4324718778644 104.55164462674705 0.4710110452591444 -0.01491913720767568 -0.8233630787125578 25 2327.0 48282.0 -11.709463129276497 -0.1231736261357453
9 486.3491187295238 114.53115016257169 0.4552416922069372 0.8560379734801105 0.29771100361555947 25 1862.0 22111.0 -10.861520961451419 -1.2034117318546191
10 505.23833751893375 133.11009593900857 0.6404760717112752 0.34351888301948247 0.25856756344867393 25 1188.0 7267.0 -9.65338790048315 -0.8787505289279389
11 705.7827541936059 172.41348692252942 0.5714187827825131 0.3723107145306489 0.025980002633484787 25 582.0 4590.0 -9.154531713843152 -0.0997781203760279
12 651.9253294610385 190.1805800368117 0.5642503975536195 0.5541051544461153 -0.1001592657333909 25 683.0 4800.0 -9.203103093438967 -0.3535685539751907
13 151.49716890008264 233.303593343511 0.38237323999400225 -0.25280825511653937 -0.5714241929334974 25 2548.0 54283.0 -11.83665960333893 -0.17510375284896254
14 386.3919683501591 249.48865051995713 0.5653199274579506 0.529998632239305 0.24939637521257557 25 759.0 7652.0 -9.709437403388145 -0.1731227305947934
15 781.5268081879453 288.5010026752198 0.6155607447441699 0.39839144312663205 0.20163624831457522 25 741.0 5078.0 -9.26423174134426 -0.3699055279634542
16 6.757996339753263 325.78038414275244 0.48804862155971546 0.7538765863644841 0.14799431337416083 25 585.0 5020.0 -9.251759292862548 -0.15867835533878477
17 122.9798127096951 328.9248534764485 0.6219167332136308 0.5765772427066007 0.09280045607519144 25 593.0 4785.0 -9.199704855282157 -0.07905079588614725
18 617.9983847990294 341.7563539212459 0.5239285310552159 -0.24816495513925674 0.24639929695240007 25 479.0 2367.0 -8.435495644822707 -0.19562477534011558
19 718.4403711428427 349.92611766511453 0.3932769181593794 0.17331854357760096 -0.28713753833866434 25 3173.0 70245.0 -12.116538542094403 -0.13807146475350707
20 155.21129991295768 361.86236753152974 0.5295114930004771 -0.47442232320048383 -0.24134602338446368 25 1099.0 17702.0 -10.620055841030885 -0.0905884246165119
21 31.341552312626355 389.21496075759046 0.5920560731375238 0.5383113103315444 0.14153962785368832 25 608.0 3763.0 -8.93883554579966 -0.20866285903900622
22 415.3487962667589 393.6511792203256 0.38100830831065435 -0.16924640753179843 -0.45511340075432977 25 2500.0 53854.0 -11.82804491501869 -0.11089652274921155
23 556.9417581316766 395.984269629404 0.4610403152994042 0.47488614681394287 -0.1539251046800412 25 503.0 4245.0 -9.069694236449928 -0.05458752314611778
24 443.862074655797 401.62751009738537 0.5217339265027908 0.5721927776286374 -0.0015756921796116717 25 738.0 7969.0 -9.75350956706313 -0.18060892352799335
25 677.1447320239034 410.49872106110683 0.39981411588485766 0.2647954329426586 0.2820957295274627 25 621.0 5461.0 -9.343180441338859 -0.3534293474325174
26 37.680676925878856 454.9327188331575 0.5640048998975814 -0.5437917571192825 -0.23509009889159133 25 1105.0 10267.0 -10.028608905055187 -0.7132336732446076
27 468.95143741250905 468.9526073806027 0.4491399878597412 0.09729118269596991 0.01964156353025597 25 2902.0 63012.0 -11.998558160836705 -0.0705353517567627
28 233.23711768208153 568.2637852586043 0.4326092961979423 0.5526818180056808 -0.45778069677306066 25 1443.0 27966.0 -11.116575883290574 -0.030348093891782536
29 36.09150943692406 646.2996099399903 0.4375357622652025 0.6553365494282645 0.10822372450227667 25 1183.0 11029.0 -10.106340341805357 -0.9451823033476846
30 90.81668466839119 716.5381840987939 0.4333420188834235 0.3125805554723911 -0.08020455684385878 25 1895.0 37778.0 -11.443097405672098 -0.07008591617132783
31 27.098668957760346 737.1926556508805 0.39126603193613635 0.01846199127408143 0.1618031447516667 25 2434.0 51540.0 -11.780361035537215 -0.2044588491609174
32 76.7740864135482 738.9870420845347 0.5254720782305057 -0.42256942253712393 0.09121009907408187 25 523.0 3897.0 -8.976826014481725 -0.06778901165035853
33 831.5389097487321 754.5095842477042 0.6114953547003592 0.45840449773069036 0.06728960273199107 25 474.0 2357.0 -8.43089895631081 -0.023167461124193704
34 696.1170792140385 759.6517229700523 0.5160437120839738 0.09461437262742864 0.24300322244530062 25 525.0 3759.0 -8.937680814284532 -0.11587726711560645
35 698.9345299839632 811.635564020014 0.4699906458275145 0.08266552954467525 -0.4517470437289552 25 1618.0 30171.0 -11.198974262119988 -0.194746993045463
36 79.94496035216696 828.852003576662 0.406742333623521 0.09863399403064635 -0.34989046343274666 25 2400.0 50946.0 -11.767775228161184 -0.08877971867651095
