test_CNN/outputs/tables/00638_a08862m0s0_sources.ecsv
# %ECSV 1.0
# ---
# datatype:
# - {name: id, datatype: int64}
# - {name: x_centroid, datatype: float64}
# - {name: y_centroid, datatype: float64}
# - {name: sharpness, datatype: float64}
# - {name: roundness1, datatype: float64}
# - {name: roundness2, datatype: float64}
# - {name: n_pixels, datatype: int64}
# - {name: peak, datatype: float64}
# - {name: flux, datatype: float64}
# - {name: mag, datatype: float64}
# - {name: daofind_mag, datatype: float64}
# - {name: aperture_flux, datatype: float64}
# - {name: inst_mag, datatype: float64}
# meta: !!omap
# - {date: '2026-06-11 12:14:52 Eastern Daylight Time'}
# - version: {Python: 3.11.15, astropy: 7.2.0, bottleneck: 1.6.0, gwcs: 1.0.3, matplotlib: 3.10.9, numpy: 2.4.6, photutils: 3.0.0, scipy: 1.17.1,
#     skimage: 0.26.0}
# schema: astropy-2.0
id x_centroid y_centroid sharpness roundness1 roundness2 n_pixels peak flux mag daofind_mag aperture_flux inst_mag
1 403.0276396045779 1.2609415075347798 1.073775579056738 -0.3045040331970029 0.10160212301821518 25 780.0 1655.0 -8.046994995279345 -0.4344152186104876 2904.3338668181273 -8.657616347720337
2 508.71531062551696 1.9128295944069231 0.9337855504645919 0.08018105245554306 0.1652681122233947 25 486.0 1564.0 -7.985591871809573 -0.054710429706879435 1921.7279671424396 -8.209229776319813
3 544.928471397617 7.12594580784548 0.9309651183294194 0.36172577380082876 0.6305432180078511 25 523.0 518.0 -6.785824399363083 -0.18639090857635637 1257.847936074871 -7.749070353736343
4 206.0758240336117 11.996990942424608 0.8162504559534995 -0.2697087422415928 0.1216558398709003 25 583.0 2176.0 -8.344147227565356 -0.4036620592822396 4769.764591504443 -9.196242363148775
5 567.9596858902236 11.953734509602784 0.9599582982954161 -0.015567897942596807 0.08562131964786507 25 1642.0 2404.0 -8.452336158326755 -1.4126177440426964 2298.395602505382 -8.40356195513477
6 213.72043231044245 18.721407289598602 0.9091866399503002 0.45170647424293175 0.09403449805361197 25 697.0 1963.0 -8.232300749000016 -0.4436457646591272 1606.6892221026853 -8.01482970096494
7 82.7997565306463 25.81264474576242 0.9787801288606673 -0.34713769476183187 -0.26784928084282256 25 588.0 1506.0 -7.944562429661705 -0.17566698209761938 342.9582290018431 -6.338103069649891
8 131.31439344155933 34.39345256474674 0.8129031296511349 0.09917302192065396 -0.21499844339314464 25 661.0 2563.0 -8.52187151546061 -0.4534726376893091 3541.5210712248013 -8.872974575232558
9 425.5314243187391 34.899476113383386 0.8080771516688054 0.16855566726928956 -0.17112379683366988 25 571.0 486.0 -6.716590673155734 -0.46462034658395834 2216.2642194151263 -8.364053837561595
10 157.46185517963738 42.27339878050945 0.7787018266631786 -0.19954939915601552 0.4166765928115502 25 531.0 968.0 -7.464688393270984 -0.4846115693112862 1043.9521833350198 -7.5467015172850385
11 177.29215398542567 46.57811575950295 0.8052985521865658 -0.2431060155420525 0.5792976401459288 25 510.0 878.0 -7.358736289765257 -0.3236186287397381 1581.5167055388063 -7.997684459306248
12 26.99506702741454 51.4085357442165 0.7342258787182636 -0.553793515781944 -0.07651757826384623 25 467.0 1133.0 -7.635574774658494 -0.21586867617706854 2061.7156725263844 -8.285571930779229
13 477.44756085400934 64.37389134928257 0.7275215894803779 0.9841032602284744 -0.07457402350416775 25 678.0 3405.0 -8.83029279062201 -0.60060922480315 4750.492343407823 -9.191846556138232
14 287.07115139625995 67.88853427796595 0.7502880602206725 -0.43961071844396243 -0.3866295997219565 25 417.0 2053.0 -8.28097237342648 -0.0273129656653245 3780.2670238651785 -8.943806194629671
15 782.6515250724265 73.19714447104934 0.797588658841919 0.47860729455404305 -0.03456688231820334 25 457.0 1159.0 -7.66020858990899 -0.09981498672878016 2437.356563664704 -8.467297668165564
16 51.88619499078558 74.05405228875524 0.9917953569672326 -0.07995118154647432 0.07970782166002174 25 949.0 2414.0 -8.456843164403326 -0.7083690864915065 2815.492785572937 -8.623886047102463
17 381.3827576178365 78.29161869688616 0.9839453407557511 0.2587597848814796 -0.5352760154087172 25 382.0 -423.0 nan -0.03109370871499975 nan nan
18 754.0341804318871 81.59015596584439 0.7485639539707055 0.4292084677294931 -0.08726087679888464 25 631.0 1980.0 -8.241662975653828 -0.5349224236281851 2996.234845745459 -8.69143962621857
19 117.81764778434119 85.53190918637178 0.3899177132950436 -0.29710592568738303 -0.4204948905580897 25 2570.0 51643.0 -11.782528657456231 -0.6999179431845783 161744.28509451344 -13.02207236174807
20 556.2911706561708 91.85699379388527 0.9274677267451427 -0.6677402299804607 -0.18235855178659202 25 547.0 1327.0 -7.807177307161089 -0.17159785413012518 2157.2410184668574 -8.33474667377011
21 113.75219302244999 93.53775383028034 0.4730827017677554 -0.17220323794497366 -0.07159656582162029 25 2298.0 48397.0 -11.71204610432663 -0.2614986612200244 129265.08837529235 -12.778703118596384
22 121.47431366627184 100.73848418228644 0.4367241057917874 -0.5775705984912446 -0.09396421264460658 25 2233.0 45513.0 -11.645338657679673 -0.4480805856501035 163167.77619206352 -13.031585986477015
23 214.27704696397728 107.5834302595593 0.5245842948788266 -0.4584051950466257 0.33251319057190837 25 378.0 2315.0 -8.41137748838493 -0.06722748553769135 3042.380927212031 -8.708033974513505
24 514.6075615902614 110.30698122727428 0.8064461107381026 -0.9227050376389623 0.04544040478877438 25 330.0 93.0 -4.921207371384837 -0.004501213136850276 790.1041998173545 -7.24421092576258
25 249.41963957584073 117.05930914013598 0.61750962799437 0.26756377905725354 0.4759588746961115 25 388.0 951.0 -7.4454512923435345 -0.24627636981861964 1674.517590497816 -8.059724285207793
26 306.2860336361734 117.8861134806087 0.3859327360224421 0.6970577191903957 -0.3452959830237185 25 269.0 1624.0 -8.02646506226289 -0.08727453301239746 1089.560678037408 -7.593128553190485
27 335.6990828692501 121.62118017320289 0.7397447982480945 0.6638647300200601 0.44927553366028095 25 540.0 1995.0 -8.249857250056918 -0.3536125587296708 1798.0744542507368 -8.137019177337267
28 745.3681778289442 125.23986636370753 0.4068358686802277 0.01050681298792097 -0.54981766163427 25 333.0 2535.0 -8.509944909173386 -0.02554457271035014 3962.511006773035 -8.994926203947266
29 281.04767768775065 128.75915462584672 0.8964406120372916 -0.34534389295712353 -0.01020423776405045 25 553.0 1511.0 -7.9481611608475635 -0.30383741880691373 2391.300166571952 -8.44658523525366
30 296.9584036595518 130.66253588825333 0.4281774145320743 0.41687251807544096 0.3341029636704075 25 215.0 936.0 -7.428189621845263 -0.041625091119512334 363.0991002450189 -6.400062931844972
31 269.61320091487636 130.77803056369413 0.5821958674978297 0.10745345233291315 -0.01959540699471531 25 246.0 186.0 -5.6737823605447915 -0.04302079114409708 439.10165099727516 -6.606412675075125
32 401.90935000318143 135.26725652533491 0.8391595088303418 0.15728855026130628 -0.005596330302138501 25 739.0 3165.0 -8.750934285883435 -0.529910730733411 4712.446626763262 -9.183116111040743
33 383.0417248225432 135.30451041182022 0.7583820136762386 0.09673825275905502 0.008137467585840693 25 739.0 3711.0 -8.923727385871958 -0.5867757582077964 12711.68937405445 -10.260508179507447
34 295.7248592324011 142.60967630210823 0.7987917183980251 0.3675908078919783 0.39147038271814966 25 740.0 2452.0 -8.473801164615944 -0.6350053506304204 2513.933079664697 -8.500884281705027
35 563.3207392901503 144.61578505607378 0.6411672047866743 -0.9602011500288871 0.350784929831202 25 1075.0 6835.0 -9.586846297259603 -1.0925984984974282 9098.9606355458 -9.89747946541068
36 53.56603701694995 149.6020842355707 0.7263542787097365 -0.9356784296304671 -0.8339284275636393 25 623.0 2813.0 -8.622924330413003 -0.3608541917000871 2088.036137397658 -8.299345026697907
37 175.05910136690008 154.06823453272477 0.7637530705936418 -0.10751750517854171 -0.1711286499943914 25 438.0 743.0 -7.177472034401439 -0.21696658456198362 1073.5741965599514 -7.577080161621024
38 569.0275337121029 163.3233618670428 0.7024817169921593 -0.2524848705610339 0.351743354494587 25 909.0 3324.0 -8.804152537780183 -0.9442161832692517 4234.657936388303 -9.067045837529367
39 440.3693286380945 165.44444166978926 0.5777068339720082 -0.1835898806939297 -0.23118567997410977 25 251.0 -101.0 nan -0.014604905460019336 267.044403966051 -6.066458703917461
40 25.950468759306236 168.93588701599342 0.475438336338368 -0.630715028012877 0.1861776778480156 25 1574.0 13446.0 -10.32148276729676 -1.5170672889725574 15482.382784124613 -10.474594501713616
41 783.0487655552266 167.62553429717943 0.8255548785817537 0.050521394960671075 0.28290327381205516 25 2344.0 15409.0 -10.469436137909963 -1.6692209991347249 36111.034513833554 -11.39409982583124
42 145.2565338879637 176.9558242846039 0.6350762695436866 -0.21252576943991772 -0.2868263966137808 25 582.0 1508.0 -7.946003353834388 -0.5793466949053869 249.21095598476882 -5.991417827904602
43 760.7532430764049 176.44663974151314 0.5038094381542351 -0.38540295996041646 0.28523154633224057 25 404.0 2393.0 -8.447356746533593 -0.2438715040622405 3977.7100009053315 -8.999082793126437
44 376.7043513631776 178.06259881788188 1.0254342872316538 -0.6921552532410239 -0.07023287586411156 25 721.0 3042.0 -8.707898024292449 -0.3259361643589521 3473.9760368412044 -8.852067045997671
45 199.159582152131 178.6981035621099 0.9315971471006129 -0.42831623843765076 0.3977715257995764 25 789.0 2209.0 -8.360489289678588 -0.5343503922073354 4092.3680141010186 -9.029936703916757
46 715.6377328559975 185.34604084562352 0.41855442429899437 0.09755168829520942 0.1200459943264913 25 322.0 2036.0 -8.271944434161803 -0.08428921157278449 3084.0627322569844 -8.722808008398626
47 145.01449996507165 189.49781598378686 0.9299018356270249 -0.3852329412198635 0.6649047294229193 25 813.0 2010.0 -8.257990143551222 -0.6810023892179983 2012.0465844478827 -8.25909507904925
48 611.2114464619741 191.54182038289744 0.6428572943211281 -0.1757795118693484 0.2778657767101593 25 2696.0 11146.0 -10.117797596800454 -2.125948115151479 10198.985046398255 -10.021392387571344
49 265.61204717805015 195.12272460992395 0.7748285747327524 0.12065502220806874 0.16411122198733472 25 727.0 5388.0 -9.328568967627369 -0.4212450424854792 12083.467566339768 -10.205478951778066
50 826.9036707317964 196.7723625440106 0.5969762530608774 -0.527751664453369 -0.1585994186216834 25 392.0 3140.0 -8.742324120183037 -0.061938306735151286 7136.493922439791 -9.633712250689921
51 722.2160350539436 198.9984805140352 0.5982941623713508 -0.3094825014568661 -0.024146648766926123 25 366.0 1412.0 -7.874586741789463 -0.14903962515608218 820.7888563861793 -7.285578628791783
52 403.0096259191684 200.1492373617555 1.2319705599234416 0.3573821831434634 0.17164053597864465 25 695.0 1278.0 -7.7663271345559535 -0.18969325604717097 1351.44416874797 -7.826995271765512
53 424.47508840906215 200.39782280499728 0.7244273552179463 0.3972561570220854 -0.5250274691469139 25 753.0 4145.0 -9.04381133721573 -0.5452249940618675 4136.522796772187 -9.041588555270888
54 198.90844487823708 203.33162242142512 0.9227894491656339 0.23594268796557022 0.14144957598161623 25 510.0 466.0 -6.670964791725 -0.22878210020862932 1171.045271908419 -7.6714342124032795
55 710.1028353431445 211.05303731712036 0.9610997227472539 0.1092398507621581 0.13151119219275462 25 719.0 1699.0 -8.075483447172614 -0.46040040248251807 2018.7187831348294 -8.262689559816913
56 686.1191788209742 212.01545269737917 0.7691555773098903 -0.2701330307703899 -0.0016708064624623297 25 535.0 3100.0 -8.728404234585682 -0.1577589020002551 3721.4917210522035 -8.926792642959425
57 15.133305611585357 216.76456264662013 0.7944021162455882 0.050179625688260066 0.019563112287209816 25 834.0 3308.0 -8.798913752201273 -0.6703150211736857 4471.544330381099 -9.126143851639185
58 468.87506812782703 217.34063403171544 0.8510953874090637 -0.26069986276809964 0.29861171394269215 25 432.0 940.0 -7.432819633999247 -0.08106132958178727 1055.9629555286913 -7.559121707209284
59 538.1449793318301 228.25818912886422 1.136946880549468 -0.33903018816944835 0.5831673301676572 25 697.0 869.0 -7.347549441121666 -0.29779097323273945 1518.203696602726 -7.953325111335538
60 488.000655237133 231.39592275637582 0.6730752491004212 0.4305972815427014 0.9351221459829594 25 608.0 2881.0 -8.648858145701032 -0.3968159585334757 1677.9361657615805 -8.061938587023077
61 149.75809437400022 234.94511242611543 0.6823152272856634 -0.40882422253272344 -0.13092619597622743 25 1876.0 28222.0 -11.1264694688139 -0.9046908656532833 88170.29673929948 -12.363305756058702
62 177.99693927780922 235.89290499741483 0.8085505178934826 0.3237669574042294 -0.2737336268371875 25 644.0 2035.0 -8.271411033903096 -0.41167859212701324 2772.921048681263 -8.60734376102526
63 38.905791190257155 242.99736718785087 0.9926685138516662 0.1969208949989468 -0.20664765164589163 25 531.0 1409.0 -7.8722774827733915 -0.07434755385923932 3446.3447002169237 -8.843396782544515
64 209.6713710370564 244.13923762025482 1.2473449736997144 0.6232865095139144 -0.07457747572739808 25 659.0 1052.0 -7.5550393495443 -0.14373826971187598 899.4223165484657 -7.38490914779966
65 222.0051974963514 248.37692898138025 0.6413643005573476 -0.01706392132402415 0.18965247306470998 25 449.0 1396.0 -7.8622135457178555 -0.3048118959458016 1540.553472735818 -7.969191943278063
66 332.4128601277251 250.38389042617135 0.47633042265311726 0.22649348060325855 -0.2570350456542177 25 376.0 1482.0 -7.927120509108273 -0.3566457580420232 1494.7069276542397 -7.9363901184741446
67 178.55706976102815 252.22348570567547 0.6710021663542977 -0.6343508188844437 0.321788141942696 25 440.0 2446.0 -8.471141131750667 -0.1629965242786781 2185.856856911795 -8.349054295808232
68 267.228884328339 262.82650360247993 0.6097063167938741 0.05256883516656317 -0.16512482011462756 25 532.0 2290.0 -8.39958870584972 -0.5041732737765303 2165.02614040949 -8.3386578609233
69 619.7120895840771 268.2428692299879 0.6649411838248697 0.01099771188299294 -0.40268903039493775 25 417.0 2192.0 -8.352101374530829 -0.06204529360760977 6282.103897824455 -9.495262786968818
70 96.10693501365229 275.85160655357174 1.0298252603224314 0.17681769329062158 -0.12888002115691732 25 640.0 868.0 -7.34629931294123 -0.3588917393578512 2662.6806672361126 -8.563297712592789
71 12.692063797181017 278.95109203566113 0.7218039528128082 -0.26223330457793637 -0.35025542604107157 25 852.0 3068.0 -8.717138388192359 -0.8829451432128661 3859.677441001009 -8.966377528877077
72 497.8632439767842 278.84576960925546 1.122705231707948 0.563644376629461 0.15368154024412128 25 732.0 1971.0 -8.236716560698609 -0.3064864186044764 2201.5553363501363 -8.356824014937969
73 597.3896923777295 278.8252706957691 0.8290414180476399 -0.13669191695404984 0.2215828368548994 25 364.0 827.0 -7.293763773881366 -0.00745983040672341 1263.9207446529329 -7.754299604883629
74 270.78132918063284 281.3745517289968 0.5471904847127186 -0.7113118164264292 0.25826897559232553 25 441.0 1763.0 -8.115630780748305 -0.3657260913995841 2150.55681188507 -8.331377299813386
75 37.43612330307646 287.968550434412 0.987930783452115 -0.05748396171473973 -0.39944167874554065 25 600.0 1967.0 -8.234510899798341 -0.18410226061485213 4066.908183889271 -9.023160919282704
76 371.29818132662876 289.6517279914251 0.6985632264504703 -0.3005489339744779 0.3721422333901606 25 337.0 620.0 -6.980979223745635 -0.04914946392237168 1920.7807080332059 -8.20869446274321
77 108.02367468376703 292.4318535607698 0.6906239552618129 0.470106063017441 0.39987861684303044 25 432.0 665.0 -7.057054113257761 -0.28372366723901843 1537.4608239004165 -7.967010145784268
78 196.6708988377488 299.4955783584419 0.8247368815063817 -0.7211966254025419 0.44411200988732696 25 752.0 2053.0 -8.28097237342648 -0.675420376283198 2208.7264536401 -8.360354831744118
79 732.7135790403963 302.73832151807886 0.5074034559078057 -0.2666231092812883 0.5325261273378503 25 2322.0 20983.0 -10.80466895157697 -1.9775263602627025 28836.056521825787 -11.149839670292652
80 458.77525860298033 304.02933470023055 1.0163313318172817 -0.6503573978899103 -0.2258672261247964 25 548.0 890.0 -7.373475016612282 -0.154566770965312 2134.768962369301 -8.323377199810638
81 316.3271112489889 305.15996931704905 0.7535260232135608 -0.3404879235128903 -0.14929411419415772 25 1021.0 3267.0 -8.785372836188593 -1.022744730337414 3560.4915611353613 -8.878774901920428
82 26.847053131353515 308.01964737659455 0.8412605523412033 0.17812745206053385 0.18766644651741715 25 377.0 223.0 -5.870762157620401 -0.022118923829907718 1811.7437969546122 -8.145241957640348
83 261.3071665990198 315.19953141593203 0.6882385565194675 0.15756317480810814 -0.06348478020473745 25 947.0 4042.0 -9.016490772948213 -0.9694143250791248 4245.657719755864 -9.069862447247377
