test_CNN/outputs/tables/00638_a08862m0s0_sources.ecsv
# %ECSV 1.0
# ---
# datatype:
# - {name: id, datatype: int64}
# - {name: x_centroid, datatype: float64}
# - {name: y_centroid, datatype: float64}
# - {name: sharpness, datatype: float64}
# - {name: roundness1, datatype: float64}
# - {name: roundness2, datatype: float64}
# - {name: n_pixels, datatype: int64}
# - {name: peak, datatype: float64}
# - {name: flux, datatype: float64}
# - {name: mag, datatype: float64}
# - {name: daofind_mag, datatype: float64}
# meta: !!omap
# - {date: '2026-06-09 15:18:59 Eastern Daylight Time'}
# - version: {Python: 3.11.15, astropy: 7.2.0, bottleneck: 1.6.0, gwcs: 1.0.3, matplotlib: 3.10.9, numpy: 2.4.6, photutils: 3.0.0, scipy: 1.17.1,
#     skimage: 0.26.0}
# schema: astropy-2.0
id x_centroid y_centroid sharpness roundness1 roundness2 n_pixels peak flux mag daofind_mag
[from data line 104]
105 343.15418383063826 468.8352405774822 0.6131346581524845 0.917204319372991 0.4462796732757933 25 996.0 7374.0 -9.669257833175244 -0.9038634203333307
106 315.95419248032016 470.4986613584979 0.5028387226442796 -0.027565921813637644 -0.20137896087645307 25 443.0 2378.0 -8.440529625706683 -0.29094321891337765
107 758.4282404731724 475.7996446048512 0.5592011257256572 -0.6098204818401812 0.1497915660338976 25 508.0 3588.0 -8.887131085930136 -0.24596171852334772
108 265.44488144306104 476.5112068423276 0.5552490212810622 0.8428049184315302 0.11839987765217057 25 432.0 2947.0 -8.673450339624813 -0.10467205592116767
109 468.9523598384983 477.6058215261082 0.4656118098639177 0.11959989973944977 0.381962840540706 25 1265.0 24777.0 -10.98512180208164 -0.025191528503212685
110 768.763413570189 496.1541676267496 0.6936885912206286 -0.33338735105837497 0.5277485265474812 25 421.0 1933.0 -8.215579635071382 -0.03213405697536972
111 421.3955943823171 497.73247546456844 0.3808863407766429 -0.9620200303261547 -0.6026379268012768 25 327.0 2679.0 -8.569931784020522 -0.19078887728230357
112 461.7105311384492 499.3149534505334 0.5121139332139958 -0.7792844526917697 -0.6211933187708527 25 524.0 4297.0 -9.082913384209757 -0.22020035390610507
113 230.7862620160072 501.0849262822055 0.6752748647061533 0.12035940906287053 0.03687915020967734 25 664.0 2979.0 -8.68517625803761 -0.5600005366844237
114 712.7273975082069 504.0752621370873 0.5537453260754667 -0.7738609390551078 0.4838811319772552 25 346.0 942.0 -7.435127256982193 -0.12473608372691647
115 267.1462931441202 507.15165270555684 0.4643197219506415 0.5901391876806978 0.12613667847292936 25 499.0 2788.0 -8.613231923564928 -0.4616141999281578
116 743.716386826221 519.1578644446423 0.7073798524463462 -0.4728880848566105 0.05211714186348981 25 527.0 2484.0 -8.487878978761357 -0.2875002122500643
117 577.6856130365788 523.9516812657257 0.6386114288899438 0.4275455433570181 0.15311716522651453 25 461.0 1864.0 -8.176114770044906 -0.25092825447934713
118 223.6062357039328 529.9995681916382 0.5297074662193546 0.5423370563657329 -0.25725777994044113 25 640.0 6667.0 -9.559826137813909 -0.2751909853433738
119 657.6462475448827 550.5638314629128 0.36848247455562655 -0.23711767590923802 0.11542050698917615 25 725.0 7172.0 -9.639100702225363 -0.6378732844403734
120 411.77688150977605 559.5344535842283 0.4221005294721303 -0.19628891460985276 -0.20649090298180006 25 1211.0 13535.0 -10.328645650266314 -1.067965149760634
121 353.5098818552547 567.9886286634994 0.5246945416126318 0.9962091818607969 0.2520856952230629 25 629.0 3985.0 -9.001070814330328 -0.6378100488361542
122 232.225494198968 572.1301290110357 0.5170506971608904 -0.5574811535159127 0.7284836292037831 25 794.0 10393.0 -10.04185231821565 -0.4010101855011369
123 777.1895953918116 573.1352663532568 0.5965778596755222 -0.5482311679453342 0.08035279525057351 25 391.0 1987.0 -8.245494667774537 -0.08437532412210764
124 34.10730279943325 573.984298119361 0.6860712318692922 -0.07536095233957801 0.24306749737493571 25 500.0 897.0 -7.381981107610231 -0.37690471579104234
125 402.9544441153615 574.9681121451284 0.7671933817334624 0.07672982316189786 0.17757022055936575 25 701.0 2510.0 -8.499184303702595 -0.5699350101033631
126 791.345832345926 577.1342645306892 0.5724633374051902 -0.14761791931761806 0.1269770102370879 25 619.0 2778.0 -8.609330603503992 -0.621397102385679
127 391.43584156885265 580.664601658214 0.6792539349278752 -0.22094306206765876 -0.050191941632328006 25 388.0 1329.0 -7.808812452356831 -0.03421132959359503
128 17.577445817461452 583.3675949892197 0.6652517424490308 -0.7197275187617089 -0.07309702088297969 25 692.0 1986.0 -8.244948110398406 -0.7672786113401842
129 327.6779167242023 585.3852837804063 0.40331883066117175 -0.4123698712443452 -0.8526787609525299 25 1629.0 28426.0 -11.134289379251918 -0.7320122495104165
130 343.3646407357157 587.8231405055637 0.501968489558813 -0.32633735983418616 0.16002310266260258 25 1975.0 35905.0 -11.387887327657971 -0.82145714891474
131 355.66945680763973 591.3525696668333 0.5531591457153365 -0.6739853386402324 -0.9898632535769135 25 2013.0 31664.0 -11.251414442155802 -1.1802237938874376
132 390.6539418282223 596.1937512435586 0.6141728961132601 0.021028509099259015 0.6106011380338288 25 1328.0 9588.0 -9.95432006340404 -1.1865009449120463
133 539.681644687824 597.8928660924661 0.5864701853415961 -0.058418583142170084 -0.0808017431420249 25 881.0 6076.0 -9.459044412976871 -0.8646090602724542
134 589.7414945241978 604.3279948794695 0.49634296825116303 0.5579996208225353 -0.28227445642224663 25 439.0 3309.0 -8.799241917899632 -0.21589731572667226
135 70.07625794549904 611.939727496225 0.8184890192156171 -0.9262117796693639 -0.2579339651530815 25 465.0 2030.0 -8.268740094783032 -0.020872487108698275
136 360.47672277294834 613.8041503475849 0.6561360082382628 0.966386965875241 0.19120099712580807 25 492.0 2048.0 -8.278324880759483 -0.3131963763555746
137 302.85052450907455 623.8889100474067 0.6192897951691582 -0.6622348753392968 -0.3729949391049709 25 594.0 3456.0 -8.84643433451714 -0.40554741519533233
138 314.6549585003888 639.1163100789641 0.5715913451964102 0.6952460272880242 0.09915327112716978 25 531.0 2190.0 -8.351110287100296 -0.4686230624148047
139 479.9461261585952 651.3050639368013 0.8120201055161114 0.445645042009958 0.09967094553756913 25 449.0 1354.0 -7.829046660872814 -0.04303953326234021
140 506.2720685481037 655.5637966764939 0.630227192215851 0.728378437293145 0.41452687552300654 25 2227.0 10963.0 -10.099823535271401 -1.8954193299334274
141 237.54256037010327 656.4090361271079 0.643347703010643 0.25573552629544344 0.006748046011390876 25 593.0 2381.0 -8.4418984885122 -0.5317318778100246
142 635.3123077370437 663.5056840923372 0.49607032076066226 -0.10975098427473692 0.2969649707982711 25 710.0 4697.0 -9.179551400458122 -0.6799315591263535
143 425.74406003986167 679.647419103708 0.7075381465883701 0.19756369801820117 0.3373323994389108 25 648.0 1965.0 -8.233406386778613 -0.6142049090265133
144 643.2413557545945 680.1032133424695 0.5245606768850576 -0.09667603240723979 -0.002578330251968934 25 1068.0 5536.0 -9.357990203621753 -1.2309010545819354
145 170.74905924009803 688.5642705099204 0.46981588171561595 -0.36029743760946087 0.7162266307700975 25 536.0 3748.0 -8.934498955539352 -0.43003669584528287
146 265.55281723622716 697.3745027389429 0.5662952111603686 0.22354495362047125 0.0036527442172841645 25 441.0 1676.0 -8.060685035735645 -0.32495018542505966
147 212.9414523042754 699.8734017044505 0.7152620868642499 0.4357310079038489 0.15058698130807366 25 1660.0 5633.0 -9.376849378088377 -1.569207371319263
148 169.78784494353 709.4296922065483 0.7712484135907448 0.09546438255132389 0.26357404881960944 25 1127.0 3773.0 -8.941717013002489 -1.098999592013943
149 305.5527464367055 709.6833697188515 0.7736326270166265 0.517322064470103 0.17008540375179174 25 557.0 2160.0 -8.336134377877327 -0.21689663026488742
150 486.7993284640246 729.4304759283614 0.5797460854910902 -0.06981375461370516 0.4865168216599567 25 387.0 1180.0 -7.679705018265314 -0.16927708589946905
151 166.94593173672888 730.1853677559335 0.526665409792342 -0.1520503173878303 -0.4059629566588462 25 643.0 3436.0 -8.840132887898012 -0.673538075425882
152 22.940412590223804 732.4245200432506 0.5822653905314966 0.6136191372797074 0.1546512174108005 25 1573.0 30233.0 -11.201203110154388 -0.11106150824898048
153 225.68071144844873 731.6951331127827 0.7682848072513817 -0.1107782867750244 0.16435640892065062 25 970.0 6627.0 -9.553292426477743 -0.7258225326956225
154 61.08084882302542 733.3507505232362 0.8359095141032916 -0.43143410741466964 0.20435611421765282 25 526.0 507.0 -6.76251989833334 -0.33432304396028373
155 125.36545404163404 737.6600114020194 0.37464264495881866 0.11720974162771897 0.33636885264591593 25 811.0 12823.0 -10.26997410566878 -0.20462602678397573
156 676.9007474347453 748.1630738168074 0.5975160861088944 0.6500574572986029 -0.20078160891216115 25 645.0 3880.0 -8.972079313985518 -0.5043446272670925
157 765.1847244192628 747.9188935610828 0.5722306683629852 -0.13280685306011103 0.21984088425140502 25 603.0 3408.0 -8.831248965236657 -0.48350845034958817
158 49.48823945864996 752.4158731398865 0.571745569481852 -0.9745646082758647 -0.35794515688409717 25 600.0 3435.0 -8.839816853488923 -0.5302323955109259
159 509.97781532317293 751.8941614269705 0.5402292798034065 -0.29769399124681717 -0.34142992652675214 25 535.0 2617.0 -8.544509306599702 -0.4974438177364341
160 208.82503018853066 754.839804892886 0.882992302579663 0.4734344368178749 0.6537447201863219 25 526.0 1361.0 -7.8346453130083376 -0.16585829196266003
161 251.2001375075955 755.6863962276002 0.5682459614730094 -0.5671649236246442 0.8838567579146032 25 778.0 5526.0 -9.356027201451232 -0.6637431828859869
162 466.0374762803664 758.8488912645084 0.5056622025576555 0.007305117262961963 0.25055761693156986 25 958.0 4403.0 -9.109371713648814 -1.185208062395266
163 184.0078546257105 761.3279856386578 0.7470942272215776 0.14959627392543967 0.02067862623238544 25 1203.0 1912.0 -8.203719719850204 -1.2830258488769608
164 231.18073117016618 762.7805936645583 0.5131487651792429 -0.2328730992883929 -0.2620021732482847 25 1537.0 9274.0 -9.918167728899464 -1.5642375603346095
165 557.7406738849867 765.4823073889376 0.5752111995113375 -0.13959613945455643 0.4379613353673591 25 509.0 1902.0 -8.198026281503488 -0.49623955106626433
166 355.4858164129278 804.9340317348252 0.6469884377202241 -0.06799368992182832 -0.03589554690689041 25 336.0 475.0 -6.691734024062166 -0.03413621244615749
167 202.76433453992448 806.0771932306001 0.7088116947264071 0.3892390192081378 0.59365464114041 25 368.0 52.0 -4.290008359086998 -0.17335193626348944
168 92.77946764993746 807.5739719172833 0.5771467735287715 0.251289201658826 0.2555807061876914 25 530.0 2762.0 -8.603059185606531 -0.40118026375599947
169 813.4287758139409 811.3322727443276 0.5829485569157516 -0.44932849276034603 -0.028842881113418286 25 456.0 2203.0 -8.35753624287692 -0.21312427912611875
170 599.0538340283128 812.2225864903514 0.6951803642325776 0.19063081008405866 0.39867054077801134 25 456.0 931.0 -7.422374202453357 -0.275430087622797
171 312.0861983188835 817.8935676859023 0.8248563028205128 0.44281774802276974 0.14217017408561872 25 934.0 2581.0 -8.529470011359672 -0.8361666668266063
172 163.66643814186094 818.7804641331368 0.9153358795522181 -0.36751509270463933 0.25082322098887067 25 738.0 1548.0 -7.974427390867184 -0.5669604828415841
173 76.46333367354644 822.9570590580794 0.5731300015036435 0.35561923261022754 0.31655187762404907 25 1373.0 21941.0 -10.853141043578145 -0.5781452997212151
174 300.0833019247435 821.4532651221704 0.8022984909081742 0.6841897058561942 0.6964355365600704 25 453.0 347.0 -6.350823686977184 -0.17979982102702674
