test_CNN/outputs/tables/00631_b39105m0s0_sources.ecsv
# %ECSV 1.0
# ---
# datatype:
# - {name: id, datatype: int64}
# - {name: x_centroid, datatype: float64}
# - {name: y_centroid, datatype: float64}
# - {name: sharpness, datatype: float64}
# - {name: roundness1, datatype: float64}
# - {name: roundness2, datatype: float64}
# - {name: n_pixels, datatype: int64}
# - {name: peak, datatype: float64}
# - {name: flux, datatype: float64}
# - {name: mag, datatype: float64}
# - {name: daofind_mag, datatype: float64}
# - {name: aperture_flux, datatype: float64}
# - {name: inst_mag, datatype: float64}
# meta: !!omap
# - {date: '2026-06-11 12:14:52 Eastern Daylight Time'}
# - version: {Python: 3.11.15, astropy: 7.2.0, bottleneck: 1.6.0, gwcs: 1.0.3, matplotlib: 3.10.9, numpy: 2.4.6, photutils: 3.0.0, scipy: 1.17.1,
#     skimage: 0.26.0}
# schema: astropy-2.0
id x_centroid y_centroid sharpness roundness1 roundness2 n_pixels peak flux mag daofind_mag aperture_flux inst_mag
1 624.2312397537919 1.0327454414270028 0.392779277068652 0.7276196294054703 0.2197328819915872 25 332.0 2968.0 -8.681159741517474 -0.007807654314794811 3295.670193290708 -8.794859360414204
2 309.4533145209785 8.722813011440762 0.5367968324592944 0.23957060913604514 0.8354867155903422 25 784.0 12127.0 -10.209383443925027 -0.11918504053610286 25493.367386376085 -11.016068011655866
3 607.7203508204243 9.026391551427828 0.3413479511022445 0.5754211893538824 0.3098338200717908 25 1388.0 26448.0 -11.055982090568431 -0.5082204477548223 55349.86901282791 -11.85779149361168
4 405.7632050670126 17.78684027486532 0.5951457434123778 0.441669249919299 0.3894568433159668 25 1286.0 9795.0 -9.977511100826888 -1.283061193276906 9600.063431158396 -9.95568525648201
5 524.9330236926683 21.279908198411963 0.6290774004208926 -0.03171543168310774 0.15787590680648184 25 556.0 2674.0 -8.567903507314913 -0.5116211170907053 633.2733864451316 -7.00397809255019
6 131.9090841292964 51.372640729673385 0.560072855165071 0.10045555865935539 -0.07326547460459296 25 887.0 6416.0 -9.518160888190268 -0.9611964883051116 6992.25116717697 -9.611542550267183
7 188.34562193307585 69.13787190171432 0.536082324517945 0.04679325288090879 0.12954000104590369 25 523.0 4230.0 -9.065850918437606 -0.3395458600970594 5826.2389564185905 -9.413470731850742
8 332.3525518816502 69.81516975568259 0.5618512623965112 0.22390186053471337 -0.14747163102462768 25 1198.0 10098.0 -10.010588415898669 -1.2080064441907623 11859.537035595102 -10.18516933917879
9 188.44893439544364 79.22026181779111 0.5525695539499019 0.588024496392681 0.11152482579305717 25 737.0 9912.0 -9.990403233420018 -0.24974391976622667 17279.8998716713 -10.593853054080187
10 476.70861320105814 84.46740782253518 0.5023250543646606 0.4725394818158525 0.27335892842371096 25 594.0 4983.0 -9.243727217927642 -0.5331614836114464 7290.053919306143 -9.656826851237504
11 795.2448364886525 105.77518060078418 0.4491204358024225 -0.0354135334125872 -0.28341949129666477 25 2020.0 41069.0 -11.53378532057647 -0.4504123856752211 94802.59954751945 -12.44205061532999
12 453.54875117179 107.18668475625333 0.5009701440556797 -0.1563986364644777 -0.07213862325276049 25 485.0 3803.0 -8.950315813528956 -0.3723668763047647 5513.869827651851 -9.353641272487584
13 631.4055053471697 113.45314136228443 0.4422559128288229 0.5966276070957786 -0.02016113332866203 25 512.0 7247.0 -9.650395653295696 -0.05655192145913756 11648.560042242958 -10.165680606461034
14 741.6141392709136 117.66465011580463 0.466136794771966 -0.07668815783453282 -0.23167651420049803 25 798.0 6904.0 -9.597751956767883 -0.9052484156529685 6950.927484111002 -9.605106894337425
15 790.5642032525905 125.90908514481956 0.37299606835966576 -0.12351193856646066 0.010016489097320891 25 489.0 4693.0 -9.178626385531237 -0.49213610421345955 6117.886717738641 -9.466503577700232
16 722.8229391864669 129.19217128249855 0.5773726530215784 -0.6897879433256493 0.10276010097427797 25 984.0 11780.0 -10.177863226127709 -0.7288905580167838 25024.69762335511 -10.99592209636723
17 43.35426406022936 139.5213695534274 0.44018152461965887 -0.03986750064592689 -0.3844111519561607 25 1883.0 36558.0 -11.407456071270282 -0.5188247392234175 87054.23056323337 -12.349474703298025
18 0.8411398200196178 147.05360170811036 0.30326872080886397 0.8920811542405175 0.9751204311570639 25 953.0 12440.0 -10.237050950887 -0.9259947063712 19115.499251644662 -10.703464113120535
19 524.7380971510798 157.5554352775079 0.5693211357932043 0.27718138102969375 -0.2771412593185352 25 439.0 2896.0 -8.654496393812773 -0.23651126369695377 3357.6437120687556 -8.815086525446247
20 599.1315983724263 156.98706743032523 0.46014566590726147 -0.22044102223135495 -0.12727156794907546 25 1064.0 9751.0 -9.97262289109555 -1.176308585963989 11487.156488083241 -10.150531343616429
21 799.1700333502287 156.91315706711632 0.4485994584127248 0.035441758673798916 -0.06528740881423799 25 615.0 4853.0 -9.215025728288214 -0.6927656735625071 5968.910024954248 -9.439737581020278
22 785.575268688946 164.76515195722732 0.538148990011405 0.4772721873543559 -0.04150503626741953 25 1288.0 21751.0 -10.843698070985079 -0.4453365312859946 45771.33277768171 -11.651483896185443
23 296.7265507282096 189.63399689534026 0.550886630461914 0.00521035229015636 0.021568069308766022 25 496.0 3553.0 -8.87648801872332 -0.3572783796630519 4215.523220436306 -9.062128714688972
24 771.8175080569981 192.555294459139 0.42362882328907264 0.590455692580046 -0.09713711930607674 25 986.0 15000.0 -10.440228147639203 -0.5987010991520645 28474.87512834373 -11.136154570579322
25 280.8621991419804 218.63124796612954 0.4719587979064644 0.5853850188643681 0.12487909081962004 25 476.0 5818.0 -9.4119342922776 -0.005575391509663619 7540.099563640682 -9.693442701429827
26 27.41117827358615 232.78852809200947 0.4426934498121686 0.48366752343367087 0.23631269306364966 25 496.0 5092.0 -9.267220987454044 -0.2717851572812534 6566.123243410596 -9.543272574992912
27 155.3061903490283 235.06521872163108 0.369977891922052 0.30651240216341646 -0.23072050338270192 25 2362.0 49141.0 -11.728609974889206 -0.6369935362618474 142402.87189812528 -12.883796869967885
28 150.2175115583907 272.460228474524 0.5624262448076539 -0.30655581846917895 0.5424964610365065 25 473.0 3632.0 -8.90036459962262 -0.24438717622614956 4897.294027388146 -9.224890448241796
29 130.47406062769048 282.247724189232 0.44442904528147675 -0.8484838181727176 -0.45801512242579984 25 892.0 10815.0 -10.085066309437776 -0.774507563615187 17610.376919601644 -10.614421628468918
30 91.23340131169446 299.8602805954492 0.4803958159141803 -0.08179145365507695 0.2129596105807792 25 396.0 3082.0 -8.722081585956001 -0.1822135123274968 1215.7449630428011 -7.712106197292398
31 427.8921995388535 310.8568226143058 0.5792281762586121 0.2812707522517723 0.22376927580592118 25 879.0 6148.0 -9.471834647069269 -0.9508223192975335 4087.2243976501377 -9.028571205231957
32 422.5564635478946 325.218117229964 0.5666903309373491 -0.14001145909700183 -0.13863105551570104 25 1129.0 9379.0 -9.930391339648734 -1.1268436126244539 10165.974511425584 -10.017872541214988
33 718.8918355591115 350.15786956100106 0.3915227730108848 0.1570877746160038 -0.035662707616223976 25 2953.0 64625.0 -12.026001390254997 -0.5364887347069925 183327.407646007 -13.15806849327875
34 229.610759972198 352.80636084461537 0.4339925647002917 -0.546537326295199 0.2405919770604317 25 742.0 9385.0 -9.931085692393413 -0.48378517106194796 13265.353686452827 -10.306797084538244
35 444.6681179053099 359.907677471003 0.3575154189611281 0.6509769469261552 0.20394742646870345 25 840.0 8020.0 -9.760435920710409 -1.0556819726003401 10369.039313421788 -10.039346302687449
36 91.21696874506961 370.43898295454227 0.43062604767643 -0.43870129576664274 -0.053108705184668065 25 426.0 4180.0 -9.052940704437587 -0.15995377043052117 4933.352437147883 -9.232855356079375
37 772.8687356741664 376.8023242673027 0.662435369506096 0.13590028444638594 -0.1935170168032572 25 1405.0 10469.0 -10.049762999511536 -1.3029986745037159 13177.196087915936 -10.29955752164395
38 764.9011927949658 392.6718399840042 0.3681786891069525 -0.2671415145474269 -0.7077347879477485 25 497.0 6238.0 -9.487613426052812 -0.13730082726867418 9255.864452778413 -9.916042464945281
39 419.27726508530446 395.0344074286555 0.3619668696228902 0.3540874130134757 -0.0816851574814085 25 2604.0 55484.0 -11.860419407648173 -0.5521527578780173 136466.46837460212 -12.83756488139349
40 158.2225168342249 401.784748431076 0.5555127352956551 -0.3420730896141197 0.41820895914093387 25 587.0 6460.0 -9.52558129498771 -0.22236031114108598 8509.745260704158 -9.82479139917552
41 540.4379602418618 408.1451825064072 0.37454910773093025 0.36021149378676587 0.5881476246679815 25 362.0 3714.0 -8.924604748509404 -0.037691705466672394 3663.913036550561 -8.909862892706217
42 793.1606435970374 422.19501564248395 0.6518607917950552 -0.10533499075998767 0.11776358820324104 25 455.0 2317.0 -8.41231508447494 -0.24069588656074642 3844.529986335434 -8.962108131593261
43 493.85615639146414 430.59393702721815 0.48121373486643143 0.43020353659846206 0.12612628372419077 25 527.0 3700.0 -8.920504310167487 -0.5541483907147557 4367.735587211613 -9.100640848228231
44 105.77734132629793 438.086018908482 0.4296793201692936 -0.9429264393417208 0.6035169977640258 25 1060.0 14582.0 -10.409542734748314 -0.8294917840740944 21638.739612170917 -10.838079902243853
45 388.21663935438875 466.25668319717073 0.6143887652220369 -0.2888444238738951 -0.10690787744441504 25 575.0 3703.0 -8.921384280123606 -0.46856030986572506 2924.898056696635 -8.665276834861178
46 351.94192528887135 467.78032205630313 0.45085197600818055 0.656115929773047 -0.04161727923827816 25 840.0 14386.0 -10.394850139911917 -0.09149420888015714 27461.24106037332 -11.096800401215098
47 468.64122771715364 469.36836459843954 0.40588445294534625 0.039446731686019046 -0.39734774830073866 25 3181.0 70737.0 -12.124116592928054 -0.368527078405977 189687.96137973145 -13.195099422737508
48 743.2187295823478 469.67328587742765 0.4273048955604651 0.5022654442399208 -0.7653532381118229 25 844.0 13701.0 -10.341880665816658 -0.2845513771527904 25068.089518395343 -10.99780309225147
49 629.984421509326 482.704968912673 0.5794485062406375 0.41841111417447857 -0.31034373706881346 25 400.0 2783.0 -8.611283015835108 -0.114886531801766 2474.118492114995 -8.48355123827255
50 695.5284039343812 483.75206509412845 0.4755159981273457 0.0007653772161358741 -0.09907723732708765 25 411.0 4134.0 -9.040926180728174 -0.045642354189118634 5304.180002778257 -9.311545634686574
51 58.03538163389677 498.02212858857246 0.3766828469917878 -0.943992793459789 -0.44224650890433037 25 840.0 10299.0 -10.031987645363532 -0.8007262205519622 13104.788557443306 -10.293575045259882
52 355.39363723023126 513.3008757402048 0.5688581273428385 0.6391254533844518 0.49360666829804833 25 670.0 9394.0 -9.932126389618075 -0.17134277902765344 24517.47172441395 -10.973689207769668
53 308.23189270142706 538.0407365737892 0.6033067841999518 0.2822138825313225 0.5021954598464328 25 859.0 8210.0 -9.785857892798601 -0.6784636282958498 10686.660743591201 -10.07210505647767
54 246.35309899512367 541.8152556043989 0.6376297567116085 -0.40375764222247285 -0.1162961359855641 25 421.0 2097.0 -8.30399607616336 -0.1860968764488682 364.0099310821457 -6.402783081068656
55 611.996255103355 550.8005087662916 0.5354643246764985 0.20928851221124053 0.08464027689253692 25 466.0 2603.0 -8.538685420273088 -0.42958647334780653 2443.7431920242834 -8.470138912123097
56 50.89046356226072 553.9186044806804 0.35129688828328953 0.4265186935099642 -0.21204003333859145 25 1329.0 25443.0 -11.013920794822113 -0.38527191418493445 52575.24158207072 -11.801953192341175
57 36.412884722089444 557.0557220985289 0.3549570100125062 0.8684441860491926 0.03269291669961456 25 517.0 7972.0 -9.753918225071125 -0.0038766781824709153 17137.94952161058 -10.58489714829693
58 233.92221573925121 569.0444831158819 0.4480285225574794 0.017986794258919313 -0.35416415041397376 25 980.0 15940.0 -10.506220792650234 -0.42489845792851544 31532.72408812355 -11.246903726848918
59 582.1872243697559 575.6797274641439 0.5492906592153756 0.4724003051765493 -0.11389979222494591 25 554.0 4697.0 -9.179551400458122 -0.40131301919691836 7461.097738358731 -9.682006822917248
60 209.7073886205182 576.8158497066686 0.3590493931622486 -0.016860922145933536 -0.043339382269131026 25 660.0 6246.0 -9.489004949735449 -0.7967577109533007 6574.475521458349 -9.544652781793548
61 244.4192538694467 590.4399849092481 0.5442208267029062 0.3880853478052727 0.11708523218171055 25 772.0 6004.0 -9.446101708928081 -0.8131903965133291 6520.762042372644 -9.535745880226482
62 63.1392811071925 595.3903644132204 0.41424352641780704 0.38327572760594353 0.5289946110971263 25 451.0 4878.0 -9.220604489944279 -0.13969979942435037 4995.781684417003 -9.246508628636427
63 208.05081734534028 596.1147812130993 0.5208562416610487 -0.16444918412385967 0.586617853315251 25 454.0 4398.0 -9.10813806256193 -0.1113334903730746 5023.017482060811 -9.252411724191095
64 334.3488107335318 606.4994785041445 0.5152700009550436 -0.1597393400811654 0.670046593004501 25 584.0 7466.0 -9.682719963975714 -0.09231450940801113 11254.94762104436 -10.128358695488318
65 93.20413123438911 621.940038677805 0.5303577047487277 -0.1931178415812158 -0.1583397583049276 25 520.0 5289.0 -9.308433917547461 -0.18726856098467226 7809.913599750408 -9.731615573374688
66 15.0073736953521 651.4458985012091 0.4416438169368389 0.32407861494544427 0.4000956052839476 25 1086.0 10058.0 -10.00627907821227 -1.2103897492004012 12508.63022465005 -10.243024385655081
67 280.7047622040439 672.6845508330443 0.37261440423404135 -0.46182541555413026 0.2793241908744375 25 474.0 4836.0 -9.211215730471835 -0.3822926883717753 5788.7408643462395 -9.406460271523057
68 683.8123799899166 696.4761144272396 0.5758461551757392 -0.48065332978669356 -0.23445761270621746 25 419.0 2872.0 -8.645461088925657 -0.19641879962360634 3110.5464033114936 -8.732091711393155
69 54.81485355041311 699.3932946930056 0.5054968239998845 -0.18133117820582628 -0.037898572607309756 25 555.0 5291.0 -9.308844403830141 -0.3929633999192854 6722.286397108426 -9.56879252815655
70 90.80147255446178 717.2126194624552 0.407513312069597 0.4723498905697287 0.059719913993983124 25 1542.0 28654.0 -11.14296314138417 -0.6144665009460181 68800.1237131853 -12.093973047910922
71 25.97518535033745 737.5629975600702 0.36800531172569684 0.42644716182162024 -0.2510652088357286 25 2661.0 56415.0 -11.8784864811952 -0.6378140360096183 138605.24719362377 -12.854449179298793
72 342.3721323704314 757.3376430227656 0.36641039010193904 -0.10330715769393045 0.07884518820543443 25 451.0 5496.0 -9.350116810128736 -0.14139642976588807 6392.806126672643 -9.514228834683529
73 512.9562097248879 760.8334278748504 0.4753319797991775 0.7048014667585721 0.06127278712971098 25 475.0 4498.0 -9.132548627749033 -0.2081763875695419 3655.8449582261983 -8.907469423333783
74 755.1253512295846 763.6236401932092 0.5100590413475926 0.012665055588561593 0.005141237872016596 25 395.0 2336.0 -8.421182096100905 -0.2548387457387765 1967.7730841167495 -8.234937539610973
75 785.6152224639712 784.6319498831695 0.45573518266928015 0.4306656286200434 -0.04872522047097148 25 844.0 7117.0 -9.630742414567314 -0.9897156628387425 6886.599551585033 -9.595012074897152
76 697.9598403536324 811.8704698829574 0.5207464426154318 0.03035149300572947 -0.8490271498559703 25 1489.0 25984.0 -11.036765018902702 -0.5961779605191556 58201.9289960014 -11.912343446952727
77 80.41173866880933 829.6074290186546 0.40043687758514684 0.31317163750521676 -0.3595966336806989 25 2190.0 43859.0 -11.605146813484124 -0.6754612406310958 105542.66763051665 -12.558570167339445
78 713.5934938202062 830.754824124226 0.4841493081034327 -0.07490166643602447 0.12974608648871866 25 436.0 3898.0 -8.977104586954006 -0.16541461685483594 5788.747876342061 -9.406461586692158
79 40.06682330820798 832.7852721152557 0.5759339047800394 0.08288865108381396 -0.17071894051667824 25 1015.0 7260.0 -9.652341551750235 -1.0813032454248432 9284.167695043463 -9.91935744071947
80 65.32495903361396 832.8493674693527 0.42824749824554365 -0.1611575672085605 -0.760945641456154 25 513.0 6116.0 -9.466168691850706 -0.16833234770990954 11991.51576193321 -10.197185206587205
