test_CNN/outputs/tables/00638_a08862m0s0_sources.ecsv
# %ECSV 1.0
# ---
# datatype:
# - {name: id, datatype: int64}
# - {name: x_centroid, datatype: float64}
# - {name: y_centroid, datatype: float64}
# - {name: sharpness, datatype: float64}
# - {name: roundness1, datatype: float64}
# - {name: roundness2, datatype: float64}
# - {name: n_pixels, datatype: int64}
# - {name: peak, datatype: float64}
# - {name: flux, datatype: float64}
# - {name: mag, datatype: float64}
# - {name: daofind_mag, datatype: float64}
# - {name: aperture_flux, datatype: float64}
# - {name: inst_mag, datatype: float64}
# meta: !!omap
# - {date: '2026-06-11 12:14:52 Eastern Daylight Time'}
# - version: {Python: 3.11.15, astropy: 7.2.0, bottleneck: 1.6.0, gwcs: 1.0.3, matplotlib: 3.10.9, numpy: 2.4.6, photutils: 3.0.0, scipy: 1.17.1,
#     skimage: 0.26.0}
# schema: astropy-2.0
id x_centroid y_centroid sharpness roundness1 roundness2 n_pixels peak flux mag daofind_mag aperture_flux inst_mag
[from data line 84]
85 50.680218382943345 345.7395295808702 0.7384726016509371 0.26932076529425997 -0.4995211734996815 25 1870.0 7313.0 -9.660238933560619 -1.6393909583247588 7661.052257202903 -9.71072106184627
86 375.7062336720639 347.02555428019656 0.3723914047683854 0.36713847246515974 -0.7914624442349146 25 1070.0 9170.0 -9.905923339175052 -1.3097510996381898 9178.081451033451 -9.906879768823003
87 227.81811266269716 348.09399984987874 0.9336109839501675 -0.681698361865268 -0.014954434286675844 25 640.0 1426.0 -7.885298813789618 -0.4350882122231106 1291.9785965072547 -7.778138297507206
88 414.19035486036785 347.8987411768453 0.6423772726971462 -0.06868764053013421 -0.06294144201814279 25 976.0 3566.0 -8.880453347098339 -1.067424323650961 4346.366706482896 -9.095315913269722
89 692.4547439571332 357.27969839921724 0.8132050852217656 0.14011959297560928 0.11062817330821659 25 676.0 2241.0 -8.376104641337653 -0.48754536106512114 2965.7214807949886 -8.680325906992643
90 670.0240435171759 359.8111942802616 0.5420529399500537 -0.6877861322271807 0.14869671937212117 25 839.0 4766.0 -9.195385095026094 -0.9382832767650837 5297.457153157961 -9.310168631851457
91 415.15961776788436 389.32970274370365 0.5832584036857908 0.17421990942397836 0.268226946140312 25 1347.0 24744.0 -10.983674767487805 -0.07301144288600861 84578.7153586646 -12.318152711223227
92 64.10586805439169 397.4964162689471 0.5945335008765157 0.25335188431359984 0.3025651144008616 25 1408.0 7847.0 -9.736759131523074 -1.4322966117313536 8996.114677533249 -9.885137457366538
93 658.9374808484553 399.8875886509115 0.9012377131441386 -0.29339702244506805 0.2070748539596978 25 700.0 2626.0 -8.54823680438365 -0.4356492906677451 3233.4496478631777 -8.774165255966896
94 539.9339457421173 405.580050362579 0.8307158055494961 -0.014593140624748329 0.026223031722777127 25 605.0 1644.0 -8.039754533010079 -0.4003765946132599 766.0159109439506 -7.210594476181362
95 463.3584234853382 407.7363319087678 0.6567559017394169 0.5115295321774298 -0.1081402157459115 25 530.0 4045.0 -9.017296314870727 -0.2052341092095918 6009.77295510649 -9.447145162449871
96 108.48384771132385 414.6078030980173 0.593803174696452 0.29263119282435324 -0.3050930415335051 25 1092.0 6913.0 -9.599166392206083 -1.0981863365991897 8226.595006574747 -9.788050294031516
97 209.9358203944557 416.76908714500775 0.710401293236158 -0.3622759830962254 -0.26312765309160224 25 397.0 1008.0 -7.508651330273767 -0.10104697160924334 955.9549322463055 -7.45109354570567
98 252.5550626621266 434.7952940062873 0.46497409289712016 -0.38413495839028905 0.19842636547506232 25 857.0 7536.0 -9.692852224462051 -0.7751225957560639 8653.602878552676 -9.842992402910603
99 164.67728907570879 438.4227371318866 0.6011345729874583 0.22069338790787643 -0.08527787000145873 25 380.0 1822.0 -8.15137093159245 -0.028565371924017865 2047.81147089552 -8.278224928466276
100 560.7125854237222 439.0919411523958 0.6505949710991344 0.24987313802122188 0.49662343349690746 25 375.0 843.0 -7.314568936561856 -0.03551195360679446 nan nan
101 466.63929366491857 443.82536624381476 0.6517604855993336 0.3196845973119962 0.49930280173929426 25 554.0 2237.0 -8.374164960241576 -0.3904589565327755 1474.7742637045646 -7.921813875310825
102 97.41391469744448 453.74958813957363 0.6243312580318924 0.17094855249921395 0.3592121180605961 25 388.0 1684.0 -8.065855217909077 -0.02630792294893085 2372.764696802915 -8.438136680196791
103 464.472673486835 463.05182208107163 0.43064805626181724 -0.03698210210172413 0.14478766622474742 25 1952.0 39264.0 -11.484986352617275 -0.35490851937525053 124260.57761394414 -12.73583342015004
104 278.16043692294045 465.36705398199507 0.6133539803012757 -0.4365635978766392 0.09007555501186068 25 458.0 2258.0 -8.384309843972373 -0.1827167292688349 2125.7068700769396 -8.318758440349226
105 343.15418383063826 468.8352405774822 0.6131346581524845 0.917204319372991 0.4462796732757933 25 996.0 7374.0 -9.669257833175244 -0.9038634203333307 14510.767938124987 -10.404225991891193
106 315.95419248032016 470.4986613584979 0.5028387226442796 -0.027565921813637644 -0.20137896087645307 25 443.0 2378.0 -8.440529625706683 -0.29094321891337765 1881.1481055272827 -8.186057473832237
107 758.4282404731724 475.7996446048512 0.5592011257256572 -0.6098204818401812 0.1497915660338976 25 508.0 3588.0 -8.887131085930136 -0.24596171852334772 4392.631261131319 -9.106811870001874
108 265.44488144306104 476.5112068423276 0.5552490212810622 0.8428049184315302 0.11839987765217057 25 432.0 2947.0 -8.673450339624813 -0.10467205592116767 5669.836970832861 -9.383926428676011
109 468.9523598384983 477.6058215261082 0.4656118098639177 0.11959989973944977 0.381962840540706 25 1265.0 24777.0 -10.98512180208164 -0.025191528503212685 67444.66191945031 -12.072368955046935
110 768.763413570189 496.1541676267496 0.6936885912206286 -0.33338735105837497 0.5277485265474812 25 421.0 1933.0 -8.215579635071382 -0.03213405697536972 2405.860093406922 -8.453175921154607
111 421.3955943823171 497.73247546456844 0.3808863407766429 -0.9620200303261547 -0.6026379268012768 25 327.0 2679.0 -8.569931784020522 -0.19078887728230357 2322.8314425723947 -8.415044240367296
112 461.7105311384492 499.3149534505334 0.5121139332139958 -0.7792844526917697 -0.6211933187708527 25 524.0 4297.0 -9.082913384209757 -0.22020035390610507 6140.270988270278 -9.470468845651546
113 230.7862620160072 501.0849262822055 0.6752748647061533 0.12035940906287053 0.03687915020967734 25 664.0 2979.0 -8.68517625803761 -0.5600005366844237 2602.415567134983 -8.53844162036306
114 712.7273975082069 504.0752621370873 0.5537453260754667 -0.7738609390551078 0.4838811319772552 25 346.0 942.0 -7.435127256982193 -0.12473608372691647 280.1454257827567 -6.118458839242361
115 267.1462931441202 507.15165270555684 0.4643197219506415 0.5901391876806978 0.12613667847292936 25 499.0 2788.0 -8.613231923564928 -0.4616141999281578 2766.6051388844166 -8.60486794823129
116 743.716386826221 519.1578644446423 0.7073798524463462 -0.4728880848566105 0.05211714186348981 25 527.0 2484.0 -8.487878978761357 -0.2875002122500643 3076.5725752396343 -8.720167910988472
117 577.6856130365788 523.9516812657257 0.6386114288899438 0.4275455433570181 0.15311716522651453 25 461.0 1864.0 -8.176114770044906 -0.25092825447934713 1424.1607103314877 -7.883897500766027
118 223.6062357039328 529.9995681916382 0.5297074662193546 0.5423370563657329 -0.25725777994044113 25 640.0 6667.0 -9.559826137813909 -0.2751909853433738 9720.141268858906 -9.969181442109939
119 657.6462475448827 550.5638314629128 0.36848247455562655 -0.23711767590923802 0.11542050698917615 25 725.0 7172.0 -9.639100702225363 -0.6378732844403734 8848.892130634398 -9.86722225254399
120 411.77688150977605 559.5344535842283 0.4221005294721303 -0.19628891460985276 -0.20649090298180006 25 1211.0 13535.0 -10.328645650266314 -1.067965149760634 25736.5067695562 -11.026373998839443
121 353.5098818552547 567.9886286634994 0.5246945416126318 0.9962091818607969 0.2520856952230629 25 629.0 3985.0 -9.001070814330328 -0.6378100488361542 3797.951938059621 -8.948873661424056
122 232.225494198968 572.1301290110357 0.5170506971608904 -0.5574811535159127 0.7284836292037831 25 794.0 10393.0 -10.04185231821565 -0.4010101855011369 28185.431001965222 -11.125061700723942
123 777.1895953918116 573.1352663532568 0.5965778596755222 -0.5482311679453342 0.08035279525057351 25 391.0 1987.0 -8.245494667774537 -0.08437532412210764 2775.9262672469586 -8.608519816062724
124 34.10730279943325 573.984298119361 0.6860712318692922 -0.07536095233957801 0.24306749737493571 25 500.0 897.0 -7.381981107610231 -0.37690471579104234 796.7203413748796 -7.253264763618353
125 402.9544441153615 574.9681121451284 0.7671933817334624 0.07672982316189786 0.17757022055936575 25 701.0 2510.0 -8.499184303702595 -0.5699350101033631 1773.3592500327388 -8.121991811509838
126 791.345832345926 577.1342645306892 0.5724633374051902 -0.14761791931761806 0.1269770102370879 25 619.0 2778.0 -8.609330603503992 -0.621397102385679 3166.739029438813 -8.751530686733677
127 391.43584156885265 580.664601658214 0.6792539349278752 -0.22094306206765876 -0.050191941632328006 25 388.0 1329.0 -7.808812452356831 -0.03421132959359503 1227.518986160158 -7.722570545308943
128 17.577445817461452 583.3675949892197 0.6652517424490308 -0.7197275187617089 -0.07309702088297969 25 692.0 1986.0 -8.244948110398406 -0.7672786113401842 2152.1054498729864 -8.33215886820145
129 327.6779167242023 585.3852837804063 0.40331883066117175 -0.4123698712443452 -0.8526787609525299 25 1629.0 28426.0 -11.134289379251918 -0.7320122495104165 73408.24629499327 -12.164362122516705
130 343.3646407357157 587.8231405055637 0.501968489558813 -0.32633735983418616 0.16002310266260258 25 1975.0 35905.0 -11.387887327657971 -0.82145714891474 112407.91183215009 -12.626992200327223
131 355.66945680763973 591.3525696668333 0.5531591457153365 -0.6739853386402324 -0.9898632535769135 25 2013.0 31664.0 -11.251414442155802 -1.1802237938874376 85433.02942189005 -12.329064516372217
132 390.6539418282223 596.1937512435586 0.6141728961132601 0.021028509099259015 0.6106011380338288 25 1328.0 9588.0 -9.95432006340404 -1.1865009449120463 17949.323412873797 -10.635120206994289
133 539.681644687824 597.8928660924661 0.5864701853415961 -0.058418583142170084 -0.0808017431420249 25 881.0 6076.0 -9.459044412976871 -0.8646090602724542 8123.15192292881 -9.774311439214344
134 589.7414945241978 604.3279948794695 0.49634296825116303 0.5579996208225353 -0.28227445642224663 25 439.0 3309.0 -8.799241917899632 -0.21589731572667226 3394.307526436132 -8.826877967806155
135 70.07625794549904 611.939727496225 0.8184890192156171 -0.9262117796693639 -0.2579339651530815 25 465.0 2030.0 -8.268740094783032 -0.020872487108698275 2344.255388810252 -8.425012307517433
136 360.47672277294834 613.8041503475849 0.6561360082382628 0.966386965875241 0.19120099712580807 25 492.0 2048.0 -8.278324880759483 -0.3131963763555746 2572.7288828593278 -8.525985055419024
137 302.85052450907455 623.8889100474067 0.6192897951691582 -0.6622348753392968 -0.3729949391049709 25 594.0 3456.0 -8.84643433451714 -0.40554741519533233 3579.166968129656 -8.884454896747547
138 314.6549585003888 639.1163100789641 0.5715913451964102 0.6952460272880242 0.09915327112716978 25 531.0 2190.0 -8.351110287100296 -0.4686230624148047 3016.233572253113 -8.6986624239069
139 479.9461261585952 651.3050639368013 0.8120201055161114 0.445645042009958 0.09967094553756913 25 449.0 1354.0 -7.829046660872814 -0.04303953326234021 1480.8903209139394 -7.9263072364689
140 506.2720685481037 655.5637966764939 0.630227192215851 0.728378437293145 0.41452687552300654 25 2227.0 10963.0 -10.099823535271401 -1.8954193299334274 11083.58097282819 -10.111700246080149
141 237.54256037010327 656.4090361271079 0.643347703010643 0.25573552629544344 0.006748046011390876 25 593.0 2381.0 -8.4418984885122 -0.5317318778100246 1753.069606688136 -8.109497900902495
142 635.3123077370437 663.5056840923372 0.49607032076066226 -0.10975098427473692 0.2969649707982711 25 710.0 4697.0 -9.179551400458122 -0.6799315591263535 3816.2139885937413 -8.95408179784995
143 425.74406003986167 679.647419103708 0.7075381465883701 0.19756369801820117 0.3373323994389108 25 648.0 1965.0 -8.233406386778613 -0.6142049090265133 2018.4569993433645 -8.262548754384639
144 643.2413557545945 680.1032133424695 0.5245606768850576 -0.09667603240723979 -0.002578330251968934 25 1068.0 5536.0 -9.357990203621753 -1.2309010545819354 6876.910794292823 -9.59348347702575
145 170.74905924009803 688.5642705099204 0.46981588171561595 -0.36029743760946087 0.7162266307700975 25 536.0 3748.0 -8.934498955539352 -0.43003669584528287 4944.281736711279 -9.23525802474726
146 265.55281723622716 697.3745027389429 0.5662952111603686 0.22354495362047125 0.0036527442172841645 25 441.0 1676.0 -8.060685035735645 -0.32495018542505966 1513.5477503495301 -7.949990317255569
147 212.9414523042754 699.8734017044505 0.7152620868642499 0.4357310079038489 0.15058698130807366 25 1660.0 5633.0 -9.376849378088377 -1.569207371319263 5860.522945318412 -9.419840926620736
148 169.78784494353 709.4296922065483 0.7712484135907448 0.09546438255132389 0.26357404881960944 25 1127.0 3773.0 -8.941717013002489 -1.098999592013943 3608.325866362566 -8.893264378973898
149 305.5527464367055 709.6833697188515 0.7736326270166265 0.517322064470103 0.17008540375179174 25 557.0 2160.0 -8.336134377877327 -0.21689663026488742 104.30033034441972 -5.045714209861424
150 486.7993284640246 729.4304759283614 0.5797460854910902 -0.06981375461370516 0.4865168216599567 25 387.0 1180.0 -7.679705018265314 -0.16927708589946905 669.6420643271368 -7.06460681635853
151 166.94593173672888 730.1853677559335 0.526665409792342 -0.1520503173878303 -0.4059629566588462 25 643.0 3436.0 -8.840132887898012 -0.673538075425882 2536.79908137059 -8.510715179379263
152 22.940412590223804 732.4245200432506 0.5822653905314966 0.6136191372797074 0.1546512174108005 25 1573.0 30233.0 -11.201203110154388 -0.11106150824898048 88614.85246572387 -12.36876629691049
153 225.68071144844873 731.6951331127827 0.7682848072513817 -0.1107782867750244 0.16435640892065062 25 970.0 6627.0 -9.553292426477743 -0.7258225326956225 10853.155949205631 -10.088890108601543
154 61.08084882302542 733.3507505232362 0.8359095141032916 -0.43143410741466964 0.20435611421765282 25 526.0 507.0 -6.76251989833334 -0.33432304396028373 nan nan
155 125.36545404163404 737.6600114020194 0.37464264495881866 0.11720974162771897 0.33636885264591593 25 811.0 12823.0 -10.26997410566878 -0.20462602678397573 19248.95516456591 -10.71101790232837
156 676.9007474347453 748.1630738168074 0.5975160861088944 0.6500574572986029 -0.20078160891216115 25 645.0 3880.0 -8.972079313985518 -0.5043446272670925 4444.001920852352 -9.119435594965164
157 765.1847244192628 747.9188935610828 0.5722306683629852 -0.13280685306011103 0.21984088425140502 25 603.0 3408.0 -8.831248965236657 -0.48350845034958817 2770.8544674194372 -8.606534290225639
158 49.48823945864996 752.4158731398865 0.571745569481852 -0.9745646082758647 -0.35794515688409717 25 600.0 3435.0 -8.839816853488923 -0.5302323955109259 4914.095700476319 -9.228609024938946
159 509.97781532317293 751.8941614269705 0.5402292798034065 -0.29769399124681717 -0.34142992652675214 25 535.0 2617.0 -8.544509306599702 -0.4974438177364341 2437.0438349945125 -8.467158352224242
160 208.82503018853066 754.839804892886 0.882992302579663 0.4734344368178749 0.6537447201863219 25 526.0 1361.0 -7.8346453130083376 -0.16585829196266003 nan nan
161 251.2001375075955 755.6863962276002 0.5682459614730094 -0.5671649236246442 0.8838567579146032 25 778.0 5526.0 -9.356027201451232 -0.6637431828859869 5584.972700339656 -9.36755263650247
162 466.0374762803664 758.8488912645084 0.5056622025576555 0.007305117262961963 0.25055761693156986 25 958.0 4403.0 -9.109371713648814 -1.185208062395266 2469.0221666687917 -8.481312472519912
163 184.0078546257105 761.3279856386578 0.7470942272215776 0.14959627392543967 0.02067862623238544 25 1203.0 1912.0 -8.203719719850204 -1.2830258488769608 nan nan
164 231.18073117016618 762.7805936645583 0.5131487651792429 -0.2328730992883929 -0.2620021732482847 25 1537.0 9274.0 -9.918167728899464 -1.5642375603346095 8845.313215816113 -9.866783040116095
165 557.7406738849867 765.4823073889376 0.5752111995113375 -0.13959613945455643 0.4379613353673591 25 509.0 1902.0 -8.198026281503488 -0.49623955106626433 1569.0461597208089 -7.98908930067727
166 355.4858164129278 804.9340317348252 0.6469884377202241 -0.06799368992182832 -0.03589554690689041 25 336.0 475.0 -6.691734024062166 -0.03413621244615749 nan nan
167 202.76433453992448 806.0771932306001 0.7088116947264071 0.3892390192081378 0.59365464114041 25 368.0 52.0 -4.290008359086998 -0.17335193626348944 nan nan
168 92.77946764993746 807.5739719172833 0.5771467735287715 0.251289201658826 0.2555807061876914 25 530.0 2762.0 -8.603059185606531 -0.40118026375599947 3517.952916450568 -8.865725056633522
