test_CNN/outputs/tables/00643_a08918m0s0_sources.ecsv
# %ECSV 1.0
# ---
# datatype:
# - {name: id, datatype: int64}
# - {name: x_centroid, datatype: float64}
# - {name: y_centroid, datatype: float64}
# - {name: sharpness, datatype: float64}
# - {name: roundness1, datatype: float64}
# - {name: roundness2, datatype: float64}
# - {name: n_pixels, datatype: int64}
# - {name: peak, datatype: float64}
# - {name: flux, datatype: float64}
# - {name: mag, datatype: float64}
# - {name: daofind_mag, datatype: float64}
# meta: !!omap
# - {date: '2026-06-11 11:15:28 Eastern Daylight Time'}
# - version: {Python: 3.11.15, astropy: 7.2.0, bottleneck: 1.6.0, gwcs: 1.0.3, matplotlib: 3.10.9, numpy: 2.4.6, photutils: 3.0.0, scipy: 1.17.1,
#     skimage: 0.26.0}
# schema: astropy-2.0
id x_centroid y_centroid sharpness roundness1 roundness2 n_pixels peak flux mag daofind_mag
1 438.2522675544713 1.245580604465933 0.70303752108975 0.41834138698961904 0.024591863825449173 25 1141.0 3483.0 -8.854883686145591 -0.7646033442990461
2 357.22966085216075 9.792675198197466 0.8301778510410033 -0.17592179357001128 0.0007953090272154725 25 1538.0 4241.0 -9.068670681149275 -0.9473251308409412
3 151.04826094316215 10.509892075377524 0.8687050266826681 -0.4149091970507365 0.17605215550538525 25 988.0 2366.0 -8.435036850729778 -0.4020930223863159
4 291.39056506650667 31.052588438014457 0.7764330081202955 -0.36860155961784996 -0.07118807797320559 25 974.0 3826.0 -8.956862414228192 -0.42091324958681875
5 119.71258249227387 85.47217985009804 0.44873880573791625 -0.9990118738557408 -0.5142358566159637 25 2810.0 58912.0 -11.9255094170598 -0.11806868107442317
6 114.89964531534629 101.71334014099236 0.4340573201046486 0.45083819688480387 0.280625092202441 25 2325.0 47232.0 -11.685590839517321 -0.05733906465388489
7 239.23186820892352 108.00878302693087 0.7844094197569444 -0.20336259486417957 -0.2181236131126803 25 1782.0 4162.0 -9.048255189689021 -1.147445216948595
8 440.75001948610173 109.22063848574457 0.8250039647538141 0.13229131282439452 0.0671550521419759 25 712.0 3014.0 -8.697858119946533 -0.010149191901657039
9 645.1289064803635 117.04500175489096 0.8416636506682798 -0.1326756266603827 0.034531030058494956 25 1616.0 4171.0 -9.050600474614578 -0.9946852690654262
10 214.0092916194495 152.9442037307653 1.1832393823481275 0.2671245058123654 0.06379545033822472 25 1069.0 814.0 -7.276561012223003 -0.27105476847550314
11 261.71639309616546 154.80259378545503 0.48013638110636103 0.7108354392102317 -0.17093085146268894 25 666.0 4284.0 -9.079623655399544 -0.3454788491816751
12 95.84610568101148 209.94924415050423 0.9462433568663398 0.39924103006678346 -0.29539786721239075 25 800.0 1257.0 -7.748338194214894 -0.15002160776737578
13 686.537321125806 210.52563901671954 0.5370099078919058 -0.7556249636582067 -0.12465896579019241 25 1527.0 8190.0 -9.783209754401046 -1.1383850464890213
14 268.74131660177096 214.16065533958533 0.40070058032613326 0.04699124719384316 -0.5968701144156868 25 1781.0 20018.0 -10.753551712284729 -0.9607376827270655
15 365.0314993473394 215.28949248366467 0.42846756440735123 -0.3490706892541841 0.08251184340651885 25 658.0 3210.0 -8.76626258101218 -0.44995771691626585
16 804.0132738923371 216.75979132678978 0.9654112574984639 -0.6378583564413657 -0.14816140777793735 25 1234.0 1924.0 -8.210512669254484 -0.5990984334342154
17 468.4791004729672 218.18077051761733 0.4846399093586652 0.33350467770646847 0.22588388883635419 25 576.0 3473.0 -8.851761958276906 -0.06288482003784569
18 110.34884957895784 233.0571996721869 0.8897740848149773 0.10045087914090757 0.1293413517981543 25 1012.0 1538.0 -7.967390838663531 -0.4621405722777924
19 447.92152747022953 240.834676636351 1.039441228399937 0.19923311951242506 0.09286879505480879 25 1082.0 288.0 -6.148481219398078 -0.49566932695781474
20 209.05296289980873 251.79104346005292 0.6109713187716674 0.43276384346573715 0.5557473983813689 25 1025.0 4824.0 -9.208518247830238 -0.5785122551999482
21 444.09204836958884 258.9218218782259 1.0321861899134193 -0.11849605483828009 0.19105093817364954 25 931.0 3630.0 -8.899766562590282 -0.1389114349637493
22 130.8118239326007 302.5634051711083 0.9265699731884258 0.4128699760487773 0.19735111347813614 25 721.0 994.0 -7.493465960993283 -0.06598703001507539
23 255.04709259843372 304.21198263469415 1.1075112204067614 0.13245693048236043 0.11825859237030815 25 1711.0 2451.0 -8.473358278130195 -0.8318551352621495
24 516.0839855536317 310.74895880878194 0.8102297567220244 -0.0730727016622114 0.16007885606432407 25 576.0 13.0 -2.784858380767092 -0.039482139565423735
25 368.87360740343115 315.13647001396043 0.941954624172693 -0.6102413168475327 -0.6461267035710773 25 734.0 1473.0 -7.920506867106577 -0.018209252416486577
26 670.7665144480316 334.25922124989876 0.7080154572444399 0.18066216233276572 0.12819933896183788 25 701.0 3806.0 -8.951171959877504 -0.05587226186925037
27 795.860304459624 345.5439355036878 0.5652494469412819 0.365469450698873 -0.1581838864468869 25 2273.0 11749.0 -10.175002259505863 -1.5497004951060942
28 373.0210140056793 347.61065961210954 0.8164939927766101 -0.27197360697689543 0.379719741861294 25 498.0 -545.0 nan -0.0012267455287990367
29 826.1340273843622 353.86433308080933 1.0211349627442046 0.2451465376374957 -0.08434930463934275 25 2072.0 4129.0 -9.039612207186757 -1.0784760822033168
30 256.46286039979924 356.30736483125423 0.6475722932084296 -0.7397731951433693 -0.2152213103868454 25 1029.0 6622.0 -9.552472941040124 -0.5366308089429599
31 443.97462258752086 356.26512576702703 0.6629788574146243 -0.8251470257440565 -0.961882344600562 25 1333.0 7478.0 -9.684463652045501 -0.7132715065752472
32 521.3948093790265 369.8684519646352 0.9407510340951623 -0.14623596630904012 -0.07377717030463053 25 824.0 608.0 -6.959758948181838 -0.29646833305843057
33 655.9767521557619 379.8293489103576 0.5031770383407272 0.9458410553727756 0.38978297255248706 25 1879.0 16310.0 -10.531134902600689 -1.1238055750438405
34 103.6286258885099 385.4206126814718 0.8331399600122542 0.6447743529105961 -0.35288749258299096 25 925.0 4315.0 -9.08745200012807 -0.29824066000458027
35 418.6317549021138 388.93861680543364 0.6710962368614541 -0.1445763219321285 -0.18543184792272085 25 2031.0 38926.0 -11.475599445772417 -0.016682846285668303
36 703.2022501167268 390.26939361356557 0.8917414025509105 -0.056897665925137245 -0.09137166292435486 25 939.0 1354.0 -7.829046660872814 -0.3749462747086046
37 142.90225564928167 401.38377250381683 0.7910755909782315 -0.200889514128796 0.821486926083607 25 602.0 -360.0 nan -0.14417418563840695
38 126.16007007496346 415.9187760470493 0.8453508374714056 -0.7277314338479108 -0.33309328414249295 25 1359.0 4187.0 -9.054757402228077 -0.7933654380354661
39 828.4399735948292 415.79004472293536 0.48788521392932976 0.6159156180702378 0.2301113131994552 25 567.0 2639.0 -8.553598475550125 -0.2539807212059659
40 571.9946729021249 417.72684208181863 1.0110948835390146 -0.1153287104777299 -0.3358746200064823 25 1008.0 2277.0 -8.393407576537857 -0.34092015359736205
41 339.0808481621167 421.08431274485633 0.8290838628600933 0.39293581757527596 0.29612899290493 25 977.0 3178.0 -8.755384732178403 -0.3956090499284737
42 699.2089578161422 424.9634949968509 0.9578941251611532 -0.2548945890636793 -0.6299176401273175 25 638.0 217.0 -5.841149334621324 -0.012846077166929946
43 306.029179388437 431.0243017239751 0.8052332724633885 -0.5331708372776721 0.2132683810089828 25 1198.0 4904.0 -9.226376153775897 -0.6028157842635036
44 674.1413657226482 436.5310140766773 0.7586927520254394 0.2600496413294877 0.3160046783401178 25 1153.0 3252.0 -8.780376342305075 -0.6873982639519598
45 225.8035861622461 448.12618514936236 1.1379368376148962 0.2914584140650113 -0.02416511317595511 25 1039.0 400.0 -6.505149978319906 -0.3397798884412586
46 265.7891464999667 455.02625124988646 0.6751632646247305 -0.03345830941230179 0.07523942375066195 25 418.0 -1615.0 nan -0.011294923473124791
47 319.89689867782585 473.38282748233394 0.8636598489612121 0.5938522750226545 -0.2564784217548077 25 673.0 212.0 -5.815839652321878 -0.1833418824203512
48 758.8479752776176 473.54070883912004 0.8769009165458276 -0.872717959706542 -0.34830069900745053 25 751.0 2829.0 -8.629082368642477 -0.11874896523983453
49 299.17015014519484 478.59347835062573 0.7794527891410546 0.20374040958957226 0.5416297420697354 25 1237.0 4277.0 -9.077848125642028 -0.6459971040399162
50 98.3357144879431 482.0387799908414 0.8311529365889914 -0.42323688059863473 -0.13939095828932563 25 1596.0 3466.0 -8.849571395944745 -1.0093418572283608
51 621.8513277413177 482.0480932697313 0.6552131642790792 0.18256787862181836 -0.005972965971912813 25 2618.0 10397.0 -10.042270109930186 -1.6150049814474652
52 648.2953186066416 489.544216458669 0.821613129404705 0.4142871023613704 -0.019990463868447446 25 613.0 517.0 -6.7837263577348565 -0.06935972512455402
53 590.050172463538 497.576251868207 0.5753693071827847 0.4183124646835693 0.2537592842290181 25 425.0 317.0 -6.252648155544379 -0.008302262860293601
54 353.81103884765344 515.6728733741188 0.5671118640885212 0.20582017699511887 -0.06112592711267177 25 1766.0 26994.0 -11.078168108873026 -0.5393681806891802
55 158.9218891751438 522.829878549145 1.2457837566154149 0.7339147238518079 0.44517358120601264 25 1437.0 1145.0 -7.6470137166897665 -0.5442073996104305
56 306.2309112277238 524.9078503064342 0.8496150649979741 -0.16242186285319546 -0.33826742432469975 25 816.0 1823.0 -8.15196667163744 -0.2746695954437508
57 742.3209023507595 534.1401470229864 0.7434318037981371 0.0414385250874521 0.16576642205347752 25 574.0 -1012.0 nan -0.1774689599855343
58 537.4239439780694 545.3489678758983 0.8080830865856156 -0.5445199194757139 -0.05374771300409727 25 878.0 2027.0 -8.267134371732523 -0.41438789155260636
59 434.0842580918965 556.9952888243212 1.1999614751830117 -0.035637736899280084 0.0004399209613587425 25 1310.0 2107.0 -8.30916133902025 -0.4566905979639707
60 696.9224685354484 559.2568242708041 0.982657808959364 -0.48594550930668295 0.40303717394449173 25 861.0 1215.0 -7.711440694835828 -0.1995435659397984
61 293.45114167785624 559.9796057022284 0.9386400181058484 -0.8447401517490907 -0.06584550495949512 25 1111.0 4371.0 -9.101452016224131 -0.39298365870856344
62 274.7374122687447 561.797277821348 1.0731571396617894 0.3605207719440547 -0.04795230786937962 25 994.0 1554.0 -7.9786275361622385 -0.27989246593263556
63 809.2359082820877 563.9935774880976 1.0315508937621145 -0.059016864866794624 0.03681346010845848 25 1192.0 1763.0 -8.115630780748305 -0.5085597555605055
64 601.7018425699458 578.5025375688086 0.7208115724486553 -0.317523584189991 0.1029534664954902 25 713.0 1965.0 -8.233406386778613 -0.19353238347381227
65 488.0003621197505 604.0339515861458 1.2145686591447333 -0.7218618701534054 -0.07724784430859401 25 1197.0 2010.0 -8.257990143551222 -0.3195285696696599
66 149.06741103596863 612.8294596278085 0.6868726046699929 -0.26577460639117284 -0.2418718811689308 25 985.0 12651.0 -10.255312139336315 -0.06183152689843593
67 551.7091620435283 616.2140247864953 0.7807801095127884 -0.030131239481642168 -0.4202483333998464 25 983.0 2837.0 -8.63214833948963 -0.46323573532473705
68 538.1156198028617 617.9498564269387 0.8472058705001801 -0.6131376254129757 -0.23574037000403944 25 977.0 2048.0 -8.278324880759483 -0.4605050304317829
69 297.2535229048478 619.1246860582376 0.47080332192709257 -0.5593647093169376 0.8971837787642891 25 1315.0 14860.0 -10.430047023561391 -0.6685932825970418
70 756.8944480432584 619.6674593192488 0.8782472144212903 -0.12586071741384916 0.025009743224911944 25 1024.0 5266.0 -9.303702136925123 -0.3661450770067415
71 86.9184534920084 632.0251906858346 1.0349736579259976 -0.5714280858593183 -0.44652555209996214 25 1083.0 1438.0 -7.894397215117159 -0.43493446458400176
72 628.6721459327125 632.8005165449547 0.9706275338051272 0.27437986816399207 0.08494628865345427 25 856.0 2406.0 -8.453239057509565 -0.08903326937091904
73 434.9183070593437 665.9321503337042 0.6810552136691493 0.373255121676916 0.14302961567510275 25 432.0 -55.0 nan -0.05426710017539431
74 122.06359461698604 675.6942592588543 0.7310958125115373 0.010969423556473446 0.15033833813270958 25 844.0 1732.0 -8.096369719203318 -0.39862376317070897
75 248.2664001018479 687.0973935972144 0.6285639937164297 -0.43475733171238606 -0.1917618410341226 25 646.0 1946.0 -8.222857089830832 -0.2724503963620116
76 19.262178995534907 691.9612629948188 0.7149472395239349 0.3117620824887664 0.08774728212659734 25 575.0 857.0 -7.3324520548079954 -0.169755035898142
77 137.2374338932574 693.8697042831373 0.9285098278555026 -0.456327768831986 -0.18430056645860446 25 2551.0 6120.0 -9.466878555363904 -1.3785027143956157
78 561.7437008130449 693.9678475580826 0.9022320168218272 0.3803004540327079 0.04714741450465774 25 1181.0 1917.0 -8.206555282195156 -0.6314487726830559
79 330.8717401485521 697.884327208568 1.0284939153721553 -0.2823946696909593 -0.04446125866688776 25 1053.0 1032.0 -7.534199243227981 -0.4335316809489119
80 789.6336531135848 718.211540239838 1.2960693369911955 -0.31711171829518053 0.20352360710293485 25 865.0 950.0 -7.444309013222119 -0.004447884591631205
81 555.5686678776788 719.8391626441742 0.9715488453420991 -0.13846642469465228 -0.7035514983470649 25 1139.0 2981.0 -8.685904940081578 -0.4721942874359019
82 464.28726434096615 723.7782565768636 1.0965437120935095 -0.7365163448252827 -0.1968843216505812 25 856.0 363.0 -6.3997665625902815 -0.17432593207113484
83 340.70471461107314 734.5887732731954 0.8076009599033024 -0.6986479689307571 -0.26328990801685553 25 1518.0 6824.0 -9.585097545398666 -0.8425104773685733
84 595.8329378997981 738.6990193083724 0.9643089073848915 -0.048272206792139144 0.06476121403438957 25 1260.0 2970.0 -8.681891123293031 -0.569471192719384
85 809.4116196535349 739.1465765090837 0.5813335431341354 -0.2583265376412054 -0.321730862460183 25 564.0 415.0 -6.545120241780231 -0.3066344454649267
86 551.2753058837832 755.0025464538169 0.635321075788732 0.3933255295901834 0.20868307955226695 25 837.0 4036.0 -9.014877893912182 -0.43826603207202697
87 731.1968306866652 755.0471076703786 0.7150685356682742 -0.3721476238287404 0.3309513948331895 25 974.0 2959.0 -8.677862412901582 -0.5488454740264257
88 798.958507064291 756.5602149896381 0.9328057371963281 -0.4049774175659452 -0.1921099493674573 25 818.0 962.0 -7.457937680094533 -0.2053909665290822
89 239.0901302941148 758.5290770391664 0.35312331168997707 -0.9505288716365093 0.021935644435301445 25 395.0 2619.0 -8.54533874606308 -0.10955137267198783
90 753.9535112071 757.8327815367456 1.1707268932878272 0.4532689574183264 -0.10210870288867238 25 800.0 968.0 -7.464688393270984 -0.003869428388556895
91 701.12267878298 761.2930414335408 1.1126446943925479 -0.5756376173853683 0.09227876588781944 25 901.0 1905.0 -8.199737450029096 -0.1442332102648274
92 351.9878202210568 762.7790379273979 0.865893338475641 -0.2564889783390618 -0.10679960102559645 25 1148.0 2790.0 -8.614010508183993 -0.5640345606309224
93 507.16806685891027 765.9808657846445 0.376713809313409 0.49074381695068625 -0.2587086732416513 25 637.0 5578.0 -9.366196274825077 -0.31730261931074527
94 693.6513968663968 772.5344368889548 0.8378049320430425 0.19406746538206576 0.30589173599612796 25 877.0 2880.0 -8.648481219398077 -0.25962595980935665
95 388.4732602120321 774.1113805863833 0.9342403707492166 0.39578300091321383 -0.23402558843665508 25 1422.0 3516.0 -8.865122166004335 -0.7522526849452861
96 406.1532455502353 778.8953591570366 0.7217062343834739 -0.07543637881631744 0.06272704754771416 25 577.0 1501.0 -7.940951730608176 -0.02934469380425018
97 82.71248757527366 787.975606369853 0.9145352260364645 -0.03461981334322051 -0.30062588569244086 25 2048.0 5210.0 -9.292094308248812 -1.1576285012970196
98 750.3754221325014 790.66267150549 0.7485859435898625 0.2178216657972148 0.03395600705554912 25 1350.0 5218.0 -9.293760186910504 -0.784582342562108
99 472.206617127346 816.9572107404331 0.6361607032127463 -0.5545315378621755 -0.12804131961104728 25 877.0 4199.0 -9.057864686594849 -0.4410246689629177
100 420.58393922378804 818.3493326757518 0.6516597708703509 -0.9197686793710269 -0.5404642178795392 25 1028.0 3981.0 -8.999980443960245 -0.6409759801361814
101 235.8312550755343 829.6790811330488 0.6981285867699814 -0.18732688734562347 -0.43435398413657067 25 588.0 2597.0 -8.536179874073257 -0.024776645354566668
102 787.73707459071 829.5562526138397 0.5005686959610516 0.25884951775495224 -0.1262455461014495 25 587.0 2997.0 -8.691716857364112 -0.1647809042209144
103 524.5804990099824 832.4142119055855 0.5561454001111478 -0.6507336005504598 -0.4099009362012103 25 556.0 2277.0 -8.393407576537857 -0.10595445262880651
