test_CNN/outputs/tables/00688_b40200m0s0_sources.ecsv
# %ECSV 1.0
# ---
# datatype:
# - {name: id, datatype: int64}
# - {name: x_centroid, datatype: float64}
# - {name: y_centroid, datatype: float64}
# - {name: sharpness, datatype: float64}
# - {name: roundness1, datatype: float64}
# - {name: roundness2, datatype: float64}
# - {name: n_pixels, datatype: int64}
# - {name: peak, datatype: float64}
# - {name: flux, datatype: float64}
# - {name: mag, datatype: float64}
# - {name: daofind_mag, datatype: float64}
# meta: !!omap
# - {date: '2026-06-09 15:19:04 Eastern Daylight Time'}
# - version: {Python: 3.11.15, astropy: 7.2.0, bottleneck: 1.6.0, gwcs: 1.0.3, matplotlib: 3.10.9, numpy: 2.4.6, photutils: 3.0.0, scipy: 1.17.1,
#     skimage: 0.26.0}
# schema: astropy-2.0
id x_centroid y_centroid sharpness roundness1 roundness2 n_pixels peak flux mag daofind_mag
1 361.18182278906005 75.03766935906083 0.4821138161525786 0.2541308210103541 -0.03057209187292913 25 562.0 3854.0 -8.964779275798586 -0.1051772601513584
2 136.51967002441899 195.98208368433336 0.4444408305013233 0.12250506363112924 0.32521277912146507 25 1173.0 19374.0 -10.718048238502014 -0.05357907566136555
3 395.129889042061 198.74744532138703 0.43989427137490894 -0.4197520281921524 -0.20417735159853267 25 696.0 4514.0 -9.136403886854358 -0.37944571562823204
4 521.579716803506 198.52477350450624 0.43494025956637644 0.577454146456022 0.0981993155395247 25 1158.0 13338.0 -10.312726782706585 -0.5526358600917146
5 172.67706928634544 222.0544460712361 0.46675088950688814 -0.12447027238069734 0.15353192925592654 25 897.0 8852.0 -9.867603513138052 -0.3741778193223639
6 782.5046259369259 223.45570748918504 0.43884121310994034 -0.2732122855591538 0.18746573995207225 25 849.0 8530.0 -9.827372577918807 -0.3346724867731072
7 603.702072197691 273.36610591744466 0.346073705862343 0.6595213703546299 0.06394029179124394 25 847.0 12444.0 -10.237400006091663 -0.09682027250377352
8 507.46885094706204 282.4640508511197 0.515002551802591 0.026234324015520078 0.20986963203811626 25 896.0 7173.0 -9.639252077088592 -0.4284123218278755
9 120.10622834030524 284.82603889319 0.6366734985877089 -0.8815864980325037 -0.10608225782479477 25 1178.0 10142.0 -10.015309015529636 -0.5483454388490204
10 764.6133746946094 354.96645982064985 0.5044619677583511 0.2313141646495928 0.07606847520517089 25 683.0 6963.0 -9.60699098793895 -0.004760664655440726
11 408.9796794200669 471.42297602371343 0.5667762347402915 0.16809004618206186 0.5376932844970671 25 707.0 5805.0 -9.409505560186481 -0.0953084660732751
12 172.8225986380896 486.49091508443144 0.4561268192990711 0.39785882487775526 -0.48910244888489557 25 1928.0 31607.0 -11.249458191095645 -0.5302228268748326
13 323.0831267338006 491.1295463659076 0.4007133032688769 0.22273138277620066 0.1956111252923192 25 1155.0 15914.0 -10.504448384312653 -0.34238790161676846
14 820.6211455069667 509.98061156371784 0.503356145321541 -0.3412150008915233 -0.04929922535861232 25 775.0 7560.0 -9.696304488753016 -0.13363930766623983
15 585.8405295398952 618.944074373113 0.5949580764949411 0.22580941920548175 0.06752498586542906 25 862.0 6513.0 -9.534452695435206 -0.3504510079164244
16 612.3830987601343 619.5541025428067 0.5612408710396503 0.12218809429314054 -0.05974049972692629 25 779.0 5567.0 -9.364053053267346 -0.326188323333649
17 451.14284969876303 623.9320965895838 0.45310504410164326 0.2461508399416765 0.38625503447413906 25 837.0 7238.0 -9.649046446930452 -0.4419082917220318
18 759.0212602672419 637.1475344062286 0.3882330043883968 0.4952407968716442 0.19516365875592404 25 535.0 4517.0 -9.137125226403485 -0.08923337969180252
19 714.7845454919972 792.282681613291 0.5355034814215559 0.7532526789926152 0.3694249036931128 25 858.0 7989.0 -9.75623105289651 -0.2816449200566732
20 443.2943044336389 808.038592408268 0.37907719635698217 -0.4085565918488168 0.0801833076788447 25 844.0 11544.0 -10.155890795213594 -0.055726379857510826
21 193.67572494216336 814.637303162709 0.3478073927037379 -0.10931195173713278 0.9959353509188651 25 1610.0 30891.0 -11.224579918653623 -0.05389059828038987
22 20.33399645717872 827.1776724481092 0.42888529511616824 -0.3491933410414578 0.38902509913977856 25 758.0 7823.0 -9.733433325615062 -0.25787478122629226
