test_CNN/outputs/tables/00696_b40327m0s0_sources.ecsv
# %ECSV 1.0
# ---
# datatype:
# - {name: id, datatype: int64}
# - {name: x_centroid, datatype: float64}
# - {name: y_centroid, datatype: float64}
# - {name: sharpness, datatype: float64}
# - {name: roundness1, datatype: float64}
# - {name: roundness2, datatype: float64}
# - {name: n_pixels, datatype: int64}
# - {name: peak, datatype: float64}
# - {name: flux, datatype: float64}
# - {name: mag, datatype: float64}
# - {name: daofind_mag, datatype: float64}
# meta: !!omap
# - {date: '2026-06-11 11:15:36 Eastern Daylight Time'}
# - version: {Python: 3.11.15, astropy: 7.2.0, bottleneck: 1.6.0, gwcs: 1.0.3, matplotlib: 3.10.9, numpy: 2.4.6, photutils: 3.0.0, scipy: 1.17.1,
#     skimage: 0.26.0}
# schema: astropy-2.0
id x_centroid y_centroid sharpness roundness1 roundness2 n_pixels peak flux mag daofind_mag
1 654.6296520448553 9.86823881987691 0.41050779243117536 -0.25075754403403183 -0.16739798592562305 25 1329.0 17645.0 -10.61655415673997 -0.9666783383159296
2 17.746470561500303 19.244149263024934 0.40854450502939904 0.23608342854533493 -0.34824505128141187 25 2978.0 56282.0 -11.875923804597372 -1.0726406656598562
3 114.73533990004978 84.74396562086424 0.5110645289507781 -0.11632639429676428 -0.8160642444010585 25 2187.0 47191.0 -11.684647950873819 -0.014882830384112176
4 123.78070010337308 85.99303316924986 0.40528296101873723 0.7138388349186771 0.6292160864255513 25 3210.0 71741.0 -12.139418565065617 -0.2189528517637126
5 150.11554682781943 84.69398122703797 0.5035078015450409 -0.7906756682522448 0.19432884809136153 25 506.0 4667.0 -9.17259450221289 -0.08206860507641875
6 569.6204729572545 96.83364298798354 0.5126921547058915 0.9337948204828401 0.011564991340589859 25 549.0 5239.0 -9.298120996119865 -0.21733391014410966
7 117.81418058982435 101.51694190837415 0.37223467751209743 0.19923528932746118 0.12202152917238704 25 3175.0 72287.0 -12.147650503405638 -0.1151712112408402
8 57.3757938585106 110.58865065985208 0.38916196231941463 -0.13046097062223744 -0.6325877635117036 25 762.0 10503.0 -10.053283413711737 -0.41803413274644097
9 411.109073675081 124.91195774902269 0.578925621018018 -0.6749070519254498 0.07617935059004148 25 915.0 7919.0 -9.746675857413825 -0.7071829339938482
10 107.62336882699833 147.0747172333248 0.5462883979000873 -0.1799866315312304 0.3253988000390188 25 647.0 5023.0 -9.252407945398872 -0.46648061426645515
11 805.9867602655205 155.1687245727162 0.6090501019712331 0.31009655419891086 0.18343866462193675 25 993.0 7686.0 -9.714250950320825 -0.8238698222438934
12 246.9361943495508 215.3530218917048 0.6155431066072874 0.24422074903438212 0.3563697358146492 25 609.0 3292.0 -8.793649566350581 -0.4200688242551697
13 521.6899337096423 216.04034305802563 0.5655357747145631 0.03390431974025965 0.017645616668100505 25 594.0 4648.0 -9.168165298455687 -0.3530349484381385
14 582.7292957531321 232.3318827028846 0.37663200556681486 0.26935432907602075 0.05449469386349835 25 577.0 6689.0 -9.563402989881583 -0.2564022193251046
15 711.7498683506632 251.24839636116477 0.6929051815414556 0.5017654579470532 0.0035408492046386333 25 618.0 3303.0 -8.797271434228534 -0.3989121872634024
16 733.4084246512616 255.39630513613548 0.5421102431065147 0.9556099432970422 0.9734031528333206 25 796.0 10601.0 -10.063367086274567 -0.2150629885993688
17 34.35802096290082 275.3360546682919 0.6505453806691288 0.16615087144198823 0.19787346411289655 25 681.0 4443.0 -9.119190783102177 -0.4264818382559798
18 546.7934991662859 291.53956767669814 0.4688936526136509 0.2546083974154145 0.26256399628102806 25 404.0 2882.0 -8.649234941194926 -0.026645493255091062
19 129.2019517875915 319.95663298011084 0.6484555615103742 0.008999912680213098 0.01314952315062566 25 438.0 2123.0 -8.317374985414997 -0.0711886374906834
20 723.292825019804 345.0354227727013 0.5058904460707083 0.28646583282465515 0.0024882092524574797 25 2309.0 46735.0 -11.674105617564345 -0.41152277009342547
21 716.3651389207532 356.5452110661293 0.40257069947515456 -0.2782774147537154 0.19116564212457265 25 2156.0 45275.0 -11.639646147465239 -0.3242234149454959
22 656.1525307111503 359.8699304848699 0.5003493565286541 -0.2597890571059178 -0.10730336955684812 25 606.0 6216.0 -9.483777514482144 -0.21426236209808963
23 419.89121390844275 389.95223725631047 0.4549142824218356 -0.15510822919915096 0.1470127025231868 25 1783.0 37046.0 -11.421853305976683 -0.005274954351618164
24 415.85235953204835 404.7627502681892 0.49635119848285353 -0.03658990527030808 0.5075093196049916 25 1461.0 28903.0 -11.152357307222399 -0.05212487842502807
25 259.1737115682041 448.11809661213516 0.4445479861644292 -0.40550782180156625 -0.04205870853988412 25 1579.0 15039.0 -10.44304739833179 -1.4297932902955992
26 468.54288240274866 461.23121557753353 0.4583270702610296 -0.015540460768031956 -0.3494592749325592 25 2558.0 53404.0 -11.818934468080194 -0.42883379422297674
27 459.7595601973198 472.81183063679447 0.4281894858702066 0.4245090747160369 -0.15239417982588183 25 2049.0 44026.0 -11.609273073128644 -0.1158150396345823
28 43.96677683134716 478.79778921904153 0.6264451263701505 -0.04038931368250135 -0.0750634903177834 25 585.0 3669.0 -8.91136927938987 -0.3555067610714636
29 465.1993920033877 478.7638184536555 0.3858677310809036 -0.09835855634861246 0.5384304331352197 25 1838.0 39138.0 -11.481496572265328 -0.09866596297174987
30 58.25878751415384 622.4508272111318 0.3968659549006417 0.879982353254493 0.2761721091651282 25 522.0 6745.0 -9.572454885019807 -0.04955900151705488
31 346.14563688397044 629.2030013280901 0.48255708307251843 -0.15320242066318948 0.07973682801296893 25 1440.0 13069.0 -10.290605894908339 -1.310266190207412
32 397.8941297532353 673.8149138343302 0.4975232816859487 -0.08723108176462874 -0.09931460416019958 25 615.0 4541.0 -9.142878754752417 -0.5185396600527192
33 624.1217190036489 703.0714602019303 0.5635404137265009 0.10250163733131641 0.3966888541118661 25 595.0 6327.0 -9.502994586147873 -0.10842587302969846
34 719.0708396740528 728.9391706012818 0.5980180085945405 0.13123243409809077 -0.6691642312596178 25 754.0 7286.0 -9.656222917264742 -0.36776138053744883
35 490.4869585594964 768.5264459118473 0.6588463532701726 -0.13319208854234882 0.10935674483622157 25 736.0 5257.0 -9.301844942546062 -0.48633198618551027
36 282.09427098125167 778.3764968000539 0.6419120187495037 0.7929560349464562 0.08896208422811061 25 523.0 3073.0 -8.718906400640945 -0.23701735580827005
37 590.6361676896346 787.2854256196456 0.7022807183747553 0.11230872068355673 -0.2597114758109085 25 502.0 3573.0 -8.8825825405061 -0.008623650248335212
38 799.7496192017202 788.8279830731165 0.5588662845742477 0.780119011813086 0.7118612687321165 25 551.0 5523.0 -9.355437608059193 -0.05896718972289797
39 320.1247715336545 798.2228291673888 0.4035992666037873 0.2603983796826719 0.2558546700300458 25 657.0 6687.0 -9.563078307999751 -0.46160537164232657
40 473.8782815824782 800.9144467211694 0.6309304114668622 0.4818001017044353 0.2915674343363359 25 679.0 5367.0 -9.324328988217589 -0.3439801079712509
41 408.71400736987476 816.8092690776006 0.6132809074386778 -0.4333553787449319 -0.6705895261058942 25 876.0 9159.0 -9.90462014754581 -0.39541733771049
42 680.1836860989031 830.3944128716796 0.535403867567218 0.7562285640957903 0.3080223023131902 25 711.0 7422.0 -9.676302375031911 -0.33684358102598355
