test_CNN/outputs/tables/00710_b40436m0s0_sources.ecsv
# %ECSV 1.0
# ---
# datatype:
# - {name: id, datatype: int64}
# - {name: x_centroid, datatype: float64}
# - {name: y_centroid, datatype: float64}
# - {name: sharpness, datatype: float64}
# - {name: roundness1, datatype: float64}
# - {name: roundness2, datatype: float64}
# - {name: n_pixels, datatype: int64}
# - {name: peak, datatype: float64}
# - {name: flux, datatype: float64}
# - {name: mag, datatype: float64}
# - {name: daofind_mag, datatype: float64}
# - {name: aperture_flux, datatype: float64}
# - {name: inst_mag, datatype: float64}
# meta: !!omap
# - {date: '2026-06-11 15:16:02 Eastern Daylight Time'}
# - version: {Python: 3.11.15, astropy: 7.2.0, bottleneck: 1.6.0, gwcs: 1.0.3, matplotlib: 3.10.9, numpy: 2.4.6, photutils: 3.0.0, scipy: 1.17.1,
#     skimage: 0.26.0}
# schema: astropy-2.0
id x_centroid y_centroid sharpness roundness1 roundness2 n_pixels peak flux mag daofind_mag aperture_flux inst_mag
1 75.43653614320138 28.44109846339987 0.610073186873426 0.39886999323675143 0.11268151348300959 25 504.0 4096.0 -9.030899869919436 -0.1813668012667316 4548.473435475416 -9.144664156592391
2 379.1894823310517 34.985411150344845 0.5153682048734658 -0.20216177335121027 -0.08183110474525272 25 380.0 2424.0 -8.461331538735621 -0.09700174198657177 2674.6812493902416 -8.568180082828379
3 435.25409854081505 65.99921162930535 0.7349792826453018 -0.14385788295051236 -0.0947640663497055 25 798.0 4502.0 -9.133513726661253 -0.6974796963695217 6107.811377093615 -9.464714041510936
4 122.50128637883466 86.80628743898873 0.43982074198019855 0.4746753125857863 -0.25798225352227655 25 2335.0 49440.0 -11.7351961552019 -0.3220797766815986 197215.11405145435 -13.237350487689671
5 593.1466474206981 90.99984974268956 0.40452092775310217 0.8984751380196133 0.2524556338096642 25 287.0 1885.0 -8.18827838635453 -0.01901571735016444 1499.9184596801094 -7.940169125183317
6 118.56364615658677 102.68772309920529 0.3856260146985851 -0.3952785931976632 -0.0619455526329367 25 2484.0 54485.0 -11.840692388082775 -0.26690011838812033 203293.90972115536 -13.270310920597627
7 709.0598136704097 103.91017973210057 0.5412119163833882 0.4430919918521942 -0.032381952775044784 25 380.0 2178.0 -8.345144688549391 -0.13384887336155063 2137.8377403587933 -8.324936849070362
8 84.92585590619956 112.33658327210952 0.6592842121237583 -0.11576922685303165 -0.5136623947602177 25 565.0 4883.0 -9.221716810710308 -0.20797112234229506 7338.048343010684 -9.663951421395836
9 4.138745408582436 116.97026227701592 0.5329798759766307 -0.13167658476190944 -0.18888292021985328 25 562.0 4448.0 -9.120411946435002 -0.3729653964621904 5703.007283711052 -9.390259815633593
10 222.40560673559287 126.3733573832781 0.4798252100228137 -0.44968811820541243 0.0035856699985408443 25 1043.0 9756.0 -9.973179479104232 -1.0714192649542043 12052.172032536217 -10.202663305397417
11 657.4669055228607 183.36088572284262 0.6160553740609196 0.32174814258378953 -0.19940031125566127 25 407.0 3040.0 -8.707183959021885 -0.0009064772170972763 4303.193165703739 -9.084477103828464
12 515.1140871637263 233.72254895234204 0.4805302375402149 -0.07211163984363993 0.15942934229768868 25 367.0 2886.0 -8.650740816893688 -0.06435076784380238 2752.2282095628116 -8.599211104835936
13 189.47992213747548 244.82486589744633 0.5049755550871696 -0.015508867733255015 -0.2648158770469993 25 682.0 7331.0 -9.662908048765216 -0.41162758214980877 8242.459041683289 -9.790141994325623
14 198.46940039934242 263.665993891697 0.41367195064534157 0.852037488421483 0.3555165370491482 25 531.0 6471.0 -9.52742849955552 -0.20247240807332023 9010.916982482857 -9.886922471390069
15 503.9535054590058 298.29108889294247 0.45850999044841684 0.0874046540510215 -0.04828870239527576 25 580.0 4846.0 -9.213458524503718 -0.5297647014145972 6430.911346531549 -9.520681306619984
16 4.907972705209872 305.17740010649106 0.5444624231750279 0.47728041846826674 0.19603503067773262 25 404.0 1818.0 -8.148984697214871 -0.2429530170642873 51.31691045337185 -4.275651254222043
17 127.35239849182281 305.78267476439333 0.427268353195754 -0.046710126568350906 -0.06504783958388104 25 655.0 5264.0 -9.303289701514748 -0.7254968005355067 6851.63423463993 -9.589485426700747
18 613.2243960319526 321.59629633233186 0.4056086639695608 0.574586945309153 -0.1308820200199598 25 637.0 6026.0 -9.450072818343346 -0.625177395209981 7000.369535634403 -9.612802415410966
19 425.69437207466916 326.63334859376886 0.5772175607760596 0.2982760456511758 0.0640336353147115 25 431.0 2720.0 -8.586422260085497 -0.1679010403282168 3651.5779287018418 -8.90620143349944
20 720.1030714445243 345.9638878950073 0.4269589533662259 0.4662138264325997 0.010629298286766493 25 1362.0 27339.0 -11.091956562482894 -0.11733793245636237 90635.9764778491 -12.393251545088136
21 716.4556803086392 357.6936949809811 0.3708529027579556 0.46393888934885 0.37390087346945267 25 1408.0 29028.0 -11.15704278602376 -0.13767858839342076 89012.01394156228 -12.373621568196604
22 613.3984702759678 385.0384716770211 0.5347041790422181 0.3335194785853857 -0.8686917556513458 25 527.0 6765.0 -9.575669502334105 -0.01135855776305476 13289.271050637817 -10.30875289867587
23 112.83099228529892 386.9665714442024 0.44777026897955235 -0.36443295045357454 -0.15673268392885342 25 584.0 5177.0 -9.28519541245464 -0.5190538581682361 6362.616488521097 -9.509089366499094
24 418.82312799980735 390.17763007019494 0.4484333541030101 0.3560257610449596 -0.38852686325545827 25 987.0 18624.0 -10.675182407424487 -0.05169341010260314 41946.522677817324 -11.556739910263989
25 301.50117752913997 393.2065297849928 0.47654166264295394 -0.11855443445818331 -0.439944687739599 25 734.0 10864.0 -10.089974392341066 -0.056952885505126456 19704.812569702757 -10.736430770633977
26 275.0071668344673 415.22744718702 0.7282488299045958 -0.2329709157495624 0.23291514180581552 25 439.0 1703.0 -8.078036619906502 -0.13950941797277497 306.2825678395075 -6.21530569878635
27 816.226208120483 418.2548531157317 0.37993239020552483 0.31352166760226247 -0.7677930485146393 25 1258.0 16149.0 -10.520364086338375 -1.0798740425595659 21323.93972316281 -10.822168615562866
28 294.76872568709723 426.28387640613835 0.48986950812671 -0.11654842958065052 0.08510792863039884 25 944.0 14865.0 -10.430412283852391 -0.242066229922952 29706.373328688303 -11.182124086638225
29 467.1381705522791 463.7273388078441 0.4864219604113083 0.14258713219629388 0.059661758825292205 25 1625.0 33994.0 -11.328505675190998 -0.03914203650908388 101922.37745723473 -12.520673863825216
30 307.8525137425357 496.42717582451286 0.427730189951081 0.014621982748553438 0.04506447721596302 25 583.0 4935.0 -9.233217892514139 -0.5612664334198406 3609.825006203881 -8.893715372712833
31 390.5289866799096 498.27836743877 0.5334254411800365 0.8364141752490204 0.6220908092329085 25 781.0 9865.0 -9.985242723970526 -0.3786238818098537 15641.236734964941 -10.485677723142064
32 766.6972930187044 501.8081383304552 0.4653704159373129 -0.26039070754574273 -0.01109381315175402 25 488.0 5025.0 -9.252840165231316 -0.17826146111299027 5422.973913368257 -9.335593788284163
33 74.58646262858512 544.6715154888534 0.6178092586746688 0.3703526405763 0.18952764396773328 25 478.0 3819.0 -8.954874145933294 -0.07185193355315453 3110.515786790656 -8.732081024644135
34 586.6949909569292 579.0763616180996 0.6011023186998404 0.3220277044474473 0.013117711528748676 25 667.0 5132.0 -9.275716619257228 -0.48398768347946575 4435.231931711368 -9.1172908383386
35 184.20535599330393 580.4755312879737 0.4299436457853015 -0.14549670296652215 -0.14886488165553405 25 1276.0 13189.0 -10.300529670642684 -1.2661932831962939 16861.079317460622 -10.567213428481955
36 299.982279190621 590.2123509314769 0.5235262545550489 0.9825992685411006 0.4325689773591175 25 325.0 1797.0 -8.136370192772434 -0.010303517139691553 2836.3116493076777 -8.631884871759286
37 60.559825498248365 612.1824712811707 0.44978389653566236 -0.00590175756307446 0.18997436321752997 25 377.0 2979.0 -8.68517625803761 -0.086033435583275 3454.151918486956 -8.845853586342695
38 480.9791566763812 653.6164574334177 0.5001998815374934 0.3694937339663149 0.10014597598576747 25 372.0 2312.0 -8.409969574371228 -0.0808654552326803 2432.31128615817 -8.46504788744916
39 827.1476392329638 657.4924944269732 0.5258062167592963 0.19152257244742846 0.07448265033471406 25 826.0 9906.0 -9.989745809116092 -0.5044938775433592 13127.18982600112 -10.295429413532267
40 451.5761963473757 676.1090454356927 0.3826348344690905 0.6281083824373387 0.12161106558954284 25 439.0 4927.0 -9.231456405687272 -0.07392894694653383 6607.736702853111 -9.55013182353196
41 307.76360411999013 724.5183000771648 0.3725019540104854 -0.19957348352626064 0.10023587886412218 25 510.0 5068.0 -9.262091515528509 -0.4112889523725729 7028.728796922698 -9.617191966033694
42 488.470272282877 724.1393130656884 0.5132238114927986 0.40647416691058535 -0.1052897888390132 25 583.0 5489.0 -9.348733076954037 -0.3457181510004776 5416.655404117842 -9.33432801897982
43 65.97203869035584 762.6781880666658 0.5290903713488277 0.4051706193008651 -0.0485146712368436 25 527.0 5586.0 -9.367752328412465 -0.123343535367617 5992.02302403474 -9.44393368362106
44 407.2353987630933 767.2481088037412 0.49718402045494753 0.006578465308550355 -0.07725623005346459 25 487.0 3692.0 -8.918154230884687 -0.3266131575626222 4256.585857071775 -9.072653494283651
45 451.0744509203537 766.8866734739596 0.4837841180991941 0.003105040420094197 0.16267988699251726 25 731.0 5928.0 -9.432270487428179 -0.7723491333881821 7733.75772697986 -9.720976407355352
46 295.8724724300948 820.8895028474251 0.4120720475679285 0.5619488483577034 -0.2223099506272217 25 506.0 6175.0 -9.476592404829258 -0.13967214842141468 9074.809259102349 -9.894593763722197
47 611.6705519932099 824.2178799389962 0.6233093355289548 0.46540306490025385 -0.7215953068985568 25 714.0 7672.0 -9.712271485406518 -0.2826108354821863 12981.395768978016 -10.283303476572245
