test_CNN/outputs/tables/00747_b41292m0s0_sources.ecsv
# %ECSV 1.0
# ---
# datatype:
# - {name: id, datatype: int64}
# - {name: x_centroid, datatype: float64}
# - {name: y_centroid, datatype: float64}
# - {name: sharpness, datatype: float64}
# - {name: roundness1, datatype: float64}
# - {name: roundness2, datatype: float64}
# - {name: n_pixels, datatype: int64}
# - {name: peak, datatype: float64}
# - {name: flux, datatype: float64}
# - {name: mag, datatype: float64}
# - {name: daofind_mag, datatype: float64}
# - {name: aperture_flux, datatype: float64}
# - {name: inst_mag, datatype: float64}
# meta: !!omap
# - {date: '2026-06-11 12:15:02 Eastern Daylight Time'}
# - version: {Python: 3.11.15, astropy: 7.2.0, bottleneck: 1.6.0, gwcs: 1.0.3, matplotlib: 3.10.9, numpy: 2.4.6, photutils: 3.0.0, scipy: 1.17.1,
#     skimage: 0.26.0}
# schema: astropy-2.0
id x_centroid y_centroid sharpness roundness1 roundness2 n_pixels peak flux mag daofind_mag aperture_flux inst_mag
1 505.84574124521026 64.30263628933047 0.5263901861538123 -0.15902774794294589 0.40723565625669744 25 409.0 4056.0 -9.020244865813199 -0.03888336636880442 4515.919413264327 -9.13686545830566
2 565.9087173655773 151.1038007335721 0.40413177433149855 -0.6010566202439089 0.2720197202312216 25 438.0 4321.0 -9.088960665778075 -0.354310236932095 4065.8402992195843 -9.022875790323543
3 404.63788761681417 152.3601989989759 0.41737215196404226 -0.5651576860713182 0.2536670256858014 25 546.0 5802.0 -9.408944311166614 -0.48771130067045243 4465.858271861794 -9.124762340543741
4 105.82912581627802 214.733388797925 0.373935419604536 0.26853825265133613 0.07610810072840478 25 549.0 8323.0 -9.800699736582372 -0.06603149016241412 12977.838796961769 -10.283005938267584
5 384.55425705961096 333.71560691121834 0.6413062195742049 -0.3470797225718193 0.44065083793497273 25 749.0 7628.0 -9.70602671093492 -0.5069303503725846 12223.23402824328 -10.217965317303095
6 399.71085701021264 336.55866459600253 0.4055405654084257 0.10482866152506798 0.36039826852048845 25 542.0 6866.0 -9.591759497724329 -0.2952225174141967 10315.103282562248 -10.033683952033783
7 138.3649791692565 415.4832093968728 0.5007113045109335 0.5112184024708497 0.487841360549678 25 852.0 14662.0 -10.415483037925169 -0.12752420534881462 34035.23949161063 -11.329822027245697
8 302.58527519272445 442.8496084966389 0.4986059492461388 -0.8944252017797193 0.3795898332293288 25 517.0 5271.0 -9.304732540537394 -0.32749519656756404 5911.871125415865 -9.429312395448152
9 553.5801037700962 462.6100202629706 0.4932175318355684 -0.5462078617606297 0.1761545354106242 25 396.0 2764.0 -8.603845096755403 -0.24084385934355454 1244.803539301973 -7.737752036150368
10 694.9499679763895 462.89289392192103 0.49446912238299445 0.195436739088985 0.3883872907370912 25 409.0 4129.0 -9.039612207186757 -0.050477144758969236 4471.76387792035 -9.126197158694364
11 825.5935246232889 532.9148282133729 0.5381817127748533 -0.025287997519818875 0.17604157117244865 25 487.0 5299.0 -9.310484798785824 -0.06926475140411117 7449.705041640082 -9.680347694849257
12 700.8763158035405 558.9407388564318 0.48937339828358273 0.5546448873143729 0.3003590054800982 25 516.0 5772.0 -9.40331580605364 -0.22136447346506588 10894.84325951294 -10.093052466442314
13 526.0396151556888 564.3008828552591 0.40695887276943166 -0.5939574043225406 0.6314448839427509 25 512.0 7030.0 -9.61738831254956 -0.09032722265864178 9343.825007929903 -9.92631174083721
14 90.0979408112077 624.4618330033989 0.41930322749247934 0.0902473936208541 -0.5050740396544702 25 1206.0 23742.0 -10.93879325162418 -0.14813795924501738 64805.534884711386 -12.02903024875191
15 98.30069420452662 630.2063586227417 0.47786800794469564 -0.21376802681353338 0.09699279527119403 25 957.0 17793.0 -10.625622946882494 -0.03433694349265945 48836.364870985395 -11.7218583245444
16 690.5424188631733 768.1852669008655 0.4129616269380979 0.435893451770453 -0.2742154718576116 25 709.0 11374.0 -10.139783059790373 -0.1964285962723799 19908.639230840505 -10.747603941789592
17 36.148586906168084 824.7407531635109 0.4378651440968674 0.00011876721856561413 -0.56707753259691 25 488.0 5679.0 -9.385679671708647 -0.1814938007839033 5925.975339093988 -9.43189959958566
