test_CNN/outputs/tables/00768_b41617m0s0_sources.ecsv
# %ECSV 1.0
# ---
# datatype:
# - {name: id, datatype: int64}
# - {name: x_centroid, datatype: float64}
# - {name: y_centroid, datatype: float64}
# - {name: sharpness, datatype: float64}
# - {name: roundness1, datatype: float64}
# - {name: roundness2, datatype: float64}
# - {name: n_pixels, datatype: int64}
# - {name: peak, datatype: float64}
# - {name: flux, datatype: float64}
# - {name: mag, datatype: float64}
# - {name: daofind_mag, datatype: float64}
# - {name: aperture_flux, datatype: float64}
# - {name: inst_mag, datatype: float64}
# meta: !!omap
# - {date: '2026-06-11 15:16:08 Eastern Daylight Time'}
# - version: {Python: 3.11.15, astropy: 7.2.0, bottleneck: 1.6.0, gwcs: 1.0.3, matplotlib: 3.10.9, numpy: 2.4.6, photutils: 3.0.0, scipy: 1.17.1,
#     skimage: 0.26.0}
# schema: astropy-2.0
id x_centroid y_centroid sharpness roundness1 roundness2 n_pixels peak flux mag daofind_mag aperture_flux inst_mag
1 605.2975560765484 8.537801612155922 0.42553240657879016 0.38435962473552965 0.3473724130903056 25 2475.0 45247.0 -11.638974473955976 -0.009258712537644176 88142.84610485975 -12.362967674082341
2 136.2822279169438 90.50688015686123 0.406741220326652 0.18225416719531168 0.015705302755336423 25 4219.0 85387.0 -12.328479388138614 -0.17878233432806956 206701.699192779 -13.28836011690705
3 793.1258857346212 105.24364942521512 0.39207700233621895 0.607492049711112 0.530986469465511 25 3606.0 71513.0 -12.135962493141507 -0.1930673116379256 153115.3282392651 -12.9625466742719
4 41.012380049495235 138.41218761566006 0.4305971194218204 0.5526341187613242 0.22747224510921232 25 3557.0 67021.0 -12.065527258809379 -0.26844968076056996 142019.83272448846 -12.880872491967663
5 782.0834432677316 163.42363910783044 0.48104866658716205 0.38168148056074214 0.08864210717713157 25 2317.0 38963.0 -11.476630971214979 -0.10439820392553435 69601.11215811453 -12.106540448174147
6 169.4163580688905 231.9125791243279 0.377800216799933 -0.2408905261767903 -0.43778631355088454 25 1877.0 30502.0 -11.210820791849482 -0.10548186938522669 52974.33639114994 -11.810163812538399
7 153.53150376764933 234.46182627678309 0.38672005430938833 0.41207934054700673 0.17382381540236433 25 3922.0 80054.0 -12.258457592185039 -0.1497397410436913 212107.6396667548 -13.316390777908133
8 387.76972511951266 314.53648790949137 0.5249089703367523 0.3488625493653891 -0.1827082762088838 25 1421.0 12470.0 -10.239666133696357 -0.29737550121600564 11908.15327181506 -10.189611039717354
9 732.576109063369 347.4864336843345 0.404142718050357 0.2579501896299415 -0.10603584558339933 25 2659.0 42333.0 -11.566697616453103 -0.4556693557097805 77491.31490245624 -12.223132575578559
10 187.21401597896704 363.7688966847423 0.451775374833446 -0.1098337754700059 -0.03227976382044219 25 2080.0 22516.0 -10.881228099970413 -0.6903276962071556 26321.93083281657 -11.050794358943058
11 441.6730309865285 377.5284876121045 0.40771478184380366 0.7932853268556821 0.16576184718226306 25 1256.0 11445.0 -10.146539492526404 -0.32038175187026274 10466.47022108126 -10.049500605350193
12 416.78147646490464 394.6307275359829 0.4145099254591196 0.17478295195699212 -0.046565700261880685 25 4432.0 91328.0 -12.401509867746334 -0.11507599130498557 206643.9291534006 -13.288056627432816
13 780.1203520123764 408.50742788108624 0.48283984513194067 0.2713742452366691 0.3569757837773619 25 2455.0 39234.0 -11.48415646936602 -0.22768489103237705 69216.53842873748 -12.10052469026695
14 809.238458137972 421.9017360957287 0.3661515193027031 0.20900508202706153 -0.12688598362584513 25 1745.0 22759.0 -10.892882939559899 -0.3552934323183063 24087.410365667354 -10.954475278912952
15 482.5522885478928 466.31264096348076 0.4434299332409971 0.19532231261472593 0.016051678363137614 25 2447.0 43057.0 -11.585109417595012 -0.08483595957643472 82947.28390569109 -12.297005424240819
16 663.2547811625769 489.0392565075725 0.4519759361309851 0.42285741021564954 -0.04169479156075682 25 1829.0 29191.0 -11.163122432317842 -0.016637752238755615 55830.47057142455 -11.867178220875928
17 88.48306003823066 716.1772927351818 0.43016075158370787 0.3194633914644853 0.1738966392891334 25 3283.0 61217.0 -11.967180106873897 -0.2762358272161285 131519.19288148545 -12.797472837469243
18 41.36925276962519 735.0985151469065 0.49090822537410467 0.2602012195096469 0.3925970191285874 25 1942.0 27095.0 -11.082222888371025 -0.1573321483153904 49154.50665144666 -11.728908353951944
19 481.99814425435824 806.8952509371778 0.6646320969251738 -0.22214950941807715 0.26829532834196035 25 1409.0 12531.0 -10.244964324961959 -0.16006318201393183 19611.39696637756 -10.731271326492319
20 696.1683390776662 811.2983376811173 0.42246418969918587 0.5264640114018357 0.31261166853498085 25 2450.0 42621.0 -11.574059087951971 -0.1669681828410496 85607.10057028047 -12.331274470413655
21 78.57620955112121 829.1058097514971 0.3952168825680094 0.38372643596778816 -0.05005711438300429 25 3720.0 76175.0 -12.204531157236778 -0.04450325701945529 177815.39205134683 -13.124923379122567
