test_CNN/outputs/tables/00763_am07060m0s0_sources.ecsv
# %ECSV 1.0
# ---
# datatype:
# - {name: id, datatype: int64}
# - {name: x_centroid, datatype: float64}
# - {name: y_centroid, datatype: float64}
# - {name: sharpness, datatype: float64}
# - {name: roundness1, datatype: float64}
# - {name: roundness2, datatype: float64}
# - {name: n_pixels, datatype: int64}
# - {name: peak, datatype: float64}
# - {name: flux, datatype: float64}
# - {name: mag, datatype: float64}
# - {name: daofind_mag, datatype: float64}
# meta: !!omap
# - {date: '2026-06-09 15:19:10 Eastern Daylight Time'}
# - version: {Python: 3.11.15, astropy: 7.2.0, bottleneck: 1.6.0, gwcs: 1.0.3, matplotlib: 3.10.9, numpy: 2.4.6, photutils: 3.0.0, scipy: 1.17.1,
#     skimage: 0.26.0}
# schema: astropy-2.0
id x_centroid y_centroid sharpness roundness1 roundness2 n_pixels peak flux mag daofind_mag
1 5.129302562021509 178.60425351962567 0.6316257830103676 0.119899138528996 0.7624552485976638 25 -403.0 -53831.0 nan -0.850786998178028
2 10.244620626871603 197.58713633332425 0.6352458106442554 0.004968654001816996 0.6986387620081744 25 -330.0 -52360.0 nan -0.8562787306270346
3 17.146135199743416 224.5267088086912 0.6391737812076872 -0.0022586104798678155 0.7709336034593336 25 -499.0 -54973.0 nan -0.8059739313371947
4 23.249089463671766 247.62903899889648 0.6287285502838638 0.039417862209624545 0.7277459009568049 25 -401.0 -53012.0 nan -0.8430695576758787
5 29.151993846928477 270.5809753877427 0.6332329902987659 0.011795571654407876 0.7387922433568861 25 -378.0 -53428.0 nan -0.8512501291491698
6 33.14538711143554 286.5903627418556 0.6294558052881994 0.026960622368825807 0.7698149200636627 25 -391.0 -53454.0 nan -0.8548516467150257
7 37.181454875273914 301.5536398626315 0.6354105166216347 0.005062358010648181 0.7611577445638753 25 -482.0 -54505.0 nan -0.8142988045721732
8 40.31232154059874 313.6265718645307 0.628036566061806 0.022410643941088746 0.6930467026998259 25 -502.0 -54107.0 nan -0.8070543160246478
9 44.19271532041863 328.54767402197905 0.6332866660890234 0.002421237195973904 0.7559292583242273 25 -377.0 -52923.0 nan -0.8437159003758864
10 47.168511339955856 340.5625085362285 0.6382121683363242 0.0031415008691606785 0.7466099591181643 25 -416.0 -53913.0 nan -0.8360176555606053
11 50.20402317671977 352.6307569393304 0.6281976378409021 0.02456862247180072 0.7162074728305706 25 -390.0 -53279.0 nan -0.852146502613471
12 55.18447224272651 371.53263237901274 0.6379016875928873 -0.009933965514523246 0.7517875933754847 25 -454.0 -54136.0 nan -0.816329937407386
13 59.099717959605776 386.5731156727959 0.6341447627263352 0.017200207809850196 0.7703017260155661 25 -305.0 -52670.0 nan -0.8746484881334647
14 61.16025992335618 394.60496249828714 0.6293259607627136 0.03128837359633927 0.7591316970355492 25 -434.0 -54004.0 nan -0.842315063750516
15 64.1156874712479 406.5732799628399 0.6330683723925559 0.014051927791508654 0.760947978002349 25 -336.0 -53039.0 nan -0.8683616800281769
16 70.34104460075055 429.49050624069395 0.639180045418966 -0.021638650100319318 0.7341512098579958 25 -580.0 -54704.0 nan -0.7533364093906035
17 75.24272052500444 448.5373220484026 0.6368114511606897 -0.00753910848548839 0.7372088100530017 25 -437.0 -53513.0 nan -0.8161726971269998
18 78.16207396839575 460.55848107959577 0.6338742737111289 0.005259412966012747 0.7673705290912858 25 -462.0 -54310.0 nan -0.8235418800842832
19 81.12701135827282 471.5108588991695 0.6375687696364326 -0.006560589088967381 0.778620947682872 25 -363.0 -53155.0 nan -0.8466734920336048
20 86.0786852459763 491.56639513955895 0.6438131916997352 -0.010249341975961898 0.7078546169843987 25 -262.0 -53092.0 nan -0.8915457553221618
21 89.16771111472151 502.60968706820563 0.6289152237567605 0.041564542715922866 0.7565333031210857 25 -344.0 -52703.0 nan -0.8670447585121493
22 93.0401826732342 518.4922924575218 0.6370802210159854 -0.014115243930287853 0.7849460067338511 25 -290.0 -52931.0 nan -0.8809272177041582
23 96.22582406696773 529.5426083023882 0.6355380523972661 -0.0031565523646367296 0.7458145370803524 25 -462.0 -53890.0 nan -0.8106454726269603
24 99.21558706094378 541.5605676162421 0.6348450947099896 0.009053361987556255 0.7489035228361867 25 -462.0 -53978.0 nan -0.8147029391734231
25 103.13822956198665 556.5550754342934 0.6354553885839177 0.007300673230782856 0.773865468904361 25 -411.0 -53800.0 nan -0.8392350805440147
26 105.21880734190975 564.5521655915062 0.6379449927428897 -0.00826728148421578 0.7256055405420797 25 -367.0 -52806.0 nan -0.8368563236909463
27 108.13601668060632 576.5871730077994 0.6327778178056397 0.01933447535844606 0.7631447207765273 25 -340.0 -52883.0 nan -0.8639627280430267
28 112.20435177874603 591.4741896862893 0.6427917456608774 -0.04059896448927417 0.7310381179269324 25 -429.0 -53826.0 nan -0.8145043078070634
29 114.21917793015076 599.6119842787058 0.6333460371593632 0.015456290877345832 0.7004330628574923 25 -409.0 -53706.0 nan -0.8442179590976756
30 119.23919036364092 618.5432881195494 0.6360676504079236 -0.00166495664421102 0.7476351513489874 25 -413.0 -53093.0 nan -0.8222477152632821
31 133.19148446864943 672.5557274062722 0.6360790257109638 -0.0007367962045839131 0.7378158529587223 25 -412.0 -53581.0 nan -0.8312796230608905
32 137.16233996238716 688.633604187148 0.6277734513000495 0.039093213785609836 0.7479704773034622 25 -486.0 -54789.0 nan -0.8318045069466693
33 142.1898248492722 707.5637627402587 0.6345640895696031 0.007893608873095937 0.7432743695537487 25 -378.0 -53137.0 nan -0.8465680394145382
34 148.07906524615416 730.5603768756991 0.6349777587563316 0.02073584905666501 0.7805144887668446 25 -197.0 -51331.0 nan -0.9057218820627146
35 151.14559376809365 742.5647746131953 0.6370949098440117 0.0010761168122388474 0.7323938326919812 25 -424.0 -54339.0 nan -0.8408791759481792
36 154.20667880153664 753.5747483909437 0.6340759410093658 0.012043647676026515 0.7433390146915356 25 -455.0 -53989.0 nan -0.8196698421915029
37 159.06706452845933 773.4904058441368 0.6391235658795583 -0.02446301369925616 0.7604754288968637 25 -315.0 -53204.0 nan -0.8685530883882528
38 162.3385707471182 784.5867842872516 0.6324916512722162 0.005672804090587157 0.6893517669818965 25 -557.0 -54700.0 nan -0.7781552284051368
39 167.12678272355043 804.5115004328429 0.636797282482448 -0.005318824440758073 0.7861781526341381 25 -301.0 -52233.0 nan -0.8640237580194199
40 171.10667805406408 819.6157811211119 0.6309345725485358 0.027828873179524087 0.7545794424557516 25 -425.0 -54458.0 nan -0.8536154807582328
41 174.26327181494398 831.6037434517652 0.6297819437110531 0.15092564760078145 0.7220447351868369 25 -488.0 -54118.0 nan -0.8125979136535753
