test_CNN/outputs/tables/00827_b43154m0s0_sources.ecsv
# %ECSV 1.0
# ---
# datatype:
# - {name: id, datatype: int64}
# - {name: x_centroid, datatype: float64}
# - {name: y_centroid, datatype: float64}
# - {name: sharpness, datatype: float64}
# - {name: roundness1, datatype: float64}
# - {name: roundness2, datatype: float64}
# - {name: n_pixels, datatype: int64}
# - {name: peak, datatype: float64}
# - {name: flux, datatype: float64}
# - {name: mag, datatype: float64}
# - {name: daofind_mag, datatype: float64}
# - {name: aperture_flux, datatype: float64}
# - {name: inst_mag, datatype: float64}
# meta: !!omap
# - {date: '2026-06-11 12:15:11 Eastern Daylight Time'}
# - version: {Python: 3.11.15, astropy: 7.2.0, bottleneck: 1.6.0, gwcs: 1.0.3, matplotlib: 3.10.9, numpy: 2.4.6, photutils: 3.0.0, scipy: 1.17.1,
#     skimage: 0.26.0}
# schema: astropy-2.0
id x_centroid y_centroid sharpness roundness1 roundness2 n_pixels peak flux mag daofind_mag aperture_flux inst_mag
1 606.1629404747193 30.565204140761267 0.6034506683745348 0.3002952423382466 -0.11577121995421838 25 1231.0 14221.0 -10.382325341056813 -0.3374177990856706 21650.565852171694 -10.838673128543823
2 298.70014077355404 63.886742413790245 0.3884540539304635 0.11154158269684311 0.7284357211126762 25 957.0 14363.0 -10.393112901187987 -0.023798868746634835 30347.65236803621 -11.205312751457182
3 253.11312307461324 244.34724087137747 0.5476451729222254 -0.2029760284238687 -0.8064310550322422 25 1197.0 15714.0 -10.49071687202219 -0.2013377682804131 34571.3095568068 -11.346789577184266
4 549.258382441904 291.1723973346634 0.49128589086921054 -0.03793751157010239 -0.3248687547291876 25 697.0 6767.0 -9.575990441208672 -0.02023566528739871 8793.853831214718 -9.860448106579572
5 443.0941909332931 328.8599958368685 0.43071329391177643 0.010722010515991287 0.01701658235952859 25 1358.0 19996.0 -10.752357820201382 -0.3371905243724501 27830.49386382918 -11.111302282852066
6 689.19626114293 337.49839586473337 0.559376248619959 -0.4660058613863385 0.39470691796524654 25 1169.0 16753.0 -10.560231471235667 -0.06509597604810628 37780.03737992542 -11.443155958202713
7 292.72958837927973 382.5651884151893 0.47144688861917994 0.1739978299711244 -0.09717116422200006 25 1437.0 15742.0 -10.492649770150521 -0.7458165954855234 18359.30817128427 -10.659640779437758
8 288.74202346443 408.52300710961435 0.439348405547247 -0.5101075456823884 -0.4741717658305873 25 1160.0 16106.0 -10.51746923689102 -0.25220929081736737 20723.932138156364 -10.79118040373076
9 176.25841596665546 426.5233375807406 0.4658874490779801 -0.2893973178361142 0.5897262656604846 25 1384.0 19964.0 -10.750618902985211 -0.35143529414823244 29077.858883898498 -11.158906061421565
10 281.7291142296928 426.11754126260456 0.3831313878851919 -0.4439848257095675 -0.5162084407607467 25 951.0 13469.0 -10.323338382291222 -0.07841347927631998 20221.364171213223 -10.764526126412166
11 725.8227770086633 443.592222598628 0.45493146348195085 0.11671895746159448 0.19591538305544193 25 1029.0 10731.0 -10.07660048717158 -0.48464892224788364 13665.859701719211 -10.339092394493319
12 263.97802799540386 514.2908024948698 0.5172633700053031 0.5199534567309013 -0.13461445914496167 25 586.0 4048.0 -9.018101259579357 -0.01893354188635146 2009.0966262154295 -8.257502060913717
13 162.7632176871973 613.3348601272359 0.4790428086351716 0.04770614818497699 0.03492059398667713 25 726.0 7773.0 -9.726471669263718 -0.03653672596169824 12312.860699061343 -10.225897415326092
14 664.822538305023 656.2577617453194 0.40043155280987697 -0.3870338775696409 -0.167934728100861 25 717.0 6712.0 -9.567129869551609 -0.22331454650806185 7984.8636296569675 -9.755668758483308
15 508.30709225402956 778.4431438871399 0.4709300774489847 0.4950061797070901 0.3441293973820059 25 1500.0 15492.0 -10.475268720785113 -0.8020641883337842 15665.017124799619 -10.487327184958117
16 483.4862040100077 811.8372676597155 0.5936387565692693 -0.706762986515363 0.17692483503838755 25 892.0 8610.0 -9.837507878634138 -0.15632335103688652 10192.65235224867 -10.020718029215663
