test_CNN/outputs/tables/00891_b44094m0s0_sources.ecsv
# %ECSV 1.0
# ---
# datatype:
# - {name: id, datatype: int64}
# - {name: x_centroid, datatype: float64}
# - {name: y_centroid, datatype: float64}
# - {name: sharpness, datatype: float64}
# - {name: roundness1, datatype: float64}
# - {name: roundness2, datatype: float64}
# - {name: n_pixels, datatype: int64}
# - {name: peak, datatype: float64}
# - {name: flux, datatype: float64}
# - {name: mag, datatype: float64}
# - {name: daofind_mag, datatype: float64}
# meta: !!omap
# - {date: '2026-06-03 17:16:50 Eastern Daylight Time'}
# - version: {Python: 3.11.15, astropy: 7.2.0, bottleneck: 1.6.0, gwcs: 1.0.3, matplotlib: 3.10.9, numpy: 2.4.6, photutils: 3.0.0, scipy: 1.17.1,
#     skimage: 0.26.0}
# schema: astropy-2.0
id x_centroid y_centroid sharpness roundness1 roundness2 n_pixels peak flux mag daofind_mag
1 273.93159759954904 42.06853759880571 0.505582914127934 -0.3741423695330293 0.0858748977464917 25 499.0 2800.0 -8.617895078355549 -0.34645437576351323
2 681.2593209147975 52.56855584488607 0.4472305954054305 -0.1001317659070304 0.11956569026690655 25 786.0 8587.0 -9.834603657246802 -0.5283827354504351
3 400.52390563714374 55.70588919905934 0.4501476092046647 -0.5623328182203503 0.2740348929524164 25 554.0 6462.0 -9.525917384204064 -0.10344277132200697
4 125.59219994046268 87.89337158546196 0.4518901300776282 0.47648085763514597 0.517851346090271 25 2549.0 53599.0 -11.822891717770487 -0.3463231561469126
5 109.69798668258056 98.97134291004078 0.5560864541717251 -0.1959410278110167 -0.15752624690326747 25 1896.0 36782.0 -11.414088350139108 -0.30056975703038646
6 668.6279024504738 122.22479642443156 0.480829099518947 0.07830514685250212 0.2736452669056717 25 846.0 8860.0 -9.868584304717627 -0.6036735061098298
7 688.6949001009915 124.43667605006452 0.49743407932142997 -0.6408217069688075 0.3968111517261344 25 944.0 13202.0 -10.301599321038918 -0.3737945824645126
8 437.90422082114515 137.88022256362038 0.5796863897847423 -0.12441507928198509 -0.06071595825994938 25 575.0 5251.0 -9.300605045717642 -0.18846493662804398
9 705.435328788029 142.57858136864303 0.5507764332099558 -0.03280820595562402 0.2128958563514142 25 577.0 3834.0 -8.959130271355109 -0.4040344455789075
10 698.1649461432244 190.47795720934798 0.6651042855378784 0.7698685820303358 0.5058799929540031 25 706.0 5071.0 -9.262734026369683 -0.42864991219881077
11 607.2953290741668 245.82008389722213 0.5269858418306201 0.6666411895494916 0.23333038657212138 25 656.0 5526.0 -9.356027201451232 -0.47183703202645866
12 789.6447902303114 268.9189249679647 0.38523899394910677 0.3038734196076718 -0.10286818834006206 25 760.0 7153.0 -9.636220562611076 -0.7338156074508938
13 261.64320422996667 297.2901260623248 0.6218530903671685 0.13002957850358898 0.23371647640947177 25 692.0 5398.0 -9.330582200551245 -0.4202485059139324
14 168.11636975320778 372.31170383936677 0.413635944366913 0.04055651424990651 0.11365456197649723 25 444.0 3801.0 -8.949744674007759 -0.19279328879195767
15 809.6006597478765 434.23264818029753 0.5894175269281218 -0.07371664383037303 0.4274279188861336 25 728.0 6886.0 -9.594917545921636 -0.36356809848580607
16 317.8223665937273 675.0786488770412 0.4586135188192413 -0.07431661458376512 -0.23294213630992586 25 644.0 7437.0 -9.67849445371871 -0.2179844024386056
17 626.2031935596954 679.5449748289421 0.3618712542237598 -0.2593762939256311 0.19312700223844875 25 531.0 5637.0 -9.37762008705047 -0.24740524837771657
18 215.3832850349973 687.6722454337562 0.45297805953193826 -0.1838488179087699 0.008664040694346911 25 501.0 4843.0 -9.21278617261635 -0.1823295542776256
19 227.86968248422974 711.5930218953177 0.7206531887604952 -0.12751225587497791 0.46382026395680637 25 468.0 2572.0 -8.525677410630461 -0.03577953339557681
20 641.7819874373694 768.0344744684847 0.40930869718258195 0.7568217612621814 0.5644167123666598 25 985.0 14234.0 -10.383317403727265 -0.45046970687588866
21 62.008253401024476 788.2298809954416 0.5196805422658113 -0.14021616314431976 0.6796523021086385 25 564.0 5609.0 -9.372213600023793 -0.16033848620175095
22 594.8766385568096 806.7449481214752 0.43665967971156344 0.22657168390087448 0.3468474939461501 25 475.0 4925.0 -9.231015587084077 -0.10405996842988234
23 642.9981062933831 816.2941510874019 0.5417056498959479 0.3260053474132339 0.35194761984353484 25 393.0 1915.0 -8.205421945761604 -0.09982174262450093
