test_CNN/outputs/tables/00918_b44588m0s0_sources.ecsv
# %ECSV 1.0
# ---
# datatype:
# - {name: id, datatype: int64}
# - {name: x_centroid, datatype: float64}
# - {name: y_centroid, datatype: float64}
# - {name: sharpness, datatype: float64}
# - {name: roundness1, datatype: float64}
# - {name: roundness2, datatype: float64}
# - {name: n_pixels, datatype: int64}
# - {name: peak, datatype: float64}
# - {name: flux, datatype: float64}
# - {name: mag, datatype: float64}
# - {name: daofind_mag, datatype: float64}
# meta: !!omap
# - {date: '2026-06-03 17:16:53 Eastern Daylight Time'}
# - version: {Python: 3.11.15, astropy: 7.2.0, bottleneck: 1.6.0, gwcs: 1.0.3, matplotlib: 3.10.9, numpy: 2.4.6, photutils: 3.0.0, scipy: 1.17.1,
#     skimage: 0.26.0}
# schema: astropy-2.0
id x_centroid y_centroid sharpness roundness1 roundness2 n_pixels peak flux mag daofind_mag
[from data line 104]
105 159.07566067338064 284.6872754758586 0.4298360444544307 -0.3710868899718625 0.02724696924460896 25 212.0 2106.0 -8.30864591712367 -0.13660527099743272
106 107.43992670524564 290.6099613109436 0.47029792297560596 -0.7399147455431331 -0.09632122700864544 25 407.0 4157.0 -9.046950061265537 -0.7890320448158463
107 832.7039912653198 296.3362699587876 0.4596291037073161 -0.6945728917331372 0.01150868485215257 25 308.0 2485.0 -8.488315982673377 -0.7101175631861835
108 414.65118179632384 300.1260499902854 0.5000139149057301 -0.31963593670640617 0.08788298928773423 25 345.0 3291.0 -8.793319705735934 -0.5849306963961659
109 610.2472140498419 302.72338005133213 0.5664123001060819 -0.3391938004093725 0.09156669155945119 25 224.0 1852.0 -8.169102455864788 -0.15209091731714366
110 785.9401027770084 306.9638310716749 0.5428148322601946 -0.48802386154828914 0.3830319744694943 25 266.0 2090.0 -8.300365715277636 -0.3926682558830418
111 62.59459747914099 309.0191784810061 0.6431840509641852 -0.4943649128483576 -0.036823704520213184 25 506.0 3989.0 -9.002160090774598 -0.9833583924582816
112 330.32441694850024 308.8578976925041 0.4272872931419228 -0.5575150452405513 -0.10346233395535848 25 328.0 3888.0 -8.974315640635593 -0.5440609838313779
113 426.57467503338063 308.7486523302422 0.4024455441885146 -0.7746744503368338 -0.30146438520929764 25 250.0 2849.0 -8.636731123098691 -0.25828861823417426
114 338.54890714016005 311.14382735960777 0.5440708214730359 0.7598636475283052 0.5116318343480594 25 242.0 2377.0 -8.440072954320451 -0.13810732023501465
115 149.05921501229082 314.01935207170334 0.5796658701043044 0.16802388146189298 0.22636978562635443 25 357.0 2644.0 -8.555653627034006 -0.679676795160177
116 780.0591025893413 318.85049700812493 0.5679717072650492 -0.28119321009869874 0.39644566706935913 25 577.0 4402.0 -9.109125095543323 -1.2282541085606042
117 716.6383332047899 319.8321515751353 0.4583364005843847 -0.756767897020643 -0.10835165070289451 25 672.0 6948.0 -9.604649524437653 -1.37932178652881
118 52.12091140353843 320.3650512191873 0.44915522320863405 0.17258270785608457 0.19087583166742828 25 200.0 2040.0 -8.274075418564747 -0.06993637006815563
119 393.762303719394 321.0114871242866 0.5845089506002609 -0.9336623558131203 -0.3980019763613718 25 433.0 3666.0 -8.910481151565495 -0.8664470087576832
120 30.54155909558908 321.95712023630006 0.4320952598958869 0.1306455612927223 -0.04516038317130476 25 403.0 5122.0 -9.273598935331028 -0.6863255245872846
121 530.740745572659 321.89016316664487 0.4201084385658463 0.09822498944855186 0.5653275676663763 25 660.0 8622.0 -9.839020046294673 -1.1240221438222477
122 731.227158302917 325.7825469526727 0.40694116261655316 -0.6646988426980693 -0.11464048853494287 25 772.0 8635.0 -9.840655854758694 -1.4794590661391551
123 194.71870400122205 328.87888863035397 0.48007247435775363 -0.21726067580952788 -0.036648502258280376 25 173.0 886.0 -7.368584304717627 -0.17361040537220818
124 680.2483206870248 330.06292718397475 0.4248050309762189 -0.6835354453149887 -0.16801189174477504 25 180.0 1629.0 -8.029802710771273 -0.12238095218312528
125 790.235783508013 336.0194596975536 0.5658731950014632 -0.2932373585760673 0.2775074867498384 25 269.0 2510.0 -8.499184303702595 -0.264706313305837
126 829.4741183281778 336.1610588998547 0.5326749640359298 0.6257389965731663 0.48312136274325296 25 275.0 2586.0 -8.531571301360938 -0.3560514039520746
127 265.98350686015266 341.19447327914884 0.44118155006689225 -0.6667919940476034 -0.1181649589051871 25 534.0 7357.0 -9.666751890106248 -0.8051509977074569
128 628.0334246333891 343.9768553047797 0.5484445251475261 -0.6528600097364059 0.26599002758586965 25 279.0 1849.0 -8.167342277897932 -0.4940659515153162
129 461.52248545860556 345.02608412715534 0.524206163088084 -0.10858775385982246 0.31947225678578633 25 221.0 1560.0 -7.982811495886154 -0.30212006851276807
130 213.3105751107071 347.7773347117483 0.39235281347855316 -0.814539939479001 -0.05126339694143575 25 487.0 5537.0 -9.358186308779834 -1.0208467053487122
131 757.2990886019093 350.14014627839725 0.6250785734659206 -0.21237618222054394 0.04218479029051007 25 247.0 1555.0 -7.979325983407141 -0.30713560292058173
132 60.53320284052731 352.54349797091373 0.37790485196819446 0.9360122502885382 0.5345943465361112 25 1069.0 15339.0 -10.4644926186155 -1.604929116559608
133 702.8956305289008 351.86687708631587 0.43477791212670325 0.6069174770243014 -0.21575430570237142 25 248.0 3147.0 -8.744741857283051 -0.08085923129314491
134 388.8663026298618 353.7520529821808 0.4031893843234597 -0.8401736604422151 0.8498142242253384 25 630.0 8539.0 -9.828517533891434 -1.0975764802028
135 678.742629527246 354.3069249751901 0.5064373491217184 -0.6595265259170225 -0.2847715548233434 25 169.0 1230.0 -7.724762778598495 -0.00021906006104176047
136 295.1678136469052 361.9759234592339 0.5421720585662594 0.1796348459529679 0.4551022345818095 25 259.0 2998.0 -8.692079071280652 -0.03208961277790491
137 471.42495577772746 364.7302182265515 0.45527263812397095 0.011370584012003353 0.23134927366021235 25 315.0 3472.0 -8.851449291261135 -0.48672893435127684
138 650.4529137231276 366.27415367341433 0.4846105752290103 -0.8771019766238962 -0.036874272495311874 25 277.0 2056.0 -8.282557775808094 -0.5735744479227143
139 541.8115228007678 372.5606604947651 0.4416929607454017 0.8715230654258708 0.37339532821971794 25 2272.0 31607.0 -11.249458191095645 -2.3209374841190056
140 808.9974612994739 375.3081441537496 0.38873541719538335 -0.7866013368709265 -0.0896957680087064 25 239.0 2753.0 -8.599515528483327 -0.24967162240545263
141 317.76336780048547 377.86774216843344 0.6273870216784249 -0.7320384073851055 -0.015303646190381283 25 797.0 6261.0 -9.491609259462791 -1.4815194948103403
142 179.21712621291647 380.89917611146484 0.5480317106892753 -0.39683141053947185 0.1101005297294644 25 323.0 2538.0 -8.511229044396716 -0.6019549215749114
143 232.46576393313458 381.0505700841925 0.3818459014392174 -0.4233218358966143 -0.13325256032295058 25 272.0 2731.0 -8.590804250349333 -0.5787230684502429
144 343.00797490365613 381.20315882919596 0.4424006671881693 -0.6400144807470635 0.09040247319631628 25 457.0 4146.0 -9.044073244394605 -1.0560156623260772
145 688.1153826282559 386.32030064932417 0.40336690531230723 -0.7865479953325027 -0.29741498201250344 25 256.0 2862.0 -8.641674073559395 -0.3728375224999689
146 754.494163450714 385.8709386024528 0.4317500035908063 0.604631149049253 -0.1894294857019205 25 921.0 10112.0 -10.012092652345775 -1.6611114829954152
147 297.3736266576775 387.31946640489446 0.4163000589983563 0.09086357884235345 0.43885146976859835 25 254.0 2820.0 -8.625622770798403 -0.24209696665147817
148 622.6164478286037 386.9138201763105 0.6337866348246127 -0.22897059634753716 0.025554969468521104 25 201.0 1064.0 -7.567354069897574 -0.19054704578471465
149 527.5745289985622 387.8377480268655 0.4391832245871462 -0.5067972832371026 -0.11777594090174474 25 204.0 2062.0 -8.285721652368744 -0.1444102720632714
150 511.6491018946584 390.13968610395756 0.45130713887637636 -0.49887248132333045 0.1137146387939561 25 660.0 6591.0 -9.547378279100432 -1.3652884496771514
151 650.6642041671887 397.91633812104897 0.6068460052060463 0.3806682235710915 0.5942602233206016 25 207.0 1898.0 -8.195740520228185 -0.028089643490453974
152 634.2546346074477 401.2867159675595 0.31772117663887156 -0.26078060989958735 0.0680463550119907 25 201.0 2120.0 -8.315839652321879 -0.28112265241508694
153 726.5248024821568 402.6312452820843 0.5444288113446447 -0.6100954087699213 -0.050641551214641985 25 501.0 4524.0 -9.138806490633545 -1.0522010796112584
154 421.0760422344324 405.1495320963795 0.4139215187047793 -0.08903534263354343 0.053685906028471404 25 369.0 3990.0 -9.002432239216871 -0.7180691707245987
155 661.2356006526824 408.1407086194973 0.4181328578938656 -0.4232485994734538 0.07541258110722361 25 139.0 815.0 -7.277894021849941 -0.06841665746125629
156 229.65486870780583 408.81233832900597 0.4685435104650967 -0.5486465666280478 -0.12771482456499472 25 311.0 2730.0 -8.59040661760189 -0.6212579107409659
157 129.20578697565682 410.7843646109882 0.7822042133647485 0.4162874481574984 0.2288689666654777 25 213.0 1321.0 -7.802257044036319 -0.0021591138135758177
158 22.897055469410716 411.73251521851114 0.5343210744275924 -0.23919655329855274 0.707782165695495 25 356.0 4321.0 -9.088960665778075 -0.34616862912702506
159 730.8917800834041 412.16742743730475 0.6429476696472324 -0.38628352765966434 0.07571817737682388 25 291.0 1757.0 -8.111929403738237 -0.537458676742494
160 212.19244252068404 413.5389624096836 0.6368244417036576 -0.8386950501735796 0.09720036384933961 25 487.0 4875.0 -9.21993655008639 -0.793587906413551
161 319.79903514980305 413.5200968420537 0.49861678217344596 -0.5991954029562725 0.5884427214325173 25 423.0 4410.0 -9.111096473669596 -0.78807391279637
162 13.266880694218953 420.8636146076673 0.6127153474481328 -0.5215663861805955 0.10512774042301536 25 224.0 2047.0 -8.277794606656265 -0.03375838134824566
163 776.0176414151194 421.13302976988257 0.648837313665831 -0.3859607793555848 0.2812418577718072 25 276.0 1691.0 -8.070359018994354 -0.41913424106443414
164 4.315577318644993 421.6398069792459 0.4142757571454493 -0.32780709714161016 0.23506444647502156 25 622.0 8059.0 -9.765702889430383 -1.1006656745750258
165 407.21344361989367 422.1005883514193 0.5382356341718639 -0.6663450128306895 0.19243223376013568 25 330.0 2471.0 -8.482181863505199 -0.7027205788372805
166 345.83313675148565 424.1548058710263 0.3681082858007633 -0.3823119394291706 0.3709749331197218 25 177.0 1491.0 -7.933694108632486 -0.1948022558099757
167 777.2044053120784 428.1019754883301 0.6077726791941799 0.23207532230904893 0.21036715105228213 25 459.0 3867.0 -8.968435430182664 -0.8655562337405981
168 24.66976637233403 429.7560545212238 0.48649943376739746 0.2585369511157385 -0.48286669784748887 25 706.0 12339.0 -10.228199910572094 -0.6225193594493728
169 310.0339992276213 433.7993057748401 0.4685767754035078 -0.669041434926822 0.16981748227579924 25 350.0 2678.0 -8.569526431689976 -0.8381067841749699
170 54.14459794515674 434.267675284038 0.4103854814353764 -0.14018900777300908 -0.19706169631198422 25 247.0 3038.0 -8.70646942381692 -0.19867329489968802
171 199.3684707336067 441.99804466741807 0.6645448751144047 -0.46680257135547065 -0.2697302478731713 25 239.0 927.0 -7.4176993353612435 -0.4136539138221437
172 727.006936832392 444.63261356497605 0.40299002275599066 -0.047582420770578455 -0.2560409290446997 25 1258.0 17881.0 -10.63097950795311 -1.7631491527795629
173 184.41896767595978 445.97780111037235 0.6055039616494063 -0.794588420164985 -0.13273584482189812 25 483.0 4348.0 -9.095723838535642 -0.8738926557970118
174 753.5858226219844 448.7989506959691 0.5367437596631532 0.11995321681907528 0.1464764149230115 25 447.0 4191.0 -9.05579415208461 -0.8837548580366186
175 744.0264291082881 449.6104526419102 0.6363131595996078 -0.4129142598231575 0.5312710912326458 25 311.0 2192.0 -8.352101374530829 -0.5077795608552694
176 347.5539577400053 452.09656722572373 0.47448825120098 -0.8571432344205667 -0.11475911296064825 25 831.0 7772.0 -9.726331979819363 -1.6382446775847002
177 825.6617297216076 453.9372307353478 0.4191390774804405 -0.7518094459781884 -0.195356731263678 25 468.0 4086.0 -9.028245905741073 -1.1668879489586366
178 733.4910589985103 456.8386748644146 0.5498527956406172 -0.408999879511627 -0.37419881034128205 25 550.0 5615.0 -9.373374401493692 -0.9519282817428396
179 806.4710332066286 456.87631048341126 0.500987165350014 0.5459030683192454 0.7133060007185331 25 257.0 2996.0 -8.691354522568572 -0.05484271921147456
180 775.8233237310236 457.9956126539073 0.47276828706863117 -0.5267199969737618 0.03339993012134922 25 328.0 2841.0 -8.63367808430734 -0.6575028838906258
181 187.84080556813757 460.0029065144967 0.44006133429764244 -0.6750380231444031 0.10125159556204297 25 1031.0 12768.0 -10.265307185016635 -1.6343538971867373
182 611.5214274543201 460.51249238308475 0.4331994324407198 -0.19225177315618505 0.519030706451943 25 552.0 7188.0 -9.64152017109234 -0.9104389973526443
183 687.0601145235571 461.07895105627125 0.44940094867874586 -0.5652332750548229 -0.1622334457192003 25 496.0 5525.0 -9.35583070589287 -0.9520305691443509
184 596.9777807867052 464.9293720583126 0.4871714822041258 -0.742504254402569 -0.06302139746822057 25 149.0 928.0 -7.418869940547155 -0.007551290222935089
185 831.814660157856 465.23174026186507 0.5682469304006463 -0.29676775445804027 0.575466537148267 25 326.0 2974.0 -8.683352410464838 -0.49440379507130794
186 372.96732160934454 465.7631306545941 0.6390600528097959 -0.20733096034283235 0.2503582873454815 25 749.0 5859.0 -9.419558745018792 -1.397898173084584
187 686.2146960717843 474.6730114615119 0.4821527914681793 -0.1710217269391766 -0.28041678924137087 25 653.0 7941.0 -9.749687990052527 -1.0861674780259254
188 59.70104994658718 477.6792677917022 0.3874467893407724 -0.6740020990498631 0.3963524604300032 25 289.0 3644.0 -8.903945920752403 -0.37951621746253045
189 148.1465851296306 478.13350845700336 0.5032394102909132 -0.29985172464316256 0.16390443510217423 25 300.0 2416.0 -8.457742324872736 -0.5846721570224337
190 670.716586461507 478.1592922810937 0.5493286287977158 -0.46916932709106474 0.01949122784185497 25 413.0 2796.0 -8.61634291768411 -0.9649249530425463
191 77.91867075121756 480.0275697693608 0.5115724500658005 -0.8443477175921225 -0.6240106089704511 25 344.0 4331.0 -9.091470459324606 -0.37423624836822444
192 262.43423588245093 481.9023605726631 0.4772630270092475 -0.6561156337250095 0.14484234101924018 25 856.0 9905.0 -9.989636199686414 -1.492977687168561
193 809.6493633255986 483.85621678322394 0.47352263319608967 -0.3767847408825478 -0.1343457698312437 25 157.0 1122.0 -7.624982142300356 -0.0423237093573659
194 642.9673512208669 488.83237644554765 0.5021162416683991 -0.07494337206098652 0.1878880579585077 25 467.0 3935.0 -8.987361841737709 -1.0650152263135195
195 214.51284740162563 490.2163078489776 0.6361968946709092 -0.40911934532924255 -0.0740048117273382 25 255.0 2399.0 -8.450075619919577 -0.130835548267537
196 653.1827132516648 490.49042478657736 0.559821038166068 0.1035722418717297 0.5653242431806913 25 214.0 1774.0 -8.122384038739268 -0.1852995800725919
197 681.9400565448979 491.10995685201857 0.5191360792051415 -0.5588201057849339 0.03179290766142725 25 460.0 4055.0 -9.019977146367937 -0.9885243886565656
198 773.2405756266767 496.2937990291296 0.38866989591466883 -0.7931748902423242 0.1991101692132928 25 234.0 1954.0 -8.227311398456886 -0.4836311008203526
199 703.1217053211977 498.005340439976 0.6119861164863717 -0.6146362154739906 0.3554586362763079 25 365.0 3278.0 -8.789022373086201 -0.5754082111782933
200 718.3127806591034 498.11811916410977 0.5314548828488797 -0.44435759780487033 -0.13388444027162716 25 136.0 318.0 -6.256067799961081 -0.029347245841006606
201 322.49071607661074 501.1258172994422 0.4550990596571596 0.2820002703676862 -0.04613317824403937 25 572.0 6990.0 -9.611192939364203 -0.9226313763507661
202 550.5178396514623 505.0793886539016 0.4059629112488508 -0.47948420192579233 0.26771766929825835 25 125.0 600.0 -6.945378125959109 -0.10910350304162202
203 58.42959907867615 507.28100115682105 0.48594121644114835 -0.4165479907216454 0.1311975190354787 25 430.0 5446.0 -9.340194092509865 -0.555255144565963
204 455.3943939699306 508.3244952178613 0.5906446617475363 0.16471232940923466 -0.10086087353584264 25 241.0 1992.0 -8.248223335219201 -0.14651482706166766
205 243.16198935631937 508.4932838500523 0.3574696665380773 -0.5381685226990166 -0.21324049992689018 25 222.0 2935.0 -8.669020263959084 -0.09547680985458475
206 381.6550682209844 512.7804882564411 0.3712537367424024 0.22046013069526546 0.3582132524041044 25 258.0 3147.0 -8.744741857283051 -0.25337850170137877
