test_CNN/outputs/tables/00918_b44588m0s0_sources.ecsv
# %ECSV 1.0
# ---
# datatype:
# - {name: id, datatype: int64}
# - {name: x_centroid, datatype: float64}
# - {name: y_centroid, datatype: float64}
# - {name: sharpness, datatype: float64}
# - {name: roundness1, datatype: float64}
# - {name: roundness2, datatype: float64}
# - {name: n_pixels, datatype: int64}
# - {name: peak, datatype: float64}
# - {name: flux, datatype: float64}
# - {name: mag, datatype: float64}
# - {name: daofind_mag, datatype: float64}
# meta: !!omap
# - {date: '2026-06-03 17:16:53 Eastern Daylight Time'}
# - version: {Python: 3.11.15, astropy: 7.2.0, bottleneck: 1.6.0, gwcs: 1.0.3, matplotlib: 3.10.9, numpy: 2.4.6, photutils: 3.0.0, scipy: 1.17.1,
#     skimage: 0.26.0}
# schema: astropy-2.0
id x_centroid y_centroid sharpness roundness1 roundness2 n_pixels peak flux mag daofind_mag
1 437.89391996259513 6.532037997250322 0.5041470429508318 -0.8747199314102884 -0.036499729244930085 25 245.0 2262.0 -8.386231501473592 -0.3048163067752366
2 428.2558011979301 10.452980882120764 0.6040385331844927 -0.5527505653577534 -0.2487634952219663 25 515.0 4613.0 -9.159958636520667 -0.985712601644724
3 464.4390801839417 10.293035931975972 0.36868825857927173 -0.2588902382058775 -0.0315783396352968 25 657.0 7235.0 -9.64859633863764 -1.41324788620043
4 519.8382297744232 13.050961232447492 0.46083936503152495 -0.5358440126016342 0.12485319183285369 25 657.0 6796.0 -9.58063342549252 -1.3325347923495783
5 797.3824680047492 13.055392745209886 0.6210447719929367 0.1892769939356477 0.22155780796335073 25 821.0 6993.0 -9.611658820600598 -1.4647406944343815
6 719.5410778412048 14.058453502635427 0.4083141478708096 -0.1938462317806809 -0.14199318520729887 25 605.0 7917.0 -9.746401612349281 -1.0623540096141229
7 324.3461826477383 20.202154798980416 0.6548532598087523 -0.6583671525729174 -0.06225104337647467 25 299.0 3039.0 -8.706826750199857 -0.26413393314281075
8 1.5721859792311657 23.066400793449766 0.36385716601072704 0.24179235798692933 0.7625811303500672 25 256.0 3374.0 -8.820362695632767 -0.24079067758765899
9 95.19253010289013 23.726074839624676 0.6432575164012156 -0.2152824251079323 0.2989821959125007 25 230.0 1729.0 -8.094487483184807 -0.11683726011723247
10 145.54726033071128 23.408852423672833 0.4171082950812289 -0.07858566547357687 -0.039010595373702855 25 264.0 2684.0 -8.571956278742386 -0.4405635848452253
11 774.9783812123455 24.905656818259267 0.6997848613253376 -0.4123142190581926 0.044761030579216286 25 291.0 2268.0 -8.389107625552173 -0.36544604959450805
12 239.8599135513696 30.487019813687997 0.4037103436277823 0.47251717439588303 0.2989150139214518 25 648.0 7857.0 -9.738141882862237 -1.1965698325285308
13 17.045409714396378 31.988441601997415 0.5429889898522211 0.3912223941695892 0.05028053857021592 25 501.0 4930.0 -9.232117298193076 -0.8936224822136758
14 799.1547651309612 36.510074424012245 0.47718876199567506 0.14549769029975557 0.19739248251241479 25 674.0 5951.0 -9.436474875661986 -1.4276909552989734
15 666.9335123000888 38.990565535004315 0.4671179958710958 0.10919468600352161 -0.18618163438951538 25 846.0 11212.0 -10.124207722720621 -1.2489336222611653
16 789.63531651919 38.950487741785416 0.46779596456337336 0.4910045867578198 -0.14377958821810413 25 1112.0 12711.0 -10.26044929680163 -1.7303545120160058
17 371.43395542959473 46.97900579037057 0.48963075028746256 -0.8973616750530387 -0.25825028281578016 25 327.0 3365.0 -8.817462671399989 -0.556509743006208
18 519.2663635139075 46.757915686325646 0.4733748174591211 -0.23823160084731768 -0.04644829633341683 25 260.0 2875.0 -8.646594622564123 -0.21086774464230246
19 205.52702254935147 53.105332053663695 0.40400521121492855 0.20091153739611944 0.4784570441060082 25 668.0 7872.0 -9.740212713558213 -1.2752193977701298
20 150.7567886630989 55.24675540694064 0.44137805325602925 -0.7838302189933773 0.12842624901944577 25 378.0 3549.0 -8.875264998368982 -0.8489894335861125
21 798.8913598115358 56.783610304844046 0.5758227654024193 -0.16250502063624164 0.6489357238819154 25 239.0 2329.0 -8.417923721336702 -0.14156647518839044
22 698.0537990272703 58.32182698718284 0.496162662462828 -0.2728729566767753 0.20245784311261986 25 197.0 1766.0 -8.117476748103874 -0.08795992119003034
23 262.8476611311916 59.94721622765361 0.585264128782788 -0.14989550816848507 0.09031462412714653 25 483.0 4033.0 -9.014070555019046 -0.9495795376650131
24 108.13907901907766 60.81893252439002 0.48822552920937745 -0.5723163774765823 0.15905517316900095 25 559.0 5364.0 -9.323721922948904 -1.172179430864311
25 82.85107858005694 61.68598987941917 0.5314077359692163 -0.7274690925569395 0.16189685894937178 25 519.0 4817.0 -9.206941615786086 -1.0360484643149754
26 358.1910695435143 63.2922354593868 0.47715182126292427 0.3106962889731062 0.5823833073019928 25 414.0 5197.0 -9.28938179205715 -0.4794665052445305
27 601.4348391436296 63.40885552403917 0.45734655662518725 0.8602681504004999 0.20928190571517324 25 1127.0 15286.0 -10.46073463812239 -1.6101114254418645
28 3.7802082786669375 65.34785064205056 0.5438401228877798 -0.6089608661354691 0.5759491263894694 25 418.0 4108.0 -9.034076087313101 -0.726046750550784
29 562.8073115586302 68.69635489747415 0.4556729924113719 -0.24883206527120733 -0.12332652002132716 25 483.0 4335.0 -9.092472754530572 -1.1327036944310422
30 665.4117707028996 71.65508371156717 0.4164431471622163 -0.11519698503841777 -0.45377467814162054 25 151.0 1305.0 -7.789026279185749 -0.009353765242299238
31 651.0426999757416 78.10097477072526 0.6446502050703515 -0.09364293805798801 0.33523467944070007 25 204.0 1385.0 -7.853624433501168 -0.08656962462378429
32 585.0773692761134 78.43950231158904 0.3585342361870397 -0.7460274418730344 0.00735301743492869 25 305.0 3886.0 -8.97375699065941 -0.468964914868814
33 657.9157636406571 80.46503349270064 0.5279482856079535 0.369075003691154 0.6114842711651969 25 336.0 3629.0 -8.899467420501392 -0.43327369632845864
34 361.9871596697761 84.4456804167894 0.6519307031643683 -0.44102205473685824 0.22036461704359153 25 326.0 2286.0 -8.397690565148157 -0.5251301577577389
35 512.8068929814527 84.40475723152868 0.39466879814950123 -0.16014374046470706 0.07578878902526463 25 1033.0 17607.0 -10.614213410583089 -1.0903549215579325
36 224.7030032147918 88.87685006965867 0.6002999703481255 -0.5682510389549127 -0.3115131506054372 25 333.0 3154.0 -8.747154222482209 -0.4974817460642928
37 237.86649896144004 91.79568526059482 0.5733808955901201 -0.3623006351281343 0.18987846291201213 25 374.0 3656.0 -8.907515467654484 -0.5683969364684534
38 394.6617193266762 92.10785726376832 0.548996908805698 -0.7484709670373055 -0.08224697862397816 25 756.0 8104.0 -9.77174858088056 -1.2811670243830828
39 647.9657125408947 95.23532977025715 0.6001080935980558 -0.7297371652277417 0.6831681769789215 25 358.0 4431.0 -9.11625437507903 -0.30876862571399827
40 195.35409393189545 95.63784341080279 0.46641241745891276 -0.6019392267419329 0.13685896099975428 25 287.0 2462.0 -8.478220121488244 -0.5635342305256327
41 773.1613041072569 95.96797334711708 0.5078191908525633 -0.04110721125704997 0.21257828719314034 25 316.0 2871.0 -8.645082981241266 -0.5630435551752984
42 657.3618014661021 97.86952488613822 0.41289560003741077 -0.0026871981508290407 0.3616768688225699 25 193.0 2363.0 -8.433659304080923 -0.016347001467455442
43 541.4645501849275 101.29865045679361 0.42231920816219104 0.4643799353491965 0.11664049454975892 25 196.0 1822.0 -8.15137093159245 -0.17145319915510238
44 756.9468252056295 103.44244828252052 0.4153102710721684 -0.7992546837208317 -0.10517480676561747 25 538.0 6419.0 -9.518668439210694 -1.0165222440569683
45 155.6537944186422 104.90942931458987 0.6818931593277512 -0.03678566527626432 -0.3849663482407464 25 385.0 2565.0 -8.522718423619587 -0.6656082610667253
46 822.9221925735711 108.7088654314536 0.425634756686657 -0.04498697408317418 0.007689514251641034 25 665.0 7971.0 -9.753782022824849 -1.1879658712000853
47 110.84678585814368 109.6189280583035 0.49671383219520365 -0.24191205222976855 -0.1593802586482712 25 337.0 3169.0 -8.752305597975752 -0.5932436564649166
48 468.9013834114394 113.69815180547738 0.7398809535929152 -0.47575372494706464 -0.258854944262008 25 403.0 2751.0 -8.598726475974209 -0.7066596469085517
49 743.1057772037422 117.32474724328104 0.6916342101555063 0.6817273646416074 0.47732717651093015 25 223.0 1767.0 -8.11809137376691 -0.027298110445167726
50 542.3516687575643 118.62754709421839 0.5004735750634384 -0.4151146991794733 0.1643997531855652 25 273.0 2803.0 -8.619057744400715 -0.40270963061366155
51 580.535321743092 119.3941279860559 0.4966201202375104 -0.447349440118433 0.21183163714092496 25 181.0 1482.0 -7.927120509108273 -0.06981815760870289
52 704.5866884116734 123.81086877111471 0.5400497125252743 -0.7312303219103916 0.08273030786918527 25 187.0 1102.0 -7.605453986289415 -0.25860497876935246
53 425.6461855364403 124.52139548510898 0.5214806750258232 -0.7579425024814972 0.04909838224393187 25 329.0 3231.0 -8.77334239504411 -0.5420966216911354
54 786.0368442240764 125.02031971209358 0.4932508176221088 -0.744567161702587 -0.32483517580326454 25 180.0 1471.0 -7.919031681818826 -0.06163974001011887
55 457.00807263281337 126.9400685476594 0.4229762746221242 -0.4067546142535638 0.128662048813329 25 418.0 4706.0 -9.181629807100006 -0.7976190480416769
56 405.52867812005445 128.7036623406924 0.6059227215395774 0.018381498706788662 0.03136634342836682 25 641.0 6333.0 -9.504023720068297 -1.105628832619011
57 113.75237342604142 133.50324651629933 0.6002637020631216 0.15665901500455126 0.1668846250050883 25 235.0 2023.0 -8.264989706927011 -0.0956989966749963
58 499.702984287687 134.56007304275946 0.5044138603547426 -0.4347086355460989 0.21795776534317515 25 407.0 3412.0 -8.832522556238713 -0.8944880812732507
59 139.65000667497534 135.3502812100689 0.49389656293795753 0.018985358217044692 -0.1160343374654136 25 219.0 2056.0 -8.282557775808094 -0.18717771820663187
60 699.8272624973309 140.23261635697742 0.7131585604845355 -0.05789515520471871 0.1499296313355967 25 424.0 2646.0 -8.556474599628705 -0.8194681333905025
61 733.2222819429666 140.12113809706997 0.4387575342369463 -0.25971522633287264 0.44962493797238745 25 185.0 1956.0 -8.228422126128956 -0.022610084066525253
62 333.3540639871446 144.61710406132934 0.6076773053409444 -0.7720129987611037 0.022063368555664296 25 826.0 6260.0 -9.491435833026074 -1.5807052517010336
63 157.46468320187077 146.82081762223697 0.6194648872922586 -0.6515621563743661 -0.2069042621562453 25 585.0 4669.0 -9.173059684827013 -1.1647748307824832
64 323.42110111108417 146.8188653411082 0.36538614008290254 -0.7900419972329705 -0.042514159454769176 25 302.0 3257.0 -8.782044396412182 -0.6615195256376276
65 616.8858604672015 149.42329876331183 0.5084807697759967 -0.7493144128302205 -0.026644102166640034 25 237.0 2850.0 -8.637112150021276 -0.025852027242294313
66 341.88652380518914 150.44912574151937 0.3624886311307524 -0.24815742070933075 0.0591651634135479 25 319.0 3692.0 -8.918154230884687 -0.5593473854685411
67 167.96261371330158 157.90843904267825 0.6372348418867884 -0.6062037058987674 -0.1816794498519163 25 711.0 4951.0 -9.23673231582871 -1.4018350705097995
68 441.12737406722783 163.74084451494687 0.3830479227291011 -0.5189243696716381 0.26777707615165186 25 430.0 4932.0 -9.232557669809236 -0.8787396635244699
69 763.2534345102468 170.43696698906572 0.5564067488938514 -0.49048204163361636 0.21100862031170203 25 209.0 1560.0 -7.982811495886154 -0.12847388650481764
70 253.12075186124937 175.11263158281972 0.5053830240592335 -0.32147360399456665 -0.04343868483325511 25 239.0 1857.0 -8.172029759349451 -0.32358744255936
71 790.4377258116383 180.58551547762534 0.46458122046505573 -0.6608403705632117 -0.09577508657131378 25 220.0 1929.0 -8.213330569109711 -0.24123335104707216
72 114.9062104241328 181.38465503457994 0.37201566875775355 -0.658639297004046 0.425874600555779 25 583.0 6335.0 -9.504366548048651 -1.3150466633318623
73 34.15791089787836 185.8201379251615 0.47424067057145436 0.035438472444877286 0.3663562341279377 25 183.0 1360.0 -7.833847270925544 -0.10615564005967612
74 289.44156360452774 186.55970021949366 0.5700928241968027 -0.38168786561326823 0.21615364065545953 25 228.0 2234.0 -8.372707921948976 -0.06294695004350243
75 164.11455690326096 193.49004329307576 0.3603309954021985 -0.7857669950134685 -0.3016941093529394 25 609.0 7607.0 -9.703033540637549 -1.1560522792004153
76 542.5512447326968 193.64597370683578 0.5602939772880594 0.02969770450579878 -0.9293237070252052 25 991.0 14539.0 -10.40633634137339 -1.141899286523083
77 833.3928142562918 194.48181680923784 0.6165524936048993 0.4004410763888326 0.7466319135708042 25 195.0 1391.0 -7.858317824980116 -0.02698013189364231
78 460.55474880542135 196.34322244821786 0.3930737287911629 -0.10778996379577001 0.19687859320392612 25 476.0 5953.0 -9.436839706379383 -0.8662458062419369
79 496.8100436646522 196.35618057832502 0.5600214239675165 -0.1385097515987851 0.9451954954882533 25 356.0 4092.0 -9.029839062600306 -0.3692405523671387
80 428.11222151156653 196.87875001629445 0.4137334248668776 -0.30436941596437816 0.34213539767853585 25 428.0 4334.0 -9.092222267459498 -0.9482745187126657
81 805.6746837794509 196.67145006073162 0.4318600902189888 -0.4238601145856542 -0.2727243381989997 25 208.0 2160.0 -8.336134377877327 -0.24134437691831234
82 768.9165326543115 201.4784785370521 0.4652083596895732 -0.4521669698314855 0.22519891173092718 25 486.0 4603.0 -9.157602437234935 -1.0587518138596697
83 665.8294885771223 204.81488217561972 0.49736031303901784 -0.34616459068565425 0.15151802662044764 25 236.0 1978.0 -8.2405657181529 -0.30500643232025143
84 705.4503733957258 215.43787279205404 0.5660996912237114 0.35601023003373455 0.3887154425445946 25 439.0 4688.0 -9.177469007525085 -0.6669556746627665
85 522.2578232410862 224.26968085137645 0.5279190211206263 0.11690622629969791 0.3396301012398753 25 434.0 4269.0 -9.075815387009866 -0.808835677156063
86 700.208586789074 227.53532984971253 0.45236275974767653 -0.29196648866123925 0.32737069967537036 25 219.0 2011.0 -8.258530176491854 -0.23816030753285952
87 426.78190858320147 228.98180737457128 0.39017860776238017 -0.891741778456461 -0.49887330533288243 25 366.0 4412.0 -9.111588759420382 -0.6549245916266301
88 330.1063774317154 231.1010945910273 0.4622562342392573 -0.644677434771123 -0.0918858438332836 25 243.0 2004.0 -8.25474429298802 -0.44144702965075533
89 546.897370538272 240.9285074060475 0.34556666824204185 0.5658806401875015 0.06564343802092767 25 239.0 3017.0 -8.69893827543747 -0.19574261232802792
90 153.67396390295926 242.5894977060108 0.527751564475383 -0.3017893048860454 0.2339725861674667 25 382.0 3900.0 -8.977661517566247 -0.6805948365078568
91 326.8846158390341 244.42444901420978 0.6696570026875747 -0.4669212640444513 -0.45930085763439643 25 264.0 2465.0 -8.479542309033123 -0.0691271910307863
92 428.2867303883089 250.43909714625715 0.45318210743835613 -0.1257892972059284 -0.013790043206096442 25 316.0 3654.0 -8.906921357541297 -0.39424072020033735
93 644.0611962322223 251.08648532167126 0.5334073536181743 0.08206485888550834 0.006156636194150082 25 239.0 1747.0 -8.105732262457327 -0.3174594719207852
94 753.7898847669103 250.68190521658622 0.46383147650820294 -0.20268398273034996 0.10587460691322549 25 398.0 3669.0 -8.91136927938987 -0.8562591206920699
95 485.8136491848639 253.2584792021738 0.4902652380221213 -0.5202686373848436 0.18541976086361384 25 734.0 7290.0 -9.656818820794937 -1.4356254535245696
96 422.04836283976425 255.68163156326386 0.4760303423793428 -0.4348628878696163 0.19040783540394188 25 420.0 4181.0 -9.053200418876038 -0.8190706283555466
97 581.7931361845515 258.58248636612046 0.37194613006691624 -0.3609319631732997 -0.07592688164611106 25 195.0 1999.0 -8.252031985295293 -0.16479255054739678
98 613.3080743762017 260.46131825665793 0.5414114268935973 -0.6305333295306038 0.4837662698327703 25 252.0 3038.0 -8.70646942381692 -0.02756039553329237
99 795.9015566814664 266.82189907745044 0.6934700448712716 -0.18864316985424598 0.1776881647601714 25 202.0 979.0 -7.476956729507844 -0.11429839848842759
100 703.0199479919244 269.8520032319346 0.39749980081528186 -0.011138742251371547 0.3423703753399645 25 802.0 8694.0 -9.848049089637046 -1.5584382803671668
101 111.64734945880069 278.68879777316005 0.7007295937729888 -0.4869520598609762 -0.15058494118623883 25 323.0 2201.0 -8.35655010638337 -0.4679543661767671
102 649.7735662043519 278.9861472262003 0.6417396761638103 -0.30825428051507686 -0.1338862785040458 25 344.0 2726.0 -8.588814628746636 -0.5150282835426699
103 283.85415033383316 279.85345640071796 0.5381434009983472 -0.6309055846681537 0.10666335142020741 25 532.0 4335.0 -9.092472754530572 -1.1393811670867575
