test_CNN/outputs/tables/00918_b44588m0s0_sources.ecsv
# %ECSV 1.0
# ---
# datatype:
# - {name: id, datatype: int64}
# - {name: x_centroid, datatype: float64}
# - {name: y_centroid, datatype: float64}
# - {name: sharpness, datatype: float64}
# - {name: roundness1, datatype: float64}
# - {name: roundness2, datatype: float64}
# - {name: n_pixels, datatype: int64}
# - {name: peak, datatype: float64}
# - {name: flux, datatype: float64}
# - {name: mag, datatype: float64}
# - {name: daofind_mag, datatype: float64}
# meta: !!omap
# - {date: '2026-06-03 17:16:53 Eastern Daylight Time'}
# - version: {Python: 3.11.15, astropy: 7.2.0, bottleneck: 1.6.0, gwcs: 1.0.3, matplotlib: 3.10.9, numpy: 2.4.6, photutils: 3.0.0, scipy: 1.17.1,
#     skimage: 0.26.0}
# schema: astropy-2.0
id x_centroid y_centroid sharpness roundness1 roundness2 n_pixels peak flux mag daofind_mag
[from data line 207]
208 455.7154551556797 525.0825661627109 0.49262751996170057 -0.7790308666949565 -0.47602785035843725 25 173.0 1176.0 -7.6760183043503 -0.04908676396875488
209 747.8455730005087 525.580101574621 0.4597484186681449 0.21740588511260567 -0.23581982535408136 25 276.0 3255.0 -8.781377482260528 -0.2517564760744468
210 21.37398914240884 527.9971046886411 0.6668389449701664 -0.3746542447418757 -0.22747818436435935 25 237.0 2036.0 -8.271944434161803 -0.06829405794756485
211 570.3280240435263 528.0395203230879 0.4444164935568191 0.07446638574464103 0.5586918621523994 25 956.0 15443.0 -10.471829178614358 -1.0419870454110822
212 619.2397880742661 528.1615169806016 0.5423346037250859 -0.2738367964321005 0.15095169832564506 25 709.0 5246.0 -9.299570715635836 -1.503416639332404
213 725.0637005582239 527.1471741531014 0.3983455056279647 0.2879733850829648 0.4139423408321382 25 393.0 4793.0 -9.20151857247947 -0.6551511955111121
214 10.195642298714318 533.0635690830802 0.5532501598917389 -0.4417256805895664 -0.15992785475704163 25 619.0 6398.0 -9.51511058937022 -1.0954469326327734
215 822.0380218645031 533.7577965450571 0.5476569045455736 -0.015445787134952994 0.2767830143718301 25 380.0 3002.0 -8.693526719768128 -0.7831809905588133
216 141.78520956349402 538.3018873750951 0.46073892870844396 -0.6959744835871806 -0.05249446275261063 25 519.0 5301.0 -9.310894510566067 -1.066105520971138
217 331.33425661916567 541.1913416142264 0.5267039132237081 -0.9228134163560954 -0.17802757981270517 25 1083.0 10601.0 -10.063367086274567 -1.8069668790824165
218 608.023795823052 544.4972755468955 0.5321542359444876 0.5839436445807035 0.6038892674080254 25 201.0 1882.0 -8.186549047728096 -0.03319855781810316
219 667.7887582134459 544.8604930084915 0.6377771783714815 0.8444442728477479 0.5691649436096367 25 719.0 6925.0 -9.601049444341216 -1.2034153581777576
220 703.7489665195341 545.8449511745457 0.45656051872317077 -0.698847452298537 -0.4219414265322227 25 776.0 10406.0 -10.043209553900045 -1.2022673625221778
221 17.741758946120473 546.9077585390806 0.6193156759783154 -0.6048442505956778 -0.08503748081872624 25 280.0 2665.0 -8.564243033406477 -0.22198134258374597
222 345.5067714082794 547.0745099455002 0.5027262976660408 -0.7538075550395763 0.016143805754439397 25 600.0 5170.0 -9.283726357734857 -1.2816050233166731
223 812.801332814348 547.1383605022778 0.39184567833103223 -0.3697516034939909 -0.3314757787643778 25 235.0 2120.0 -8.315839652321879 -0.4351924530838491
224 324.8461728687488 548.3737727645844 0.48477466607963315 -0.6850396198261111 0.3008073893210222 25 529.0 5017.0 -9.25111025256938 -1.1308713411347624
225 30.47664705971479 554.1103113281849 0.6977485272314042 0.013858108537790625 0.02179042850677701 25 389.0 3212.0 -8.766938841516609 -0.6310451266711719
226 168.01988460365936 554.7009284335301 0.45599999572284355 0.23169177999149013 0.2881449110468899 25 279.0 2451.0 -8.473358278130195 -0.5004250319836766
227 561.286486627701 554.9801664261253 0.5880723520898485 -0.5715517708292901 0.09343616317262886 25 776.0 6544.0 -9.539608226658165 -1.4650559154466487
228 688.327742372728 555.501221837081 0.6047580999072791 0.1463420531412453 0.12856822970558637 25 617.0 5295.0 -9.30966491110876 -1.1592956574911004
229 574.8222366161422 555.9867014427601 0.5470806607285296 -0.6546857217273259 0.2975998133673691 25 214.0 1147.0 -7.648908544753169 -0.3139737084688344
230 605.2006850611618 557.7729183713066 0.484130534745884 -0.47318056099525857 -0.0024530921320724606 25 294.0 3075.0 -8.71961280027859 -0.46564696562260144
231 270.1246709863412 558.6638625112379 0.5497442326282715 -0.883086163498911 -0.18203803041019626 25 309.0 3310.0 -8.799569984439298 -0.30672094578758613
232 709.788612344536 560.0837335704302 0.5038040262175608 -0.40970212752790836 0.1885237425585308 25 285.0 3057.0 -8.713238596815224 -0.29176105626569515
233 736.9791834021094 560.1521614378421 0.5609776675270904 -0.29168632462822097 0.08455735779598197 25 249.0 2124.0 -8.31788628102358 -0.2361355407740401
234 138.46589426579345 562.3468619786807 0.3561423327419511 0.023479386378596194 -0.01596670818218041 25 509.0 6353.0 -9.507447138338154 -1.028234983557901
235 827.3399287436142 562.6781240824829 0.6048146117594573 -0.6560788511269968 -0.21845523925891838 25 476.0 3682.0 -8.91520946041999 -0.9756002993722799
236 109.78733434526677 563.5235507735586 0.5320400496200173 -0.02917325582421449 0.06068260010886913 25 758.0 8991.0 -9.884519994163268 -1.2323613919074212
237 284.43672815357917 563.5392736266552 0.36336198655125906 -0.8404762076232637 -0.07796189880451915 25 403.0 5721.0 -9.39367986941417 -0.6056184737719693
238 598.621568139086 563.6274108021971 0.5379637168344358 -0.381956029355556 0.29847421776466787 25 222.0 1845.0 -8.164990926237698 -0.18034319863263673
239 388.1328634988307 567.1793635932193 0.484355051960309 -0.5438485086573802 0.33093010554490876 25 210.0 1791.0 -8.132738964622579 -0.15279672688870688
240 778.203608001667 566.678800218375 0.4138116957823963 0.49915518394901937 0.39348827677002063 25 589.0 6318.0 -9.501449053922826 -1.2032916082283753
241 248.14891043701343 568.5160031016364 0.4788804221077422 -0.1312131253411663 0.3065071861439696 25 698.0 8167.0 -9.780156388971257 -1.2451783231489046
242 35.80807582096575 569.3711694572485 0.4914029559744742 -0.4619823239637423 0.24832486976135962 25 749.0 9498.0 -9.944080413114998 -1.2171516174152528
243 257.2722677125012 572.107246262851 0.6322453895293176 -0.6046395435133335 -0.06581345015918723 25 443.0 3977.0 -8.99888897746495 -0.7830638547279
244 724.4303146362984 572.1160506572093 0.4600338865645786 0.24006733947969164 -0.21624676015184702 25 424.0 4904.0 -9.226376153775897 -0.6725978455053915
245 773.1482084396602 577.7732120649913 0.5166532859062039 -0.4635492815044732 0.11303347283790494 25 366.0 2898.0 -8.65524595283789 -0.7817268743854808
246 23.480736536626523 578.9860507948168 0.3694800968462681 -0.1927300484851527 0.2634657364600124 25 519.0 6789.0 -9.579514521685978 -0.9783046464070559
247 585.370960289668 580.0464191621942 0.45053003431665134 -0.5056997474830204 -0.0021307923692170955 25 458.0 4083.0 -9.027448449807492 -1.0529905308130587
248 236.21296956454188 583.0765065606575 0.39010735163704524 -0.31281896854487373 -0.3241674655328781 25 386.0 4983.0 -9.243727217927642 -0.5760107622528918
249 809.2170379423455 582.6173988693589 0.4919042181049015 -0.2775078820458125 0.1326579373680427 25 826.0 8313.0 -9.799394451254736 -1.5419618950035063
250 394.1410962359318 587.1177239498493 0.555620507932983 -0.828425022084213 -0.3982282886921639 25 255.0 1844.0 -8.164402291794026 -0.4321195399248826
251 668.4682975745042 587.2427815584163 0.5789136191811907 0.4461280455357332 -0.7521502353302572 25 297.0 3998.0 -9.004606974455244 -0.005668288441459959
252 353.7852428287043 589.0287722753624 0.42346738875808737 0.027194292619472614 -0.1233425437503916 25 1245.0 19208.0 -10.708705367622427 -1.481335359052003
253 515.8145789445734 606.6501796645618 0.4092037346062372 0.8033328575985841 -0.17230691563677666 25 288.0 3691.0 -8.917860112989143 -0.23263472180000178
254 87.91572391779091 608.2691786743852 0.46101617940934403 0.12309534387820756 -0.2163827818240054 25 235.0 2405.0 -8.452787701774627 -0.18107361629937901
255 137.38542429316558 608.373709392923 0.36136798365937445 -0.2789903190004213 0.06925297570261399 25 372.0 3585.0 -8.886222900009548 -0.9290492184584851
256 311.6165548218329 610.0329949401594 0.5299229768459435 -0.4465419823889706 0.2085747515885007 25 697.0 6464.0 -9.526253369416324 -1.329487616206577
257 723.2253210694087 610.1040901919082 0.5072019544877857 -0.23832738437475426 0.5115577637521884 25 771.0 8723.0 -9.851664681189572 -1.3253752423530543
258 779.3323062283717 611.498169893955 0.5706867695379553 -0.25830402094671306 0.18854065941350012 25 358.0 2591.0 -8.533668532464562 -0.7495152369453457
259 207.28536173548025 612.8072782139213 0.6747214968540133 -0.522687194581916 -0.11007026569704143 25 1030.0 7344.0 -9.664831670482965 -1.777018126367484
260 298.2951704176155 616.0996063913666 0.46474032787066455 0.07950016853304534 0.0813168594122302 25 499.0 6751.0 -9.57342026997205 -0.6810897249493768
261 92.82006620473743 620.2617815793798 0.45523293624796835 -0.8602481059950613 -0.23596195309182003 25 556.0 6568.0 -9.54358286027846 -1.0298986126233087
262 739.2285094857034 623.9403378437578 0.44436327126641245 -0.6684466330981075 -0.11587250047825937 25 415.0 4812.0 -9.205814046669518 -0.7286629077123925
263 521.8605626046065 625.3404529752463 0.409708575169125 -0.4768582654535151 0.16926180326968573 25 536.0 5346.0 -9.320072386051296 -1.23579208892513
264 158.29749945252203 629.0326005671103 0.4017587458708561 0.5025987529852346 0.7942343516553311 25 368.0 5517.0 -9.354257459894349 -0.36610882349186197
265 210.61584372587984 631.8592964658209 0.5024520659382384 0.5148619700135091 -0.5238904073452114 25 251.0 2899.0 -8.655620538387494 -0.038801769083129316
266 741.8257367220782 632.1384215241503 0.45260018594343554 0.4373809653402726 0.4961440741270669 25 508.0 7854.0 -9.737727242335998 -0.497840123312135
267 710.2319023189203 633.2965076181313 0.378049969576864 0.4209191676509483 0.0651655937209123 25 719.0 9130.0 -9.901176943835747 -1.310607248850006
268 660.5584192814381 634.5425027799716 0.3366791595176788 -0.2882852144535686 -0.03440509138277688 25 174.0 1668.0 -8.0554901157543 -0.12542651852514217
269 134.8804602211281 638.5158229231832 0.3978010817068846 -0.676831485818269 0.10137754000596023 25 284.0 3866.0 -8.968154624231335 -0.248013008240404
270 351.8239834126148 641.5714519004956 0.41442924357407357 -0.6738546382278813 -0.2528385694850182 25 838.0 10091.0 -10.009835515434272 -1.5033052571703256
271 13.990312974511218 641.7166476504851 0.5911709648213729 -0.49109316670327036 0.10542630316129449 25 390.0 3346.0 -8.81131484156594 -0.6855380449169024
272 451.95339679949814 641.7022374951758 0.48471898845264194 -0.8594967383839248 -0.05226020009182568 25 236.0 1891.0 -8.1917288221126 -0.30481436231944486
273 479.5818194476115 642.0308185202908 0.44354012144018395 -0.9833074728449263 0.2084390638091606 25 556.0 8018.0 -9.760165129786257 -0.806617619058283
274 414.03821218005186 645.2324926182132 0.3668165347160067 -0.7445272022023682 0.24520842768278198 25 179.0 2032.0 -8.269809259029705 -0.07727827237636843
275 632.285868887679 645.3438817593326 0.3764254712524434 0.4138493699271694 -0.21105300309633188 25 532.0 7039.0 -9.61877741300812 -0.919833586170824
276 242.38395909634664 648.3258917894251 0.4696464255791149 -0.13187280467078316 -0.12459725825041762 25 1271.0 18029.0 -10.63992909682181 -1.6028306377769432
277 666.1502880542613 649.6319904521431 0.37642607297242187 -0.697574769986431 -0.055591936640275064 25 853.0 8207.0 -9.785461083558115 -1.8160149619863741
278 688.112009796672 649.5482773264599 0.5255109632324132 -0.3410967031010626 0.7784194160638909 25 617.0 6486.0 -9.529942360842385 -1.1095632319790136
279 86.4990498609037 655.187545915117 0.6381606615847475 -0.5107266361302801 -0.09324658501385133 25 312.0 2306.0 -8.4071482573967 -0.48017827820118664
280 694.7023176387111 656.5167868515268 0.5381039735634338 -0.27178027990292625 0.12818876796089593 25 543.0 5061.0 -9.26059084327197 -1.094355157598176
281 759.4948283669567 657.633002858312 0.4948665449891138 0.0383837566865699 0.14852104844734648 25 600.0 6149.0 -9.47201123261162 -1.1849737338655002
282 387.3244328489324 660.4168461609354 0.555475517850149 -0.6786009090375554 -0.0631868915114907 25 327.0 2568.0 -8.52398754849204 -0.5898277024666948
283 809.1813318536207 660.4516038332337 0.4805895996242077 -0.39818564182743565 0.03080012174913628 25 214.0 1970.0 -8.236165565403983 -0.16040629580318463
284 173.1478644017854 663.3896807891222 0.48396086048540243 -0.45744477134998346 -0.08558464820956499 25 852.0 13795.0 -10.349304262038011 -0.902361842373609
285 143.1485368326117 666.1699962562909 0.6346091068989348 0.01830179033326433 0.16854717895124274 25 370.0 2250.0 -8.380456295278407 -0.7546715995380167
286 458.9831033303181 666.0088027653513 0.4343346284843489 -0.6914708091260631 -0.10723174675688116 25 608.0 6878.0 -9.593655428714987 -1.160680780335141
287 695.1191995488308 670.391381052331 0.37265228423810826 -0.1256086606200332 0.07228437380729286 25 465.0 5511.0 -9.353076027563677 -0.9438529412907449
288 23.908011550745808 672.8689809694157 0.5664705529658208 -0.2600578207264464 -0.14581324887841612 25 275.0 1776.0 -8.123607403606455 -0.47334252059138654
289 790.1163933703025 677.2005234910197 0.46136057170932576 -0.4300831069975247 0.07847445186041631 25 1171.0 12790.0 -10.267176361196634 -1.8630253342385996
290 109.00840022935928 680.0034461794 0.5194617892886716 0.030082896659518354 -0.3392542612012614 25 187.0 1473.0 -7.920506867106577 -0.12991892767389762
291 585.2350213872497 680.2315788852469 0.5989250171887314 -0.5309118993416155 0.07559978791260953 25 342.0 2756.0 -8.600698033088971 -0.5983677039198405
292 818.6048179565755 682.9218946504767 0.33754987643033396 -0.3217043124514911 -0.19870585416118472 25 565.0 7131.0 -9.632876091119606 -1.1336624581464199
293 766.7548822291368 685.3002547927858 0.4581637318852001 -0.37109771940116465 0.08665562078942922 25 1321.0 13552.0 -10.33000848246658 -2.080968411318135
294 705.3873558471856 686.2795871352456 0.6277789724038437 -0.8151876754783793 0.1037309651369449 25 189.0 1123.0 -7.625949390653645 -0.06813433619383198
295 66.83077021205871 688.2312455901841 0.3793121911503562 -0.7419736994650463 0.08959718356842011 25 348.0 3702.0 -8.921091036042213 -0.7542695218235301
296 783.9286368217349 688.4909865983252 0.501534286647889 -0.23582739597315183 0.2342627269710882 25 508.0 4017.0 -9.00975457932918 -1.1449878355023175
297 184.38526102178173 689.9574176375809 0.4839578563535324 -0.3426409770159798 -0.0024884403462523603 25 483.0 4298.0 -9.083166027888561 -1.0688063850911287
298 811.6430004411179 699.8340891700506 0.5590500522407579 -0.753480403945128 0.0503963710800053 25 229.0 1982.0 -8.24275912537314 -0.15962352593099138
299 382.07901411095037 706.2951450024442 0.5393264281614958 -0.7359000896017085 0.00952299822338548 25 298.0 2628.0 -8.549063402219359 -0.46501796053078526
300 391.954637786769 705.8391515072542 0.4828261832173615 -0.8855770204435511 0.4663034593015148 25 151.0 592.0 -6.9308042668073 -0.1379372607029387
301 407.10899278154073 706.4260399859334 0.42645939720803977 -0.5398725353887454 -0.28922859356655867 25 252.0 2274.0 -8.391976150879291 -0.44309462807495525
302 499.174218560353 706.5642241205094 0.6340834579296928 -0.3560139541409889 0.021985881275085793 25 634.0 6081.0 -9.459937508531679 -1.1198629905236932
303 806.8989111869473 707.8782234453104 0.49941548385673035 -0.19416307726261833 0.04275498778109467 25 463.0 4121.0 -9.03750653631147 -0.9805437132749996
304 708.9806327483332 710.4633106879368 0.5123231713797737 -0.2405244248156315 0.3655777736101979 25 276.0 1872.0 -8.180764611005216 -0.5630124457400681
305 438.8806729809511 713.1021944642915 0.48633426714930944 -0.25098767017559487 0.29335462502839244 25 242.0 1562.0 -7.984202573853204 -0.4116872191505542
306 19.08736559863743 714.6409926967283 0.5840349061472014 0.35051319602698666 0.4030074757076608 25 367.0 3146.0 -8.74439679571817 -0.6399728928341857
307 73.78411136608896 721.733816301686 0.43089217117672884 -0.03118272696706885 -0.05853469324782365 25 227.0 2760.0 -8.602272705163044 -0.05294703805414963
308 295.956502649128 721.4924172342954 0.49062962453815995 -0.6283834329224768 -0.10054039108961628 25 464.0 5966.0 -9.439208122565109 -0.7093918488006039
309 461.13328895361116 725.4318958558836 0.46315355242946116 -0.5416226307753855 -0.13962058298292665 25 840.0 11350.0 -10.137489653822854 -1.2294181442725816
310 546.6151399071098 725.0721724542009 0.5551495785106357 -0.5539924032053687 -0.3038455524088367 25 248.0 1416.0 -7.877658133384376 -0.4451973024065956
