test_CNN/outputs/tables/00918_b44588m0s0_sources.ecsv
# %ECSV 1.0
# ---
# datatype:
# - {name: id, datatype: int64}
# - {name: x_centroid, datatype: float64}
# - {name: y_centroid, datatype: float64}
# - {name: sharpness, datatype: float64}
# - {name: roundness1, datatype: float64}
# - {name: roundness2, datatype: float64}
# - {name: n_pixels, datatype: int64}
# - {name: peak, datatype: float64}
# - {name: flux, datatype: float64}
# - {name: mag, datatype: float64}
# - {name: daofind_mag, datatype: float64}
# meta: !!omap
# - {date: '2026-06-03 17:16:53 Eastern Daylight Time'}
# - version: {Python: 3.11.15, astropy: 7.2.0, bottleneck: 1.6.0, gwcs: 1.0.3, matplotlib: 3.10.9, numpy: 2.4.6, photutils: 3.0.0, scipy: 1.17.1,
#     skimage: 0.26.0}
# schema: astropy-2.0
id x_centroid y_centroid sharpness roundness1 roundness2 n_pixels peak flux mag daofind_mag
[from data line 311]
312 139.09912539823682 728.1974751980465 0.4736358072940621 -0.633372896844247 0.2664830421532433 25 352.0 3096.0 -8.727002380027137 -0.7280830332504631
313 515.4524564722165 732.6838653384409 0.4116013685893716 0.27941246236618006 0.18273408378666045 25 854.0 10754.0 -10.078925080352752 -1.4506128555765478
314 167.19605601129382 740.781853435413 0.6230236938653227 -0.4339499224212325 0.006994545245324648 25 607.0 4796.0 -9.202197936067028 -1.2033556200435822
315 467.5823902109625 740.9660759427152 0.5143464523722906 -0.46345675843240464 -0.019156563496192797 25 168.0 781.0 -7.231627584693251 -0.1414857897379336
316 128.84620264877347 744.2964826759912 0.4631835832337399 -0.46628258723734595 -0.19463114433054407 25 754.0 10756.0 -10.07912698387816 -1.1619534644939273
317 586.8118221893018 744.0939201529305 0.39378148572765803 0.575113283008168 0.8261755085899097 25 979.0 13954.0 -10.361746796607811 -1.4149350040373196
318 310.41134926202994 744.5855105121336 0.46707229017406077 -0.6435635745387333 -0.3529987249679255 25 683.0 8092.0 -9.770139685246917 -1.1740618716747835
319 615.0892875362351 747.4328522728265 0.5322348742648085 -0.6496994919149391 0.06285259504317743 25 432.0 4772.0 -9.19675108749576 -0.6955173741223601
320 80.72997072526253 749.2896785809211 0.5417039441877165 -0.027083751415695356 0.4185639942898733 25 754.0 8817.0 -9.863302101980688 -1.2063978971637042
321 368.63247338245077 748.8816820626215 0.4948825056964107 -0.7004403741048693 -0.09090543530428613 25 546.0 4634.0 -9.164890073634892 -1.1865711575204125
322 448.7358004286898 749.1474939148526 0.5715473497967868 -0.471127556705087 0.4990206200116784 25 547.0 4546.0 -9.14407357847238 -1.1173018851291772
323 493.22503229243154 749.4552629425822 0.4215885838875118 -0.5815825722135406 -0.12182602513676115 25 261.0 2298.0 -8.403375060880666 -0.5154543975732173
324 184.66620758880842 750.395526816928 0.5616896404066665 -0.06777319039738997 -0.4414016661315334 25 204.0 1769.0 -8.119319582274308 -0.01925937587131853
325 376.62436466423816 751.1526345622627 0.3905469463816054 -0.05950841921927623 -0.02925518012600347 25 395.0 4278.0 -9.078101950588772 -0.792531369626748
326 10.317058085200376 752.2717165172344 0.41682941834447657 -0.6240606184601619 -0.20272341856625326 25 204.0 1934.0 -8.216141174367458 -0.19728200171632143
327 384.3960918718158 757.7420506140014 0.5680675899047904 0.3848721684487255 0.4977356679309109 25 189.0 1609.0 -8.016390110247574 -0.02537481648173263
328 461.4685093319723 761.9411231827604 0.38648997151705233 -0.2668768456242059 -0.2265665628133733 25 373.0 4380.0 -9.103685276260249 -0.6509648605735678
329 671.5237737146881 763.5140914761204 0.3608953848549573 -0.38642257302623423 0.18272213231707013 25 769.0 9808.0 -9.978951142935848 -1.4214126258361017
330 711.2215518004068 763.4007293329694 0.5142933630662264 -0.7486062160967586 -0.3526503442205525 25 1057.0 14351.0 -10.392205411098441 -1.3855070484346417
331 638.1865315959884 765.1117356988683 0.47920009765649085 -0.9343376917092511 -0.3867132355305494 25 350.0 4062.0 -9.02184979767197 -0.5017361836819036
332 106.63298273176913 767.640377691279 0.3910583171698838 0.3052061499050681 0.3389349086134702 25 259.0 2844.0 -8.634823980144322 -0.3694425657547993
333 790.607634754213 769.7326795212713 0.4610500108142435 -0.9790872537950541 -0.35910783924984857 25 344.0 3967.0 -8.996155501185378 -0.5069593416239216
334 670.2852951484656 775.132350604882 0.5944079093311384 -0.1733391254669569 -0.020808936108204265 25 287.0 2149.0 -8.330591038728608 -0.4016609932383639
335 212.26939871770398 776.0184182219049 0.43772285081053897 0.15536107831677143 -0.1503143055330741 25 411.0 4896.0 -9.224603522843761 -0.6746429606118421
336 528.2467412669453 778.4559283043012 0.5991165362948845 -0.38593409865600875 0.25871324310913707 25 431.0 2733.0 -8.591599079231653 -0.9415422936632535
337 628.568704513798 777.8180264478508 0.4403083882113957 -0.7702181070793274 0.21104752507421623 25 571.0 7063.0 -9.622473015627918 -1.0582778397146668
338 39.090999537501396 778.8075538033977 0.5749003587455475 -0.735248294277863 -0.39853983192974823 25 246.0 2066.0 -8.287825792959005 -0.24284420544311824
339 60.49570025002131 778.915632723965 0.43091360226431313 0.07360265373068337 0.43321461756706064 25 997.0 17019.0 -10.577335095710911 -1.157400324613726
340 486.4060706094104 779.7424581461504 0.43871701655039297 0.1112172568243881 0.16312849694811396 25 1616.0 28943.0 -11.153858861525629 -1.4291785561558614
341 689.0308325367606 779.9144746365358 0.5913153577888571 -0.14485864118518843 0.2893878610367199 25 1051.0 9135.0 -9.90177137922139 -1.7599531197690998
342 237.87021075062924 782.8378610613065 0.714378866427139 -0.6118119077644798 0.07833986828678319 25 259.0 1601.0 -8.010978329798249 -0.29889829305651766
343 92.91468937365065 786.2956071190835 0.41872353981971444 -0.19844083832710796 -0.25492241016680317 25 629.0 8582.0 -9.833971275491633 -1.0420919845710443
344 426.9663524712282 786.378867054138 0.4373259154157101 -0.10146694005767512 0.24449493592440527 25 342.0 2919.0 -8.663085237470035 -0.7471025903508473
345 385.2426440085212 786.2711432692182 0.5236033193365184 -0.2996929934465679 0.31741416001886047 25 668.0 6685.0 -9.562753528995009 -1.2432969138421774
346 601.5548926993504 786.6813058240846 0.487420482165782 -0.17850986979039704 0.16933343900587658 25 491.0 4122.0 -9.037769968607986 -1.1065769224709776
347 751.1287000520689 794.8451702704473 0.5381745402949251 -0.6453105337019865 0.10661117802038726 25 549.0 4211.0 -9.060963103550662 -1.195792407299657
348 351.05935225273424 796.4222902783392 0.4333439312609688 -0.5925647525036609 0.3134727911607581 25 923.0 10144.0 -10.015523101344144 -1.6793448432952705
349 777.179755904754 798.0717774800638 0.671309939942395 -0.2905499761670954 0.077776666961138 25 194.0 437.0 -6.601203592426055 -0.2622647097449977
350 520.8476246692691 798.8551499638706 0.5465026441477076 -0.36302506201028334 0.04877729363937587 25 266.0 1836.0 -8.159681692163058 -0.47767487366683004
351 152.40971140798712 801.4019389432407 0.41738000419284316 0.2982864838992233 0.42727117790570057 25 551.0 6375.0 -9.511200472764983 -1.0866389330224941
352 648.9252439108833 801.73453383113 0.599282472087462 -0.3788991325607881 0.5610279172365806 25 231.0 1364.0 -7.83703592580115 -0.3222738757517323
353 709.9315631908715 801.2741546173636 0.39341466498575106 -0.3011906308801557 -0.6193140873879137 25 1642.0 26058.0 -11.039852699364683 -1.7871363348719735
354 32.89063676518528 801.4587686665036 0.6494251687393366 0.012021885085606403 0.12106161529002721 25 429.0 2910.0 -8.659732472464768 -0.8587154403006394
355 534.0221107142004 808.7820254409845 0.5095161970314387 -0.5182778598769893 0.18764138595037633 25 544.0 4311.0 -9.08644505713472 -1.2102634859017387
356 566.1564854941355 809.9198899331644 0.4790036870878769 -0.771104294067845 0.040799773949046415 25 389.0 3546.0 -8.874346828162247 -0.8269600584519734
357 808.0052603716624 810.2288426156485 0.5511526703275553 -0.4856100904226426 0.2827046468306448 25 297.0 1932.0 -8.215017805198686 -0.678376178826037
358 138.39020440526335 811.8204968011581 0.42877614100671546 0.01657069491294311 0.20850313592929068 25 874.0 16816.0 -10.564306746710416 -0.5327469142242918
359 624.0667542920031 812.8527275749343 0.5540548092833657 -0.9619824525537582 0.7078924067339725 25 430.0 3987.0 -9.001615589155985 -0.8752174609453333
360 386.2223205146386 814.8892320643347 0.47345374448447364 -0.08060592773382336 0.12260145520921643 25 578.0 7678.0 -9.713120269453466 -0.9007591516291026
361 818.7853534620962 817.1470357099785 0.5226728458867936 -0.3155941179400674 0.16997316670221815 25 313.0 1593.0 -8.00553943950283 -0.7955944369681893
362 706.3877463056637 817.7468945905706 0.48235560842278086 -0.6929117897449257 0.13346072818935237 25 605.0 5682.0 -9.386253073467293 -1.2836027573850188
363 587.9980939192687 823.4165916581977 0.4055689396183451 -0.8544048320985804 -0.05026282831337162 25 269.0 2429.0 -8.463568787012827 -0.5855715451227408
364 61.82480207324126 824.9157621681894 0.3719749933547048 -0.19054068978521058 -0.12465049410018376 25 184.0 1944.0 -8.22174065147564 -0.06942755272729648
365 621.4502783413255 829.2766642265065 0.43733014071397586 -0.2096764571557429 0.045703364598287256 25 318.0 3110.0 -8.731900972567093 -0.6179649694469133
366 247.30099892189406 832.5857675343216 0.37969442141541954 0.042105608185104 0.05990265676323218 25 261.0 2599.0 -8.537015698752532 -0.4970270679410448
367 408.9378698306266 833.4034213089755 0.6505901177208372 -0.5795494696723287 -0.5821519823859902 25 393.0 2638.0 -8.553186978025867 -0.7597580793984857
