test_CNN/outputs/tables/00919_b44609m0s0_sources.ecsv
# %ECSV 1.0
# ---
# datatype:
# - {name: id, datatype: int64}
# - {name: x_centroid, datatype: float64}
# - {name: y_centroid, datatype: float64}
# - {name: sharpness, datatype: float64}
# - {name: roundness1, datatype: float64}
# - {name: roundness2, datatype: float64}
# - {name: n_pixels, datatype: int64}
# - {name: peak, datatype: float64}
# - {name: flux, datatype: float64}
# - {name: mag, datatype: float64}
# - {name: daofind_mag, datatype: float64}
# meta: !!omap
# - {date: '2026-06-03 17:16:53 Eastern Daylight Time'}
# - version: {Python: 3.11.15, astropy: 7.2.0, bottleneck: 1.6.0, gwcs: 1.0.3, matplotlib: 3.10.9, numpy: 2.4.6, photutils: 3.0.0, scipy: 1.17.1,
#     skimage: 0.26.0}
# schema: astropy-2.0
id x_centroid y_centroid sharpness roundness1 roundness2 n_pixels peak flux mag daofind_mag
1 650.9713728829089 17.648359260647403 0.5831453470062076 -0.26332797403636 0.49058369930040113 25 808.0 7616.0 -9.704317338441045 -0.4490128124158128
2 567.3832638230792 92.57727161194289 0.6797765891156673 -0.14634008158932651 0.18380574936486338 25 1547.0 15230.0 -10.456749758340107 -0.9914109111149167
3 690.3157277047735 159.04970799046842 0.38797941520785917 -0.3588052797222867 0.9889051133287313 25 905.0 13008.0 -10.285526320624982 -0.30200510449296897
4 142.30376245258574 167.260147101751 0.5190231689748738 -0.24941217390784662 0.20624440954253792 25 757.0 7348.0 -9.665422869084427 -0.41631528694070397
5 428.6856801289528 201.99347290366302 0.5134448258279485 -0.445022437187385 0.4045830910605088 25 482.0 4346.0 -9.095224304961265 -0.05543026374011589
6 662.863805266774 218.13751208601266 0.5523582616966541 -0.20093104984267052 0.9268166003494946 25 674.0 7359.0 -9.667047007315121 -0.11225282532117514
7 728.5931862492885 220.783777145653 0.34457941176683565 -0.5861640196918139 0.4822161139391819 25 1642.0 32051.0 -11.26460396043325 -0.3169407274672458
8 822.726671828619 238.2887722422228 0.5784679266215909 -0.49708336761877114 0.3347577261836594 25 1529.0 18548.0 -10.670742718059415 -0.9128377700315236
9 112.45265262201244 350.09794415792766 0.67309077142328 0.3271166566226295 0.1324054341158708 25 528.0 3904.0 -8.978774522486635 -0.0030581104103315233
10 1.5358203843425011 407.4286727152545 0.44237816646490935 -0.14780698906451456 0.22828331631054172 25 550.0 6234.0 -9.486916994852052 -0.09321459019040829
11 443.55125173962114 427.40676423770896 0.506965644697971 -0.17146910575586433 -0.16497344110793344 25 581.0 5360.0 -9.322911974231925 -0.24492119528797815
12 527.4516118912795 447.4386962760625 0.5616226587924011 0.0695532694813599 0.16089255135794042 25 702.0 5555.0 -9.361710158192215 -0.4588542097810734
13 716.3399671752481 498.0869008123234 0.5268684824376219 0.028926369699119003 0.400598652391824 25 503.0 4612.0 -9.159723246556654 -0.0009393984986560082
14 414.6989363878021 529.7530180177971 0.38189181287416013 0.24863182123526678 0.29962207934398083 25 845.0 12229.0 -10.21847736249297 -0.45125692316503757
15 543.2925184879349 533.8210381620875 0.5602327186847388 0.04188546074963115 -0.13844856719960597 25 971.0 15611.0 -10.483576809317114 -0.09411208782688947
16 7.534655579025497 534.9077940048137 0.5006289090824597 -0.07714000103825039 0.20166421651197403 25 679.0 6669.0 -9.560151793546632 -0.3363882519557701
17 129.12557281233802 572.8242912770837 0.35492817133002597 0.07751994515337286 -0.4614079122932062 25 2086.0 34953.0 -11.358711142445392 -1.1060168040798435
18 246.1616803933389 597.3307421048901 0.49007171453279447 0.18583575756976467 0.14984373129908166 25 451.0 3933.0 -8.986809866024366 -0.0331975312812514
19 177.38235449775544 615.2957417153515 0.6617816729093184 -0.06072376973471753 -0.0952787697082764 25 661.0 6315.0 -9.500933387228374 -0.12417559910347437
20 434.90054826473374 621.8256079184592 0.46200887581571687 -0.045333713518762225 0.0396458321507598 25 508.0 5515.0 -9.353863791940523 -0.004239796675363695
21 525.1772516740978 646.7532754480243 0.4984916819629159 0.04799247866556026 -0.043164919220659376 25 657.0 7194.0 -9.64242608370623 -0.19530384716170246
22 133.36382956472494 713.0615977124861 0.49167861651222616 0.6835905598686546 0.0005705057743600197 25 572.0 6456.0 -9.524908804285035 -0.028150900568920237
23 660.4750161130764 805.1839471497668 0.6196115208986269 -0.7498093541819107 0.5250408611843991 25 962.0 10995.0 -10.102988084242025 -0.4409814607606343
24 430.822368013693 813.3159152860378 0.5144885182122853 -0.24325571590970552 0.0025895956128400336 25 1427.0 18507.0 -10.668340062409104 -0.8623540739772035
25 211.2074902545728 816.0148084361391 0.4267104481720985 -0.41972075037507106 0.19169239731488477 25 1087.0 16031.0 -10.512401535289007 -0.46100461750653776
