test_CNN/outputs/tables/00934_b44745m0s0_sources.ecsv
# %ECSV 1.0
# ---
# datatype:
# - {name: id, datatype: int64}
# - {name: x_centroid, datatype: float64}
# - {name: y_centroid, datatype: float64}
# - {name: sharpness, datatype: float64}
# - {name: roundness1, datatype: float64}
# - {name: roundness2, datatype: float64}
# - {name: n_pixels, datatype: int64}
# - {name: peak, datatype: float64}
# - {name: flux, datatype: float64}
# - {name: mag, datatype: float64}
# - {name: daofind_mag, datatype: float64}
# meta: !!omap
# - {date: '2026-06-03 17:16:55 Eastern Daylight Time'}
# - version: {Python: 3.11.15, astropy: 7.2.0, bottleneck: 1.6.0, gwcs: 1.0.3, matplotlib: 3.10.9, numpy: 2.4.6, photutils: 3.0.0, scipy: 1.17.1,
#     skimage: 0.26.0}
# schema: astropy-2.0
id x_centroid y_centroid sharpness roundness1 roundness2 n_pixels peak flux mag daofind_mag
1 454.4798446462736 2.8602669506649057 0.6078721263042771 -0.3281275311425496 -0.14785286728536728 25 1072.0 9625.0 -9.958501845451345 -0.26783162184647863
2 402.2299497396616 19.771440099648128 0.45238617063940434 -0.8060221585063095 -0.17963273656477116 25 898.0 9221.0 -9.91194505505594 -0.21018828056090375
3 651.8582191320041 25.198479828048555 0.37719428677736033 -0.39140963913541404 -0.17466800261905308 25 785.0 7781.0 -9.727588538288277 -0.2241714115453183
4 452.6735946505621 31.594490660570496 0.4753600749680677 0.1695929039222184 0.2895075151214162 25 1102.0 11415.0 -10.143689789565634 -0.39278502947778743
5 321.4333739397816 64.69561633326187 0.3676976782069154 0.6111630376235175 0.2248407129515417 25 584.0 4718.0 -9.184394841373942 -0.0474172214612567
6 394.7022288682287 65.11661933493824 0.46274285490565414 -0.641618007109573 0.14214744721671532 25 854.0 9776.0 -9.975402982246198 -0.06272459536817981
7 272.2507232101165 83.14199560371283 0.4045008929693238 -0.5925786578970751 0.06137534950921658 25 914.0 11848.0 -10.184112613782881 -0.04335038140125796
8 471.79614262857984 104.60306395375105 0.581199031376073 0.30118109838415474 0.09581330074304577 25 838.0 6501.0 -9.532450415098701 -0.1664946679152758
9 125.0754361205341 117.33468100490818 0.3683072822121059 0.3182208695739033 0.8736819726045483 25 1363.0 20126.0 -10.759393670884528 -0.32675537356415973
10 71.06280930863761 146.68884114580237 0.4943003367107957 -0.11686439528387531 -0.34690057898497895 25 841.0 7890.0 -9.74269250802355 -0.19983864135151855
11 151.13011923384153 162.60945984583628 0.4274163475243364 0.42493577200825516 -0.05389134122967129 25 877.0 11210.0 -10.124014031487434 -0.018567221972282992
12 447.70191023172384 162.79860975338363 0.6791575426166437 0.3972112475547694 0.1395449261316471 25 1529.0 9821.0 -9.980389277606541 -0.7565000828507612
13 77.52741370380019 167.99065167045725 0.4849026940294794 0.5861626603311246 0.4028967450905853 25 1574.0 15770.0 -10.494579233322256 -0.7758571664715446
14 97.31516266604842 181.10428664358724 0.4897065036341685 0.04587661847502178 -0.02512976760792533 25 952.0 10249.0 -10.026703732828608 -0.19033900454687191
15 46.571340869626844 191.09582552268094 0.5598923628111013 -0.8080486550407874 -0.7444378807145162 25 659.0 4447.0 -9.120167823622337 -0.04839585816930267
16 352.82782570308393 200.65811522283752 0.568359073884442 0.11034399887245187 0.003008074009091152 25 1329.0 9864.0 -9.985132658969189 -0.696774629457475
17 438.82225425756695 212.02278320878798 0.47883867362117055 0.5748292651184955 0.30558221341412534 25 846.0 8908.0 -9.874450520905002 -0.15310771132586687
18 215.90686476408504 225.4355098455465 0.4671048157024494 0.23580210101766463 0.4025481092621798 25 1278.0 15770.0 -10.494579233322256 -0.3731473586150367
19 742.058467869227 237.12330701330893 0.5155955355105205 -0.37055683322121896 0.31745074627731046 25 824.0 7942.0 -9.74982470681966 -0.06122288544831093
20 224.0957743845935 249.87520677375255 0.6951428336673151 0.0035649524068420238 0.06247030430544574 25 835.0 2768.0 -8.6054152144618 -0.2760430476058432
21 547.9267555204947 251.78435988486814 0.49135051828702 0.2828620535107382 -0.2022361120426159 25 1535.0 21547.0 -10.833467029148828 -0.3851612336132034
22 596.3072523312303 270.60179084566505 0.424569396438158 -0.2549313777911757 0.23837357549249344 25 1287.0 14120.0 -10.374586741789463 -0.6249938873202833
23 7.406116407270616 272.8576618432928 0.6647581799835605 -0.3754967990190018 -0.4932483397189494 25 927.0 5101.0 -9.269138308827968 -0.39243237909697
24 278.2510249217857 280.46082202368194 0.46424721917207395 0.7456719866421242 -0.01810856173209061 25 1053.0 12955.0 -10.281093543304609 -0.12017909614088423
25 595.8150424854191 291.05609708477937 0.3646113768078182 -0.004905824525884553 -0.06295664659582363 25 834.0 10466.0 -10.049451826009117 -0.06283627033360233
26 262.10807924412563 316.73493876491654 0.566868372354431 0.6758482939166045 0.6576911250011158 25 1015.0 11626.0 -10.163575796550923 -0.09388285030184275
27 498.0021035718388 316.9664041817827 0.5618076101383928 0.09155372872943716 0.43640895793041956 25 1006.0 11360.0 -10.1384458284375 -0.10710883904585163
28 178.61338420604275 342.72438622557735 0.4033418099975925 0.6955197098376918 -0.08089992427610979 25 797.0 9586.0 -9.954093561639421 -0.0011626291123417265
29 397.8257707081433 344.57238867825 0.5767506528552271 -0.18326738960527258 -0.35044875149653537 25 1075.0 11126.0 -10.115847639012024 -0.23715605191230668
30 411.1546212335097 397.51338352432253 0.5041558841388482 0.711556943681567 0.2679244812086368 25 966.0 8685.0 -9.846924556957793 -0.33097561355093486
31 264.4903331125327 407.20091130113934 0.38556149197379963 -0.1882676371526506 -0.12847462834405088 25 1013.0 10099.0 -10.010695930500406 -0.5026481639558491
32 150.51304551470432 430.49925617388135 0.6424819408264715 -0.6664542793977573 -0.23075489579776 25 888.0 8621.0 -9.838894112732534 -0.04728990803538555
33 432.8480152397572 433.90863251572773 0.6745662843198917 0.1817423398938366 -0.29431278065102384 25 925.0 5904.0 -9.427865872037463 -0.2180930186804474
34 589.6180766690143 441.50374272288576 0.4824947767119389 -0.46808612644394215 0.06989782266693209 25 1377.0 14557.0 -10.407679705009548 -0.6856008681540638
35 254.75018164027253 454.89896245766914 0.7045539409163808 -0.7277271112808462 -0.5084885092521448 25 793.0 3390.0 -8.825499245507705 -0.12443264738288001
36 111.6484088623856 459.4352980097075 0.42726995825420677 -0.15724555155651898 0.09788033136649543 25 718.0 7304.0 -9.658901911315606 -0.07974717500049597
37 67.31826698462793 470.35995620078097 0.4221980258883532 0.9608331609012151 -0.0770396159342546 25 1407.0 23054.0 -10.906865722059695 -0.2527516285912363
38 74.65953924973857 478.37027468338033 0.5292878892769851 0.9582611131649165 -0.04783990281854915 25 1087.0 13317.0 -10.31101599936257 -0.20772670488191475
39 0.39772227922971537 490.3431700517241 0.7294352455607319 0.5951565181395417 0.7144300860387626 25 832.0 4413.0 -9.11183481861798 -0.13734028341887214
40 82.3975996685743 491.15357300170984 0.6142685212500592 0.7892533344247173 0.7446658124339053 25 1155.0 16601.0 -10.55033562392563 -0.019974734448873377
41 47.21667759624271 521.4886392865926 0.48970641205740917 0.5549801022592805 0.2667551432959973 25 1233.0 10225.0 -10.024158291698448 -0.723319536538765
42 403.52523049680866 555.0846873914784 0.5466004519843253 0.36173310866286973 -0.34135100721352707 25 991.0 9945.0 -9.994011968651137 -0.20231532027814
43 246.24483708906928 571.5582495746045 0.36989235414348487 0.8943903960084326 0.10894049423222106 25 2288.0 31006.0 -11.22861435674318 -1.1195614860218592
44 735.612462952939 591.0363913228127 0.42027158171453427 -0.0031844831995948854 0.027946461002021864 25 884.0 9120.0 -9.89998709582104 -0.2331169230368778
45 259.16948855749445 594.2802940674286 0.34868653506929825 0.43542732556686564 0.6815925528174611 25 2369.0 42402.0 -11.568465854245915 -0.5844867205640644
46 116.82554006671987 614.9741282992101 0.40451963092411375 -0.08218977847558377 0.051930646604101155 25 881.0 9221.0 -9.91194505505594 -0.21724456519308055
47 540.7844810932394 622.5218098592143 0.4794737879532204 -0.6593557744941801 0.544357791006443 25 1774.0 25195.0 -11.00328590672947 -0.5331000936668002
48 466.03111574203143 626.5753862317138 0.6438090291166119 0.16559145281881169 -0.17108846147791593 25 1990.0 16540.0 -10.54633876304132 -0.9750614138685305
49 412.4243968942204 673.243191215157 0.5565376433554035 0.4860210812910256 0.25102785761482105 25 975.0 8609.0 -9.837381769544645 -0.282774546966695
50 632.3735180120442 685.583752865106 0.39262685493276556 0.4249771974981347 0.2624490264202402 25 2312.0 37638.0 -11.439066344802445 -0.7094105675753171
51 239.21794591760954 743.2713669230754 0.4179611197567746 0.7087707444530703 -0.35740110267391606 25 3178.0 67708.0 -12.076599963832207 -0.20314335224290841
52 559.705929623688 765.7956193417268 0.43806020532570833 -0.48136020140379204 -0.21025066569923956 25 869.0 10644.0 -10.067762164698378 -0.04545987082150721
53 259.4646531943846 778.5929055718466 0.4766415717258065 0.9869968628495607 -0.32213625802484586 25 3645.0 58093.0 -11.910309511504042 -1.1768844209867653
54 353.9332924090294 802.766087591635 0.4018229002478552 0.9753124169849153 0.4724674337967419 25 1372.0 21127.0 -10.812094580782109 -0.25618538918333433
55 369.7762229413652 807.9494196198402 0.5330119839464236 0.9866269205921361 -0.24111947446635906 25 1173.0 16820.0 -10.564564978654733 -0.044774899351792324
56 81.06160163142793 820.3612319655527 0.44460092343834684 0.8976745058559515 0.45182721051737496 25 1555.0 17666.0 -10.617845565252217 -0.7357712344502907
57 347.4195887275334 821.5815238389877 0.5679139404209179 0.9777441076388456 0.694679470511585 25 1058.0 13698.0 -10.341642904684697 -0.04975095599946116
58 294.7831696352559 832.549556248964 0.30247313466027037 0.26422339112723325 -0.3705759566635741 25 1161.0 17150.0 -10.585660310946974 -0.35863018840702543
59 303.0115888316225 832.9632377044966 0.2993217095399245 0.8802123631052584 -0.48359596764246365 25 1050.0 15269.0 -10.459526487745336 -0.31265675465283205
60 354.5999837800474 832.8899676581029 0.290898896372461 0.7202639032995509 -0.546324535690805 25 1067.0 15398.0 -10.468660788232299 -0.30739860344225794
