test_CNN/outputs/tables/01067_b47175m0s0_sources.ecsv
# %ECSV 1.0
# ---
# datatype:
# - {name: id, datatype: int64}
# - {name: x_centroid, datatype: float64}
# - {name: y_centroid, datatype: float64}
# - {name: sharpness, datatype: float64}
# - {name: roundness1, datatype: float64}
# - {name: roundness2, datatype: float64}
# - {name: n_pixels, datatype: int64}
# - {name: peak, datatype: float64}
# - {name: flux, datatype: float64}
# - {name: mag, datatype: float64}
# - {name: daofind_mag, datatype: float64}
# meta: !!omap
# - {date: '2026-06-03 17:17:09 Eastern Daylight Time'}
# - version: {Python: 3.11.15, astropy: 7.2.0, bottleneck: 1.6.0, gwcs: 1.0.3, matplotlib: 3.10.9, numpy: 2.4.6, photutils: 3.0.0, scipy: 1.17.1,
#     skimage: 0.26.0}
# schema: astropy-2.0
id x_centroid y_centroid sharpness roundness1 roundness2 n_pixels peak flux mag daofind_mag
1 644.4026328023723 8.647819380299268 0.38185774140116474 0.3601433583219281 0.1604998051971878 25 629.0 6398.0 -9.51511058937022 -0.4902010255507595
2 329.15453994703586 15.57388771814399 0.45075026483437414 -0.1672570161485129 0.5339598740112591 25 578.0 6812.0 -9.583186598226408 -0.15555583435694248
3 379.9491476924232 24.45702851965132 0.6374071933728663 0.489104347957387 0.20592262168732797 25 494.0 3840.0 -8.960828060918827 -0.05513655411875727
4 809.5465143428356 23.9377307361828 0.5122156994155155 0.105043328106288 0.002959809216471863 25 823.0 8204.0 -9.785064129240821 -0.6208806500425343
5 124.37248665365362 35.083287924821185 0.5129770602735251 0.34657490895585996 0.8735725081824567 25 529.0 5340.0 -9.31885314257139 -0.08762553041640404
6 202.75784850617208 39.52038750546837 0.564926638700679 0.8320941664447414 0.6106839031378009 25 624.0 7402.0 -9.673372701897732 -0.07232871831668165
7 140.7521462903392 66.53129549065054 0.4662060740613941 0.8886934694416527 0.272410518495903 25 403.0 3447.0 -8.84360320851987 -0.039984101863661324
8 30.883654815417525 68.55474090462513 0.39983768635293815 0.15162650611842 0.5278220992585787 25 470.0 4990.0 -9.245251364058474 -0.18159692516390247
9 521.60164463779 68.29249899077563 0.6280618017868059 -0.16814989791259283 0.04571417509603628 25 926.0 7465.0 -9.68257453015261 -0.718394875708236
10 124.24556047061496 88.04290213388623 0.4203251289673775 0.7091707717757818 -0.024835576657504823 25 1957.0 41454.0 -11.543916107668844 -0.18296695389399167
11 735.3190983925989 105.97025647021354 0.6631778095322781 0.34675247035617185 -0.06439186833647667 25 1113.0 9103.0 -9.89796135682798 -0.8715834808843459
12 126.74692765932308 110.46974063098766 0.5470002166807054 -0.6613021292478687 0.1118470952447056 25 1586.0 31580.0 -11.24853031418069 -0.11775992076092423
13 520.2568058939687 115.38476344867233 0.5003844519106293 0.1427054548152842 0.2430428571413104 25 843.0 7836.0 -9.735236068306747 -0.7135637612503933
14 73.62650703541306 133.40963877904784 0.5464151790116044 0.4738177415154429 0.257385476051934 25 560.0 3848.0 -8.963087658414437 -0.39166772414964124
15 449.2297340683396 161.3573191305866 0.4792066516983942 0.025251520129473664 0.39569314316947796 25 509.0 5445.0 -9.339994710229485 -0.03425029056556872
16 96.69867477269956 166.80364122322814 0.4023530021731479 0.46872722806168116 0.36384420461920086 25 556.0 6011.0 -9.447366819921543 -0.27563184474270946
17 723.6673332747674 181.55030678995834 0.5670021945283656 0.33865795084296574 0.11046832068886533 25 591.0 6078.0 -9.45940173935981 -0.13697823641467113
18 257.3058121446572 191.60929017145352 0.6164232393960958 0.13149371967678117 0.3128529966294744 25 514.0 3636.0 -8.901559686374824 -0.16292723251856112
19 820.1130012392547 214.97743862130844 0.3608703988146883 -0.23901775511386453 -0.38306983961958635 25 726.0 9228.0 -9.91276896462264 -0.45576304541889684
20 249.07967225047014 235.28975203265566 0.5019670913517529 0.16759438712434793 0.11476373358428094 25 600.0 5734.0 -9.396144221526164 -0.30025665815744473
21 730.2216419598223 268.56140583800334 0.38148884186072957 0.23079294789260293 -0.0902577907825966 25 1076.0 11904.0 -10.189232295504508 -1.0420708453705758
22 828.5900202174079 285.60707881697357 0.5230350944178619 0.061892459016496384 -0.3890632929152606 25 715.0 10304.0 -10.032514625039342 -0.05702760085973824
23 289.5417152235078 292.3837113657116 0.4195784720434628 -0.2869283696026672 0.19748489979066625 25 409.0 4214.0 -9.061736328180203 -0.01364023690659981
24 337.7860631522209 295.7496174816252 0.4499289971005318 0.012476463292747278 0.5426138493266041 25 509.0 5474.0 -9.345761982685262 -0.09156157239827532
25 34.77404493842564 316.8024607815084 0.3885892642526414 -0.15554074818707447 0.41895338912729385 25 1292.0 15236.0 -10.457177409972271 -1.123759291875501
26 91.4000214370905 328.64533218395 0.5051151126706133 0.33153898043706354 0.2852493675537803 25 595.0 4523.0 -9.138566469364797 -0.4218453454935669
27 614.0481065464676 345.31647316762735 0.6240827204097067 0.06192511126519419 -0.0037882669260672157 25 460.0 2511.0 -8.499616781782306 -0.12902474270325742
28 698.0164175569676 354.84229271159006 0.5873908369728211 0.28771849578229636 -0.44203845287006227 25 969.0 10000.0 -10.0 -0.6442959768678141
29 203.73609478909532 356.34408624824204 0.48103859943022576 0.07536629838360653 0.024031067381739227 25 663.0 6816.0 -9.58382395439661 -0.3996198122970126
30 38.0221842646587 357.7734434744465 0.37302972404006396 -0.1689225410471523 -0.8096810546354483 25 730.0 10627.0 -10.066026701446935 -0.2114174405091223
31 588.4241537817892 547.4989335693687 0.4271069862501577 -0.35971017759533475 -0.5872454644519549 25 675.0 8567.0 -9.832071917252117 -0.2731832262418457
32 227.2305407804495 635.2409039459212 0.42906572974835966 0.4286398638242009 -0.7581006227251996 25 2855.0 51638.0 -11.78242353297006 -1.1683567710362341
33 772.0578962939547 688.9459172079045 0.37831626319514733 -0.7012080885398264 -0.5472884448282571 25 599.0 7778.0 -9.727169847028602 -0.14667022314334704
34 741.3326300462164 730.079940464035 0.39154560289746065 -0.2005639620918785 -0.3998149849875574 25 716.0 10122.0 -10.013165832431923 -0.26378035843288045
35 93.79848066463693 824.1698251739654 0.4078519932274532 -0.45866289067202337 -0.23528140772892425 25 743.0 11178.0 -10.120910263199717 -0.14974561159681435
36 28.526062778527358 828.9774698606683 0.38345659422140205 0.19179902233791793 -0.47671083992546665 25 593.0 7607.0 -9.703033540637549 -0.1631980084019039
37 270.9621083468098 833.2208497374621 0.34513464432645885 0.2470497611368928 -0.6758948993571325 25 571.0 6123.0 -9.467410648589333 -0.41210313544893457
