test_CNN/outputs/tables/01065_b47174m0s0_sources.ecsv
# %ECSV 1.0
# ---
# datatype:
# - {name: id, datatype: int64}
# - {name: x_centroid, datatype: float64}
# - {name: y_centroid, datatype: float64}
# - {name: sharpness, datatype: float64}
# - {name: roundness1, datatype: float64}
# - {name: roundness2, datatype: float64}
# - {name: n_pixels, datatype: int64}
# - {name: peak, datatype: float64}
# - {name: flux, datatype: float64}
# - {name: mag, datatype: float64}
# - {name: daofind_mag, datatype: float64}
# meta: !!omap
# - {date: '2026-06-03 17:17:09 Eastern Daylight Time'}
# - version: {Python: 3.11.15, astropy: 7.2.0, bottleneck: 1.6.0, gwcs: 1.0.3, matplotlib: 3.10.9, numpy: 2.4.6, photutils: 3.0.0, scipy: 1.17.1,
#     skimage: 0.26.0}
# schema: astropy-2.0
id x_centroid y_centroid sharpness roundness1 roundness2 n_pixels peak flux mag daofind_mag
1 123.06865967886871 83.2590667057985 0.4770395682786399 -0.054514492442988984 -0.23838978962766416 25 2624.0 56333.0 -11.876907200241435 -0.009229000750888646
2 537.6601251175936 275.32625639050366 0.5790583615788074 0.5308953536169889 0.4030508905155675 25 565.0 3675.0 -8.913143358550533 -0.14469492769050554
3 721.1191319375627 344.31166179815006 0.3667136540304821 0.11699069341081932 0.4982077161245922 25 2070.0 41312.0 -11.540190551465816 -0.34201066799782737
4 558.0372020463299 385.72274000046065 0.4686991219221794 -0.5041317854724746 0.1376729802335556 25 500.0 3276.0 -8.788359732720952 -0.1614524980898656
5 466.8647694870652 404.14291865494766 0.4386021375157907 0.4460046615311864 0.8588554146806409 25 1942.0 36713.0 -11.412049685736388 -0.4296839499689931
6 412.46182972425066 404.8069364955149 0.431139555721312 -0.5359306753472765 -0.06875798881470306 25 1005.0 16671.0 -10.554904128762603 -0.0837294036173679
7 457.51815545027574 406.8724844511286 0.4127905311649186 0.052050977730787075 0.22269300886590784 25 1674.0 32344.0 -11.274484320814045 -0.19396541547942864
8 559.4021050014659 409.797259466936 0.41360213109001265 -0.6702968317315753 -0.04494796413733581 25 950.0 10930.0 -10.096550404874256 -0.5572517218254155
9 469.4279729635342 410.0831691066376 0.44236131170817794 -0.14456668732310468 -0.9693813205979431 25 1941.0 36113.0 -11.394158919718913 -0.48005799293096224
10 478.60422474237174 412.22682703246653 0.3914824819035995 -0.12619562532820316 0.1760945095757084 25 2226.0 44626.0 -11.623969902751096 -0.4116873471757379
11 489.3572649831361 417.50996847505104 0.5068550463907106 -0.23507406763104846 -0.3298390687731258 25 1494.0 25535.0 -11.017839655478898 -0.3089790714233041
12 478.1138344382145 416.91799106847753 0.4057224521187383 -0.44324029588850405 0.22671030466385778 25 1561.0 28757.0 -11.14685894355012 -0.25577928973909475
13 502.45578714850257 429.3169232178283 0.47672050431086915 0.027290701788773335 0.5420254612009169 25 1907.0 34057.0 -11.3305159733627 -0.47958635424070184
14 519.6594576801347 439.3713889774562 0.4072837974914508 0.78269327216253 0.015444846262887833 25 1642.0 29330.0 -11.168280157451381 -0.41802580137066886
15 512.8703640532356 443.20193883966397 0.49031895882501325 -0.7635747383138554 -0.6643742923483702 25 2217.0 40497.0 -11.518557130153768 -0.49104799474911043
16 528.4628859551387 455.2299507465955 0.47824917185169064 -0.9249622090155197 -0.9151473092601681 25 1715.0 30184.0 -11.199441980482348 -0.47126486764258757
17 547.7061068204646 459.5011413059078 0.3992355273643698 -0.9944820665234866 0.008357036099150127 25 1167.0 16281.0 -10.529202690747848 -0.6093824746488744
18 468.75406848388667 462.3945007614188 0.4280082566109079 -0.3493716124170137 -0.5100468707618268 25 2342.0 48483.0 -11.713973712463199 -0.19238947781864396
19 535.5863710894314 462.55380802404653 0.3879298153779391 -0.010926412364228406 0.6342657640503431 25 2380.0 46288.0 -11.66367104075977 -0.5827096708518619
20 490.57274496146226 475.8139894054342 0.4895817300277227 -0.0805126979479441 0.4278658884447754 25 934.0 12321.0 -10.226614893933288 -0.2902007968003749
21 575.8608194107926 476.3431039274115 0.32776520993393876 -0.39921709916416936 0.4432393379851527 25 2109.0 42542.0 -11.572044758142578 -0.3842954304643623
22 584.8936807436218 478.187433345555 0.4173978320043556 -0.5793555015943779 -0.2567499500217846 25 1606.0 24824.0 -10.987179406440273 -0.7073701607965612
23 561.1608018583346 483.6360883699658 0.5679987428602529 0.43611147659366234 0.25078414281708444 25 1283.0 13871.0 -10.355269429328267 -0.771309063430121
24 574.1331000432747 491.1517193847023 0.48709074209261555 -0.5848331047034457 0.9426474006143314 25 1515.0 20344.0 -10.771090867919131 -0.7838277972251799
25 626.8223919548035 506.87919444942224 0.3975189426484414 -0.0061879932337578734 -0.06476280326465934 25 1687.0 31062.0 -11.230573538413749 -0.46415637389450365
26 617.4519429047016 511.31803555314985 0.49527931914029577 0.258754947766029 0.9903451560077691 25 1463.0 24620.0 -10.978220121488246 -0.28879051253595717
27 627.6257132529848 512.1888821680996 0.41768990819128154 -0.17375050941530545 0.3462919409030116 25 1654.0 28025.0 -11.118864053167528 -0.5647023734501129
28 643.7419310136326 517.1386792129825 0.45980789309760983 -0.2056499343325389 0.7136466744595756 25 1580.0 28301.0 -11.129504453369828 -0.3726403560828507
29 24.654684219342133 531.5323062692272 0.4704083425069278 0.06799988793707022 0.28382404075802 25 742.0 9299.0 -9.921090619279262 -0.1483592049605125
30 676.5102156735379 542.4203145548196 0.37682919265373394 -0.30373733228653516 -0.19564479424263578 25 642.0 8245.0 -9.790476649951344 -0.10372541761397866
31 577.6729625940006 554.050008482143 0.4176457210917959 -0.6992656387101158 -0.3555325503684357 25 504.0 4566.0 -9.14883976788554 -0.10683089818311794
32 545.1180519152252 597.1598044372807 0.4936896056324374 -0.9265414806541074 -0.541656036888538 25 687.0 8186.0 -9.782679350773126 -0.052973851955893714
33 601.6541640375438 626.0355350434767 0.5394002345750032 0.2530046301720954 0.37874669218034346 25 491.0 3136.0 -8.740940135031002 -0.029123364690586167
34 543.0639655845176 626.8683801751276 0.4096366628390039 -0.8195251859156913 -0.33452774543048674 25 861.0 12020.0 -10.199761169166802 -0.1823959801484321
35 670.3188514197396 702.5878686678432 0.3477149108138443 -0.4299312957534273 0.03616878713391296 25 537.0 5645.0 -9.379159865652467 -0.14433652177923112
36 432.75628492007513 719.5126951967186 0.43340862962569016 0.16803918341437882 0.225777106799293 25 1794.0 19745.0 -10.738642845181408 -1.239220348489449
