test_CNN/outputs/tables/01078_b47784m0s0_sources.ecsv
# %ECSV 1.0
# ---
# datatype:
# - {name: id, datatype: int64}
# - {name: x_centroid, datatype: float64}
# - {name: y_centroid, datatype: float64}
# - {name: sharpness, datatype: float64}
# - {name: roundness1, datatype: float64}
# - {name: roundness2, datatype: float64}
# - {name: n_pixels, datatype: int64}
# - {name: peak, datatype: float64}
# - {name: flux, datatype: float64}
# - {name: mag, datatype: float64}
# - {name: daofind_mag, datatype: float64}
# meta: !!omap
# - {date: '2026-06-03 17:17:11 Eastern Daylight Time'}
# - version: {Python: 3.11.15, astropy: 7.2.0, bottleneck: 1.6.0, gwcs: 1.0.3, matplotlib: 3.10.9, numpy: 2.4.6, photutils: 3.0.0, scipy: 1.17.1,
#     skimage: 0.26.0}
# schema: astropy-2.0
id x_centroid y_centroid sharpness roundness1 roundness2 n_pixels peak flux mag daofind_mag
1 637.6085760429697 171.28025607059362 0.4875367106627045 -0.4292193747947149 -0.6486753719063495 25 1909.0 35798.0 -11.384646909261434 -0.5182076832257795
2 556.7285587970474 203.4952297411822 0.4699014133626275 0.13041906387831187 0.20471750076102468 25 701.0 6483.0 -9.52944005400726 -0.5286783293161028
3 412.68852375522476 299.9405564912495 0.37975627345104584 -0.4500010385406923 -0.5261640944597898 25 1906.0 33984.0 -11.328186237663392 -0.7758917186546764
4 755.6691663200578 377.02214487693556 0.46865000147877806 0.7653959998812374 -0.07459234301508771 25 584.0 5988.0 -9.443204479177536 -0.2942765310561971
5 284.88202177858307 385.13397363810896 0.4730849317653647 0.020912339411544637 0.08980601301339845 25 1894.0 31465.0 -11.244569340208761 -0.8308493833785963
6 411.4723647876119 402.6301960825798 0.652566665750338 0.27785461923612814 0.16686414144809827 25 613.0 4674.0 -9.17422177014052 -0.30575838049116805
7 649.8252585116485 460.78417498177726 0.39927133656324754 0.8308192114629454 0.16566254959800494 25 965.0 14260.0 -10.385298813789616 -0.523694534407196
8 665.8533261235076 477.97108193867723 0.5071469082179538 -0.167035081562224 -0.27121715604428365 25 632.0 7456.0 -9.681264748364812 -0.18450104546157375
9 759.7015831804405 480.97581163351543 0.40953201916747883 0.4087359256186754 0.21616567753172722 25 871.0 11167.0 -10.119841290345198 -0.5435956203084051
10 602.879838095676 489.33876174234035 0.4082801242479668 0.07644027935252817 0.5597071840607869 25 382.0 2940.0 -8.670868326030392 -0.11916781228468046
11 525.5534149993032 499.42727085414555 0.4711523313561091 -0.04474597897272302 0.055569854760175855 25 598.0 5747.0 -9.398602992834244 -0.35666794247689493
12 721.9207322764099 530.3623095789543 0.540602888411393 0.07932505699977875 -0.00912181795114241 25 470.0 3945.0 -8.990117518863597 -0.10129933324128128
13 685.8504547884545 542.2453827988459 0.5075878984505234 0.3471397660536484 0.303142453319103 25 698.0 5283.0 -9.307201526717348 -0.657234583934003
14 167.56999445659824 546.071531793671 0.6203929182586283 0.7329686052111706 0.161385874391597 25 456.0 3356.0 -8.814554880391656 -0.05205818807772657
15 504.57243552599516 675.3031605366614 0.47634039193025546 -0.9127363715214264 -0.2066970405957927 25 783.0 9844.0 -9.982929012576912 -0.39447617505056704
16 616.2211923190757 709.2977022446171 0.4870468611263793 0.4959505705253679 0.0750395942972479 25 506.0 4317.0 -9.08795512164067 -0.2202677814528201
17 329.7651946939886 723.4763497153981 0.4524336135776953 -0.15625502467175859 0.8584548194273092 25 892.0 11127.0 -10.11594522012068 -0.5227917805918626
18 8.580976630716092 753.4150149346374 0.37495624647809045 0.647588025526767 0.6438446537946858 25 550.0 7250.0 -9.650845016427484 -0.034118921535780986
19 359.53860023164816 766.8564074215568 0.41170563852280767 -0.1437339609301318 0.1907439977227978 25 447.0 4552.0 -9.145505633467536 -0.09180096603602259
20 45.12645912086656 794.4623391461216 0.3866005720179735 0.3351267384643321 0.007328224328820036 25 354.0 2679.0 -8.569931784020522 -0.06422017898676229
