test_CNN/outputs/tables/01171_b50791m0s0_sources.ecsv
# %ECSV 1.0
# ---
# datatype:
# - {name: id, datatype: int64}
# - {name: x_centroid, datatype: float64}
# - {name: y_centroid, datatype: float64}
# - {name: sharpness, datatype: float64}
# - {name: roundness1, datatype: float64}
# - {name: roundness2, datatype: float64}
# - {name: n_pixels, datatype: int64}
# - {name: peak, datatype: float64}
# - {name: flux, datatype: float64}
# - {name: mag, datatype: float64}
# - {name: daofind_mag, datatype: float64}
# meta: !!omap
# - {date: '2026-06-03 17:17:26 Eastern Daylight Time'}
# - version: {Python: 3.11.15, astropy: 7.2.0, bottleneck: 1.6.0, gwcs: 1.0.3, matplotlib: 3.10.9, numpy: 2.4.6, photutils: 3.0.0, scipy: 1.17.1,
#     skimage: 0.26.0}
# schema: astropy-2.0
id x_centroid y_centroid sharpness roundness1 roundness2 n_pixels peak flux mag daofind_mag
1 792.0522346424754 1.8159560921764148 0.5229902704853084 -0.2661940820816695 -0.16408900613037564 25 501.0 4388.0 -9.105666547256684 -0.15863542235107678
2 335.0690247846495 3.599780941645399 0.533277778944936 0.11517422212816418 0.12320579397871408 25 602.0 5639.0 -9.378005236470884 -0.31656430828202825
3 414.81525278462294 16.064245402623534 0.36848841280431904 -0.489093866264076 -0.3939396046478334 25 573.0 5935.0 -9.433551808226525 -0.4569260962767621
4 286.97640829000954 26.32942795551838 0.6518675470095358 -0.46368192875142483 -0.01225796056648303 25 1028.0 7832.0 -9.734681696987703 -0.9023175434826837
5 179.87063475458274 29.44848904694056 0.5668515782851816 0.28555424351659114 0.33415020875790025 25 494.0 3841.0 -8.961110767912942 -0.20097052782132668
6 75.40864184250479 34.052712825720604 0.756237810172891 0.20745174779380943 0.10343094496240358 25 641.0 3766.0 -8.939700789201614 -0.3753187255988809
7 428.30424550682613 43.37657778526221 0.461204857423414 0.06300204501158672 0.25996705008401166 25 361.0 2159.0 -8.335631605835577 -0.07840351371654385
8 185.81382343857769 65.94308921490187 0.46309647706424867 0.8059910398370075 0.010800783618318488 25 517.0 4688.0 -9.177469007525085 -0.30340609149117675
9 458.8358256690053 70.79106884524506 0.49724991002285646 -0.7532351616612566 0.682697625831687 25 590.0 6896.0 -9.59649313204164 -0.1539203724114086
10 464.77006223464787 104.08182213473121 0.744350726357146 0.5157991408972241 0.694674310580818 25 480.0 3306.0 -8.798257123088572 -0.07418696018544399
11 95.32574518891826 105.86448985497212 0.5791201789224187 -0.7928011805790048 -0.3468370572044567 25 349.0 1485.0 -7.929316134133078 -0.0143934555240056
12 775.4593930249838 123.1581643664081 0.568427713707224 -0.4259860174025543 0.3038276982549572 25 419.0 2997.0 -8.691716857364112 -0.07172833809054119
13 774.949913015711 131.0265283677383 0.6439328952728242 -0.095788118686913 -0.13339949674882312 25 1356.0 10176.0 -10.018942745760846 -1.184236395029262
14 731.3879162527865 133.41596469934382 0.547165903006259 0.774515169080919 -0.14419322596410622 25 465.0 2291.0 -8.400062722973495 -0.3274150211566623
15 363.811050311764 135.92103644689954 0.5181842008778949 0.45827893436107786 0.19195608874856196 25 322.0 1352.0 -7.827441729014043 -0.0728949280181403
16 706.9660433146057 139.63543112455486 0.406789711679954 -0.22545332716606145 -0.01701783803966259 25 1315.0 11599.0 -10.161051371083985 -1.4213092162097398
17 585.9807566938692 176.758280920315 0.6521791754055244 -0.36016987910582354 0.22151210376186659 25 428.0 2331.0 -8.418855683801441 -0.08986610337500388
18 231.1275430910901 182.37262005608616 0.6318977905859682 -0.22033519766392146 0.1835184927073812 25 697.0 5422.0 -9.335398783111167 -0.4578528948124021
19 369.61229432885773 186.51841279507573 0.43521966594450934 -0.5086563552310986 -0.29954475727670293 25 542.0 5397.0 -9.330381045163033 -0.3271059164311648
20 641.4919414517162 187.2802473453514 0.4976914892048801 -0.2771940336993707 -0.2147321387094212 25 426.0 4214.0 -9.061736328180203 -0.05564972690793449
21 652.3811649858295 191.91353528198758 0.4488837339544922 0.05204950955281838 0.21307690322673806 25 597.0 4549.0 -9.144789842074887 -0.5747390589661643
22 415.2949020525928 193.3826858923926 0.61074375747146 -0.3925507423928088 0.17234422640887143 25 570.0 3513.0 -8.864195374480063 -0.4004321605398236
23 497.97658873908864 197.63678212292868 0.4237519731775409 0.5425018678164358 -0.19956583836011615 25 651.0 7006.0 -9.613675332454184 -0.471149409926134
24 219.10460950029412 216.96740586424502 0.4863992155806369 -0.34865228472810406 -0.1534518975704574 25 746.0 6760.0 -9.57486673985409 -0.6877526553800685
25 674.975958913604 216.53877210952638 0.662490813555932 0.02644443510131023 0.06907104483670166 25 573.0 3769.0 -8.940565343624012 -0.2658686521216759
26 115.98285130783357 226.00029524005723 0.5431621065279675 0.33871145233065625 0.21885353318079193 25 458.0 3227.0 -8.771997413509762 -0.22855909397082752
27 572.4634712928518 231.3995515339952 0.5649479221874865 -0.5768081277698986 0.164118297672455 25 1070.0 8363.0 -9.805905241961975 -1.01355857401034
28 791.6904496279665 248.2175336845766 0.477265966493844 -0.9977167818663231 -0.06500414682776652 25 623.0 6533.0 -9.537781645474531 -0.38994730397016336
29 90.88791456348731 254.9350188434303 0.4868703128365131 0.3729783037851683 -0.1198473998838165 25 470.0 4439.0 -9.118212862563416 -0.1150519154818243
30 163.8485277760822 270.9612405058714 0.7947392738854064 -0.0470281233688701 0.05799402252203245 25 470.0 1029.0 -7.5310384369060825 -0.1893124864855653
31 830.1856787926945 279.4183668453007 0.3803111977994376 0.04277525067797544 0.1273576989261553 25 808.0 7991.0 -9.756502826666328 -0.8385883504066062
32 270.88952781328857 280.94531525378676 0.44763850235647223 -0.4780257568026401 -0.03800029421884167 25 306.0 1297.0 -7.7823499402102 -0.022286472443740032
33 596.4273048768009 288.79885110423567 0.5777280253709784 -0.040925643352071515 0.37816183918830765 25 496.0 3500.0 -8.86017011087569 -0.24875080002486172
34 591.9106265889438 297.9289472064259 0.5361650791564933 -0.04906043885818493 0.08740264126009951 25 529.0 3165.0 -8.750934285883435 -0.3910988665824299
35 668.1698464254373 300.6157578404526 0.6331894152771542 0.08884118349632418 -0.34932875974054767 25 492.0 3333.0 -8.807088284151325 -0.12316275795126408
36 546.9629415917968 303.2969076071243 0.48270275778639465 -0.6103444592715613 -0.1892758137841675 25 773.0 8141.0 -9.776694386856764 -0.6131703299829889
37 121.12625648763728 308.8998784817758 0.5733799627215709 0.2515232471703057 -0.3351890104830942 25 628.0 3974.0 -8.99806965693449 -0.5344090254452946
38 143.15482774261307 335.254897391829 0.5126168664709077 0.5387757936937838 -0.03691104707790441 25 849.0 9240.0 -9.914179928050267 -0.5547041943916782
39 373.08319424900077 343.59499207792766 0.5614628130658714 0.269850723380836 0.10159192850537323 25 422.0 2612.0 -8.54243293150759 -0.13325366281123344
40 295.1247119036157 369.5831942366544 0.4956931215394204 0.29295036271110025 0.16095428823548494 25 551.0 3429.0 -8.83791871278736 -0.5082892107656765
41 831.890540891592 382.8615592861859 0.3945692093574998 0.2863203418288534 0.30760752979063555 25 399.0 4073.0 -9.024786025214995 -0.088817316385944
42 301.80176714220215 401.2549370219351 0.39211482067099457 -0.14315055933013163 0.3403969512037905 25 867.0 12881.0 -10.27487395057647 -0.38753529612143783
43 833.4136861510774 419.0636528261008 0.3533184577382712 0.5391918682463834 0.6083548314673635 25 554.0 5875.0 -9.422519677359434 -0.3993563025943917
44 788.5502542748305 423.9381423403609 0.6724530846505695 0.5634522300305366 -0.21141160240901272 25 1245.0 12417.0 -10.235041702801055 -0.9331316297477931
45 695.2894483884022 432.6926517632597 0.7478944544664006 -0.27566295862291984 -0.43513753887529266 25 525.0 3229.0 -8.772670112542905 -0.12400595999906996
46 312.3431405391359 436.51183696407116 0.33721265752596774 -0.4660907265944115 0.05532257544433533 25 3186.0 61301.0 -11.968668897998304 -1.26441230588386
47 672.050151132821 434.93696330026575 0.4951476902125577 -0.026540080223137894 0.2753052085460099 25 512.0 5206.0 -9.291260409433042 -0.19939899846429301
48 811.2347434305232 440.06151041614487 0.5019208677654248 0.2766306668060216 -0.19572257390495063 25 611.0 7413.0 -9.674985000304355 -0.08872967539175283
49 556.0321036177887 440.9415898099926 0.5300047237541315 0.3496195865826332 0.23352621461860074 25 522.0 3742.0 -8.932759457909977 -0.35061662684204825
50 675.3876917608907 444.39020523117426 0.5553310232812189 -0.2719686443966241 0.17927626257593593 25 697.0 5493.0 -9.349523997553398 -0.5541309000698154
51 483.90220834758605 453.9202459755958 0.45335111326697425 -0.8566649654651532 -0.5969268560481625 25 581.0 6095.0 -9.462434274886002 -0.32720012838251983
52 339.0792917293552 455.4572281483178 0.5543110867805384 0.24297085137945224 0.17091886478274754 25 730.0 5843.0 -9.416589715775668 -0.5600711663273142
53 156.0595449332949 458.42727142685084 0.6760980396317833 -0.5914770274525314 0.04810299763839987 25 521.0 4321.0 -9.088960665778075 -0.04497673897146628
54 752.36290097243 458.6939470689871 0.473934528365281 -0.6226245367566158 0.33292001065417465 25 665.0 7937.0 -9.749140950764088 -0.3525881475668475
55 421.1783436556862 460.1253326721892 0.4094638262872267 0.601472892694604 0.32024094907681533 25 1333.0 13840.0 -10.352840225301847 -1.2875980953055186
56 278.95016905603933 483.6264348985132 0.6880329233159367 0.3632753357898163 0.10563267911923473 25 789.0 4637.0 -9.16559273973951 -0.6432078506819232
57 573.8538577179523 510.9648410669156 0.49887172613504094 0.7354526225927632 -0.40450157524494906 25 549.0 6439.0 -9.522046062730311 -0.0846329478512686
58 140.54366717401655 550.6858878660298 0.5493037957629525 -0.3234205523377955 -0.16515502013161007 25 473.0 3554.0 -8.876793558673207 -0.21603045707443355
59 280.7726544997821 571.7453232212998 0.6185973569244512 0.5307464453083851 -0.017577079515146126 25 732.0 5733.0 -9.395954854436688 -0.5056668503639206
60 260.3773395661951 584.9656841298926 0.5236382319234756 -0.17800044371099974 0.19543138638697793 25 533.0 3982.0 -9.000253139228477 -0.3426777291227302
61 473.39160464960145 590.7271343847627 0.5027314207114113 -0.1574501410856078 0.43880055316635286 25 436.0 3723.0 -8.92723259054598 -0.04757979695251672
62 782.404162671317 595.9463036846399 0.7001848016220064 -0.11401485133170185 -0.09000466007893668 25 632.0 4250.0 -9.07097232512578 -0.3491136146052714
63 128.02363587548967 599.7722992922525 0.5189825453605086 0.23121178951557939 -0.42779406668467357 25 617.0 5967.0 -9.439390094610244 -0.361025549562495
64 68.02508492706384 604.5590097841468 0.6587331320789949 -0.22197520118067923 -0.060465278099142344 25 703.0 4928.0 -9.231676747890923 -0.5061068129990373
65 473.30019857056067 616.029860285555 0.5195186368785305 -0.21502923760339923 -0.01876731303308595 25 999.0 8271.0 -9.79389505206359 -0.9539166291113594
66 363.7158354249058 627.3893486031811 0.5236267262607514 -0.2658640856479507 0.6030696175295237 25 437.0 3953.0 -8.992317035857427 -0.041973379469774814
67 708.0781803627649 653.9347419362961 0.4461035980233203 0.2444132735355574 0.23148810964913294 25 855.0 7893.0 -9.743105257013413 -0.8092160909392208
68 376.30456409665146 666.0147911843334 0.5053592534443688 -0.5339962073887368 -0.2875699819687205 25 442.0 3160.0 -8.749217706546009 -0.18192379097287673
69 69.66395736519128 699.4619705288833 0.465704062843471 -0.7159763821862069 0.3497709513059537 25 440.0 3933.0 -8.986809866024366 -0.14649524879665757
70 285.92565061771165 709.3607847331751 0.42319446352704726 0.23052599739401217 -0.38360150677904375 25 736.0 10380.0 -10.040493383781097 -0.24313352477420547
71 713.5802696734486 721.6450308656363 0.524468238588654 0.4682424966500778 0.013171509316645963 25 472.0 3353.0 -8.81358388357205 -0.21232776863113895
72 615.7775837932628 774.9323853444539 0.5690375890217056 0.6884726948005422 0.34559178856471956 25 554.0 3874.0 -8.97039904095773 -0.3562937730590343
73 660.5907850087206 774.6169833199444 0.44666009320316563 -0.9485616876070208 -0.23636446506227735 25 876.0 9335.0 -9.925285805712743 -0.7403803375683864
74 794.2145466192252 793.2421429599134 0.4672256460739407 -0.15715805314295872 -0.13309542269368946 25 623.0 5475.0 -9.34596030878039 -0.5405284950770932
75 428.3258485260465 806.915930485138 0.5575838235043058 -0.4416085707931257 -0.2938238431875852 25 537.0 4362.0 -9.099214153106704 -0.2627363703358436
76 0.6961960275824508 809.4160008235233 0.42010475657180424 -0.1762081653735822 -0.19797787755559457 25 357.0 2800.0 -8.617895078355549 -0.114030289610276
77 104.86508876798344 811.7182309325653 0.6458720083319895 -0.1373391873041272 0.47052878790121583 25 739.0 6001.0 -9.44555906691524 -0.4834143698765242
78 48.218948705857954 819.2409671334436 0.49316878629108285 -0.16465258757516796 0.20316380136008863 25 393.0 2873.0 -8.645839064979869 -0.06597171753426218
79 24.05965263900551 830.837132048912 0.5927819356674533 -0.260426699751526 -0.48704472538187255 25 572.0 3759.0 -8.937680814284532 -0.45811275928664325
