test_CNN/outputs/tables/01256_b52973m0s0_sources.ecsv
# %ECSV 1.0
# ---
# datatype:
# - {name: id, datatype: int64}
# - {name: x_centroid, datatype: float64}
# - {name: y_centroid, datatype: float64}
# - {name: sharpness, datatype: float64}
# - {name: roundness1, datatype: float64}
# - {name: roundness2, datatype: float64}
# - {name: n_pixels, datatype: int64}
# - {name: peak, datatype: float64}
# - {name: flux, datatype: float64}
# - {name: mag, datatype: float64}
# - {name: daofind_mag, datatype: float64}
# meta: !!omap
# - {date: '2026-06-03 17:17:37 Eastern Daylight Time'}
# - version: {Python: 3.11.15, astropy: 7.2.0, bottleneck: 1.6.0, gwcs: 1.0.3, matplotlib: 3.10.9, numpy: 2.4.6, photutils: 3.0.0, scipy: 1.17.1,
#     skimage: 0.26.0}
# schema: astropy-2.0
id x_centroid y_centroid sharpness roundness1 roundness2 n_pixels peak flux mag daofind_mag
1 315.4480803753572 32.02028120876958 0.49987108028037736 -0.4322618456875036 0.7194696777770003 25 615.0 7101.0 -9.628298781621863 -0.25581708337727543
2 699.2913532660007 36.14324828421192 0.37941091247216424 0.3391700650123458 0.7778847086906927 25 896.0 15507.0 -10.476319467218381 -0.15328855678865277
3 206.15727928358464 280.1316959646305 0.37092047892087116 0.18566743041173717 0.5230991630019513 25 771.0 9999.0 -9.999891420950481 -0.5405724359997561
4 504.95924504029216 292.0836560979281 0.5183767068835711 -0.10454056466169127 0.6005217197975864 25 1384.0 19100.0 -10.702583418119318 -0.821892193900784
5 31.716863908421924 339.7470239744276 0.4248374319779019 -0.43603257459677025 0.726987759953744 25 862.0 11381.0 -10.140451058355351 -0.5326056088158657
6 704.86789596914 383.9265370029736 0.36945586370052425 0.2383920701746269 0.4929097179497679 25 1642.0 28890.0 -11.151868854610491 -0.7742248906902831
7 262.951219545213 392.22850151875826 0.4117153910188691 -0.10686517799920413 0.5847974030683215 25 1264.0 22902.0 -10.899683525831856 -0.3428223069438593
8 276.85366381729466 407.95953045969327 0.4480834249067088 -0.07806582955500471 0.041852838528841016 25 1584.0 31843.0 -11.25753494211053 -0.12948707645399868
9 322.8794191278948 418.34672019227577 0.4493266634430289 0.1562131999087473 0.40512240964706947 25 657.0 9132.0 -9.901414757045494 -0.12252507032598246
10 360.3348107468154 486.423030595477 0.5363125131596829 0.05394673171524913 0.7022881940353384 25 694.0 9588.0 -9.95432006340404 -0.055770237979397
11 180.68254343540494 527.7706881595317 0.46171586985315305 -0.2901083583146055 0.5378283583839107 25 540.0 6783.0 -9.578554542662555 -0.07031299305016296
12 3.929537867804535 577.3930254867666 0.3976335795819599 -0.019352087897362803 0.5381400880860306 25 1074.0 18750.0 -10.682503180159344 -0.29582398767652474
13 322.0305236811228 607.5216914938118 0.5665371290997404 -0.3345555175992142 0.7261399815536859 25 852.0 10390.0 -10.041538868892943 -0.3895986768775671
14 435.85071864086166 614.0631170496695 0.552089770220625 0.02904952176828127 0.9867307600289009 25 1049.0 14304.0 -10.388643753629607 -0.5206803700818833
15 783.9396342942842 619.505959305946 0.37027629858747074 0.10345343295850334 0.29072692361110686 25 915.0 16115.0 -10.518075774620883 -0.09877984706191
16 809.1956331090613 619.494637145461 0.3850630514463802 -0.020843398588779805 -0.5439940723907618 25 3812.0 86074.0 -12.337179964529357 -0.38365505888341206
17 791.7737327780471 620.0143933927977 0.36339836675059345 0.30041449271059 -0.2792862947788525 25 3739.0 83215.0 -12.300504043793577 -0.5544413691062771
18 90.75866330184586 630.4533024904077 0.3758144077199203 -0.2701329290777627 0.6146477201681425 25 911.0 13765.0 -10.346940539323374 -0.4788856748711945
19 803.3865172627338 627.6030889844626 0.3706143474686707 0.2983422671085641 0.8224342890066295 25 1398.0 27804.0 -11.110268199594 -0.15881644223866423
20 803.7847780179685 690.8978245372604 0.386256659651552 0.28430438339679487 -0.1612311209606373 25 3224.0 71113.0 -12.129872500846322 -0.432325437949351
21 8.49325643303674 714.9687963748866 0.6356298114288293 -0.19014801225085814 -0.7808855263718227 25 70.0 -27794.0 nan -1.5767575914038514
22 34.494557033910894 716.0071322829492 0.6224449102469735 -0.20821901286303762 -0.8559849675110145 25 -2.0 -28412.0 nan -1.5601751676168265
23 60.570938764639486 716.8097246747466 0.6384696583016501 -0.20501966919343612 -0.7303514341200411 25 -32.0 -28439.0 nan -1.4994521210689378
24 86.368922504693 717.8781911870375 0.644708799966468 -0.13997133948072368 -0.682569872496637 25 84.0 -27882.0 nan -1.5843450434271211
25 112.50835971747891 718.8217360322861 0.607816603693091 -0.23492896437618516 -0.8025909911500773 25 -69.0 -28027.0 nan -1.486487939645364
26 138.43271620689976 719.6592491204784 0.6312181898968644 -0.13762665648585232 -0.7597162979233152 25 -100.0 -28571.0 nan -1.4708310537935998
27 165.38535496890952 720.842368242108 0.6386928774378049 -0.15772307034222938 -0.7679642555695761 25 0.0 -28258.0 nan -1.5399453579855382
28 191.51515491936348 721.7356993699852 0.6497177789608231 -0.2132044929956066 -0.761523435282819 25 -72.0 -28766.0 nan -1.4705994163634193
29 217.49335220929936 722.69539804495 0.6361232645649314 -0.21869488283281674 -0.728142779043332 25 -97.0 -28749.0 nan -1.4578925107121479
30 243.5427248371886 723.7511310116114 0.6463781038454925 -0.134603076664729 -0.8619718329184334 25 -139.0 -28859.0 nan -1.3980911547030297
31 269.4481187169461 724.8535240121089 0.6405755032647976 -0.16715719579644925 -0.7401969340259857 25 -40.0 -28881.0 nan -1.5113636420131593
32 295.47351980779126 725.7230387807396 0.6387596276085423 -0.1833834332428456 -0.7077327197845645 25 59.0 -26890.0 nan -1.5356278444977802
33 321.43879239622 726.730095034762 0.650214462234775 -0.1423072301237125 -0.7450579233989474 25 39.0 -27326.0 nan -1.5219596544620648
34 347.5607969833787 727.7832353531741 0.6101566004067732 -0.21126297473785988 -0.7347401643897814 25 45.0 -26926.0 nan -1.56701730005844
35 373.49212058989804 728.7895852342372 0.6315409195920894 -0.22114965634327696 -0.7278999802854672 25 166.0 -25541.0 nan -1.5939867029520336
36 399.5177114818587 729.8575252215849 0.667804592522254 -0.2511499426000674 -0.7202537086012821 25 97.0 -27751.0 nan -1.564645943387488
37 425.4971620511808 730.6443877055858 0.6124237899724915 -0.12924770132348828 -0.7936437952044263 25 -18.0 -26458.0 nan -1.483372034065307
38 451.4680106864195 731.7344523753737 0.661416010307701 -0.17328899945395007 -0.7518351434278087 25 146.0 -25951.0 nan -1.556248016870426
39 477.5295903282339 732.9200177268777 0.6537386733906871 -0.2314280635285948 -0.8824616013529837 25 5.0 -28100.0 nan -1.5133215718093838
40 503.5869153334562 733.6648458051343 0.6437854336836238 -0.174022830713233 -0.6647775419664312 25 -33.0 -28154.0 nan -1.4861717473451925
41 529.495764920944 734.7286093820478 0.6243468431258494 -0.15817254251484966 -0.7876722835191441 25 -57.0 -27682.0 nan -1.4626217481467598
42 555.3027175302293 735.6892733570675 0.6779596721625202 -0.11413757267385813 -0.5272495410230765 25 202.0 -27003.0 nan -1.6216657119898612
43 581.4616242309769 736.852222964307 0.623991588777218 -0.21995039500302566 -0.682992594691335 25 48.0 -27845.0 nan -1.5760836491539605
44 607.4946723903062 737.7762543403966 0.6248575859958818 -0.20752604084295567 -0.7753225546918824 25 -41.0 -27871.0 nan -1.4934385007660536
45 632.5708377958698 738.5966542197012 0.6109870547796781 -0.24962093461319615 -0.8241050616883162 25 -128.0 -27907.0 nan -1.4429478014127328
46 658.5850717939697 739.6358276082834 0.6579988715565808 -0.161156875443067 -0.7830768740103214 25 -110.0 -28601.0 nan -1.4083856627038451
47 684.4198410268502 740.7901735743799 0.661148071687592 -0.2140173649393899 -0.801995425444192 25 -1.0 -27880.0 nan -1.4864511373369087
48 710.5314618518548 741.6289594715454 0.6382944612576983 -0.23106754243568717 -0.8302570882380186 25 -88.0 -27780.0 nan -1.4317907666011898
49 736.5169740780639 742.7830402053842 0.6432399173410382 -0.22238200710724826 -0.7514602556234525 25 -14.0 -28358.0 nan -1.5291336429910538
50 762.5428194232678 743.8598401164526 0.6477495795418895 -0.15329527777079235 -0.8356778830313021 25 -65.0 -28990.0 nan -1.4857872504404672
51 788.3092953782316 744.6131532091756 0.6487141266551256 -0.05468403501724619 -0.6633058999323719 25 -44.0 -28451.0 nan -1.4952480992670714
52 814.3733367517715 745.7105226324063 0.6424857508286139 -0.17596519137174266 -0.682579863989398 25 88.0 -27119.0 nan -1.5856185350736618
