test_CNN/outputs/tables/01261_b53013m0s0_sources.ecsv
# %ECSV 1.0
# ---
# datatype:
# - {name: id, datatype: int64}
# - {name: x_centroid, datatype: float64}
# - {name: y_centroid, datatype: float64}
# - {name: sharpness, datatype: float64}
# - {name: roundness1, datatype: float64}
# - {name: roundness2, datatype: float64}
# - {name: n_pixels, datatype: int64}
# - {name: peak, datatype: float64}
# - {name: flux, datatype: float64}
# - {name: mag, datatype: float64}
# - {name: daofind_mag, datatype: float64}
# meta: !!omap
# - {date: '2026-06-03 17:17:38 Eastern Daylight Time'}
# - version: {Python: 3.11.15, astropy: 7.2.0, bottleneck: 1.6.0, gwcs: 1.0.3, matplotlib: 3.10.9, numpy: 2.4.6, photutils: 3.0.0, scipy: 1.17.1,
#     skimage: 0.26.0}
# schema: astropy-2.0
id x_centroid y_centroid sharpness roundness1 roundness2 n_pixels peak flux mag daofind_mag
1 109.36774358239711 0.9718542820686074 0.31873447040490405 -0.9970502783814909 -0.8599740892649572 25 1561.0 21834.0 -10.847833264924699 -0.8141608538103586
2 60.570734851713894 12.776760099586227 0.5320082742138493 -0.03874304840881357 0.31848132181244104 25 1060.0 9560.0 -9.95114473069025 -0.5192282101944445
3 487.06718556713463 15.959348251813958 0.5959457461214763 -0.009196462311962928 0.08850645715556378 25 1319.0 11885.0 -10.187497965160496 -0.6349224488482798
4 670.3600879161311 22.448680581954815 0.4024530830070573 0.7436668486674004 0.7000249663861611 25 1211.0 16619.0 -10.551512219566703 -0.3475949565229786
5 779.8348897219519 23.086300593017544 0.49728203873536375 -0.2959084904705048 -0.020000192241668678 25 739.0 7605.0 -9.702748045972543 -0.03702647690332726
6 687.5882107100891 26.443728366562357 0.5207594148010991 0.11824529273390245 0.24992561940068475 25 984.0 11215.0 -10.124498194797466 -0.23479698468640753
7 512.0928392605233 26.855756709372123 0.37696391150598313 -0.8639996076572692 -0.13299048872253977 25 731.0 9037.0 -9.890060705701693 -0.007635532903244714
8 329.2194979298269 28.024656775287305 0.5173919054578423 -0.2451763540201981 0.12444882683389791 25 885.0 9664.0 -9.962892303192643 -0.11881297443079325
9 413.27860318575085 43.137322212056624 0.4840144476142184 -0.4765636111447819 0.1255200024013533 25 1189.0 15429.0 -10.47084444760188 -0.3727419001468541
10 500.048881358881 47.28597482233783 0.4654115458859863 0.4188490081649447 0.002752432432261747 25 728.0 7231.0 -9.647995903834694 -0.12109592987383754
11 643.7923936268232 76.04015761723419 0.6515912181972591 0.34754605929107757 0.6850971661622647 25 804.0 7591.0 -9.70074747856438 -0.02256624573611144
12 166.16173906583106 108.07306792559456 0.37839305749059593 -0.10236963163155001 -0.010941436575936037 25 1216.0 13489.0 -10.324949386674273 -0.6770837556458567
13 410.4402791651838 130.79194651861113 0.38530022114381135 0.6040272135716958 0.11037780857832714 25 783.0 10546.0 -10.057719417488613 -0.005755363135573016
14 628.1526811957765 185.97021468385847 0.37621203836113276 0.3485053637468531 -0.031718418887372035 25 794.0 10334.0 -10.035671143024107 -0.10828643109496586
15 813.8859549271825 206.95063534361174 0.37779303067161357 -0.2463271631186444 -0.006321683379948826 25 1910.0 35556.0 -11.377282243819188 -0.26989873022291644
16 802.2055175120605 243.8102309226948 0.4383737248633234 0.338953239627752 0.006235831706776014 25 928.0 12312.0 -10.225821517058556 -0.05671783635765351
17 590.0191545608034 251.537037721564 0.4276944209676363 0.4452117806941409 0.4651792480082332 25 887.0 11196.0 -10.122657224485312 -0.15916954232718325
18 648.273445217966 258.9574744397513 0.3775540424881173 0.25603955695698016 0.14946706873284768 25 927.0 11106.0 -10.11389417284137 -0.30969010365920596
19 767.3590640323935 284.7735709993808 0.48430163723619307 -0.07332070766561552 -0.5511473767293322 25 2489.0 40460.0 -11.517564696086964 -0.7559879251347006
20 288.5936568254997 286.3744507761708 0.40810296056008594 -0.2868032804854582 0.40304028972692696 25 1009.0 13981.0 -10.363845589280583 -0.14554370337171474
21 372.5382741187859 291.32282115863836 0.3787738871099091 0.3796421132745592 0.7385857650535349 25 717.0 8553.0 -9.830296180072807 -0.05419776235803127
22 29.06930187274006 309.0014474599574 0.5139741066381512 -0.26507955901589103 -0.25142604948266056 25 949.0 11644.0 -10.165255491916934 -0.06705059109842355
23 394.56585855237813 357.0524065256469 0.4451800810350326 0.11137630266827928 -0.08583856679263874 25 1899.0 22594.0 -10.884982811048712 -1.0172685367727816
24 218.67921960029696 414.6522852057543 0.5106033653649873 0.042557856503344905 0.34678590867006287 25 857.0 6733.0 -9.570521536169863 -0.3489571730768911
25 254.81580100150117 416.3977577891037 0.49890122092617417 0.46657095826726286 0.22743280887454762 25 651.0 5768.0 -9.402563129278432 -0.020654361646888986
26 805.2208596419334 454.6098622918707 0.4848644041700479 -0.20445605577746742 0.08708498152826485 25 1057.0 10097.0 -10.010480890649285 -0.5204418256468594
27 109.34852115973547 483.02709591639916 0.374047201729957 0.272785690079404 0.009411013136588122 25 1045.0 15568.0 -10.480582057310691 -0.22233536130708365
28 259.560605462773 521.0977202706415 0.5844699495309981 -0.1915283613510603 -0.09565796123395456 25 741.0 6800.0 -9.58127228176559 -0.012533685871272425
29 408.03019189926755 565.796114176542 0.3760910098551175 -0.48034149076317023 0.38321780027342717 25 761.0 9612.0 -9.957034405329656 -0.07621313957068708
30 474.5450033372887 582.524752983476 0.5032050532573734 0.5476247765401622 0.23674003883949177 25 1883.0 21334.0 -10.822680726886826 -0.9506898460262408
31 494.91326019642094 582.7996701547964 0.4037731379953493 0.7533597315765398 -0.16701713490139644 25 921.0 13062.0 -10.290024198561845 -0.08659334901287988
32 322.75529211109574 584.3439246385361 0.45422217722106634 -0.12792572834506155 0.18049001497767683 25 1414.0 18690.0 -10.67902325344708 -0.5113404710720191
33 474.2449563897821 678.0815800065826 0.5494626048113822 0.2994423794969751 0.3470007795117042 25 967.0 8930.0 -9.877128647221365 -0.32879653159899686
