test_CNN/outputs/tables/01308_a25323m0s0_sources.ecsv
# %ECSV 1.0
# ---
# datatype:
# - {name: id, datatype: int64}
# - {name: x_centroid, datatype: float64}
# - {name: y_centroid, datatype: float64}
# - {name: sharpness, datatype: float64}
# - {name: roundness1, datatype: float64}
# - {name: roundness2, datatype: float64}
# - {name: n_pixels, datatype: int64}
# - {name: peak, datatype: float64}
# - {name: flux, datatype: float64}
# - {name: mag, datatype: float64}
# - {name: daofind_mag, datatype: float64}
# meta: !!omap
# - {date: '2026-06-03 17:17:43 Eastern Daylight Time'}
# - version: {Python: 3.11.15, astropy: 7.2.0, bottleneck: 1.6.0, gwcs: 1.0.3, matplotlib: 3.10.9, numpy: 2.4.6, photutils: 3.0.0, scipy: 1.17.1,
#     skimage: 0.26.0}
# schema: astropy-2.0
id x_centroid y_centroid sharpness roundness1 roundness2 n_pixels peak flux mag daofind_mag
1 648.4645008378183 27.73194072342331 0.6872613688258442 -0.42717451763196945 -0.19994946335725253 25 1614.0 1412.0 -7.874586741789463 -0.488400429136959
2 31.198935343314204 39.257228184394215 0.8758281293277751 0.4682565785200728 0.18206717091846816 25 1090.0 -3754.0 nan -0.007378697279929509
3 124.7872965059178 90.75241887530352 0.48880302552375643 0.6317646846859629 -0.24127830397870145 25 2820.0 43107.0 -11.586369498750281 -0.293776902277953
4 114.55086591763002 94.83961690349109 0.41667416255988243 -0.039960061368066964 0.18337168742136684 25 2880.0 46473.0 -11.668001771652943 -0.25350855328970573
5 416.4567742621751 99.7578371340462 0.7292092852669771 -0.08075920504688354 -0.1936735331726779 25 1190.0 -585.0 nan -0.2019074042802542
6 156.22175511867997 232.16183582874436 0.3740684149758672 -0.940556444937521 -0.9389035757310042 25 2545.0 38153.0 -11.453821731364274 -0.30087102656231135
7 807.3769972661446 317.1337898361507 0.7002497392339044 0.8689805110669999 0.10737075235766506 25 1505.0 5299.0 -9.310484798785824 -0.2518779424398898
8 569.4814247682933 341.1277221796314 0.5856285988683412 -0.691592893300749 -0.5121766640392839 25 1191.0 4045.0 -9.017296314870727 -0.12150280077535974
9 721.1096979453366 346.55644190804117 0.4648616071704796 -0.8784675888387149 -0.8695955560678833 25 2582.0 33112.0 -11.299963533481758 -0.4860227722405211
10 712.4770120584617 351.19607690475783 0.34530528085554735 -0.9677455562560565 -0.6221066424111574 25 2765.0 48128.0 -11.705994536438824 -0.1971017394529765
11 334.5059140254782 410.85530599628873 0.41221105280539105 0.4801671791774994 0.12880657951830662 25 1488.0 14609.0 -10.411551222699277 -0.20338005709218107
12 473.3755555968831 465.9385980877132 0.37557204153778395 -0.5828880000431004 -0.9919721337067352 25 2745.0 42603.0 -11.573600455360769 -0.43240170796286015
13 461.38819337086807 470.85068637059146 0.4624804360963364 -0.6670185038410803 -0.5379669468270198 25 2514.0 36171.0 -11.395901289078399 -0.3382829365432135
14 293.82445719036434 493.50266376207026 0.5961551464576803 -0.6601543194565291 -0.15010071599687475 25 2025.0 10172.0 -10.018515878759178 -0.7149850527664905
15 713.7793032087876 504.07115833326 0.7220624983593316 0.6324289167344577 0.031356683164616976 25 1238.0 4023.0 -9.011375081428154 -0.06928755558566106
16 355.0772396129851 533.5981128399943 0.6631255260103109 0.3296811362629688 0.31013157651920437 25 1779.0 5584.0 -9.367363524037762 -0.5167244105933121
17 347.7117832227554 593.6334002448363 0.7764120899015888 -0.16804739520327377 -0.017196137940069023 25 1502.0 3757.0 -8.937102987658461 -0.22528630135197705
18 195.3234517163763 600.3485385470576 0.6347234861342249 0.7694628146402465 0.0993584828548201 25 1153.0 4356.0 -9.097719677709344 -0.05084138518264298
19 181.8581304301847 680.1770199343665 0.9351030611972796 0.6437891785463762 0.1650928863889772 25 2209.0 9935.0 -9.992919678614584 -0.34711799124601883
20 29.459667020781964 735.6252725533038 0.47614694553686066 -0.9144349708369481 -0.9528858164696161 25 2213.0 29413.0 -11.17134830735737 -0.21520714195272833
21 278.78993717756555 764.1622271984418 0.6394581433260601 0.49299249695393627 0.09906516588541654 25 1438.0 9776.0 -9.975402982246198 -0.10283884346571398
22 241.93094208345414 765.9276991941123 0.5658394931023607 -0.10490122663304029 -0.4030197332900575 25 2260.0 27558.0 -11.100619239503917 -0.37548954433529125
