test_CNN/outputs/tables/01321_mf03709m0s0_sources.ecsv
# %ECSV 1.0
# ---
# datatype:
# - {name: id, datatype: int64}
# - {name: x_centroid, datatype: float64}
# - {name: y_centroid, datatype: float64}
# - {name: sharpness, datatype: float64}
# - {name: roundness1, datatype: float64}
# - {name: roundness2, datatype: float64}
# - {name: n_pixels, datatype: int64}
# - {name: peak, datatype: float64}
# - {name: flux, datatype: float64}
# - {name: mag, datatype: float64}
# - {name: daofind_mag, datatype: float64}
# meta: !!omap
# - {date: '2026-06-03 17:17:44 Eastern Daylight Time'}
# - version: {Python: 3.11.15, astropy: 7.2.0, bottleneck: 1.6.0, gwcs: 1.0.3, matplotlib: 3.10.9, numpy: 2.4.6, photutils: 3.0.0, scipy: 1.17.1,
#     skimage: 0.26.0}
# schema: astropy-2.0
id x_centroid y_centroid sharpness roundness1 roundness2 n_pixels peak flux mag daofind_mag
1 388.76470782273867 5.193256661944549 0.6861824220898987 0.6553099799718922 0.22014116558597138 25 552.0 1914.0 -8.204854833602063 -0.01760645361945031
2 306.7359948116033 9.216567022448903 0.4369649694402887 0.03698016889311586 -0.2880310932326351 25 1265.0 19469.0 -10.723359112796587 -0.25951528670931934
3 605.4301380173566 9.46230406180213 0.507658154083924 -0.34929409510959974 -0.9698401266413771 25 1910.0 30417.0 -11.207790944435885 -0.5600640958439713
4 488.6920073494627 48.06206568333888 0.5131887984735088 -0.3470343179186232 -0.9293874842715577 25 602.0 4652.0 -9.169099265141028 -0.006711090498166232
5 115.14332643579355 55.1819642781134 0.47716829837037317 0.11233710831609514 -0.602970510172289 25 1013.0 14735.0 -10.42087535046486 -0.07911257999957882
6 297.8783919452248 64.13101911981596 0.6623236987613925 -0.8053923637694521 -0.3677675146244573 25 606.0 3878.0 -8.971519511856716 -0.0005174008841116048
7 126.21427635679379 94.26319396197013 0.38601795585716797 0.11243229026183581 -0.21448198471323246 25 3368.0 75046.0 -12.188318872553381 -0.04367901693628595
8 793.5267737739244 105.80479187252226 0.3881246349407077 0.04666305854315725 -0.7280012719933318 25 2737.0 54234.0 -11.835679091941657 -0.49141879886467044
9 789.7216899965684 130.19484130809386 0.4226629224283947 -0.05672483856373383 -0.069454128749715 25 637.0 5747.0 -9.398602992834244 -0.12002493545718859
10 769.6604313761234 192.15953118904633 0.3890011729254339 -0.09588811046402952 -0.8101337446060073 25 999.0 13677.0 -10.339977117304063 -0.2710941050997052
11 153.9412608007244 235.08806282147958 0.41290566735303325 0.027723381216071787 -0.808575021616428 25 3456.0 70144.0 -12.114976320330594 -0.5637597184839331
12 262.452279425621 333.04813370292857 0.5975167489930722 0.5435814672428648 0.05690900292090908 25 756.0 4839.0 -9.21188905527156 -0.2597519432504901
13 721.2512430844104 350.5521302550945 0.4424251764331599 0.062092788278898865 -0.7129185230189614 25 3197.0 62172.0 -11.983987095836866 -0.6173555247600395
14 815.8183716934036 365.2742856804136 0.44792343319885203 0.22433671685361678 -0.11872334804257961 25 639.0 6867.0 -9.591917618485514 -0.06853973827865814
15 421.3269835124795 395.70871527258754 0.43886422337204095 0.28328334336269934 -0.9646220889130969 25 2646.0 49726.0 -11.741458814087212 -0.5957762476610322
16 780.8753619380531 408.5508364810451 0.5086747964185542 0.45453767269183654 -0.7760444445236592 25 1830.0 30389.0 -11.206791022853082 -0.3581969302556547
17 16.553040416527136 424.9848625377027 0.39947442080054324 0.976339317879729 0.4006130664419815 25 1426.0 19181.0 -10.707178113338014 -0.6888803076040777
18 407.7269501881626 440.258394040829 0.428531326516062 0.08975250544396429 -0.3066659470063425 25 617.0 5557.0 -9.362100991963448 -0.10974659157599868
19 349.4966719807811 467.5684576419793 0.4117662705274129 0.7899378907203376 -0.25543236740443714 25 1390.0 22508.0 -10.880842266204889 -0.3095067426046013
20 741.445334452362 468.9129888172141 0.5506186385542698 0.42206252120231375 -0.8243293413634468 25 1212.0 18141.0 -10.64665305831401 -0.10417546074279299
21 461.82865629575247 468.72892170945244 0.40800350369458166 -0.07884523358132699 -0.637342342525236 25 3237.0 69877.0 -12.110835628319684 -0.16802660568211775
22 471.30118386667783 469.36906093841634 0.42198744984281433 -0.03539565831665856 -0.32861552010054745 25 3077.0 62091.0 -11.9825716359648 -0.4732888167543281
23 663.5717045596646 489.3098348785486 0.42513210041980454 -0.24022432539289618 -0.8654506157780995 25 957.0 14102.0 -10.373201775852559 -0.055415781166657366
24 216.8463448151516 513.1996539435862 0.6533027492671428 0.35683828416177865 0.032295772573959776 25 1984.0 15038.0 -10.442975201224023 -1.2052278812504351
25 49.51981686290177 554.287364201195 0.3880294541223047 0.12310952067105187 -0.8440539052378143 25 2038.0 36219.0 -11.397341138379854 -0.4892572346650962
26 231.62541308943185 569.1053531922784 0.35817282793212274 0.5347497055474948 -0.5328230960260317 25 1414.0 23494.0 -10.927392411041135 -0.33251386569088875
27 510.9294662043851 578.8941049810157 0.6093329759485338 0.5715324558045815 0.04946967117433022 25 755.0 4979.0 -9.242855315688649 -0.2328207934697913
28 53.69931770813617 592.2629663623469 0.4872074152380692 -0.3316363916833318 -0.1929704797536884 25 704.0 6860.0 -9.590810289266878 -0.15117044884602213
29 145.11957621571128 630.9848682275785 0.47966418120507365 -0.30986064553868575 -0.5891044781221988 25 1023.0 9308.0 -9.922140936536731 -0.5705107390267329
30 776.4685662861286 650.4206900612265 0.5523541671297023 0.05338956102735361 0.4786777379299677 25 625.0 4710.0 -9.18255226782224 -0.03688818341393902
31 732.7480963741268 667.1691289933685 0.6138113077904787 0.06989635663253947 -0.07627058424100655 25 901.0 6538.0 -9.538612290610875 -0.4177806147193758
32 361.10466317383873 692.6801291063492 0.4392434474717747 -0.4355088792933865 -0.29647139209510354 25 890.0 9336.0 -9.925402107593284 -0.3727336814167597
33 688.0863532692141 705.6329975643057 0.5996102590486209 0.7817439631601789 0.4302945302860528 25 464.0 587.0 -6.921595253119036 -0.030752907314090458
34 88.14168206038032 716.8331811756116 0.42727988406648615 -0.1155894409243204 -0.5545368491494236 25 2400.0 44619.0 -11.623799581647418 -0.48153710586606174
35 25.76091430115378 738.3092367969429 0.40573907220329636 -0.09458907161278506 -0.6534326255152345 25 3020.0 60110.0 -11.947366819921541 -0.49646856803109307
36 388.00009100299803 790.6744680729533 0.5314860844233747 0.25795600150926457 0.20918399195595422 25 735.0 6693.0 -9.56405206250875 -0.25079523547723986
37 696.8639927447974 811.9453951223926 0.4564452049379044 0.03242683275043233 -0.9532349014843903 25 2025.0 34140.0 -11.333158791946786 -0.5094005712679015
38 60.430302811655004 831.3212116365352 0.46408363213610027 0.08288374933827004 -0.516826787131964 25 697.0 6991.0 -9.61134825532252 -0.12533105105305353
