test_CNN/outputs/tables/01324_mf03795m0s0_sources.ecsv
# %ECSV 1.0
# ---
# datatype:
# - {name: id, datatype: int64}
# - {name: x_centroid, datatype: float64}
# - {name: y_centroid, datatype: float64}
# - {name: sharpness, datatype: float64}
# - {name: roundness1, datatype: float64}
# - {name: roundness2, datatype: float64}
# - {name: n_pixels, datatype: int64}
# - {name: peak, datatype: float64}
# - {name: flux, datatype: float64}
# - {name: mag, datatype: float64}
# - {name: daofind_mag, datatype: float64}
# meta: !!omap
# - {date: '2026-06-03 17:17:45 Eastern Daylight Time'}
# - version: {Python: 3.11.15, astropy: 7.2.0, bottleneck: 1.6.0, gwcs: 1.0.3, matplotlib: 3.10.9, numpy: 2.4.6, photutils: 3.0.0, scipy: 1.17.1,
#     skimage: 0.26.0}
# schema: astropy-2.0
id x_centroid y_centroid sharpness roundness1 roundness2 n_pixels peak flux mag daofind_mag
1 308.0108904259297 9.904567552748738 0.4880571296997303 -0.42404271995782405 -0.09430272858213784 25 1172.0 18379.0 -10.660804694407515 -0.0704103194289133
2 605.4147189598916 9.875322709752801 0.4097664115840465 0.3564127728546591 -0.14812980017280664 25 1729.0 29708.0 -11.182183538108902 -0.388370581089621
3 117.05947150400566 89.40172925811106 0.39534866201189894 -0.37586124121778125 -0.07814044162867584 25 2973.0 64192.0 -12.018702267510763 -0.061502912857908515
4 793.8094506446687 106.11222847285438 0.40805078550347923 -0.060675266926620335 -0.3760422534949818 25 2465.0 49833.0 -11.743792582378145 -0.1967707507495782
5 678.9138469751684 128.99613799772038 0.4538634658196861 0.41844011032924455 -0.3103600852828827 25 609.0 3938.0 -8.98818927950525 -0.2334816931314413
6 41.69437105716391 138.97480602546597 0.3945805696743607 -0.0171254986084955 -0.34236631216613533 25 2243.0 44979.0 -11.632524489281401 -0.1553293252958496
7 781.8021650893861 162.75741843163289 0.491765557033705 0.8619566910016964 0.10247642112997249 25 1568.0 26691.0 -11.065912113219818 -0.1364793727745682
8 770.2541896022767 192.83414523120248 0.5164437079888845 -0.008492838599882941 -0.4851112416871137 25 1093.0 15016.0 -10.441385649033226 -0.12738352540459763
9 150.70062368759852 230.83651964806253 0.38498464479620365 -0.13641339494819008 -0.3197141354640254 25 2512.0 50305.0 -11.754027883340147 -0.2605302530185387
10 174.79166737535417 248.87504634203984 0.4194566685254812 0.41144895857386127 0.327178815736354 25 750.0 7844.0 -9.736343962489366 -0.16479740609745958
11 528.5420951313685 270.96106856158 0.44405575069464714 0.770284754713073 -0.4537802008732837 25 1705.0 20134.0 -10.759825160688422 -0.9063829031656065
12 228.26425087403481 334.9452141087995 0.47331373373557545 0.27369775720558204 0.2606386330740411 25 641.0 4746.0 -9.190819334703301 -0.15736478672379872
13 714.4666421510917 347.01241856356614 0.3954087918717272 -0.3195534329018729 -0.2470695235839412 25 3269.0 68394.0 -12.087545010104892 -0.34083865199334323
14 741.7523560165367 376.91789047056744 0.49510105225648565 0.6303772624861149 -0.08579428009932573 25 1660.0 14904.0 -10.433257104720466 -1.0433356865057977
15 415.2369416795708 393.44418663353775 0.4103164856950823 0.36488068004682755 -0.04296834958469614 25 2798.0 57806.0 -11.904932296382352 -0.21524262831891705
16 763.1024654753804 405.84668238696474 0.6125749928472863 0.25726377057538413 0.06715017644789174 25 869.0 6192.0 -9.47957736918709 -0.352000271845099
17 780.7851309804513 408.93663337638634 0.48710462099136953 0.21542974069866472 -0.035310380235346 25 1689.0 26208.0 -11.046084700200812 -0.4743272729866783
18 464.36623839856173 466.33541846630783 0.3804195642233716 -0.22290154649766927 -0.11502215220872429 25 2664.0 55260.0 -11.856027201451232 -0.19782464921299023
19 471.3474403218231 469.5242175052973 0.404060438998162 0.2217922476406717 -0.5274166419589561 25 2719.0 57394.0 -11.897166233473557 -0.1201224255875266
20 49.63746406583079 553.7608763442647 0.3899410546960949 0.2562447562106505 0.053203340026610486 25 1618.0 29565.0 -11.17694470833781 -0.19200723753233273
21 792.7223612709794 583.3415759114591 0.6648868849360137 0.7927277204564571 0.2113120495075265 25 773.0 6357.0 -9.508130528576142 -0.06443654835353671
22 488.23149021576705 633.9956478746142 0.5893986491225368 0.27451770388950475 -0.3901491972310811 25 697.0 4731.0 -9.187382370121412 -0.1684987054033243
23 486.4100005981072 696.5011532441155 0.6472932909903594 -0.372178855463487 0.24952375238549418 25 646.0 3850.0 -8.96365182377125 -0.06116523705654852
24 88.86491424828104 716.8315200459964 0.41770436680075146 0.2793750222046348 0.06241256308052564 25 2434.0 47999.0 -11.703080473699078 -0.23502761537473243
25 22.63968145364507 735.0591556526929 0.47809032119297384 0.299332757319824 -0.03431829068563814 25 2249.0 43751.0 -11.602469959939752 -0.1378342605877946
26 24.97765672993385 738.1221070541275 0.40596328778556406 -0.46397729144768185 -0.4730170154695586 25 3022.0 63571.0 -12.008147607822096 -0.17310910766941842
27 271.81867279174406 790.3363593166742 0.5101589983204612 0.2709666089068883 -0.04917882416100359 25 903.0 9318.0 -9.923306765280506 -0.23012741627105895
28 697.2058058122748 812.2373543788252 0.3594441399859145 0.1597361610059684 -0.17811083305452646 25 1929.0 35541.0 -11.376824107939674 -0.29169631555246167
29 416.30222092771595 812.9343325953114 0.5054424917785628 -0.4171142768118415 -0.08912237531819152 25 544.0 4608.0 -9.15878117603789 -0.022788306446952376
30 79.32667450265727 829.5870354569129 0.37624526482020804 -0.17974999172475897 -0.37392764269874124 25 2880.0 59763.0 -11.941080975479865 -0.2675535246828209
