test_CNN/outputs/tables/01338_mf04019m0s0_sources.ecsv
# %ECSV 1.0
# ---
# datatype:
# - {name: id, datatype: int64}
# - {name: x_centroid, datatype: float64}
# - {name: y_centroid, datatype: float64}
# - {name: sharpness, datatype: float64}
# - {name: roundness1, datatype: float64}
# - {name: roundness2, datatype: float64}
# - {name: n_pixels, datatype: int64}
# - {name: peak, datatype: float64}
# - {name: flux, datatype: float64}
# - {name: mag, datatype: float64}
# - {name: daofind_mag, datatype: float64}
# meta: !!omap
# - {date: '2026-06-03 17:17:47 Eastern Daylight Time'}
# - version: {Python: 3.11.15, astropy: 7.2.0, bottleneck: 1.6.0, gwcs: 1.0.3, matplotlib: 3.10.9, numpy: 2.4.6, photutils: 3.0.0, scipy: 1.17.1,
#     skimage: 0.26.0}
# schema: astropy-2.0
id x_centroid y_centroid sharpness roundness1 roundness2 n_pixels peak flux mag daofind_mag
1 605.8841834552455 9.209116214107242 0.4304429738177998 0.15837935263807268 -0.2008541580929831 25 929.0 16172.0 -10.521909331654092 -0.40772982175846884
2 118.19899115419787 87.19653204074078 0.4318944447694681 0.06377207559693415 0.09370535539844449 25 3061.0 69608.0 -12.106647889119612 -0.2983152389311628
3 126.22361697741637 93.23983106513701 0.41883013461526186 0.2168817029274938 -0.2854311887917327 25 3003.0 68344.0 -12.086750983387265 -0.3104711465074655
4 793.9892122134056 105.62846520280861 0.42030233796973565 0.11802676023699743 -0.13521201740218464 25 1957.0 37906.0 -11.446769895675587 -0.8775512651477944
5 41.68214995275872 138.17598517058977 0.43222564115027634 0.18186981238979336 0.3278355507077303 25 1721.0 34185.0 -11.334588960590143 -0.6067540654126967
6 782.803614227079 163.79237284701222 0.44112883939148756 0.36575917986107576 0.2347485562663665 25 933.0 15756.0 -10.49361493034276 -0.4846713949946196
7 624.3123881888872 170.25358467605864 0.48193579292777683 -0.15718958007129102 0.16359493506237927 25 566.0 7066.0 -9.622934082747067 -0.36944776201953256
8 429.47434587319555 176.75273631354253 0.604019191386956 -0.14349998025460983 -0.10784275876288991 25 386.0 3541.0 -8.872814816895279 -0.10609675127840465
9 716.22119990551 206.66671651049413 0.41136470956089216 0.32669701070831864 -0.1700183367670497 25 366.0 4415.0 -9.112326769783968 -0.07261148672234644
10 150.89824013991077 231.49135260388957 0.4065498724958317 0.20376799389062686 0.2780006766483572 25 1897.0 38883.0 -11.474399413345386 -0.6538224622696182
11 668.3435569346799 243.45708408164194 0.46211804024167863 -0.3357760998118587 0.09120128611641316 25 367.0 4175.0 -9.051641199549053 -0.06702363365452321
12 794.5300032929524 309.0656379304983 0.45337654168818337 0.6069679565185601 0.020541236062286663 25 427.0 5428.0 -9.336599597469249 -0.10537476916228919
13 714.7750274453019 347.92530959090215 0.39996197520289006 0.19966391982318243 0.28786252693510517 25 2879.0 62110.0 -11.982903823113878 -0.7642991268668655
14 540.1625752444481 351.1377089119175 0.6251566155474413 0.47410497120488343 0.17964091704011662 25 406.0 4253.0 -9.071738456785058 -0.0067182582426183165
15 417.04959487032295 395.3224438959821 0.4219114144879011 -0.08366209119679148 -0.2858089512677785 25 2760.0 57649.0 -11.901979445674861 -0.8887207948774584
16 780.5363580761776 408.1649528840802 0.41574762149673516 0.6716400516204881 0.36888078693692156 25 748.0 13326.0 -10.311749522330294 -0.12032958615996259
17 833.1353902692904 414.51030578489747 0.36911366889467956 0.21085592643586454 0.5426587336605764 25 277.0 2675.0 -8.568309465893119 -0.05667582333448043
18 0.5787911915626728 418.76523304292516 0.694407953018523 0.2986856667806564 0.7242149254808584 25 2106.0 14364.0 -10.393188491135088 -1.95036492296806
19 484.3082650587889 435.2690759774885 0.6828151308391677 -0.5622962298551378 0.1515935652637309 25 398.0 3877.0 -8.971239502518024 -0.009482580183780212
20 503.102515632615 437.4437793081657 0.45790786927655225 -0.18777870261899557 0.4879766926573947 25 632.0 8018.0 -9.760165129786257 -0.498479063105891
21 465.1935473899448 466.8755657474019 0.38795756394959846 0.07711581143179398 -0.30166930295516775 25 2703.0 57891.0 -11.906527628914889 -0.7792409192378451
22 740.6817235656015 468.82143931881967 0.3754345678657807 0.38896515345698296 -0.14481438109804673 25 705.0 11482.0 -10.150043856329 -0.3773787544190713
23 663.9232964033213 489.91247491588445 0.4679442837796754 0.47685470539370745 0.31157355050332436 25 652.0 10463.0 -10.049140563298371 -0.1485824292620384
24 804.7200368280031 516.0840614834418 0.46542739240054565 -0.28975468383730985 -0.290027104974919 25 290.0 2231.0 -8.371248925709594 -0.09193227353411161
25 49.58127267544755 553.7352490395986 0.37593208261194133 -0.20511431712797978 0.12632019056096094 25 1078.0 20299.0 -10.768686608923531 -0.4417954750094518
26 231.81351352579347 568.8732281954767 0.4910875347860734 0.14783708828995795 -0.10499536229901 25 822.0 12577.0 -10.24894265229177 -0.4689028595703016
27 824.6591871648039 616.8550723539431 0.3810881254657798 0.1586640507397519 -0.11465075922854047 25 302.0 3168.0 -8.75196293229364 -0.08523490985276269
28 503.42948598349193 626.8978563025339 0.4600167370563352 -0.11552344443790893 -0.305565523673674 25 311.0 2722.0 -8.58722030216829 -0.08491845940904647
29 88.72392236222065 716.4914927032033 0.39854977201000785 0.3579458076822171 0.23769451092305066 25 1748.0 34176.0 -11.334303077531109 -0.7244471528630649
30 24.34778041024735 737.6585213133532 0.37762006914243035 -0.2106064863083958 -0.40902976427177884 25 2878.0 61260.0 -11.967942481176387 -0.8388754631466941
31 33.79921723729904 758.8547563680121 0.6875042654440232 -0.4922957428840725 0.24442470886515275 25 356.0 2472.0 -8.482621166041946 -0.021728426746979775
32 17.43286579430425 772.1640050361266 0.3827479399148136 0.37174964576034586 0.4757171473317027 25 541.0 5535.0 -9.357794063036854 -0.6814349238650039
33 361.6840805941197 771.749725728932 0.414724178709259 -0.6995545404786512 -0.14515060339435937 25 451.0 5473.0 -9.345563620356263 -0.2774979328865489
34 187.10783053220925 808.4383114099007 0.5992824125773232 0.3012122881468403 0.26876054417921885 25 363.0 3623.0 -8.897670835086341 -0.021165898999121864
35 696.9023890731439 812.2695502792504 0.40667444918182444 -0.15697664641319878 -0.33908006288037895 25 1432.0 24824.0 -10.987179406440273 -0.9458598942111833
36 79.12631611742964 829.559043193914 0.40343710248669856 -0.07642007911254294 -0.2890337642682498 25 2413.0 48639.0 -11.717461593553022 -0.9241737924313821
