test_CNN/outputs/tables/01335_mf03900m0s0_sources.ecsv
# %ECSV 1.0
# ---
# datatype:
# - {name: id, datatype: int64}
# - {name: x_centroid, datatype: float64}
# - {name: y_centroid, datatype: float64}
# - {name: sharpness, datatype: float64}
# - {name: roundness1, datatype: float64}
# - {name: roundness2, datatype: float64}
# - {name: n_pixels, datatype: int64}
# - {name: peak, datatype: float64}
# - {name: flux, datatype: float64}
# - {name: mag, datatype: float64}
# - {name: daofind_mag, datatype: float64}
# meta: !!omap
# - {date: '2026-06-03 17:17:46 Eastern Daylight Time'}
# - version: {Python: 3.11.15, astropy: 7.2.0, bottleneck: 1.6.0, gwcs: 1.0.3, matplotlib: 3.10.9, numpy: 2.4.6, photutils: 3.0.0, scipy: 1.17.1,
#     skimage: 0.26.0}
# schema: astropy-2.0
id x_centroid y_centroid sharpness roundness1 roundness2 n_pixels peak flux mag daofind_mag
1 606.5580646730075 9.615784602432832 0.3912492276847079 0.3604474989996817 -0.3890823559687675 25 1354.0 21366.0 -10.824308060144743 -0.26029732894203744
2 696.5580168291463 27.48950465070358 0.5243800802005357 0.3862782487971845 0.0897611272150495 25 646.0 4439.0 -9.118212862563416 -0.15950219121847356
3 701.6013845487042 87.14499249949404 0.4010779056532371 -0.18426657325068047 -0.2554404874037828 25 488.0 3512.0 -8.863886268085162 -0.041783917221421024
4 228.14823940096142 90.34110585305798 0.4943493435978618 -0.9540030590783838 -0.1624550199387975 25 1755.0 29665.0 -11.18061088168368 -0.342213173318507
5 239.51317101606003 92.07722405159167 0.4336135997118624 0.6923613847904411 0.012620609947439845 25 2643.0 56452.0 -11.87919833215279 -0.02425881077132791
6 212.82708815219382 104.9634841842153 0.43232099995347734 -0.06711872726928268 0.21186940398972498 25 1074.0 15972.0 -10.508398253805751 -0.08270344219870461
7 793.5098114582854 105.84415362058941 0.44970004190034213 -0.18388947282287488 -0.8240805459398731 25 2625.0 46975.0 -11.679666971931407 -0.5693660269850577
8 41.287507021574655 138.9154550986597 0.37639861424783794 0.34093077787525633 -0.5372213048200553 25 2394.0 45656.0 -11.648744648852254 -0.426507735252272
9 783.3680823047029 163.8625314331944 0.45232716451629146 0.48839196180276134 -0.7519860044532021 25 1413.0 23613.0 -10.932877917789723 -0.14893776085777718
10 608.3220260761998 172.70955890915278 0.5512734035631448 -0.1667453959308129 -0.35743188755348176 25 1068.0 7003.0 -9.61321031586998 -0.639044317191091
11 531.216030395083 182.2048178428152 0.43893672515636867 0.5382808176197764 0.17577321857674663 25 2469.0 24747.0 -10.983806395808847 -1.4325609389058274
12 153.90108764326249 234.8850424431517 0.41306656940978925 0.25514076322347556 -0.6729313404778343 25 2820.0 55400.0 -11.858774411821074 -0.380467619493729
13 720.2430421630723 350.49936937282536 0.40022385964872 -0.05421999881973508 -0.8710304761557535 25 2916.0 58761.0 -11.92272294510947 -0.3675998023289179
14 420.27817657597797 395.64858601747375 0.3893952521488184 0.2759152917832753 -0.9336071903244203 25 2432.0 48424.0 -11.71265165226124 -0.3029543821783876
15 496.2280969759365 425.51471604808114 0.4665929362639228 -0.7585013802621619 0.3011779927318398 25 2311.0 33142.0 -11.3009467824439 -0.9120564102634022
16 547.3633481581236 427.7837214635362 0.4530570781993302 0.2776279289447633 -0.29949981053855534 25 654.0 5420.0 -9.334998216345967 -0.13990300486991467
17 467.5324390476789 469.5828810461507 0.38860848972357004 -0.039821553168653406 -0.4765041628486686 25 2978.0 61139.0 -11.965795827632292 -0.31968802309096683
18 741.2973914219091 469.06612210114906 0.39897770541741273 0.45675326150269857 0.42451066973976537 25 926.0 13598.0 -10.333687592095231 -0.028237237487553073
19 651.3882748225657 544.3654289199936 0.35632032240754585 0.5704893062838723 -0.0832795562641854 25 1336.0 20032.0 -10.75431077882584 -0.3867901327566514
20 49.871795737413755 553.7117807247519 0.38611186746895865 0.29598832733300284 -0.8372548215336332 25 1492.0 25416.0 -11.012768004547729 -0.21525943648198392
21 555.8992289695152 646.5202331903458 0.41190598456685135 -0.3885227932972498 -0.35145724717221405 25 819.0 9292.0 -9.920273002820494 -0.2781836313362026
22 713.2370326362869 668.5145751230039 0.5465735522665043 -0.08037216552101943 0.1093794809342577 25 647.0 3747.0 -8.934209232734494 -0.20226679109292517
23 88.98949570491394 717.3753263817558 0.3941981563414113 0.1573057861112624 -0.3287554328889422 25 2206.0 41303.0 -11.539953993313386 -0.386304540650578
24 24.81166249152494 738.5688401407896 0.4370092686088697 0.1450978697475444 -0.838696648711915 25 2753.0 53801.0 -11.826975869948768 -0.36151757123137257
25 465.6684647142209 755.4181429184896 0.4512739986815571 0.1703798605897074 0.41753803988367094 25 1120.0 15007.0 -10.440734706346916 -0.31213139486771263
26 696.9511488102243 811.6178844826484 0.4458962217332517 0.2864074588117334 -0.6994348083210999 25 1530.0 25762.0 -11.027448939736423 -0.208225936947815
27 257.5664606635883 823.7585425856792 0.5392247378930203 -0.1832980966405215 -0.21936471046127817 25 721.0 5889.0 -9.425103885799173 -0.07165097669555795
28 79.57597065144901 829.90742149397 0.40914199083461217 0.032218094761732756 -0.6504028840240913 25 2465.0 46723.0 -11.673826800672721 -0.4019563199756371
