test_CNN/outputs/tables/01341_mf04057m0s0_sources.ecsv
# %ECSV 1.0
# ---
# datatype:
# - {name: id, datatype: int64}
# - {name: x_centroid, datatype: float64}
# - {name: y_centroid, datatype: float64}
# - {name: sharpness, datatype: float64}
# - {name: roundness1, datatype: float64}
# - {name: roundness2, datatype: float64}
# - {name: n_pixels, datatype: int64}
# - {name: peak, datatype: float64}
# - {name: flux, datatype: float64}
# - {name: mag, datatype: float64}
# - {name: daofind_mag, datatype: float64}
# meta: !!omap
# - {date: '2026-06-03 17:17:47 Eastern Daylight Time'}
# - version: {Python: 3.11.15, astropy: 7.2.0, bottleneck: 1.6.0, gwcs: 1.0.3, matplotlib: 3.10.9, numpy: 2.4.6, photutils: 3.0.0, scipy: 1.17.1,
#     skimage: 0.26.0}
# schema: astropy-2.0
id x_centroid y_centroid sharpness roundness1 roundness2 n_pixels peak flux mag daofind_mag
1 606.2336758365066 9.60592401422669 0.46308596694249565 0.2927361061674841 -0.28056456212416114 25 2085.0 35584.0 -11.378136913914862 -0.21133562674415846
2 187.56495277688344 78.20736587281331 0.38646277073188 0.28050165133917054 0.0012815974393767364 25 1244.0 17594.0 -10.613411469086909 -0.17883659483530628
3 794.616854676345 105.95308637494584 0.4035038100148749 0.2032886999796786 -0.46908397277371155 25 2863.0 53727.0 -11.825481477942294 -0.3451291461020486
4 41.55620064583217 139.12995373976835 0.37113734279112787 0.19121980736277963 -0.32290949268558367 25 3068.0 57979.0 -11.908176801338964 -0.46142643041004344
5 783.6399283768657 163.77533574538174 0.3711130391440795 0.3656702933512604 -0.24192650920371928 25 1947.0 34601.0 -11.347721626187584 -0.17116492243265286
6 153.6297866230536 234.76633165684453 0.39407367934444654 0.27704756246455897 -0.218939642579672 25 3569.0 75255.0 -12.191338400208583 -0.12323136841993494
7 608.5793248378795 275.62241164079927 0.5007998417939052 -0.6380119725467704 -0.2998627804498528 25 1105.0 13942.0 -10.36081269600122 -0.04868426966681688
8 34.2195270980454 314.4594087181639 0.4918722597387788 0.06472702145154091 -0.250924455295414 25 960.0 7704.0 -9.716790685291196 -0.30923999607556657
9 214.65452975156416 313.631500277413 0.41104298589938965 0.6383847960430079 -0.04218941255944698 25 1750.0 26034.0 -11.038852251282139 -0.4424485720692525
10 721.254804808961 350.9117755886211 0.4540002748557926 0.023443209684044296 -0.5521761719374513 25 3070.0 63277.0 -12.003114702048542 -0.05211003436477882
11 154.15672266099128 362.3861773257375 0.4295251604540333 0.25666723535571256 -0.04352343656294744 25 1199.0 16636.0 -10.55262227923224 -0.05693650206863572
12 417.1896269021532 395.12594314053956 0.3933454812885404 0.2963402058968691 0.13388220614343313 25 3436.0 71200.0 -12.13119998409214 -0.21300870071175607
13 781.7669400360489 408.7083851017392 0.419623841542052 0.14773461289898912 -0.20790963328954026 25 1944.0 32382.0 -11.275759171122143 -0.28476658362798035
14 350.32705947588613 467.6962220846262 0.44597494739558374 0.28251188613478706 -0.14466383348650458 25 1607.0 24161.0 -10.957787263355172 -0.2724600112441309
15 352.35525034792744 511.8709586703879 0.42735165731169117 0.34212407220061347 -0.05904890962082024 25 1592.0 24099.0 -10.954997554207669 -0.23732725474233946
16 90.50928358043166 526.145303470672 0.4777963697445406 0.7623368140921201 0.012811526809323522 25 952.0 9057.0 -9.8924609193569 -0.19802229457189818
17 126.99812444144247 527.3782086553293 0.5294069406504589 0.22703865583992713 0.39355986900687046 25 926.0 8980.0 -9.883190841668261 -0.014523986450967875
18 49.69872396888593 554.1001372606488 0.41067585313537125 0.07073542345067363 -0.43257652326265755 25 2310.0 40610.0 -11.521582473725092 -0.3676763385189414
19 232.2390996715729 569.2273314368871 0.3993751351783659 0.045914911616556496 -0.29182204484217106 25 1875.0 30694.0 -11.217633721953568 -0.2310285064954315
20 113.70649375843684 664.9937582835245 0.5857232957896775 -0.49613756470085774 0.38494161191684195 25 1483.0 10752.0 -10.078723139274375 -0.6636262342458449
21 531.907262505361 688.6304855515987 0.6023040436835319 -0.22244921172100174 -0.15093548588825026 25 1127.0 10086.0 -10.009297409557787 -0.22752469303252842
22 89.2285328700589 717.0662674319177 0.37266754673061514 0.22657819513058974 -0.4963437969611835 25 2794.0 53836.0 -11.827681961134992 -0.3066333183615507
23 552.4844940989823 730.3305655151737 0.37025263307554207 -0.4701331737332106 0.43986889965159437 25 1637.0 20782.0 -10.79421835121546 -0.6613749422885566
24 25.26524682813825 738.0558749735155 0.4053338364443208 0.21701937456745282 0.00014224373464372317 25 3489.0 72184.0 -12.14610236089901 -0.194684320780725
25 697.5940029013293 811.8033192525978 0.3688024690852688 0.38004396370764704 -0.20772939873114396 25 1952.0 35072.0 -11.362401331170641 -0.14207669282695654
26 520.5885646242551 824.6150924875714 0.45530556928156396 -0.5420184641397914 0.008894327954806332 25 1744.0 18745.0 -10.682213611893925 -0.7799373134144927
27 78.66299818578027 829.6654181621763 0.4461668733493015 0.27176107190338655 0.12456718331533624 25 2974.0 54472.0 -11.840433302925717 -0.4290001925864045
