test_CNN/outputs/tables/01361_am14889m0s0_sources.ecsv
# %ECSV 1.0
# ---
# datatype:
# - {name: id, datatype: int64}
# - {name: x_centroid, datatype: float64}
# - {name: y_centroid, datatype: float64}
# - {name: sharpness, datatype: float64}
# - {name: roundness1, datatype: float64}
# - {name: roundness2, datatype: float64}
# - {name: n_pixels, datatype: int64}
# - {name: peak, datatype: float64}
# - {name: flux, datatype: float64}
# - {name: mag, datatype: float64}
# - {name: daofind_mag, datatype: float64}
# meta: !!omap
# - {date: '2026-06-03 17:17:49 Eastern Daylight Time'}
# - version: {Python: 3.11.15, astropy: 7.2.0, bottleneck: 1.6.0, gwcs: 1.0.3, matplotlib: 3.10.9, numpy: 2.4.6, photutils: 3.0.0, scipy: 1.17.1,
#     skimage: 0.26.0}
# schema: astropy-2.0
id x_centroid y_centroid sharpness roundness1 roundness2 n_pixels peak flux mag daofind_mag
1 824.5445604648006 710.7615401427022 0.6347804656702275 -0.19020328688691737 -0.7302503919255647 25 326.0 -34949.0 nan -0.6289562195297407
2 811.6116184021063 712.7821764466358 0.6325484743900281 -0.2030087168118678 -0.6912188322721943 25 401.0 -34382.0 nan -0.6612303920682926
3 792.6219033487729 715.7932481400745 0.6281085480525509 -0.23028267614138842 -0.7388987664247407 25 360.0 -34726.0 nan -0.6592777363663269
4 773.6355562305073 718.922046524139 0.6278761559794147 -0.2205936661303024 -0.7297320017814575 25 515.0 -33746.0 nan -0.7160485727867698
5 754.4188700746372 721.9123096715016 0.6410266214357937 -0.12294474297587377 -0.7500534177308014 25 595.0 -32513.0 nan -0.7116500939815612
6 735.6248438227159 724.7525030414287 0.6294881147563909 -0.22191203024764927 -0.714649901039894 25 255.0 -35986.0 nan -0.6210057779188806
7 722.6482036228356 726.8457920864331 0.6296835079524472 -0.23870178428144087 -0.7397020859676599 25 389.0 -34781.0 nan -0.6712771025755625
8 710.3632989584404 728.9135623473805 0.6512648314183465 -0.1461072282396943 -0.848531786445543 25 321.0 -35542.0 nan -0.6081935418222483
9 690.5790967256536 731.9853195779662 0.640589067456333 -0.19130166183496214 -0.7391643676171722 25 528.0 -34456.0 nan -0.7184785708521734
10 678.5549575586809 733.9535503764321 0.641741405901726 -0.1988283433561445 -0.7851047819290669 25 471.0 -34571.0 nan -0.6934707259159518
11 671.5786925576813 734.7946161463142 0.6346252251890945 -0.2059702135009935 -0.7492714010599416 25 332.0 -35037.0 nan -0.6361290466310848
12 659.6191788967395 736.8093923362437 0.6343413590978024 -0.2318447765407583 -0.7376458902705157 25 398.0 -34339.0 nan -0.658373333690492
13 652.498936294845 737.7398424257686 0.6386508517273067 -0.18496185152606737 -0.755550689168278 25 275.0 -35255.0 nan -0.5985940783896164
14 640.594450773554 739.8438573902688 0.6411651057688958 -0.17574383045030118 -0.671257432268063 25 521.0 -33823.0 nan -0.7052941238888998
15 633.4980266027667 740.8581619350052 0.6386448431119053 -0.1706192051644559 -0.767222805688982 25 301.0 -35885.0 nan -0.6262952979488123
16 614.6005498632745 743.919926729272 0.6289204025926204 -0.216745056576281 -0.7741852293081329 25 364.0 -35533.0 nan -0.673560699337062
17 595.5370381120359 746.8846823947845 0.6319805499071165 -0.17433806145888292 -0.7430183542748056 25 482.0 -33836.0 nan -0.6968029102221672
18 576.6016155904628 749.754320664726 0.6323311703113976 -0.20745018021751374 -0.7245457228898765 25 327.0 -34928.0 nan -0.6350920960680523
19 563.6715077746039 751.8012921001621 0.6258837526651079 -0.24581650462878532 -0.7188545529479186 25 361.0 -34916.0 nan -0.6662312411675291
20 544.6252782408532 754.8206871345012 0.6332006147504288 -0.196556130099105 -0.6929529186194644 25 453.0 -34132.0 nan -0.6864127524974226
21 532.5729512703639 756.7765774023873 0.6355337802023363 -0.20238584690648678 -0.7474888710690745 25 315.0 -35131.0 nan -0.62700308968766
22 525.5492842466318 757.812780619179 0.6328395962313084 -0.19494706470713805 -0.7625666134902117 25 237.0 -36410.0 nan -0.6137190348356082
23 513.4742955711882 759.7827242690078 0.6428189307175887 -0.17520380348417902 -0.7653975061438836 25 418.0 -33567.0 nan -0.636428612125789
24 500.51474262960016 761.9105640115097 0.638369667127965 -0.1905291797609324 -0.7938795070716111 25 407.0 -34698.0 nan -0.6611217263611631
25 481.59036192991687 764.9769949565274 0.6337089071978874 -0.21881911499039902 -0.7951894852749263 25 387.0 -35827.0 nan -0.688489197691798
26 468.6389390655296 766.7172620248728 0.6308748343390925 -0.20186765949925656 -0.6600893733345848 25 315.0 -35303.0 nan -0.6373741990254617
27 449.5073634535866 769.8406916066289 0.6348964849543576 -0.17694866841944487 -0.7598792173921394 25 371.0 -34795.0 nan -0.6505451423880239
28 436.5432239992421 771.91649291918 0.6336319272783298 -0.1928222915849477 -0.7627345442216767 25 464.0 -34250.0 nan -0.6922944455056946
29 417.56634180521297 774.755521132065 0.6351072185956954 -0.20087348552821135 -0.7244786999321225 25 506.0 -32389.0 nan -0.675213293057325
30 398.5306500487806 777.8582957412183 0.6385862436507919 -0.17671011900018144 -0.7442577189358971 25 380.0 -35052.0 nan -0.6544742298291607
31 379.5338784878539 780.7966571149659 0.6356294653562902 -0.19368464498842744 -0.7619805558574179 25 297.0 -35439.0 nan -0.6226158401150382
32 354.5500139996486 784.8542601382338 0.6372284534840775 -0.2022472913958961 -0.7658018046108226 25 413.0 -34296.0 nan -0.6587211619707578
33 335.60040820888645 787.7545254606783 0.6285419394799033 -0.22545349287368668 -0.7812600016019885 25 235.0 -35732.0 nan -0.6084120455356657
34 316.5297650238889 790.9578405628921 0.641142494052235 -0.20613930132036218 -0.7997741814070572 25 524.0 -33510.0 nan -0.6939676532875351
35 303.6154228654977 792.8474884711566 0.6323439998578549 -0.23661460055914074 -0.7561439900265813 25 416.0 -34301.0 nan -0.6719538319688989
36 284.67236816075655 795.9281467058593 0.6259907184223181 -0.2273657225763871 -0.7134097839176279 25 562.0 -33469.0 nan -0.7439628034151048
37 271.6363331730262 797.8020758232642 0.6307092894148871 -0.22029179050265377 -0.7123572771067913 25 366.0 -34862.0 nan -0.6554449929163748
38 246.63398164893147 801.8960888723574 0.6273442194358017 -0.22675199691265083 -0.7586109821358845 25 334.0 -35850.0 nan -0.666792792731048
39 227.4995328990044 804.8776662124145 0.6348666299491585 -0.15852536511289797 -0.7519140618562484 25 519.0 -33151.0 nan -0.6957718948988928
40 208.5783854626884 807.9295230463761 0.631321158439499 -0.21112761815604522 -0.7799758980401498 25 522.0 -33405.0 nan -0.7111933465190536
41 195.5939430236253 809.8024330871158 0.6330648214290764 -0.22325920357539705 -0.7400118027470372 25 366.0 -34687.0 nan -0.6498174845108164
42 182.5124185160545 811.8353142789714 0.6315276191401166 -0.18739169833374153 -0.7794013124237641 25 284.0 -35808.0 nan -0.6300347429894614
43 163.5616245681834 814.8964450642803 0.6360222302351515 -0.1972640604144013 -0.7631001956802743 25 329.0 -35981.0 nan -0.651551735119754
44 151.54654127338316 816.7801843117438 0.6433628239971069 -0.1690839601205138 -0.6911775571704248 25 311.0 -35929.0 nan -0.6301694042491397
45 132.58655120109398 819.8205295079601 0.6277631819562068 -0.21130818870288343 -0.7576718055183845 25 337.0 -35126.0 nan -0.6544679112740537
46 119.57995117748472 821.745092025906 0.63282493176583 -0.20495035051214094 -0.7347370125611684 25 352.0 -34430.0 nan -0.6391583363327882
47 106.57747191996133 823.7765480954992 0.632411494254594 -0.2154437389808371 -0.7544705363286488 25 286.0 -35482.0 nan -0.624333342683757
48 87.61825763610841 826.9137968031299 0.6312376405100785 -0.23035218187921278 -0.7507298656725407 25 496.0 -33811.0 nan -0.7027253420911215
49 68.58678203900742 829.8167416273538 0.6296375607400779 -0.2592802790457917 -0.7276308179884916 25 359.0 -35048.0 nan -0.6604448596585979
