test_CNN/outputs/tables/01383_mf05521m0s0_sources.ecsv
# %ECSV 1.0
# ---
# datatype:
# - {name: id, datatype: int64}
# - {name: x_centroid, datatype: float64}
# - {name: y_centroid, datatype: float64}
# - {name: sharpness, datatype: float64}
# - {name: roundness1, datatype: float64}
# - {name: roundness2, datatype: float64}
# - {name: n_pixels, datatype: int64}
# - {name: peak, datatype: float64}
# - {name: flux, datatype: float64}
# - {name: mag, datatype: float64}
# - {name: daofind_mag, datatype: float64}
# meta: !!omap
# - {date: '2026-06-03 17:17:51 Eastern Daylight Time'}
# - version: {Python: 3.11.15, astropy: 7.2.0, bottleneck: 1.6.0, gwcs: 1.0.3, matplotlib: 3.10.9, numpy: 2.4.6, photutils: 3.0.0, scipy: 1.17.1,
#     skimage: 0.26.0}
# schema: astropy-2.0
id x_centroid y_centroid sharpness roundness1 roundness2 n_pixels peak flux mag daofind_mag
1 605.649915201377 9.260535139679714 0.3840984511930128 0.5642872339345432 0.25201771974994824 25 1936.0 33398.0 -11.309301150938305 -0.1507953682791086
2 312.6620163941129 84.76956523681162 0.4173467274361174 0.00986581794674067 -0.1280470785172397 25 1248.0 11887.0 -10.187680656765297 -0.4945111931527645
3 793.1860737030021 105.73853697708411 0.41852373737127 0.15326138323089333 -0.10826806893807056 25 2764.0 51837.0 -11.786599648381923 -0.22217380574802087
4 41.03674519352061 139.12197894404727 0.41663777704040644 -0.09417367218866482 -0.18837384930569037 25 2397.0 45605.0 -11.647531150157151 -0.03494511502071014
5 782.825955384095 163.73910929149753 0.4142405141540199 0.9036023126828435 0.07984771857447379 25 1823.0 27725.0 -11.107178887052996 -0.3241768159666846
6 151.8207619882796 233.44750305341918 0.3524246040647395 0.4695508804232349 0.06350238810716467 25 3147.0 65173.0 -12.035169281523006 -0.05240620376797819
7 15.065212456864677 338.2340336962011 0.42147614045935045 0.04050434012854279 0.44586207206795536 25 1085.0 12209.0 -10.216700234336562 -0.12413278301915666
8 714.6651090576046 348.177589726157 0.40301101244184045 0.1535079075800471 0.2949954557309129 25 3020.0 59355.0 -11.933643273304273 -0.16929166378849897
9 416.7745802239659 395.2048134564432 0.37897833659072744 -0.11465117516158471 -0.07395630246543734 25 3165.0 65209.0 -12.035768850548862 -0.021581452994090332
10 80.89104700490766 479.3779369840368 0.40199422467150636 0.1870965881059103 -0.07096834183094754 25 1059.0 13015.0 -10.286110431113135 -0.024498624515443518
11 49.29429874229995 554.640653579068 0.46375890437763995 0.6709260871535544 0.195141161503941 25 1775.0 28550.0 -11.139015281454668 -0.1274046301168636
12 705.6273973167499 585.906510449825 0.5766600866460762 -0.48746017392907115 0.21556367574082114 25 944.0 6762.0 -9.575187916074375 -0.09855351617208032
13 648.0481849272434 605.8189938629733 0.5101491488109098 0.8578010017797407 -0.0242020720783349 25 970.0 8333.0 -9.802003454564135 -0.10721844652404358
14 451.1841739827841 612.6714055670802 0.54335397623442 0.20582494767259027 -0.17920789546982788 25 1610.0 13563.0 -10.330889404384891 -0.6263749511736543
15 88.60496844793934 716.5376724241545 0.38351559327365936 0.559759079199796 -0.009809537763747692 25 2425.0 44716.0 -11.626157368701755 -0.21985247340983435
16 24.908507307451245 738.3328521733457 0.41478506340037335 -0.08384395365958636 0.05295833483553903 25 3195.0 61879.0 -11.9788582165926 -0.27540637797826084
17 655.2954924990764 744.7657144020147 0.47965131143010803 -0.6461654642968062 0.17807462293569276 25 1051.0 12007.0 -10.198586276584358 -0.08509794965902943
18 784.4425639219472 811.1021281254522 0.4881398328259569 0.23543598266034835 -0.023918903805272163 25 2350.0 23873.0 -10.944767495105792 -0.9831062369514427
19 696.9328650094193 811.6664845008522 0.4220464599715174 0.6342588995111318 0.4786189083194886 25 2119.0 35067.0 -11.36224653338245 -0.2271727671148352
20 78.94227019543511 829.7766245051677 0.3790571301002535 0.08775535330407463 -0.20419003940726443 25 2894.0 54649.0 -11.84395554844736 -0.34834016575429394
