test_CNN/outputs/tables/01406_mf05962m0s0_sources.ecsv
# %ECSV 1.0
# ---
# datatype:
# - {name: id, datatype: int64}
# - {name: x_centroid, datatype: float64}
# - {name: y_centroid, datatype: float64}
# - {name: sharpness, datatype: float64}
# - {name: roundness1, datatype: float64}
# - {name: roundness2, datatype: float64}
# - {name: n_pixels, datatype: int64}
# - {name: peak, datatype: float64}
# - {name: flux, datatype: float64}
# - {name: mag, datatype: float64}
# - {name: daofind_mag, datatype: float64}
# meta: !!omap
# - {date: '2026-06-03 17:17:53 Eastern Daylight Time'}
# - version: {Python: 3.11.15, astropy: 7.2.0, bottleneck: 1.6.0, gwcs: 1.0.3, matplotlib: 3.10.9, numpy: 2.4.6, photutils: 3.0.0, scipy: 1.17.1,
#     skimage: 0.26.0}
# schema: astropy-2.0
id x_centroid y_centroid sharpness roundness1 roundness2 n_pixels peak flux mag daofind_mag
1 351.343633854107 8.239782182058342 0.570294860044587 -0.12046129304521845 0.17653790582996154 25 1379.0 13054.0 -10.289359020899894 -0.31663490484759804
2 86.21134907745716 20.61163417837095 0.4968211554323985 -0.37991633102687034 0.18711115206092102 25 1126.0 10364.0 -10.038818510784468 -0.26553750498819406
3 603.95055840545 34.63690056067791 0.49629455783345017 -0.6038673141450541 0.16651370059623583 25 940.0 7008.0 -9.613985232900061 -0.17524155331571833
4 760.2388217023067 35.78565520772323 0.6888343047032964 -0.6357453180992898 -0.36385981465830014 25 895.0 5315.0 -9.313758172148288 -0.028518614040183195
5 491.2250569180671 91.76434362829805 0.42841487092912756 -0.21485901094653145 0.18232293213301917 25 1610.0 16378.0 -10.535652166943855 -0.7006491498379548
6 352.69226827921244 99.5847851495054 0.4392903470141077 -0.48380333029794953 -0.39823018443397806 25 689.0 4736.0 -9.188529234287158 -0.0192580836488862
7 404.27998477897444 136.54170224836335 0.5486678847008737 -0.7746491654422375 -0.04147592581122866 25 1010.0 9474.0 -9.941333450979844 -0.041706000750121285
8 111.1900509221445 152.50261672269457 0.5489512673528611 -0.20753875780362935 0.32295219216151977 25 1949.0 17326.0 -10.596745775157466 -0.8081294574292259
9 635.2706553270876 159.7887751713693 0.7532619730489983 -0.4024303929879941 0.48840499419026007 25 1023.0 6713.0 -9.5672916179623 -0.0573949569365233
10 716.8311723949173 185.651285129859 0.6119756528902284 -0.2298859013526768 0.4973209952671121 25 893.0 6027.0 -9.450252978669779 -0.01495634808348694
11 778.8547499866613 185.17452905391485 0.5885586629164679 0.7538614885730132 0.2768553700329603 25 825.0 3039.0 -8.706826750199857 -0.15347410366247063
12 378.96306139083816 192.778979559972 0.5688143890558592 -0.11057943310038452 -0.39878988067234966 25 1058.0 8128.0 -9.77495923734961 -0.20785356838076502
13 773.721202615708 198.23711919015687 0.47914028987132085 -0.3570352317300033 0.032528439847681404 25 1238.0 9420.0 -9.935127256982193 -0.46289735448588654
14 646.9355796591074 232.1488572365669 0.5530762763162286 -0.08052073971230386 0.1983517279086822 25 914.0 3800.0 -8.949458991542025 -0.26900649695694107
15 352.6752041319688 259.9897473806521 0.48705455497832045 0.7914455043435138 0.007861519309331324 25 1046.0 7409.0 -9.674398986956025 -0.33847954641621325
16 242.80766422694197 265.8552015552077 0.45089294252168766 -0.2131034888564828 0.346523481842597 25 1074.0 11071.0 -10.11046712691841 -0.2259432087010835
17 48.04739961853801 268.26157705224955 0.5145791673435015 -0.4493410684077695 -0.17129934456101892 25 833.0 5380.0 -9.326955689165974 -0.033790296810461376
18 644.9474785770924 276.2610479742683 0.4796742943196322 -0.22337705740171518 0.12025601743050114 25 676.0 2300.0 -8.404319590043983 -0.15526098555524986
19 542.1170984001074 285.01192797733876 0.392066111634766 0.14047982033243686 0.002142133715331729 25 1444.0 15536.0 -10.478348031409823 -0.49162562620589934
20 514.2439373746043 298.3499080024749 0.4006269243989265 0.22628346468953087 -0.03971755072980939 25 856.0 6531.0 -9.537449209401892 -0.18592826159050618
21 328.25637503563 302.2505885125712 0.48866841797639843 -0.1433147292786193 -0.023776862045797268 25 1235.0 10343.0 -10.03661631171008 -0.4830096008507248
22 297.36962504196106 314.3387129645809 0.42491350486069324 0.24481014024061748 0.12948145155273613 25 1983.0 22954.0 -10.90214594326241 -0.7863988056227572
23 676.8937217625224 324.10884308071286 0.44912327598501117 0.27517133268310756 0.4070491771687105 25 700.0 4679.0 -9.175382612980451 -0.04498425374817702
24 805.9046651176125 349.30311467642133 0.44376347352705986 0.5333350364327879 0.009562752308946936 25 805.0 7171.0 -9.638949306254293 -0.001156772494894903
25 629.8236041238442 359.5052163469831 0.615538358720438 0.8866595260257906 0.3971500628967835 25 869.0 5784.0 -9.405570710716185 -0.003044556345405074
26 627.9034566069574 368.09994765520986 0.426383857127055 -0.5202987196474551 -0.10650512265420735 25 1155.0 12292.0 -10.224056378960851 -0.283862931771255
27 154.2879549326452 370.0878749711001 0.4373675668087937 0.2843922794205675 -0.11441758180530474 25 1848.0 19156.0 -10.705762070926426 -0.785011507011343
28 525.2317948331199 381.236595032466 0.42029987269031366 0.8927639553298009 0.2643094982101943 25 1109.0 10603.0 -10.063571903518103 -0.3355493941387658
29 708.0066954693438 387.21691164574537 0.5257764406411005 0.6366732139052427 0.18091299720601028 25 1001.0 8934.0 -9.87761487033955 -0.0908384842477987
30 379.5127946824163 391.9960698035555 0.6411123721454305 -0.3980194618238409 -0.3216096202613353 25 790.0 4253.0 -9.071738456785058 -0.03501139679091805
31 724.6363804412651 427.6280535948481 0.5296074915594334 -0.011128014231413809 -0.40685117141023047 25 1817.0 18730.0 -10.681344443438094 -0.6183697224320477
32 760.399225976886 503.5619677767702 0.5512692998140432 0.9285007458502792 0.24170484929177605 25 655.0 1028.0 -7.529982786648143 -0.058902619371283625
33 626.4481159118974 516.1692895059396 0.419369470528803 0.10134666952570977 0.5033381126365566 25 653.0 3825.0 -8.956578598724091 -0.06506886099681644
34 407.97558635281564 545.9818183222753 0.5309890621666122 -0.1883854923502351 0.21528624666788945 25 839.0 4319.0 -9.088458010118746 -0.1902619499740466
35 86.3537955658167 561.3985668724088 0.4148791909341704 -0.14806265997120072 0.9549633627246567 25 1596.0 23328.0 -10.919693766594703 -0.3476798904975801
36 583.1866032915129 606.5994989796563 0.5679242594139864 0.1977297182569715 0.3641436810871818 25 1102.0 7813.0 -9.73204456077394 -0.25341924591319825
37 97.73901616605619 623.9860626905419 0.5522204977066891 0.010260842920851259 -0.21625034209732258 25 1086.0 6786.0 -9.579034638272748 -0.37802691332473204
38 620.7423196369784 634.1767002738056 0.5709593965500053 0.05198240988537042 0.14806100232080266 25 874.0 4772.0 -9.19675108749576 -0.13808354530161235
39 12.877037410970681 685.1382355595007 0.62373613656958 0.3601714060006578 0.1620253279938822 25 1255.0 9311.0 -9.92249081662078 -0.3126260036562788
40 696.7381247210956 693.6768695432897 0.5174897143388456 0.3034336590555626 -0.17594183878739458 25 1104.0 8260.0 -9.792450118300955 -0.3218793274027757
41 710.725251073192 721.4827887777637 0.5157021880132474 0.2563254996407133 0.703136147091772 25 646.0 2335.0 -8.420717212255328 -0.006914480966276228
42 109.0072968075663 724.1773303971997 0.679059828205888 -0.17956007965503995 0.2779072869776427 25 998.0 6309.0 -9.499901318514958 -0.07744533812073062
43 505.8324235915625 744.3288138128042 0.49059476814738906 -0.3872738645925468 0.3788139414008605 25 726.0 3309.0 -8.799241917899632 -0.04824148377364467
44 529.3613095023356 768.143838053673 0.5320043459334496 0.21210860234180182 0.34173806059306616 25 1025.0 8573.0 -9.832832059316836 -0.20849162855585207
45 213.9976521517841 782.1225845736163 0.605128254592032 -0.236475733717772 0.6265305355421781 25 885.0 5948.0 -9.435927399624791 -0.024537047162045474
46 518.9144681622424 784.7944074742896 0.4356462240385192 -0.26121927715037363 0.1095411173023385 25 747.0 5223.0 -9.294800064592485 -0.021430577634755706
47 831.0815053458726 792.7126627980783 0.466380417185285 0.16032160610819243 0.2811097808890546 25 1413.0 13097.0 -10.292929568785667 -0.5272477689542137
48 748.0200711984958 797.7290364840366 0.4779150134519628 0.5628033245452757 0.09697109556467555 25 1169.0 7975.0 -9.754326729323047 -0.5050239314445522
49 817.6284994893342 806.9535718307112 0.38262420419635357 -0.09379914985454003 0.004039665616531586 25 1570.0 16480.0 -10.542393018402743 -0.6517541353757818
50 419.24314570864675 833.5683817789889 0.39756369043555745 0.20518860682335455 -0.08935665931160663 25 1222.0 7467.0 -9.682865378320638 -0.7401299605968091
