test_CNN/outputs/tables/01401_mf05898m0s0_sources.ecsv
# %ECSV 1.0
# ---
# datatype:
# - {name: id, datatype: int64}
# - {name: x_centroid, datatype: float64}
# - {name: y_centroid, datatype: float64}
# - {name: sharpness, datatype: float64}
# - {name: roundness1, datatype: float64}
# - {name: roundness2, datatype: float64}
# - {name: n_pixels, datatype: int64}
# - {name: peak, datatype: float64}
# - {name: flux, datatype: float64}
# - {name: mag, datatype: float64}
# - {name: daofind_mag, datatype: float64}
# meta: !!omap
# - {date: '2026-06-03 17:17:52 Eastern Daylight Time'}
# - version: {Python: 3.11.15, astropy: 7.2.0, bottleneck: 1.6.0, gwcs: 1.0.3, matplotlib: 3.10.9, numpy: 2.4.6, photutils: 3.0.0, scipy: 1.17.1,
#     skimage: 0.26.0}
# schema: astropy-2.0
id x_centroid y_centroid sharpness roundness1 roundness2 n_pixels peak flux mag daofind_mag
1 801.6062849250432 1.0742550421579633 0.5689909429879842 0.06005771166602547 -0.2164553871604738 25 1058.0 7098.0 -9.627839987528935 -0.2494574265070702
2 607.0030022020547 5.026240079016173 0.526553019330167 0.12372346232866026 0.42016759303115153 25 1148.0 9801.0 -9.97817597298775 -0.20957873696926343
3 71.4252301996877 14.973031746445619 0.501962286427625 -0.39108851937194467 -0.22547993505546826 25 1044.0 7683.0 -9.71382708297023 -0.23382527869919043
4 609.5782660795018 20.764660142811096 0.4127721439697643 0.14125670503633386 -0.31918373357384416 25 1636.0 12045.0 -10.202017010835906 -0.8733334202236375
5 575.6305245401932 23.75966803269059 0.49040107041015046 -0.19434446161012583 0.04271718667057362 25 663.0 1160.0 -7.661144973067296 -0.038129350359820076
6 823.3396629541692 37.95129020842399 0.4238582612143611 -0.9298400588111569 -0.35237680551578415 25 1954.0 20314.0 -10.769488620289936 -0.7656701036224532
7 181.17227554756133 39.01636909015735 0.6014794931757472 0.4360553201507912 0.33902411663980053 25 1233.0 12635.0 -10.253938115639833 -0.013621875794035364
8 347.30000905781003 48.668111122506325 0.38178196515401475 -0.006722396262599181 -0.10464398382641646 25 1702.0 24373.0 -10.967272471223854 -0.3633920861335163
9 798.610664214586 48.82527923424846 0.4857011877150305 0.5329639627814357 0.181553283678246 25 1699.0 12341.0 -10.228375880783947 -0.7734293800606001
10 605.7373568167193 59.923375960280694 0.6037943579498465 -0.43625540935031526 0.10312220713888208 25 914.0 3915.0 -8.981829415984905 -0.07883398369296314
11 526.2467537551812 85.01652511255394 0.44332292340970453 0.5755724522787278 0.5802633908640152 25 686.0 2416.0 -8.457742324872736 -0.1118104410146529
12 819.7409341774004 89.90610131296147 0.3994204248037603 -0.8393671654784348 0.04934436193954134 25 1060.0 6214.0 -9.48342812229739 -0.48146508281596223
13 751.1158213047026 91.56958483775041 0.474167149684998 -0.6660985095359171 0.006169175029786663 25 974.0 6076.0 -9.459044412976871 -0.2731042888747841
14 561.3565651050052 102.51848174874038 0.4395550817622479 0.0360375966620602 0.184791433797486 25 1585.0 16935.0 -10.571963002451623 -0.5195938620655102
15 609.2590298449801 109.73074917894888 0.4412175635628182 0.06703771167565824 0.26163037426007957 25 875.0 4028.0 -9.01272365470395 -0.3102704789926704
16 105.59165609204939 136.91030714441317 0.4303250009786334 -0.16496728786401685 0.022556579668671334 25 1961.0 30973.0 -11.22745818132432 -0.23146002590832115
17 723.8935228957781 153.67853420584166 0.5574576874679378 0.4993708461412044 0.370281411224521 25 967.0 6648.0 -9.556727526940136 -0.11394864009449154
18 432.99239268075155 202.5521776033581 0.562715631370063 0.09093841527811448 0.36567379114287396 25 815.0 2189.0 -8.35061440391983 -0.16650317612528176
19 469.50192587265946 216.41042628378455 0.5898473182745877 -0.003232654150870328 -0.05767038068906392 25 1049.0 8470.0 -9.819708525826767 -0.04890526528023514
20 694.8114859537282 253.98367334947764 0.5024020675174942 0.038274246764338174 -0.16892399740248812 25 1194.0 9498.0 -9.944080413114998 -0.39206816199252836
21 684.7350763979374 263.2658911518389 0.4235358260067348 0.3422143500136247 -0.0318335234546214 25 970.0 9075.0 -9.894616584270375 -0.16800114884497855
22 420.1045751322657 268.27024719716536 0.4443201647018948 0.3362224650518211 0.3024356298420134 25 826.0 5257.0 -9.301844942546062 -0.15541671321147174
23 778.921934089478 269.9347864399854 0.4268236985012233 0.08635643893123869 0.025084778535034883 25 641.0 3179.0 -8.755726319786932 -0.025791177862164418
24 692.0081479856506 270.71984076456494 0.5105855377282915 0.45603260142181945 0.1748703874709891 25 790.0 3998.0 -9.004606974455244 -0.08156136715006702
25 818.12695034193 288.50472652390874 0.5576538269205147 0.08958348272332499 0.24625845166709204 25 880.0 4104.0 -9.0330183802594 -0.13655745104864353
26 791.6110869288896 303.09557543071315 0.43185184037781865 -0.7994488806243651 -0.15329778943662445 25 778.0 5502.0 -9.351301465134162 -0.0765720410997684
27 728.6688732868065 304.1201813241981 0.45486584363941607 0.33139081377046414 -0.07126855110308378 25 1537.0 11216.0 -10.124595001556457 -0.7257209518774677
28 383.9423913669376 312.0941955291613 0.47834188168305247 0.057055375269836645 0.14239789484059118 25 602.0 446.0 -6.623337146780354 -0.01650408202683142
29 696.2162044680655 329.4255997787097 0.4739374459962872 -0.11742582246948326 -0.4680591384526329 25 1083.0 8907.0 -9.874328630789268 -0.22981952367824926
30 471.1971571870732 339.3609940254888 0.5088386136522844 -0.21620355148630802 0.31270308760296317 25 1358.0 12671.0 -10.257027227292287 -0.3418558019816243
31 642.8077508486928 355.0049823883275 0.6853506181359197 -0.3442681527178181 -0.18865257383562664 25 871.0 -462.0 nan -0.2211216944297166
32 66.47482760017868 360.76387329139754 0.4523859591748894 -0.2998248720910103 0.041721819438365025 25 1171.0 10646.0 -10.06796615459184 -0.3081570383995132
33 203.19543411605048 364.7076511304775 0.609545745770785 -0.7128653569078722 0.029033554299489422 25 1277.0 11755.0 -10.175556583652396 -0.20221695222082628
34 800.4433262404796 382.64669613765494 0.393050672091537 0.31675643867825193 -0.1915587840864063 25 690.0 4092.0 -9.029839062600306 -0.12272621220737703
35 560.6160603895927 411.70254485312336 0.48047051213375097 0.15655953367796505 0.6996528551419884 25 705.0 4203.0 -9.058898475013592 -0.009508815484702834
36 62.906139119136206 418.5558392738562 0.37881473708685315 -0.28761055023670007 -0.2723583804957684 25 2520.0 46303.0 -11.664022825343883 -0.18649208452161337
37 315.804403459895 435.2936993926374 0.45688988966883165 0.16887802341159386 0.0002181934855880366 25 1371.0 11035.0 -10.106930843744184 -0.5268953015459816
38 828.8306818928697 455.86411304355045 0.43930013128217665 -0.6939141604838382 -0.5496673256736274 25 860.0 6295.0 -9.497489336109703 -0.15021533005952795
39 99.90707622966633 462.03701867262726 0.4727096387493205 0.1237615302506836 -0.23664058063557006 25 1439.0 14763.0 -10.422936549384358 -0.4418571893293295
40 505.42315634510686 473.33161253028715 0.5272162066860546 0.27342053816833395 0.7246218002897831 25 1169.0 7357.0 -9.666751890106248 -0.3415857854753388
41 575.9498958297019 490.09151148683844 0.41215959015587084 0.5932484943042294 0.494824370232731 25 999.0 6970.0 -9.608081945245024 -0.3327266179834494
42 728.2573549754729 513.8867461702569 0.47664297669286376 0.3845339727219708 0.0012989608354910629 25 1282.0 9339.0 -9.925750938505445 -0.4881528294236481
43 746.3412498076517 516.0119997859659 0.5505248322237034 -0.13719608947436118 -0.38470278240147715 25 909.0 6196.0 -9.48027852271792 -0.09227060918051214
44 230.4328025579355 517.5450990271772 0.6247044510840458 -0.7461544007199167 -0.0353365640641018 25 1116.0 8004.0 -9.758267699910434 -0.13672305225106546
45 476.2896643728715 518.6504978548826 0.34324616582653283 -0.6737450225582735 0.06888092197621287 25 699.0 6218.0 -9.484126794267933 -0.039047680174209114
46 109.76431815124901 524.2593788304225 0.4941030635304447 -0.7277842608746152 0.2908776066477216 25 1244.0 9372.0 -9.929580699812313 -0.46134443045958423
47 817.4824796528582 531.7185353857843 0.5131582601123379 -0.5262255700601876 0.16639099721733083 25 993.0 6846.0 -9.588592237004645 -0.1571632946334636
48 825.8407776933161 545.1253483833465 0.4143596018285527 -0.16563811426258607 -0.1662981400070701 25 2111.0 24032.0 -10.951974788310185 -0.7634573747290242
49 662.3285902498559 571.2542022493507 0.39428930014624824 -0.023324388467533 -0.24938014496870223 25 828.0 5692.0 -9.388162228530616 -0.19729389134463704
50 333.90779925317827 571.7955635338902 0.43344916076219114 -0.19541545228449622 0.29194014290392933 25 1771.0 17085.0 -10.581537457836953 -0.7198132890884033
51 781.8521420153215 574.3455124079304 0.40125169382954934 0.022795628908017708 0.6671167654106024 25 2502.0 31064.0 -11.23064344384498 -0.8052116714370452
52 449.0768567997467 579.5833366262191 0.6402311624556287 -0.08129435651297473 0.46642794777707364 25 1075.0 4440.0 -9.118457425286548 -0.28335491094186704
53 313.51669980860856 611.1294574208526 0.41981394844883924 -0.06503127447067905 -0.003996184413910018 25 1320.0 15270.0 -10.459597592641053 -0.3243329121183674
54 743.7724085087424 663.8256617675764 0.5608615729621728 0.26966546292872356 0.606230893499579 25 887.0 4478.0 -9.12771022310753 -0.13713330852893413
55 813.6039634596359 667.335395041257 0.5044979127334023 -0.5349827185097121 -0.18203037019749543 25 853.0 3807.0 -8.951457192035917 -0.17483430755696733
56 277.8510784014521 672.8029585592309 0.4554165520947714 0.40973489153960574 0.14025103234399824 25 1455.0 13568.0 -10.331289587281596 -0.5147853882238788
57 314.0855690344517 700.8703391811325 0.5349991704869296 0.10930801877933195 0.2606135596080196 25 935.0 6757.0 -9.574384797312437 -0.08024099116849906
58 618.1110031770943 713.0823551486166 0.5903246546591332 0.13828220389662707 0.08327895002615424 25 786.0 1084.0 -7.587573205505921 -0.11362072116160005
59 58.1288611474524 723.7739650309588 0.41626797997161324 -0.02662139908206624 0.4273732803369565 25 1011.0 7252.0 -9.651144488558677 -0.2687788262491727
60 435.598876961741 727.7662946106532 0.42926698311837924 -0.16232492999890333 0.11844348178108835 25 1517.0 14353.0 -10.392356712130564 -0.5571421642435369
61 738.0709204131707 730.9230871528326 0.6099328240799771 -0.24869135015603097 0.24395892062205093 25 978.0 5892.0 -9.425656845426483 -0.05701418474961645
62 673.8191183113772 803.8950761779467 0.5378661740644992 0.4001357844749355 -0.030540299968736823 25 1027.0 6412.0 -9.517483784205268 -0.20791051360511184
63 640.2380840985229 814.5579224054028 0.46753109921173835 -0.44842297212586046 0.31748023895548944 25 1070.0 8742.0 -9.854027005384085 -0.232906078158299
64 121.77678606734004 814.8951700349171 0.4693895756137456 -0.4870612431753583 0.32249177082752517 25 919.0 8338.0 -9.802654726975696 -0.023304265443549396
65 656.2765604684143 826.5871357866214 0.4277413652465913 -0.2077309707640201 -0.12959970637824256 25 894.0 7055.0 -9.621242545225916 -0.13512874941682224
