test_CNN/outputs/tables/01572_b53665m0s0_sources.ecsv
# %ECSV 1.0
# ---
# datatype:
# - {name: id, datatype: int64}
# - {name: x_centroid, datatype: float64}
# - {name: y_centroid, datatype: float64}
# - {name: sharpness, datatype: float64}
# - {name: roundness1, datatype: float64}
# - {name: roundness2, datatype: float64}
# - {name: n_pixels, datatype: int64}
# - {name: peak, datatype: float64}
# - {name: flux, datatype: float64}
# - {name: mag, datatype: float64}
# - {name: daofind_mag, datatype: float64}
# meta: !!omap
# - {date: '2026-06-03 17:18:12 Eastern Daylight Time'}
# - version: {Python: 3.11.15, astropy: 7.2.0, bottleneck: 1.6.0, gwcs: 1.0.3, matplotlib: 3.10.9, numpy: 2.4.6, photutils: 3.0.0, scipy: 1.17.1,
#     skimage: 0.26.0}
# schema: astropy-2.0
id x_centroid y_centroid sharpness roundness1 roundness2 n_pixels peak flux mag daofind_mag
1 172.6130725671655 792.7941479913795 0.8381227334840533 -0.12157726222696166 0.08716382315051174 25 32.0 -451.0 nan -0.0014756874159746654
2 396.330756817032 804.4441319173314 0.4738514388291968 -0.06816273876335953 -0.02140072405329711 25 10.0 -664.0 nan -0.13743104576986864
3 13.372947625465258 807.535283449207 0.36937893992594595 -0.8174951975260127 -0.7886825459397984 25 -89.0 -3300.0 nan -0.33589154347220274
4 29.820436173649863 808.8366392499076 0.4438487034981639 0.19466662813116684 -0.03567661922151656 25 -61.0 -2452.0 nan -0.26129959968947586
5 76.25958920517623 809.0384243218205 0.6590706555097643 -0.7106738214620663 -0.7491463741558395 25 -23.0 -1902.0 nan -0.2151279901804534
6 95.41778014617145 808.0235695989185 0.586150755580417 -0.3434481123926005 0.21611178796223493 25 -17.0 -1652.0 nan -0.1379023007476121
7 109.95595643854969 810.7697765720382 0.5491873456124948 -0.8207898805732212 -0.43254567094328905 25 -37.0 -1968.0 nan -0.017733603663092012
8 168.50857447971808 811.9240743086425 0.7034214607233585 0.26300919264012435 0.40150295517724854 25 -5.0 -1580.0 nan -0.23701870886723747
9 266.5298474733337 811.820747622719 0.4298421607826192 -0.939432440023575 -0.3642297435927977 25 -34.0 -1669.0 nan -0.02079408865973978
10 41.30015099794064 812.455725021217 0.4933240719124438 0.5294331028810515 -0.7860501343657598 25 -53.0 -2574.0 nan -0.23836323750513186
11 240.10065575546793 814.2019084857733 0.7157916778870014 0.33964820477983854 0.32590397592977993 25 -6.0 -1622.0 nan -0.18100967702215834
12 84.48098866278703 814.7989776948286 0.8014255339272398 0.14911630832187617 0.7371572879680702 25 -43.0 -3175.0 nan -0.6616878993888009
13 272.51047961820206 816.2499621153357 0.5884253906433986 -0.18093695775293442 -0.5206988363750426 25 -6.0 -1567.0 nan -0.40028837747532214
14 177.67177969347378 818.3248684793369 0.5529914009144896 -0.9379396487161769 -0.1093360398326495 25 -52.0 -2237.0 nan -0.1607946631817776
15 105.68362574784607 819.3237656506618 0.5632761930883796 0.9202745172957238 0.4858197012157237 25 -90.0 -3510.0 nan -0.2517148039995841
16 19.18964175502333 819.4623048767612 0.44831822194025794 0.9213414713762199 0.9279968151515117 25 -170.0 -5750.0 nan -0.751160382373899
17 766.1456625912625 821.2220890700804 0.6466261459065222 -0.7666948491588068 0.29118838911506295 25 24.0 -519.0 nan -0.03545238493471177
18 35.7442601542907 821.7040292600666 0.9015892922724456 0.7748889890444033 0.2891613620777656 25 -65.0 -4824.0 nan -0.800289503240934
19 63.46484118439033 821.6190429725307 0.8282904916817225 -0.6602964463455533 -0.30087537149674143 25 -69.0 -4043.0 nan -0.5056254293616966
20 450.40212926519587 821.6971187963403 0.4184042416853623 0.302616429285542 -0.5085247710408816 25 -53.0 -2559.0 nan -0.4722174108316516
21 134.80431887118934 822.8230065202449 0.43999503112645677 -0.3087565767643835 -0.6643891456137794 25 -111.0 -3729.0 nan -0.2584154777624833
22 261.8145234702468 823.307617571936 0.5202474995839095 0.7416105474292085 -0.30500051247083104 25 -50.0 -2399.0 nan -0.10592216393563357
23 74.05634604165566 823.0242056460177 0.6495838441742695 -0.4256984188979133 0.4064837506271016 25 -105.0 -4553.0 nan -0.5423533244239486
24 157.23553275179597 823.5475309570903 0.5429276870775869 0.08552880094401742 -0.40070693306036786 25 -83.0 -3212.0 nan -0.21898470083629426
25 166.47595015918162 824.3841753637168 0.4943343290359903 0.7251891603161525 0.5329709457021474 25 -78.0 -3259.0 nan -0.4089771476410911
26 291.78552494023614 822.3439744527351 0.4129741261507818 -0.48714248058440784 0.10005528630890034 25 -87.0 -2851.0 nan -0.022309057856648933
27 333.1213531669667 823.6474096959408 0.6564137772681814 -0.08883520989935087 0.3210626207204009 25 -4.0 -1664.0 nan -0.37073283923746086
28 276.07407048566523 824.4015541601921 0.7662875977755333 0.19977425163845206 -0.09893469014748685 25 -65.0 -3094.0 nan -0.16293376903112836
29 500.47901515192376 825.0006497698109 0.7455625135564738 0.5749843193327646 0.31526742077364067 25 -27.0 -1860.0 nan -0.0006532735983132202
30 144.51315280230415 825.349019880005 0.41735257592084274 0.12944425456154932 0.04287361696005389 25 -119.0 -3900.0 nan -0.2358886534896719
31 380.7251039746702 826.1766110317778 0.41168309794621816 -0.29645769205713757 0.4139666936970745 25 -43.0 -2349.0 nan -0.36726980996392733
32 306.21734734213766 826.8579986172492 0.6209391008684154 -0.3373982767862924 0.5536292958893179 25 -67.0 -2933.0 nan -0.29865872917889585
33 368.47825541650724 828.025251911413 0.40900716784136243 -0.1908994815798422 0.12051763324144807 25 -46.0 -2315.0 nan -0.3981089565811471
34 41.0956183253145 828.8167884893683 0.7454183885659612 0.5580792919821668 -0.10163416096256421 25 -145.0 -7361.0 nan -1.1730207519280529
35 183.94570209234058 828.3712806825988 0.49499110079365516 0.007556599850391036 -0.5361667393955317 25 -122.0 -4926.0 nan -0.773405566022801
36 196.5885466680361 828.3887624980197 0.38532071605956253 -0.053119699343113405 -0.26273051554127913 25 -160.0 -4953.0 nan -0.3619806582557964
37 246.62402578629295 828.9249399026928 0.4791085742301244 0.781337936054322 -0.2958974145441119 25 -111.0 -4036.0 nan -0.40174603146251014
38 586.5130955623865 828.463479244999 0.6024891825926028 0.149716891237541 -0.1901558222779154 25 -39.0 -1913.0 nan -0.00997556276569301
39 12.75771612280011 829.9246652734267 0.582000073846817 0.30956502294007604 0.6100169786958128 25 -272.0 -8999.0 nan -0.9033904201875682
40 234.84555293921736 829.4879168238874 0.7744276039756284 -0.09650633279474341 0.32982783273947225 25 -75.0 -4364.0 nan -0.7322466570478916
41 361.4324068201526 829.5087802858953 0.5262406983696928 -0.7459436092640873 -0.016596100478854892 25 -61.0 -2899.0 nan -0.3733105651351962
42 71.09370854976403 829.0922643310843 0.6604049153785571 0.7001069543490586 0.7673137162225172 25 -177.0 -6810.0 nan -0.8849126797027922
43 88.85537183932298 829.8699337846356 0.47321947280699467 -0.3150892400216557 0.47422113598350935 25 -199.0 -6756.0 nan -0.8372560871350511
44 97.78067982182945 830.8447205406364 0.5127130944744975 0.0923790577335956 -0.5322469409943144 25 -167.0 -5723.0 nan -0.4473268525977925
45 167.67660044611966 830.743661843271 0.6222601919874585 -0.03681902135630409 -0.06355664038064562 25 -145.0 -5339.0 nan -0.6221856249763944
46 267.2376666180257 830.2884091341634 0.3753961418779787 -0.030046703920712004 0.5448359254529233 25 -108.0 -4010.0 nan -0.64642482579375
47 427.7760984896362 830.6548662479424 0.7141861281548306 0.18338950399906476 0.006439429344486975 25 -69.0 -2853.0 nan -0.06027149130528847
48 31.08791585258081 831.6701487407387 0.3095619013626615 -0.5806393780195347 -0.5570310717412579 25 -316.0 -9638.0 nan -0.9624058668699174
49 123.02085174977589 831.3063168688508 0.3803461378718529 0.22503706689122985 0.8932960526514309 25 -166.0 -5371.0 nan -0.6403195029258839
50 130.4148965117795 832.1555840821566 0.4940536977495264 0.3996705417323558 0.539001791487665 25 -193.0 -6171.0 nan -0.6410344866264867
51 314.3693977409246 832.1226869247955 0.32355243307901727 -0.10895674861814941 -0.449256976679056 25 -80.0 -2899.0 nan -0.2839593852091394
52 435.9018269269693 831.4782796634958 0.47260771921829553 -0.36555512886367286 -0.46771118095502073 25 -85.0 -3292.0 nan -0.39231559109943126
53 460.53725634091654 832.02594270035 0.702150444345664 -0.553123895622792 0.6486188838796771 25 -114.0 -4122.0 nan -0.06206333945272072
54 494.0431077013724 830.6644098398383 0.6477131603005559 0.15165652943077623 0.7730081914540592 25 -38.0 -2272.0 nan -0.15340663020405826
