test_CNN/outputs/tables/01686_mf09129m0s0_sources.ecsv
# %ECSV 1.0
# ---
# datatype:
# - {name: id, datatype: int64}
# - {name: x_centroid, datatype: float64}
# - {name: y_centroid, datatype: float64}
# - {name: sharpness, datatype: float64}
# - {name: roundness1, datatype: float64}
# - {name: roundness2, datatype: float64}
# - {name: n_pixels, datatype: int64}
# - {name: peak, datatype: float64}
# - {name: flux, datatype: float64}
# - {name: mag, datatype: float64}
# - {name: daofind_mag, datatype: float64}
# meta: !!omap
# - {date: '2026-06-03 17:18:31 Eastern Daylight Time'}
# - version: {Python: 3.11.15, astropy: 7.2.0, bottleneck: 1.6.0, gwcs: 1.0.3, matplotlib: 3.10.9, numpy: 2.4.6, photutils: 3.0.0, scipy: 1.17.1,
#     skimage: 0.26.0}
# schema: astropy-2.0
id x_centroid y_centroid sharpness roundness1 roundness2 n_pixels peak flux mag daofind_mag
1 533.9232194595518 33.76392112911632 0.4384203779653922 0.6063388924983393 0.45903080387287665 25 1366.0 23055.0 -10.906912816388566 -0.03635423356569085
2 179.76785899925827 45.289168276754786 0.4075849328321615 -0.3712241357968389 0.00968311896894636 25 894.0 10940.0 -10.09754330499353 -0.1434267426990424
3 558.602720450556 58.39488860049823 0.46513625022699656 0.04679951400674517 0.22894291400925598 25 933.0 11827.0 -10.182186492027473 -0.027482501507528522
4 246.77602860917506 68.87248458182557 0.4105508659839746 -0.4822134277662894 -0.24874929800880688 25 1728.0 20302.0 -10.76884705859818 -0.8951286221783389
5 364.4063583263095 69.4964103444792 0.5527842692370926 -0.3197600146670132 -0.06607769504424257 25 812.0 6794.0 -9.580313856335023 -0.1103065335280353
6 393.67016244916846 74.7847965483064 0.3926352300250222 -0.3954448662463372 -0.24948849658779082 25 1163.0 13376.0 -10.315815650237353 -0.5490829254073745
7 678.0712136634054 130.92590031247414 0.49126219049346537 -0.5188771844026938 0.1114534264873195 25 1084.0 11477.0 -10.149570954102456 -0.36100131688777537
8 195.4316680452331 177.1701739622427 0.45929446455920664 -0.28380518547194306 0.21946489588109336 25 855.0 9597.0 -9.955338737009424 -0.13773274784676443
9 624.1161228561098 181.88028245351478 0.4229074754273099 -0.3412266028637087 -0.184802815784815 25 1369.0 17282.0 -10.593985001998119 -0.5491713453305291
10 57.58420465042061 196.78380178827797 0.46845556863731375 -0.34349105634912847 -0.46016033917492805 25 894.0 8081.0 -9.768662766914641 -0.27102067203693136
11 107.47179528612335 198.43917890992387 0.4373033657793664 -0.27313771149855126 -0.013339441820073069 25 792.0 8805.0 -9.86182340075824 -0.013105127069252216
12 190.58513401265407 233.837315130598 0.6216227974041963 0.025213508381914315 -0.5270568392611198 25 849.0 7470.0 -9.683301504538498 -0.06158938045847602
13 83.86743185981797 239.49199661688814 0.6407623309560297 0.3940876831848571 0.19882644229607124 25 879.0 8152.0 -9.778160427495925 -0.0323569358355939
14 153.67530899884073 249.97285573261598 0.4663722299534312 -0.3778415001863379 -0.4745957504174099 25 640.0 5076.0 -9.263804033556667 -0.02433274973828715
15 269.27014367754174 287.8371814039771 0.5179793707709004 -0.42144888781901846 0.02208977928782756 25 1170.0 12349.0 -10.22907947656702 -0.3702163482665818
16 154.981725514825 318.7547784856235 0.5725112683128402 -0.4091411114482477 -0.2360233799809919 25 1031.0 7507.0 -9.688666039665964 -0.430234835746517
17 369.18099821647013 347.28834567097243 0.3900639629352203 0.35515786967060575 -0.11255754965964818 25 1522.0 22291.0 -10.870323879673036 -0.43917467792709974
18 596.870858882635 384.5809526719885 0.5690097228887733 0.16193213384009103 0.23706411839581215 25 774.0 6202.0 -9.48132940475327 -0.06753404486053773
19 237.32382412614123 459.22463079404076 0.4333171211857563 -0.35832191484284237 0.20692852753447105 25 785.0 6627.0 -9.553292426477743 -0.27270543666387786
20 207.00478378432084 460.702293658221 0.5592682869563322 0.4205273617161917 0.20076372963393604 25 926.0 9764.0 -9.974069426862878 -0.08860701863067988
21 62.76211659969507 528.7159563779959 0.5247767563072808 0.04270277393289283 0.270670988445816 25 1124.0 13353.0 -10.313947122505462 -0.22899262332643525
22 672.6681904540151 546.804152220941 0.37803257342044394 -0.5372397883907754 -0.21581790318980515 25 2354.0 39415.0 -11.489153827247257 -0.664550748167587
23 4.889599347218608 548.0304700980918 0.4702621796975918 -0.09115326858501067 0.11999782355426261 25 807.0 7344.0 -9.664831670482965 -0.2052711670993559
24 232.12033944209904 569.556140574706 0.3737193030750385 -0.02213609419161123 0.26814783546419974 25 2073.0 40914.0 -11.529679852070691 -0.02741555538921858
25 643.643821966778 638.2993264132815 0.3821056872135813 -0.6562845016840324 -0.009345831349870307 25 1097.0 15228.0 -10.456607170355825 -0.2312656305923354
26 408.51505993440946 665.0497020296335 0.49610177814131207 0.3085298159856779 -0.05896206010326267 25 761.0 7646.0 -9.708585734207523 -0.03944336030971691
27 678.9247050903041 715.2412877088974 0.5041621864714926 0.2260693157080861 0.43528602296327007 25 817.0 8121.0 -9.774023776225423 -0.10345505746822246
28 655.6607540184568 731.2689028326978 0.47634587858454397 -0.423786747858197 0.055251490165750955 25 567.0 3581.0 -8.885010802529758 -1.485929410845572e-05
29 355.62483851781445 732.9946724856044 0.4042928153858745 0.5791267936516561 0.250037671915093 25 1186.0 12839.0 -10.271327997144672 -0.5635327399883037
30 79.81627251811997 831.6270060459724 0.2623828874990208 -0.18937218084158383 -0.6599898742604186 25 2468.0 47622.0 -11.694519076723198 -0.5668549359904143
