test_CNN/outputs/tables/01688_mf09146m0s0_sources.ecsv
# %ECSV 1.0
# ---
# datatype:
# - {name: id, datatype: int64}
# - {name: x_centroid, datatype: float64}
# - {name: y_centroid, datatype: float64}
# - {name: sharpness, datatype: float64}
# - {name: roundness1, datatype: float64}
# - {name: roundness2, datatype: float64}
# - {name: n_pixels, datatype: int64}
# - {name: peak, datatype: float64}
# - {name: flux, datatype: float64}
# - {name: mag, datatype: float64}
# - {name: daofind_mag, datatype: float64}
# meta: !!omap
# - {date: '2026-06-03 17:18:31 Eastern Daylight Time'}
# - version: {Python: 3.11.15, astropy: 7.2.0, bottleneck: 1.6.0, gwcs: 1.0.3, matplotlib: 3.10.9, numpy: 2.4.6, photutils: 3.0.0, scipy: 1.17.1,
#     skimage: 0.26.0}
# schema: astropy-2.0
id x_centroid y_centroid sharpness roundness1 roundness2 n_pixels peak flux mag daofind_mag
1 593.1567188440931 4.133418568330437 0.526384859284286 -0.5605388596329625 0.07487363254508728 25 1182.0 10366.0 -10.039028011258782 -0.07181903215028912
2 198.54805334224773 10.870609692963468 0.47275737929105643 -0.13480639973777586 -0.2741020216328916 25 2513.0 23875.0 -10.944858450639462 -0.818897822591156
3 455.5846625999255 56.88520964375171 0.49893037520202504 0.2228367724431173 -0.41203947087936 25 1254.0 10100.0 -10.010803434456605 -0.1801067001806509
4 815.6156792286896 82.6531324273433 0.5376163402027965 -0.4871311980204539 0.010080093023640565 25 1898.0 19610.0 -10.73119398416946 -0.38063306816826137
5 695.491451406003 120.5347752448072 0.5662771904708674 0.765570928727363 0.5954302596979368 25 1761.0 14621.0 -10.412442692777216 -0.38309281241375753
6 184.28371718877696 134.84080702293 0.5477115963426192 -0.4877691916141553 0.13032611800953034 25 1940.0 15978.0 -10.508806042056463 -0.525177581087083
7 478.3067805405662 136.39667180154848 0.4998111621721815 0.7580359868514289 0.963287732057798 25 1661.0 19363.0 -10.717431613643436 -0.18314463196391007
8 782.4407728717741 141.36094093753496 0.4892717780682766 -0.4250730337708154 -0.03365521160122603 25 2090.0 25167.0 -11.002078622790563 -0.35129647283095783
9 289.10224550669386 145.58995749288198 0.502994603917793 -0.144260187284377 -0.36282720258928997 25 1885.0 23691.0 -10.936458481831814 -0.2754804314008185
10 614.1161294279163 182.88201525765166 0.6057231561884742 0.16067101595941743 -0.3014765604268173 25 1408.0 12202.0 -10.216077551640922 -0.13507630829676026
11 98.60352488707721 188.1517267378349 0.49564971114316997 -0.6151961549747805 -0.31754827583555084 25 1123.0 7896.0 -9.743517849153951 -0.08945565854399809
12 340.4086198819149 202.42442026080593 0.6854355732328548 0.36768197301449523 0.13213293482109337 25 1715.0 11894.0 -10.188319835408146 -0.3375093287167156
13 536.9538189805986 245.54958582710668 0.5251352423850113 -0.6509703658984998 -0.0003557573609886953 25 1308.0 8146.0 -9.777361014374947 -0.2935553288136803
14 784.3586395910639 289.46973302029755 0.41445168090274687 -0.6675079606244405 0.08827398534145516 25 1056.0 10880.0 -10.091572238405401 -0.006016541699472484
15 101.40993513107196 306.3726595759649 0.6012968067598952 -0.1507406498085819 -0.047788864677151176 25 1583.0 14239.0 -10.38369872505481 -0.15408722817370013
16 325.8764722136385 315.53667945184577 0.419075164928852 -0.023420073792834013 -0.004615340585639991 25 2062.0 19921.0 -10.748277838680709 -0.6844332227687299
17 418.815948017839 318.2911702524187 0.429073987965488 0.06837647664788288 -0.027986159032514387 25 1735.0 23524.0 -10.928777926825 -0.08931713892022378
18 642.0558417794144 338.32055560611946 0.370856785470355 -0.09035683830147435 0.6872014884724836 25 1011.0 8496.0 -9.823036259343485 -0.06613524391862467
19 793.0715369986124 378.785971955031 0.5754756820089951 -0.059218658018574705 -0.21559631586066977 25 1516.0 8334.0 -9.802133740303148 -0.4409261084863833
20 99.2723041355314 415.22735958883027 0.35483287573137623 -0.6423624668405519 0.01978133704888176 25 934.0 5844.0 -9.416775518155648 -0.2316426588980801
21 522.6877870267 417.4505859237192 0.52935507534707 -0.25737219763385594 -0.17594733308698454 25 1194.0 10565.0 -10.05967375347083 -0.01473216640910735
22 218.56138117783362 418.8393830322444 0.41194699377201716 -0.3286501610556885 -0.37026739118074126 25 1094.0 9848.0 -9.98337009980815 -0.10391088864184056
23 303.8607411084058 421.28093140166504 0.521693978664386 0.2310296794884616 0.1330282083711725 25 2701.0 29636.0 -11.17954896527593 -0.724890508285541
24 112.11626965107098 423.91460153513094 0.3082532476782416 0.49721800773815 0.2668444230654545 25 1235.0 14584.0 -10.4096916391173 -0.0017731041507981036
25 369.8918866763144 428.590797498392 0.6301794421233525 0.56333137624922 0.1527653773759897 25 1766.0 14494.0 -10.40297064245565 -0.32861822574765104
26 769.0010999232937 447.9553077026636 0.4947627611326077 0.04394542826358778 -0.063746543523932 25 1451.0 13191.0 -10.30069430084842 -0.23575455391088487
27 106.57613855729124 509.6158091448198 0.504803165456222 -0.0723748641546115 -0.16128963190717902 25 1355.0 9738.0 -9.971174425524689 -0.30776645687199344
28 386.2759697333676 511.7088820010417 0.45712828963451796 -0.3504375627005941 0.19697544696292416 25 1457.0 14347.0 -10.391902745766561 -0.2203206732646114
29 284.72652039018016 516.6326195133183 0.6067585373725765 0.21736695624462893 -0.23866725692370466 25 1926.0 17377.0 -10.599937002792343 -0.41375784306621916
30 620.4685039945225 517.854031551236 0.38029541494945407 -0.7546177200273912 -0.19513530426704462 25 1529.0 14544.0 -10.40670966469473 -0.48439880730680457
31 284.24303227076945 532.3973257132895 0.4039062042217994 -0.4676336182226639 -0.3738373289624691 25 1152.0 10411.0 -10.04373111619319 -0.10423333192814495
32 12.173132061299944 561.7855404558865 0.542520524061952 -0.3840250017106385 -0.037797659059064855 25 1344.0 10706.0 -10.074068097618532 -0.15837211495423786
33 361.2423534294471 573.4930677696631 0.593059426135769 -0.40133399364854533 0.11929701993953201 25 1062.0 4189.0 -9.05527590090305 -0.11965989847957596
34 727.6886727178933 612.9534687894349 0.4032387314114607 0.49097288670813277 0.018317608236254092 25 2161.0 20855.0 -10.798025485454625 -0.7786347483029448
35 631.8196769490722 654.3840509566168 0.43574324453799146 -0.8723459148306586 -0.15381520608211513 25 1346.0 13655.0 -10.33822926118938 -0.1512380515878476
36 121.813650627894 656.0687079801181 0.43771191205236554 -0.8563915792159047 -0.011930313524041683 25 1513.0 18652.0 -10.676813516956136 -0.08601837266669991
37 380.2027916020384 702.8923785644074 0.5959434389870488 -0.29585946410441805 -0.23763957917336775 25 1297.0 9411.0 -9.934089433543518 -0.11439282402525922
38 830.9348638037651 798.8019270686899 0.52459038241623 -0.1345122044857464 0.18648673475932223 25 1628.0 14123.0 -10.374817397783975 -0.3665974538119735
39 490.0831628867905 813.6306728154336 0.3863337604852208 -0.6449197392832954 0.1461222090733912 25 969.0 7439.0 -9.678786396770956 -0.08063182029288113
