test_CNN/outputs/tables/01696_mf09267m0s0_sources.ecsv
# %ECSV 1.0
# ---
# datatype:
# - {name: id, datatype: int64}
# - {name: x_centroid, datatype: float64}
# - {name: y_centroid, datatype: float64}
# - {name: sharpness, datatype: float64}
# - {name: roundness1, datatype: float64}
# - {name: roundness2, datatype: float64}
# - {name: n_pixels, datatype: int64}
# - {name: peak, datatype: float64}
# - {name: flux, datatype: float64}
# - {name: mag, datatype: float64}
# - {name: daofind_mag, datatype: float64}
# meta: !!omap
# - {date: '2026-06-03 17:18:32 Eastern Daylight Time'}
# - version: {Python: 3.11.15, astropy: 7.2.0, bottleneck: 1.6.0, gwcs: 1.0.3, matplotlib: 3.10.9, numpy: 2.4.6, photutils: 3.0.0, scipy: 1.17.1,
#     skimage: 0.26.0}
# schema: astropy-2.0
id x_centroid y_centroid sharpness roundness1 roundness2 n_pixels peak flux mag daofind_mag
1 138.77667804228517 61.37569460700748 0.37031929662887453 -0.41315397139613486 -0.3120081684051955 25 1802.0 21705.0 -10.841399475436797 -0.5596774850822736
2 1.1418747135434413 92.0920262969816 0.45911631095692496 0.4887270732846736 0.3996414421677344 25 1054.0 8300.0 -9.797695230940185 -0.16310066889749217
3 249.578358509107 94.965340127216 0.45239646550089274 0.9071699173392238 0.676018018957075 25 1949.0 23172.0 -10.912408799567547 -0.4643319640674971
4 832.8899689963314 107.22396446746419 0.33543366444612693 0.4913608898006298 0.8503169288457383 25 1602.0 24163.0 -10.957877134740437 -0.1014251859764495
5 286.66497361400076 193.04390455460864 0.6428397794991896 -0.4287848593131304 -0.4000584835703618 25 1199.0 9797.0 -9.977732770122218 -0.02402878725317375
6 618.0462964896755 215.90908852372644 0.4939693448939914 0.018016178474670342 -0.024668244892401194 25 1558.0 9546.0 -9.949553575075562 -0.6256444044623883
7 445.3310888371079 436.7062299384795 0.5135874830511588 -0.3876118685981731 -0.04223294622576415 25 1072.0 7890.0 -9.74269250802355 -0.06494304669043412
8 61.418891656307494 475.5484262787467 0.6063998506817944 -0.47079808429313724 -0.08682807507381402 25 1683.0 11608.0 -10.1618934985742 -0.47058697482366285
9 605.171637118569 476.1750185669546 0.5509908692037087 0.6580455990283942 -0.11189119304132547 25 2155.0 19895.0 -10.746859858706017 -0.6477179676924534
10 323.06661609176336 521.6888044514224 0.5274599413087369 0.23426547374311169 -0.0853543062117869 25 1293.0 12442.0 -10.237225492516625 -0.15203477786290906
11 22.80545252915064 524.5326207122637 0.5760287089746223 -0.176799690429253 0.4298735901408937 25 1127.0 7732.0 -9.720729613391288 -0.13468693745694277
12 608.9137248752013 536.0664276151915 0.5522415032100487 -0.38935068902629505 -0.6258590767049682 25 1546.0 14124.0 -10.374894272227648 -0.30235704418220655
13 582.9037523340919 570.8325886558393 0.49765543443706634 -0.6158124931254936 0.15058729424468834 25 1215.0 7227.0 -9.647395136795016 -0.38231566238499903
14 58.18873118499941 610.3123913378029 0.4342788522664859 0.4241545376329047 0.555330285582426 25 2234.0 26740.0 -11.067903507314913 -0.6073582630421824
15 299.4914884241473 654.1352578786777 0.5233816771565928 0.45250657672484984 0.09728475750477283 25 1320.0 9578.0 -9.953187081766472 -0.31562841530356855
16 33.877051294302845 694.0454295359237 0.44189088107189073 0.23909702736436406 0.11156927761600018 25 1775.0 22681.0 -10.889155496463525 -0.2447422348764003
17 366.5260417548722 748.3582389364449 0.4300973022788606 -0.8382787079224345 -0.12479461199352646 25 3092.0 40874.0 -11.528617851492296 -0.8671630723632553
18 54.712262227986486 773.0048413136597 0.5316595510688217 0.7835204302589903 0.1910881515869614 25 1099.0 9328.0 -9.924471343537348 -0.02290759420971232
19 649.7586946225723 778.7196706981772 0.43808739244934325 0.2651103606552877 -0.11603850338844993 25 1159.0 12516.0 -10.24366388618539 -0.04033422675447028
20 59.265959230972314 824.3575218767545 0.5026986550455683 0.1827328020305478 0.2419403763687755 25 2415.0 27887.0 -11.113504491695661 -0.6518432762364093
