test_CNN/outputs/tables/01715_ax01202m0s0_sources.ecsv
# %ECSV 1.0
# ---
# datatype:
# - {name: id, datatype: int64}
# - {name: x_centroid, datatype: float64}
# - {name: y_centroid, datatype: float64}
# - {name: sharpness, datatype: float64}
# - {name: roundness1, datatype: float64}
# - {name: roundness2, datatype: float64}
# - {name: n_pixels, datatype: int64}
# - {name: peak, datatype: float64}
# - {name: flux, datatype: float64}
# - {name: mag, datatype: float64}
# - {name: daofind_mag, datatype: float64}
# meta: !!omap
# - {date: '2026-06-03 17:08:21 Eastern Daylight Time'}
# - version: {Python: 3.11.15, astropy: 7.2.0, bottleneck: 1.6.0, gwcs: 1.0.3, matplotlib: 3.10.9, numpy: 2.4.6, photutils: 3.0.0, scipy: 1.17.1,
#     skimage: 0.26.0}
# schema: astropy-2.0
id x_centroid y_centroid sharpness roundness1 roundness2 n_pixels peak flux mag daofind_mag
1 827.7997701297257 276.56210115664544 0.6342342402847517 0.29039167201573 0.7470649234232282 25 301.0 -29692.0 nan -0.0774159152093587
2 825.8457196056861 286.55884444354496 0.6345509452447659 0.2948602835106467 0.7419181667303034 25 235.0 -30952.0 nan -0.06023715142012777
3 822.8473277315213 301.5377715444875 0.6368253391681685 0.30344693726129945 0.7561615822053112 25 309.0 -29922.0 nan -0.08321949056994708
4 820.8296576092059 311.5882645871881 0.6365460107541632 0.29396405481492793 0.7201754138907601 25 344.0 -29630.0 nan -0.10168297532735013
5 818.7717222425932 321.48191710585553 0.6415752696598945 0.3180476150046631 0.7359977892045997 25 249.0 -30343.0 nan -0.04547570809715576
6 816.8549747524744 331.53430688385134 0.6371145352750825 0.3205477371311332 0.728524981041302 25 361.0 -29519.0 nan -0.10739056057149945
7 813.8590345663557 345.5044723815412 0.6403732450157233 0.31735939638610394 0.7656861985070651 25 243.0 -30917.0 nan -0.05831458623052374
8 811.9004467376142 355.6006851459045 0.6314418678504934 0.29669003175406533 0.7479399564639243 25 379.0 -29489.0 nan -0.1294104828304412
9 808.9548491600259 370.53018473892894 0.6322602334599464 0.32075321769859055 0.7798003109867784 25 415.0 -29157.0 nan -0.1399325128008205
10 805.8661934665312 385.6493120066683 0.6266582755565406 0.2613610443407834 0.7565753271478548 25 402.0 -28780.0 nan -0.13748243166455673
11 801.8665474710434 405.51069000906125 0.6381601909699955 0.32091978472701865 0.7830623480770497 25 395.0 -28671.0 nan -0.1059832619998065
12 797.9639115121695 425.71387667239065 0.6200030854323508 0.23632610927584208 0.7503272580824333 25 456.0 -28873.0 nan -0.1829301069613295
13 795.7996619473247 435.5506948354144 0.631866241308468 0.30230187485601834 0.7669484239106161 25 142.0 -31814.0 nan -0.030176184646428305
14 793.8381764250958 445.65197251912906 0.6250938722225763 0.25850124775831923 0.7117111862957702 25 482.0 -27686.0 nan -0.16163759796917906
15 790.7941233634385 459.6275468389802 0.6286704298964324 0.30977351648094575 0.7299429467782592 25 304.0 -29728.0 nan -0.09204575339095465
16 787.8788089138314 474.5964983240817 0.63358815382098 0.2923643709155837 0.7416543303363634 25 326.0 -30013.0 nan -0.10102890947960566
17 785.642960241516 484.53127836806374 0.6398388081311468 0.2911660265288505 0.67855354999005 25 213.0 -30262.0 nan -0.021669133048759056
18 782.743937585883 499.54528914547814 0.6368067964235344 0.29972751643142026 0.7253042577407542 25 113.0 -32115.0 nan -0.007278853280149304
19 778.7733367509074 519.5113820764935 0.635431796872075 0.31752114439241447 0.7378773887590632 25 242.0 -30375.0 nan -0.05238493173150356
20 774.8683334021999 539.5325496652324 0.6355464997708953 0.3133730351983552 0.7721590426410585 25 304.0 -30033.0 nan -0.08502010339508734
21 769.8951635834112 564.6137945701449 0.6299848937065646 0.27739846149928005 0.7690086203594847 25 269.0 -30764.0 nan -0.09111995120463566
22 767.8276750309265 574.5642983687909 0.6314285481678686 0.2905753508044008 0.7642339878626672 25 185.0 -31423.0 nan -0.04882972682152802
23 763.9694103208485 593.5647833999286 0.631799994035106 0.29779046098739353 0.8021738362360572 25 302.0 -30682.0 nan -0.10535521851973749
24 760.8047216099225 608.6753277970892 0.6231351201108704 0.24312883737078925 0.7194866240129387 25 317.0 -29698.0 nan -0.1106897815333584
25 757.7060752784625 623.6201793333704 0.6272130206084972 0.2659119408312951 0.6998652325862557 25 67.0 -32586.0 nan -0.004479964727605097
26 754.9326041152991 638.5332840802096 0.6369282767692797 0.3163420813354376 0.7920427617895902 25 283.0 -30755.0 nan -0.08679219780937762
27 750.8431204830056 658.5611376835726 0.6344177453026747 0.3012715991416723 0.7578534150966085 25 183.0 -31617.0 nan -0.045621445068544916
28 745.8303593598778 683.5189076977142 0.6328230072822529 0.3137383715455461 0.7544748697462162 25 237.0 -30769.0 nan -0.06384987228192784
29 740.9575752648649 707.4796583565779 0.6389535447280748 0.37271402245457663 0.7916748217273502 25 234.0 -31582.0 nan -0.06769536628180707
30 738.817826934563 717.4420876269114 0.6435077600685011 0.3528331194724752 0.767585973707751 25 210.0 -30971.0 nan -0.029447596225107765
31 735.9070161000242 732.5788508797483 0.6351753101267058 0.301607933981147 0.7762657085332131 25 225.0 -31413.0 nan -0.06671013705148984
32 730.7050233038804 757.5827310733367 0.6339570249668044 0.27573483409691646 0.7184323555046861 25 273.0 -29587.0 nan -0.05877215933842539
33 726.8065398042676 777.5718903486401 0.6321932587125374 0.2871596062104124 0.7428827948741192 25 244.0 -30555.0 nan -0.06408302231911901
34 723.802318250629 792.582039243259 0.6364363488480376 0.28526812419731 0.7019832547115372 25 384.0 -28868.0 nan -0.10474549997250221
35 720.7642185525639 807.6026766269218 0.6349070925064513 0.2870598683368081 0.7219283469530418 25 172.0 -31548.0 nan -0.04140638166996078
36 718.8018903905381 817.5122585919016 0.6449728715235078 0.31705597964799587 0.7047270920044434 25 431.0 -28450.0 nan -0.11649195212886465
37 715.8401779053928 831.5482116076355 0.6385728567969651 -0.14226867856187997 0.7433127257027476 25 205.0 -31449.0 nan -0.04952167557173637
