test_CNN/outputs/tables/01711_mf09439m0s0_sources.ecsv
# %ECSV 1.0
# ---
# datatype:
# - {name: id, datatype: int64}
# - {name: x_centroid, datatype: float64}
# - {name: y_centroid, datatype: float64}
# - {name: sharpness, datatype: float64}
# - {name: roundness1, datatype: float64}
# - {name: roundness2, datatype: float64}
# - {name: n_pixels, datatype: int64}
# - {name: peak, datatype: float64}
# - {name: flux, datatype: float64}
# - {name: mag, datatype: float64}
# - {name: daofind_mag, datatype: float64}
# meta: !!omap
# - {date: '2026-06-03 17:08:20 Eastern Daylight Time'}
# - version: {Python: 3.11.15, astropy: 7.2.0, bottleneck: 1.6.0, gwcs: 1.0.3, matplotlib: 3.10.9, numpy: 2.4.6, photutils: 3.0.0, scipy: 1.17.1,
#     skimage: 0.26.0}
# schema: astropy-2.0
id x_centroid y_centroid sharpness roundness1 roundness2 n_pixels peak flux mag daofind_mag
1 533.7355844833075 21.022556704379465 0.4285984563083427 -0.31473552590712073 -0.6242574887051173 25 1737.0 19431.0 -10.72123787943389 -0.5530431482041459
2 713.998332427857 106.03561860752203 0.5019899578075415 -0.31805080817771664 -0.246834156003979 25 1053.0 7973.0 -9.754054410233392 -0.16883343347930968
3 667.1824392853214 115.06353391095828 0.46871903854153596 0.1451892108985192 0.07450451105953675 25 907.0 7746.0 -9.72269373162516 -0.0685250256275938
4 30.099552991402586 216.33966297838364 0.5886202260919513 0.33314596579754285 0.06522750577685144 25 822.0 3908.0 -8.979886387616839 -0.039192400943687686
5 675.1835548180645 230.4049444848163 0.6503608556368495 -0.013959415696898986 -0.016586298051990005 25 1078.0 5488.0 -9.348535256746738 -0.1676054579424399
6 626.3468328570755 261.6589743288159 0.4852409579609363 -0.47954387122408937 0.044321850833632666 25 1129.0 10323.0 -10.03451481835148 -0.1489269035961213
7 199.81426207880617 270.36006263940396 0.4537306139540538 0.896367990058441 0.19166793275953448 25 2374.0 28801.0 -11.14851891791737 -0.7292489430720956
8 257.23963065851905 318.04926437295336 0.5251931011884382 0.028560674248083895 0.286914982113597 25 1004.0 7214.0 -9.645440344955862 -0.11577274182126918
9 347.19042442523886 371.1291015920625 0.5458216532430202 0.22650607254497987 -0.02317957471760651 25 1000.0 4521.0 -9.138086267585736 -0.32753608676533313
10 270.4405582778679 407.1113938297015 0.5800230099442141 -0.3176198585266871 -0.1302494662899317 25 766.0 1309.0 -7.79234911637689 -0.055905040109967635
11 384.91905176653614 423.636915333613 0.41414549156373104 -0.871579726492044 -0.4629885048125403 25 845.0 7549.0 -9.69472356342871 -0.044719577304652536
12 310.8421471148726 450.09408494436184 0.6292411705665216 -0.1865041073263963 0.2737815422745592 25 1438.0 8797.0 -9.860836479926956 -0.42897920305056325
13 13.193299936163285 477.6510186800274 0.5427841385085336 -0.24172287219972088 -0.14650153231571364 25 2251.0 18473.0 -10.666343575585767 -0.9055310224861872
14 472.0857991442079 516.7879261538063 0.46101101396170197 -0.79791630721044 -0.3342452973531767 25 1271.0 10089.0 -10.009620305085745 -0.4409431025085877
15 320.7763816149162 599.1549304021742 0.40887247894744944 0.3484040509204856 -0.3634346846632119 25 1651.0 19292.0 -10.713443133124612 -0.48837413767371246
16 159.91063605104887 601.1230935094854 0.4315742075802263 0.9601601915091713 0.5335588594512873 25 3099.0 53217.0 -11.815125971096077 -0.452917683882864
17 120.98559658867445 617.5713881973134 0.5906727943043296 0.03896143646546038 0.3599416460519137 25 1328.0 9046.0 -9.89114145852475 -0.3406518201666417
18 170.91290933688043 622.4819007323038 0.3607577524577162 0.8412273955547553 0.11326262250336605 25 3154.0 60923.0 -11.961953202326729 -0.3325542981955862
19 177.8915748541213 628.7330030172296 0.35257434415751904 0.9103562610814129 -0.11167473972680156 25 2980.0 55778.0 -11.86615734489787 -0.38236042485733396
20 606.8278254493497 658.4784361335915 0.4987641265852657 -0.3763293806076213 -0.18353827725004576 25 1128.0 10430.0 -10.045710771066327 -0.14767087494679312
21 206.04170165829572 792.118179580357 0.5464540269355507 0.6961578260853024 0.028050403871191787 25 1080.0 8515.0 -9.825461630746549 -0.07699406882164204
