test_CNN/outputs/tables/01714_mf09489m0s0_sources.ecsv
# %ECSV 1.0
# ---
# datatype:
# - {name: id, datatype: int64}
# - {name: x_centroid, datatype: float64}
# - {name: y_centroid, datatype: float64}
# - {name: sharpness, datatype: float64}
# - {name: roundness1, datatype: float64}
# - {name: roundness2, datatype: float64}
# - {name: n_pixels, datatype: int64}
# - {name: peak, datatype: float64}
# - {name: flux, datatype: float64}
# - {name: mag, datatype: float64}
# - {name: daofind_mag, datatype: float64}
# meta: !!omap
# - {date: '2026-06-03 17:08:21 Eastern Daylight Time'}
# - version: {Python: 3.11.15, astropy: 7.2.0, bottleneck: 1.6.0, gwcs: 1.0.3, matplotlib: 3.10.9, numpy: 2.4.6, photutils: 3.0.0, scipy: 1.17.1,
#     skimage: 0.26.0}
# schema: astropy-2.0
id x_centroid y_centroid sharpness roundness1 roundness2 n_pixels peak flux mag daofind_mag
1 255.13031485805172 101.69853186704644 0.4155578563884477 -0.3774591217344857 0.1928755081628019 25 863.0 7150.0 -9.6357651045027 -0.08010345876710954
2 832.8628729379992 108.62104344888405 0.35961610152723483 0.02050273484031176 0.48857167676824526 25 1244.0 16447.0 -10.540216731054784 -0.13697626794965106
3 24.481199910908494 124.72380082646164 0.4475372907799628 0.6277683889820129 -0.05508114993539432 25 2288.0 24824.0 -10.987179406440273 -0.8050403450705115
4 53.27818107574044 156.06941202668918 0.5203682569204072 0.2217482531888231 0.10847731074023044 25 1456.0 11162.0 -10.119355045451604 -0.5137842137060129
5 789.7362994489066 223.19170581498418 0.4115393314779097 -0.29891537426635933 -0.03632862642567393 25 1273.0 15427.0 -10.470703698806666 -0.19353966253359312
6 138.15985923263375 266.19425364859984 0.3951597782566292 0.01422312263373931 -0.24703065185371212 25 1075.0 10756.0 -10.07912698387816 -0.20933073269445163
7 1.0499664506210284 280.0031381812561 0.5611599891810933 -0.416524901369048 -0.04936732514012713 25 1153.0 6563.0 -9.542756010642307 -0.34796036459495827
8 327.99741109258446 374.35924940740466 0.7146786053215045 -0.7627420481793928 -0.06349947067324718 25 1122.0 6138.0 -9.47006721023951 -0.12484350578379474
9 238.6672641790007 401.5220563148386 0.5046535118050103 0.21289673381770852 -0.2488796757734851 25 1541.0 13786.0 -10.34859568539542 -0.44647703757636376
10 17.63060581631391 443.80053836703496 0.4920303853719493 -0.33140942344592883 0.04839887564482445 25 1700.0 13629.0 -10.336159978835722 -0.6652346634080093
11 776.388329807258 503.5843141263494 0.38132118444248364 0.0830591060317253 0.41865706857477725 25 1389.0 15971.0 -10.508330274204265 -0.37133972220892963
12 308.5600874499527 511.3031314943481 0.42720974466745215 -0.3526201158478139 0.10623787385992495 25 1603.0 18506.0 -10.668281394578612 -0.42111812937741605
13 627.4693671744426 536.2529469227602 0.3973952177965538 -0.8853121822356854 -2.8937834801193553e-05 25 1923.0 25443.0 -11.013920794822113 -0.530505153740659
14 128.64623072165438 554.5339481715746 0.4474522847996899 0.6906733640914603 0.23456680355138326 25 1227.0 11378.0 -10.140164823579383 -0.31961102770456096
15 578.4406639712529 601.928554363963 0.49535693196726255 0.08602208165457725 0.10580805959541636 25 1255.0 14956.0 -10.437038641205456 -0.07370493082142435
16 88.7708806635847 610.1616292885636 0.623943033820987 -0.40819767221986725 -0.44597405852979205 25 946.0 4699.0 -9.18001361255738 -0.05083469515563068
17 252.77935008573306 727.7507508751168 0.48262531088247845 -0.2690153366353361 0.01403108579776271 25 1161.0 8238.0 -9.789554469050998 -0.30142503674230503
18 356.1693790422654 744.2041759827927 0.5209323516089562 0.37835578677850656 0.17520055412784746 25 915.0 4349.0 -9.095973519163339 -0.18461058304415073
19 131.51599271397825 765.2836792220448 0.7299981523977853 0.9638071984988306 0.13089546669164284 25 881.0 2464.0 -8.47910175873097 -0.008569703616179761
20 616.8021364510168 814.0358064024722 0.5287253990798013 0.2979683865547474 -0.11449763034767389 25 1139.0 12609.0 -10.251701611812749 -0.0024065687598106814
