test_CNN/outputs/tables/01739_ai24598m1s0_sources.ecsv
# %ECSV 1.0
# ---
# datatype:
# - {name: id, datatype: int64}
# - {name: x_centroid, datatype: float64}
# - {name: y_centroid, datatype: float64}
# - {name: sharpness, datatype: float64}
# - {name: roundness1, datatype: float64}
# - {name: roundness2, datatype: float64}
# - {name: n_pixels, datatype: int64}
# - {name: peak, datatype: float64}
# - {name: flux, datatype: float64}
# - {name: mag, datatype: float64}
# - {name: daofind_mag, datatype: float64}
# meta: !!omap
# - {date: '2026-06-03 17:08:24 Eastern Daylight Time'}
# - version: {Python: 3.11.15, astropy: 7.2.0, bottleneck: 1.6.0, gwcs: 1.0.3, matplotlib: 3.10.9, numpy: 2.4.6, photutils: 3.0.0, scipy: 1.17.1,
#     skimage: 0.26.0}
# schema: astropy-2.0
id x_centroid y_centroid sharpness roundness1 roundness2 n_pixels peak flux mag daofind_mag
1 6.159310921596701 15.513189626962559 0.6374312181940496 -0.008360586104785623 0.772345446245175 25 -234.0 -84658.0 nan -0.35384948756924495
2 10.203209673835975 33.547600018461196 0.6354055524231743 0.00300126515052174 0.7568390388568444 25 -98.0 -82268.0 nan -0.37376438170213905
3 20.194135208989522 78.58119712939539 0.6324197490508754 0.012190587135138065 0.7448574379304482 25 -16.0 -81405.0 nan -0.3937054679317271
4 28.09042952145709 114.55175071749856 0.6345530407043168 0.06746252831919544 0.7844122337692752 25 140.0 -80473.0 nan -0.4248693872770689
5 35.18033559519608 145.55063833009186 0.6368493895938885 -0.0032873211797278114 0.7433926509553358 25 29.0 -81249.0 nan -0.3995601115140107
6 38.13643740487981 158.57352112959933 0.6327402333292416 0.009145183431041124 0.7682954243390366 25 -20.0 -82128.0 nan -0.4001858906118421
7 43.18462652287266 181.5458872878329 0.6367591907819372 0.05144095558383403 0.7379032864954768 25 108.0 -80061.0 nan -0.40862591755454625
8 46.23339171102348 194.52945319478863 0.636024380801467 0.013392311968176737 0.7407867807155161 25 -329.0 -85161.0 nan -0.33092682680257396
9 53.16627527443784 225.54474132491845 0.6373521480805221 -0.003603376418414552 0.7537854977580388 25 19.0 -81438.0 nan -0.39715733010487897
10 60.20002025186413 257.53285837867264 0.6366671566983234 0.0563649789756698 0.7607245086474059 25 -122.0 -82598.0 nan -0.3674742930758893
11 64.23482477316911 274.56778462741437 0.6335420770206666 0.009639766800609685 0.7427961288502065 25 -331.0 -85222.0 nan -0.33871120154717
12 72.1746831165597 310.5491623004281 0.6349065166574649 0.0035650721940065073 0.7644648002625413 25 -385.0 -86627.0 nan -0.3344212697319688
13 78.13706753627861 337.5592428284678 0.6351855626433953 0.005486053098525988 0.7708341883545127 25 -167.0 -84138.0 nan -0.373242453463395
14 83.15093233410113 359.5510157187264 0.635504142346676 0.0037460292546661724 0.769316974578665 25 -254.0 -85133.0 nan -0.3570760956636482
15 87.17901405787218 377.5472980100635 0.6357636274752517 0.0008042528089336787 0.7582068518916949 25 -426.0 -87201.0 nan -0.325667389294793
16 90.15438832230234 391.5486633899118 0.6358173063546265 0.0595802949654264 0.7693979949905712 25 -526.0 -88860.0 nan -0.3135385772566079
17 94.17624519554384 408.5322384335231 0.6365825493425069 -0.003894880449449083 0.7634231244279084 25 -445.0 -87475.0 nan -0.3220797040711476
18 100.23174280972981 435.54945954992934 0.6347371324014988 0.001692859392650649 0.7444193571358134 25 -625.0 -89345.0 nan -0.288928913017188
19 104.16065275228807 453.5368791451901 0.6369739232082571 -3.709912535488472e-05 0.7691522867325769 25 -523.0 -88713.0 nan -0.3103004319306505
20 108.16881610683302 471.53737852352936 0.6358374640253996 0.05710231472398294 0.7691575348953252 25 -420.0 -87147.0 nan -0.32747738377576563
21 111.21149931007433 484.5333080425767 0.6362093840053246 -0.0038399791804451682 0.7580862044655415 25 -457.0 -87139.0 nan -0.31520540233334904
22 115.17701092780604 502.55993839613245 0.6351717918186481 0.002848850770700987 0.7555283139768648 25 -435.0 -87460.0 nan -0.3283026222821833
23 118.11367116823509 516.5505907994174 0.6347014917987478 0.06378237043039528 0.7798395726812111 25 -400.0 -87616.0 nan -0.34080906301993014
24 121.19116182500115 529.5453934281421 0.63603410553496 0.0005538422571846813 0.7595931155735414 25 -509.0 -88171.0 nan -0.31076390699872164
25 125.16401829514763 547.5324488608275 0.6354512243933719 0.05524557896854157 0.7632408932405806 25 -311.0 -85785.0 nan -0.3467891677536874
26 135.16836526581355 592.52771864335 0.6374774104326756 0.05651778449593321 0.7694889184647442 25 -439.0 -87415.0 nan -0.3211494085051914
27 139.20574424688354 609.5437632357214 0.6358684541638623 -4.237797379412793e-05 0.7567764730161155 25 -565.0 -88770.0 nan -0.30025595235997093
28 143.19073248838725 627.5453946334859 0.6356082872289948 -0.0010498682486222348 0.7582849036938377 25 -544.0 -88691.0 nan -0.3065068761842143
29 146.16214019550569 641.5409912718127 0.6384880531067677 0.05408678396670906 0.7558371047740993 25 -401.0 -87315.0 nan -0.3318163205683849
30 149.21012566576542 654.5682189463582 0.6328376265484524 0.009005056485297386 0.7479306633431546 25 -447.0 -87145.0 nan -0.3247211018290521
31 155.2183419867966 681.5309367912572 0.6368103082200324 0.05446932791464539 0.7563952535079846 25 -445.0 -86893.0 nan -0.31515752785046214
32 161.10797752049461 708.5251554389854 0.6362459658394565 0.0570452115842656 0.7805500897035796 25 -353.0 -87050.0 nan -0.34573875149816696
33 167.22032243437843 734.5722372553165 0.6334835155731176 0.014149738998246066 0.7423203132156441 25 -418.0 -86665.0 nan -0.3272216295044029
34 174.1115393680849 766.5176763202677 0.6368350497509627 0.050819331410809555 0.7761209417418039 25 -270.0 -85921.0 nan -0.35759568457924906
35 179.2339865026596 788.533753350334 0.6366700498212541 -0.006990261767779732 0.7500710148311053 25 -589.0 -88766.0 nan -0.29108660119260854
36 182.1435352419939 801.5540260858648 0.6342771997110797 0.0033499837520498932 0.7665835866482762 25 -460.0 -88138.0 nan -0.328708798731766
37 185.1858762036088 815.5600991808673 0.6346484101503174 0.06567194083188667 0.7499431325344491 25 -498.0 -88185.0 nan -0.3155996532682831
38 188.24513763780578 828.5691326713365 0.6334286002846552 0.008119180455756655 0.7419308164247466 25 -692.0 -90161.0 nan -0.2806263987409682
