test_CNN/outputs/tables/02085_a15404m0s0_sources.ecsv
# %ECSV 1.0
# ---
# datatype:
# - {name: id, datatype: int64}
# - {name: x_centroid, datatype: float64}
# - {name: y_centroid, datatype: float64}
# - {name: sharpness, datatype: float64}
# - {name: roundness1, datatype: float64}
# - {name: roundness2, datatype: float64}
# - {name: n_pixels, datatype: int64}
# - {name: peak, datatype: float64}
# - {name: flux, datatype: float64}
# - {name: mag, datatype: float64}
# - {name: daofind_mag, datatype: float64}
# meta: !!omap
# - {date: '2026-06-03 17:09:07 Eastern Daylight Time'}
# - version: {Python: 3.11.15, astropy: 7.2.0, bottleneck: 1.6.0, gwcs: 1.0.3, matplotlib: 3.10.9, numpy: 2.4.6, photutils: 3.0.0, scipy: 1.17.1,
#     skimage: 0.26.0}
# schema: astropy-2.0
id x_centroid y_centroid sharpness roundness1 roundness2 n_pixels peak flux mag daofind_mag
1 604.600932325564 8.859091059336057 0.45576645647813846 -0.6247689877215387 -0.6280118937006395 25 1582.0 24285.0 -10.963345269522637 -0.24707244853624932
2 468.6020876578406 15.96869835348966 0.6442894056785343 0.6621798093626879 -0.18330849326779944 25 1352.0 7650.0 -9.709153587884044 -0.6853435940096608
3 210.8313788537753 23.56784196139219 0.8380793214934921 -0.5069777319137394 0.12270876576021188 25 739.0 2545.0 -8.514219466681944 -0.0075652681759389795
4 260.3500895416036 37.99537693404405 0.8453469632016662 0.18282202722268986 0.39696084768806517 25 753.0 2103.0 -8.307098181715803 -0.07099212847603459
5 589.950551192096 72.64874495346228 0.7739213238081321 0.6529833245415727 0.912118651633366 25 806.0 3180.0 -8.756067799961082 -0.07622472864411096
6 414.1540439126686 74.4528304622875 0.7671190642247914 0.3907429401786859 0.4699596004993179 25 721.0 2509.0 -8.498751653286526 -0.013694938597578605
7 39.023558419825456 82.94548076045122 0.7232775836134611 -0.16867122713252639 -0.01200607586149903 25 1776.0 6339.0 -9.50505187942994 -1.0926373928900737
8 395.07738991930506 87.9788288926919 0.5604857471213139 0.20524525721436807 0.8873949879539524 25 1455.0 9425.0 -9.935703397194576 -0.7703833990947253
9 404.922259276544 89.96740011409118 1.119948756629561 0.6727888339007397 -0.06333989934496483 25 856.0 560.0 -6.870470067515501 -0.023614729311825542
10 46.42246740086623 90.81683984927798 0.41484344220939184 -0.6578601913613549 -0.058645268932143585 25 517.0 2618.0 -8.544924105536843 -0.06442345766803423
11 571.7544449250603 92.36827650219823 0.8527477329621926 -0.1718092590673841 0.5898219210822484 25 1152.0 4041.0 -9.01622212610662 -0.3865297535478438
12 116.58256972111553 92.25333678751683 0.4645473410977303 0.053434495687060504 -0.8407913890585235 25 2692.0 44288.0 -11.615715171101613 -0.8163558998247165
13 790.4988748464317 105.5023748758992 0.536379616956194 -0.6866446780816173 -0.9443237263383388 25 1599.0 21282.0 -10.820031097138967 -0.4373053630936382
14 303.70055223333355 141.01233751419252 0.921747587126404 -0.08719994065682986 -0.01624235812142199 25 912.0 2924.0 -8.664943420714557 -0.10067967087916586
15 292.5661860258724 147.19419652110784 0.4707132010286035 -0.05529478500880907 -0.057996591264686426 25 559.0 2620.0 -8.545753228299363 -0.09274449870772078
16 196.7516577566495 158.17152650536724 0.7167385516193936 -0.803537447128299 -0.8133825940528764 25 629.0 1173.0 -7.6732450302888235 -0.02696294333296705
17 794.3070453359627 198.98073787174863 0.37313589905405214 -0.26490647750339863 -0.3241116652415531 25 562.0 5773.0 -9.403503893746578 -0.060466961286415835
18 48.6686205445401 201.60989889439122 0.5763725549831751 0.732285430240574 0.20337927091274574 25 769.0 3427.0 -8.837285261074667 -0.2478588999296868
19 552.1571532572244 214.71440397379277 0.6468588460340983 -0.38892801807035493 -0.36771159042070384 25 462.0 -681.0 nan -0.014630510903592268
20 497.48216680321525 229.26076813176945 0.6218182701978722 0.3433659101922939 -0.2595757679419668 25 1202.0 5941.0 -9.434648880941717 -0.6389226106928161
21 279.1990875503039 246.71063898448872 0.7853074359775305 0.6021772570773333 0.1541987416372896 25 908.0 1960.0 -8.230640178391189 -0.3397999560595487
22 564.3560789681216 249.58685127815932 0.7155976075672185 0.2547003287396504 -0.006002456503554124 25 1216.0 3609.0 -8.893467205148768 -0.7230175701864583
23 11.547750893845416 253.23933157088206 0.5699123280596778 -0.16972421429709084 0.012847086327263085 25 1306.0 4973.0 -9.241546148080563 -0.9528342863192802
24 397.1848872539213 286.9830479364775 0.8790027386972448 -0.3840157742074249 -0.07952599352369105 25 1897.0 4742.0 -9.189903874105422 -0.9816006215157363
25 572.2772649606645 320.43338502480333 0.736571557171232 0.14652423262234682 0.0741065481456762 25 879.0 2301.0 -8.404791546671609 -0.34995715516849735
26 468.03968168716995 324.7392595624189 0.3740020719842111 -0.8959566606958137 0.20696612291992902 25 1793.0 18093.0 -10.643776457976537 -1.0683617357824169
27 57.84804324511095 330.05179886340255 1.0547276621139132 0.6753324129437943 -0.026183717376487173 25 991.0 1538.0 -7.967390838663531 -0.18347977021170453
28 622.643950521471 344.6625718270729 0.5684449879938481 0.701198106273055 -0.03472457516031584 25 2841.0 13400.0 -10.317761995912019 -1.7133670466539985
29 553.3393077384546 351.99516777528254 0.46663984189646457 -0.45514411228411183 0.5142090330111625 25 1866.0 13758.0 -10.346388262783957 -1.1910890888977694
30 364.7631483484809 387.1791500937274 0.8609822530549394 -0.42295655240865515 -0.4783482688542293 25 1275.0 4977.0 -9.242419101860058 -0.547356246259909
31 110.01433466859075 390.7765677075855 1.1466133390916455 0.07548186375764852 -0.13438855608125563 25 1576.0 2681.0 -8.570742034957199 -0.6065927753813802
32 415.80361117090456 394.47516624854165 0.48681600393795854 0.011850213444673132 -0.8927442631819483 25 2178.0 31763.0 -11.254803786490562 -0.701795067062207
33 136.86671161644134 404.84898526316937 0.879462839100933 -0.1630861890458973 -0.07566313585399148 25 1796.0 4277.0 -9.077848125642028 -0.9649833115232843
34 383.02353053618606 405.96105439615025 0.7355832401993052 -0.0937888081482872 -0.5869365814387077 25 1169.0 2610.0 -8.541601268345701 -0.6661930517418098
35 780.8950222527169 407.7426886322578 0.44614199186923215 -0.6696070716109205 -0.9217297240588213 25 1075.0 14344.0 -10.391675691385316 -0.06156164892612763
36 327.33057658243956 420.2646616623899 0.835402435765191 -0.12855061368466916 -0.32407565786777814 25 995.0 4063.0 -9.022117055816029 -0.3157202025298894
37 793.2279098803998 430.0992480867213 0.741982783455514 0.3280782432572768 -0.07344008485439633 25 725.0 2547.0 -8.515072362409038 -0.09364795230069439
38 691.4098397355564 438.29121885457397 0.44506805708808406 0.09895868757069692 0.36296326919376565 25 2338.0 13146.0 -10.296984069860873 -1.624702207730372
39 610.073995043627 446.95247002788494 1.237805914186661 0.1999851092827796 0.030158440664887577 25 1472.0 1172.0 -7.67231902920518 -0.4499926060401343
40 833.1438086574227 451.2574326716398 0.6123437804173778 -0.30745802547858997 0.23692613123626277 25 1153.0 4080.0 -9.0266504077247 -0.7445861283419761
41 648.2838734580552 452.43730361716376 0.7219515804332177 -0.49386756117180086 -0.12227269908844024 25 1498.0 8865.0 -9.869196849842341 -0.734276378825903
42 349.53758622559144 466.7946675425934 0.7187637009615666 -0.8779806006203236 -0.6031444589775236 25 1623.0 17626.0 -10.615384414465252 -0.38610257592459757
43 778.9497120562635 470.24123023043416 0.9647005819626143 0.11178424671400644 0.131239587010904 25 1142.0 1092.0 -7.5955565959217965 -0.45770667468580073
44 815.730922664125 489.0456373352314 0.432173579608545 0.7744213680338639 0.9839887493083118 25 556.0 3586.0 -8.88652571306541 -0.03651867520479788
45 753.9283830652466 490.12628662290626 0.917081218587876 -0.4113620473093161 -0.15287775324701178 25 1482.0 2196.0 -8.354080839445135 -0.7632056890817535
46 806.0891918090869 494.1008859487736 1.0456026634434255 -0.2759361576146472 -0.021234580383899863 25 971.0 1649.0 -8.043051639111297 -0.16023457133922683
47 338.3747352209872 494.6612648309294 0.6772106960048924 -0.39343864685195046 -0.0437118044170038 25 1537.0 5320.0 -9.31477908073762 -0.9977523098786409
48 352.81886144217793 510.89913132872704 0.5269842931634829 -0.6705216863344023 -0.992491516332693 25 1091.0 14422.0 -10.397563728062263 -0.09879035409092331
49 476.0550343301402 521.7495226978479 0.986667523450056 -0.19501150315973037 0.008968617769375183 25 1009.0 3403.0 -8.829654872739523 -0.23056061266310457
50 541.0746320853124 521.8594796330843 0.6899688211909181 -0.46973242608087945 -0.5885368205642998 25 722.0 1419.0 -7.879955988643685 -0.24361231130265557
51 744.8915857265046 523.4889376835293 0.5443439347805956 0.8329175986008142 0.15895846017572776 25 2582.0 13572.0 -10.331609627432702 -1.606361683475891
52 170.6554549008243 538.3032305090125 1.000778764082419 -0.06407595842615116 -0.5518987761235725 25 887.0 2446.0 -8.471141131750667 -0.09158449515265969
53 714.4966718347653 544.0832277948766 1.2193714910798135 -0.454339962920289 -0.2392478581806088 25 1165.0 2079.0 -8.294636223328673 -0.23963240253710472
54 95.45582628340225 571.6733703148413 0.910722217102528 -0.1224186898484029 -0.05489326963062353 25 1486.0 5158.0 -9.281203344504798 -0.6474302395538246
55 492.0746359313717 575.0253477813653 0.9410788580477634 -0.02791123047223778 0.7314162529211312 25 919.0 1322.0 -7.803078637874053 -0.26780889298622357
56 224.93574044593612 581.7632815292103 1.1612196934609706 -0.7690184165207439 -0.15436236928807795 25 1153.0 2812.0 -8.622538290869466 -0.23720278050533533
57 816.0419487776405 583.0114025723092 0.5264964329926191 -0.5703749898285033 0.31165487313175716 25 466.0 1259.0 -7.750064325269657 -0.03344415566859985
58 188.77036322410257 597.9717321329182 0.6028860736633821 -0.7936931123868097 0.1943218861764649 25 1340.0 10225.0 -10.024158291698448 -0.6085649323003388
59 446.18330844606237 606.0814434724876 1.068856448740201 -0.21634643230732314 -0.22010217401041693 25 1345.0 1272.0 -7.7612177782809875 -0.5094385039994938
60 789.1986480191385 609.0084840369716 0.8099972015488351 -0.9080503564109507 -0.8064531015624626 25 883.0 2571.0 -8.525255191607151 -0.26891523215259594
61 659.8185036211631 632.3966723395065 0.6914367775410583 -0.20257604112416105 0.02590598007464423 25 924.0 2701.0 -8.578811460468627 -0.4751693843393601
62 263.3548035951546 633.9434396637502 0.9293142092806976 0.01106394578827516 -0.7042089546531918 25 710.0 1199.0 -7.697047957747122 -0.025149819204728516
63 43.81103611171884 636.8990860451055 0.4520616162675038 0.3563048075707002 0.0059577809701938204 25 1368.0 10265.0 -10.028397384266528 -0.8921917864319544
64 528.8653494736172 639.1291162077657 0.3822459863006825 -0.3298624031445814 -0.25643790510038267 25 326.0 703.0 -7.11738831254956 -0.024631691384430703
65 729.6314398897334 640.2068893952445 0.5660320853241628 -0.07701050189371281 -0.3783460810960976 25 1437.0 8280.0 -9.7950758419622 -0.9328959122794073
66 432.71887683967475 647.8182711290651 0.905540562221127 -0.3436964926931796 -0.46208771328470405 25 813.0 695.0 -7.104962011475284 -0.2607276658307346
67 629.1450798389711 650.7496464757447 0.5187992424296012 -0.35443867934122564 0.829309738438459 25 1360.0 8828.0 -9.864655811224043 -0.8584709716652978
68 800.9333196554868 652.2058510292053 0.989775431330553 0.12841030768089065 0.3233496282603724 25 1780.0 3543.0 -8.873427880832942 -0.8499726184436268
69 576.8684436325821 654.4398610174705 0.34020620219550113 -0.46820403847027386 0.2580230698662786 25 896.0 5990.0 -9.44356705597328 -0.7042541420557518
70 210.50345899866255 664.6369005838203 0.5300348320509678 0.8744408816078802 -0.07482059336616265 25 981.0 6098.0 -9.462968550073406 -0.46007954735824874
71 665.7572917617398 673.3480317968955 0.867228131147558 0.21353147070554288 0.23856637526542607 25 1232.0 3306.0 -8.798257123088572 -0.5463455051293963
72 613.695910585444 676.7195917371877 0.6806008489847891 0.240394843293358 0.7633925113156175 25 703.0 2928.0 -8.666427680965885 -0.037619107589694195
73 147.96555308864984 681.6204086023141 1.1428766296667996 0.7086115098968132 0.2714409647310378 25 1212.0 2393.0 -8.447356746533593 -0.322837397106785
74 108.97964309804192 688.8648126086957 0.9620032588091185 0.001833631311358281 -0.16756369288589265 25 813.0 1011.0 -7.511877888977503 -0.08206489222958205
75 366.41165794131075 691.7679165961378 0.7985483177033285 0.2810748555556576 0.09103433153196344 25 880.0 2745.0 -8.596355871965276 -0.2525829543156571
76 295.2568290657326 699.0352136909778 1.1152458874726836 -0.2835935594779937 0.1155079868745464 25 1062.0 828.0 -7.295075841962201 -0.26932622157967134
77 88.86647753201288 715.7143048418448 0.4870444800426047 -0.6591139891228847 -0.9811391394894344 25 1424.0 19450.0 -10.722299014154316 -0.31675174806796486
78 226.7277206056468 721.6981453002479 0.4853564759991887 -0.8673060429319334 -0.06536702415949443 25 1308.0 14770.0 -10.423451238279872 -0.5493311835621532
79 272.3061392006304 722.8369040536879 0.7349472073549262 0.45072942846007696 -0.00040301726210607093 25 1296.0 5307.0 -9.312122719073464 -0.6625352999527294
80 453.9077957807816 725.2730105225137 0.5966454392220889 0.06954759497721431 -0.5177050106334627 25 456.0 -162.0 nan -0.1643085488547857
81 630.9152714381397 730.7902208686493 1.1218917516703395 -0.8359537163543429 -0.3353686219646808 25 881.0 615.0 -6.972187789438542 -0.03193448750682834
82 23.33545159868956 737.1457216756312 0.44154590298052937 -0.013996456417542807 -0.9713609070417548 25 1869.0 25972.0 -11.036263485501795 -0.7404892220228718
83 414.6409065966185 742.2682393558895 0.8002717983139729 0.13926080977031918 0.16487828289183323 25 702.0 2222.0 -8.366860136512122 -0.028627859698803913
84 185.37992936979174 744.2359686766802 0.5636524700958965 0.9396988361985879 0.31796262400379427 25 1288.0 6045.0 -9.453490762991976 -0.8591933883738176
85 39.69322529929496 747.9735381844278 0.5011219086997061 -0.3207458454954248 -0.039958589848063 25 2959.0 14811.0 -10.426460954847984 -1.8652542041571805
86 255.16280680413004 753.0291111732654 0.8368160397687037 0.42758040465245034 -0.10385248240690896 25 758.0 512.0 -6.773174902439577 -0.1587166874931334
87 228.22115091119545 754.47702320311 0.3281554203888827 0.6101261252971668 0.06672766664501152 25 1193.0 13435.0 -10.320594176922969 -0.75164173599702
88 376.5532699994498 759.0913166407136 0.7696808428708003 0.09558460843276609 -0.29581214193924 25 1071.0 3231.0 -8.77334239504411 -0.5296558316198354
89 563.173489500929 763.276983086475 0.8263174723606354 -0.24035967276033585 0.17175920264267586 25 740.0 1470.0 -7.91829333687044 -0.13715965446833683
90 178.08172044235693 765.2745592837556 0.7370626199568384 0.7318196415510001 0.023866436600162303 25 1126.0 3400.0 -8.828697292605638 -0.639634542213975
91 239.60184931281154 767.9213613758468 0.6648353004845687 -0.29742216768599533 -0.6142759692949938 25 910.0 3675.0 -8.913143358550533 -0.42875682984616337
92 356.1355308304567 777.7375852769641 0.46403610940199175 0.18276565681381265 0.36076789857940994 25 880.0 3683.0 -8.915504297137282 -0.6304090915400238
93 715.9927067577756 778.0038397504494 0.9321424540815293 0.3448153404011758 -0.08841622740887967 25 1511.0 3486.0 -8.855818456934937 -0.7505222618262009
94 423.0593592067082 781.6460204474068 0.9909289735234189 -0.33457243668761644 0.05407086507936091 25 1794.0 4822.0 -9.208068015103589 -0.8596578004326261
95 750.1592090641503 784.0182960488363 1.0380880600471882 -0.41983725945544836 -0.30436564501191016 25 787.0 812.0 -7.273890073102939 -0.058445809572090696
96 814.827687086844 794.4557275425856 0.42625946016121424 0.3619969450298672 -0.16484468881951564 25 484.0 3541.0 -8.872814816895279 -0.06749202968567887
97 727.877334732424 799.0514646552542 0.29523390611419126 -0.014907433371821592 -0.18567142810780304 25 426.0 4441.0 -9.11870193293419 -0.04260982445242625
98 561.6689997438009 804.6599054467794 0.47876115638662103 0.6360122428357861 0.42361082355464263 25 377.0 4.0 -1.505149978319906 -0.04706360811905462
99 813.2890346439677 808.9071395744946 0.8980210165390891 0.1771437728125123 0.9447493504181917 25 865.0 2004.0 -8.25474429298802 -0.07397004384780566
100 752.8654196761246 814.9076570810427 0.8856469431133941 0.6233710241150608 0.22501605465622437 25 981.0 2972.0 -8.682622012721344 -0.24693547546995548
101 253.90188807852306 817.0129014037383 1.1521044654473538 -0.00026367426932693503 -0.0009593355781955625 25 1509.0 2079.0 -8.294636223328673 -0.5657760545768766
