test_CNN/outputs/tables/02129_b55852m0s0_sources.ecsv
# %ECSV 1.0
# ---
# datatype:
# - {name: id, datatype: int64}
# - {name: x_centroid, datatype: float64}
# - {name: y_centroid, datatype: float64}
# - {name: sharpness, datatype: float64}
# - {name: roundness1, datatype: float64}
# - {name: roundness2, datatype: float64}
# - {name: n_pixels, datatype: int64}
# - {name: peak, datatype: float64}
# - {name: flux, datatype: float64}
# - {name: mag, datatype: float64}
# - {name: daofind_mag, datatype: float64}
# meta: !!omap
# - {date: '2026-06-03 17:09:13 Eastern Daylight Time'}
# - version: {Python: 3.11.15, astropy: 7.2.0, bottleneck: 1.6.0, gwcs: 1.0.3, matplotlib: 3.10.9, numpy: 2.4.6, photutils: 3.0.0, scipy: 1.17.1,
#     skimage: 0.26.0}
# schema: astropy-2.0
id x_centroid y_centroid sharpness roundness1 roundness2 n_pixels peak flux mag daofind_mag
1 441.8286677836815 30.657105279374175 0.4237648468494033 0.018009119879166372 0.08998196889152435 25 2246.0 29231.0 -11.164609182342716 -0.3726711925213697
2 370.98658120404804 38.321488359494616 0.36513806833917567 -0.7181745604262294 -0.8101896256645071 25 2427.0 31704.0 -11.252785148315334 -0.49351692905641475
3 785.9836232627812 81.65879563578801 0.4397493598655151 0.5531003537314982 0.0905771747790732 25 1391.0 14824.0 -10.427413515777102 -0.09157407496969748
4 574.7687202079408 90.89369495132055 0.5403947147418724 -0.2966843100122297 0.14290413962563187 25 1629.0 13500.0 -10.325834421237516 -0.286357378079296
5 645.68577096873 92.47455561558826 0.44353222050405905 0.20132956122379744 -0.09202649924550627 25 1429.0 14691.0 -10.4176283968447 -0.10875505740380596
6 755.0038217178814 97.2347179934901 0.4072972512189597 -0.6447555762598212 -0.4094262421171086 25 1344.0 11280.0 -10.130772749118309 -0.27869848052921586
7 832.1759188489837 106.8075013720642 0.30783904449282523 0.7081069212045152 0.5452270876064121 25 2095.0 35896.0 -11.387615141312544 -0.025820945727383547
8 9.697180489728117 156.2672881851874 0.5809612156302101 -0.31361306903225095 -0.34115803918856075 25 1323.0 8813.0 -9.862809425305299 -0.08542271444515667
9 800.6199092005749 216.46897251816551 0.5363306842367201 0.5586273206634249 0.08659265233488281 25 1622.0 14671.0 -10.41614929273371 -0.18298529953111087
10 654.7081271307704 243.7371908324264 0.4467292738524721 -0.11069272538773321 0.01704511179826586 25 1264.0 10817.0 -10.085267074269108 -0.12851849569703655
11 166.078615455722 255.80581902775484 0.5912312852130792 -0.47022924705382935 -0.21338261192754224 25 1533.0 9462.0 -9.939957359281365 -0.2586542474879836
12 2.6994770598017137 487.0892622106772 0.41052507629929225 -0.39793186491837274 0.19116816185825128 25 1604.0 19027.0 -10.69842579544777 -0.1306168230698627
13 654.2864979733118 490.301363933538 0.49363348679750063 -0.3004731949837527 -0.40189590256269764 25 1750.0 22089.0 -10.86044013799091 -0.05709710385083133
14 270.10147310732043 515.2282017101855 0.42816768621744133 -0.2033993957682873 0.05561478584265214 25 1610.0 15416.0 -10.46992925411849 -0.32062499328694755
15 128.67972039024028 585.3928347028175 0.5011222511101863 -0.5178062891456066 -0.3599510754283769 25 1060.0 5761.0 -9.401244688066317 -0.06350744759595832
16 392.73397069752804 675.7031020537838 0.5654832756003977 0.39665967770099086 0.2130247031534784 25 1394.0 11619.0 -10.162921879264363 -0.029022738326895985
17 2.2489391251489135 723.1748213878489 0.31053502674958317 0.28992561522210614 0.7876043593137622 25 2637.0 48538.0 -11.715204693336588 -0.1095174493651923
18 95.66494685019443 777.1216587905207 0.5515566501914189 -0.22710485426121646 0.039013829106903035 25 1606.0 15104.0 -10.447729942384985 -0.15417068584252858
19 221.15798279570618 803.2063180593343 0.4777082274613131 -0.2414208345177687 0.07863931159898292 25 1554.0 16955.0 -10.573244485285262 -0.08232385269477141
20 759.7912655660981 818.3187518477774 0.3805494569582029 0.7712515906250116 0.46436041452222215 25 1150.0 9771.0 -9.974847533211339 -0.13798600887648374
