test_CNN/outputs/tables/02172_a16078m0s0_sources.ecsv
# %ECSV 1.0
# ---
# datatype:
# - {name: id, datatype: int64}
# - {name: x_centroid, datatype: float64}
# - {name: y_centroid, datatype: float64}
# - {name: sharpness, datatype: float64}
# - {name: roundness1, datatype: float64}
# - {name: roundness2, datatype: float64}
# - {name: n_pixels, datatype: int64}
# - {name: peak, datatype: float64}
# - {name: flux, datatype: float64}
# - {name: mag, datatype: float64}
# - {name: daofind_mag, datatype: float64}
# meta: !!omap
# - {date: '2026-06-03 17:09:19 Eastern Daylight Time'}
# - version: {Python: 3.11.15, astropy: 7.2.0, bottleneck: 1.6.0, gwcs: 1.0.3, matplotlib: 3.10.9, numpy: 2.4.6, photutils: 3.0.0, scipy: 1.17.1,
#     skimage: 0.26.0}
# schema: astropy-2.0
id x_centroid y_centroid sharpness roundness1 roundness2 n_pixels peak flux mag daofind_mag
[from data line 511]
512 501.5943895497843 748.9974076904826 0.48425001443313404 -0.290637461172004 -0.3735585503823918 25 872.0 8299.0 -9.7975644114684 -0.08686696327098528
513 525.1146572183194 748.8008998386258 0.7899916944304931 0.31977531808871656 0.09243535238054171 25 874.0 720.0 -7.1433312410781715 -0.31176644902833045
514 437.63677834057273 750.5410313337408 0.43977165490518355 0.23155977726689533 -0.0768399516595785 25 1533.0 18532.0 -10.669805728827795 -0.5281174878693103
515 683.8694804786473 749.7481122893483 0.4590419635454275 -0.37660915607137363 0.11590429131872484 25 1880.0 20313.0 -10.769435171292718 -0.8145676455358941
516 83.08972255348016 751.450388025482 0.5383521793856382 0.19277062331612002 -0.04317854978696845 25 1054.0 9238.0 -9.91394489477632 -0.29238150924207595
517 47.13884683248416 753.9753320711379 0.41551539954868966 -0.2828934566259153 0.20649938725717726 25 2468.0 30501.0 -11.210785195691757 -0.9870335983259895
518 280.6526480480144 754.1697590936374 0.6155605515350722 0.2919751003434686 0.09074689383827546 25 646.0 872.0 -7.351291212331418 -0.14930677351817145
519 460.87804665415234 755.1948615250849 0.5012511792498793 -0.44725654924246344 -0.18939649161348118 25 1259.0 10974.0 -10.100912389650151 -0.5236735977984961
520 815.9343804848874 756.2060684623219 0.8415605398197318 0.16831514366058242 0.20733245269028794 25 1617.0 3482.0 -8.854571916953281 -0.8516990808885583
521 479.45500214271567 760.67310892492 0.39113943729653006 -0.33149289912827373 0.148176264639603 25 2632.0 39583.0 -11.493771765862883 -0.8938446178528441
522 202.64379524169675 761.766380322277 0.4511908876673224 -0.35377956565708407 0.0044535489842918025 25 803.0 6157.0 -9.473422883978703 -0.15662842673063285
523 695.6164847168963 761.7810575026803 0.44849538355215524 -0.24027626698849275 -0.0436121929632693 25 779.0 7519.0 -9.69040021206407 -0.04037936288828385
524 227.45638661103212 763.9861543386635 0.5573808132907377 -0.1060212013287878 0.07363053460342427 25 769.0 4879.0 -9.220827045280664 -0.07028642490768852
525 509.967786781081 766.9787362708581 0.704167781450216 -0.21139859236141018 0.04740538807105511 25 1515.0 5211.0 -9.292302682916903 -0.8622513764614479
526 389.3850419356383 768.9054429968746 0.6123229558286384 -0.7911889624631863 -0.02183928151450971 25 810.0 3407.0 -8.830930333919692 -0.2182082682809044
527 496.908452742296 768.5567258313223 0.3797277486430082 -0.10528320606559646 0.29260445109807187 25 2683.0 39710.0 -11.497249717659708 -0.9025952071232692
528 43.12633595344329 774.518859518232 0.6181497251455572 0.2909889809266071 0.2832743429367424 25 2748.0 16363.0 -10.534657325967046 -1.4001161848302668
529 413.74150610083854 774.7406152373419 0.4286421096278224 -0.21437151536984803 0.03456910421816377 25 2252.0 28802.0 -11.148556615127754 -0.9075435541907313
530 383.2093621521866 778.5769109769917 0.4960017288487225 -0.3694001612427757 0.17291091909229142 25 817.0 7214.0 -9.645440344955862 -0.13061819618635176
531 563.010870863002 782.9416809323607 0.4631840007429752 -0.2750478363758676 0.2670213164523179 25 1179.0 12982.0 -10.283354011987761 -0.3953249794467694
532 623.2896026962603 782.6808820658154 0.4880756671417932 0.1460440409320357 0.13098185157143213 25 1356.0 18439.0 -10.664343410793727 -0.21579647435519808
533 108.120917645908 786.9803576025549 0.585139406051963 -0.8423594546703111 -0.23045969484708057 25 1030.0 3859.0 -8.966186946428492 -0.5671961943694585
534 118.03888564703522 788.089332845122 0.40648971716537713 -0.4662101202100597 0.1362191056352447 25 2044.0 23427.0 -10.924291693871401 -0.9084284823845981
535 47.394709655180485 792.459927239723 0.44827545164575505 -0.29925891226108087 0.20490506456530294 25 2054.0 23013.0 -10.904933093664152 -0.945627400567791
536 753.5832509223125 796.6296367640945 0.3673251826939011 0.1448216664026466 0.052168351534717605 25 1511.0 18716.0 -10.680532591300356 -0.5670301660132504
537 665.0749514111061 804.5625037723094 0.4466341306780534 -0.3256503228866755 0.1542409061041062 25 1666.0 18083.0 -10.64317620574721 -0.7504366549459804
538 357.23729300762676 805.7275405299971 0.359272323988838 0.33204154246839657 0.15263668732174396 25 747.0 8174.0 -9.781086583438936 -0.0803534046742854
539 32.77160374481561 806.2244394789785 0.6285672379630172 -0.3484828574016689 -0.07695381703200238 25 2427.0 11025.0 -10.105946495349691 -1.3828894624342514
540 151.16868069020003 805.606962356812 0.6146418363160123 0.07968461545834835 0.28481640967660327 25 763.0 2152.0 -8.332105667485878 -0.27438475104024135
541 185.26832465557558 806.2699788641584 0.501584834974436 -0.1551234929876693 -0.1189306298972306 25 763.0 5484.0 -9.347743615293687 -0.09945656117652248
542 467.7807680309585 805.3716858744725 0.47031269244144497 0.4162280564201179 0.1657855185017334 25 1350.0 14683.0 -10.41703699697728 -0.4560194556404453
543 307.11778216595 809.9811268040697 0.3821162523070103 -0.33874764613303476 0.1543306492913943 25 2796.0 41361.0 -11.541477575772731 -0.9087182951687747
544 696.5979319952452 811.7372650873912 0.3878109165269859 -0.276995213236543 0.1338906701594 25 3159.0 62489.0 -11.989508936970294 -0.3238331765117368
545 240.92764921609518 812.2131429061037 0.7520350278441872 0.4197210749536672 0.047321154907010325 25 895.0 3441.0 -8.841711681552326 -0.19061712946076598
546 175.0212131194365 814.9060454759342 1.0499639250797597 -0.2975418354078213 -0.07956310803059381 25 888.0 -491.0 nan -0.11114673366288944
547 359.5914637325512 814.7925045578729 0.3976840965307559 -0.7205694252885437 0.0993455274904105 25 806.0 8838.0 -9.865884993065686 -0.018149852760353184
548 619.5203485556859 815.4777510576681 0.4405939904342928 0.34212771241989726 0.10226236151928741 25 868.0 9343.0 -9.926215872119124 -0.03326812770408318
549 660.8326060914177 818.3525084935881 0.3755163386596822 -0.2673224447225459 0.15535653803971067 25 3059.0 54425.0 -11.839496094282831 -0.6777701977677953
550 333.968460733749 821.2641431169095 0.39782613522193755 0.7206897995884671 0.4900304873403876 25 711.0 3397.0 -8.82773886717507 -0.35628268017472275
551 764.1826543904681 824.2300306103222 0.6169555384325359 -0.6126169713685572 -0.4049294809591585 25 962.0 3303.0 -8.797271434228534 -0.46271845434445297
552 3.2840593259809614 826.8386458090201 0.6223675691245478 0.15374005754772244 -0.13771812245465762 25 808.0 3964.0 -8.995334114533094 -0.10893326565851572
553 503.6684851211977 828.5200484763498 0.42649888880581954 -0.14510982716353268 0.23886293521013863 25 1620.0 18927.0 -10.692704455314114 -0.6014884447946136
554 78.08306853260024 831.1023828430415 0.2809269066010746 -0.27375228887685793 -0.27626961097517716 25 2615.0 49672.0 -11.740279117094817 -0.5665964918153581
555 207.80477197433504 833.5983928840426 0.7334727872438777 -0.2636191761435208 -0.7038894322636998 25 1301.0 7432.0 -9.677764252463962 -0.45587790811827833
