test_CNN/outputs/tables/02172_a16078m0s0_sources.ecsv
# %ECSV 1.0
# ---
# datatype:
# - {name: id, datatype: int64}
# - {name: x_centroid, datatype: float64}
# - {name: y_centroid, datatype: float64}
# - {name: sharpness, datatype: float64}
# - {name: roundness1, datatype: float64}
# - {name: roundness2, datatype: float64}
# - {name: n_pixels, datatype: int64}
# - {name: peak, datatype: float64}
# - {name: flux, datatype: float64}
# - {name: mag, datatype: float64}
# - {name: daofind_mag, datatype: float64}
# meta: !!omap
# - {date: '2026-06-03 17:09:19 Eastern Daylight Time'}
# - version: {Python: 3.11.15, astropy: 7.2.0, bottleneck: 1.6.0, gwcs: 1.0.3, matplotlib: 3.10.9, numpy: 2.4.6, photutils: 3.0.0, scipy: 1.17.1,
#     skimage: 0.26.0}
# schema: astropy-2.0
id x_centroid y_centroid sharpness roundness1 roundness2 n_pixels peak flux mag daofind_mag
[from data line 409]
410 516.6336635472541 596.6375679030315 0.9677509277460732 -0.44167997084653654 0.38314036859795725 25 970.0 1826.0 -8.1537519329957 -0.216097886750682
411 722.0013779882058 598.2159643571916 0.5273261943510968 -0.6435162475255574 -0.06278646763279036 25 1007.0 8427.0 -9.814182484803101 -0.31987777852660104
412 800.363188103504 598.0919728324405 0.39538181213322615 -0.4833599977717467 0.016232719780752504 25 2318.0 31686.0 -11.252168544680345 -0.8910965258485609
413 278.84039012521674 598.9424960752823 0.43336089289245877 -0.14386024872414588 0.019684454906902852 25 2261.0 26447.0 -11.055941038060448 -0.9707497854652545
414 544.8409357147955 599.3578603426952 0.40196958618586637 -0.3078960648243372 -0.043703737498076656 25 1774.0 19380.0 -10.718384431786866 -0.8545028532003046
415 614.0121207353191 600.9647246255413 0.6115656777074562 0.8465993667638874 0.28122904955970296 25 1012.0 8078.0 -9.768259622084924 -0.1750322368408594
416 811.3614864794534 601.1511821442839 0.507110663171658 -0.35432563191378286 0.04724432031952729 25 954.0 9229.0 -9.912886614967313 -0.13387342469466604
417 451.8731824887436 606.3691458692728 0.3610273264820435 0.05840019426503111 -0.14764487664532414 25 869.0 10234.0 -10.025113531590247 -0.20734454929653354
418 72.46317807254516 611.0870780154326 0.5135874446705856 0.019017668228137496 -0.05692191007204336 25 1244.0 11689.0 -10.169443396583294 -0.3974290752521315
419 132.6085255358582 612.6033660560993 0.4324156451307486 -0.2969660088940713 -0.37671945728375805 25 605.0 2450.0 -8.472915210911331 -0.27711208212421656
420 96.46705743984269 614.3412758476576 0.46549816092655477 -0.6237074800398162 0.20691692185099614 25 1515.0 15779.0 -10.495198690427578 -0.6380512423086269
421 150.00037477159825 615.4810675856543 0.37614986285190166 -0.16463270667845384 0.20449028944156558 25 2575.0 35963.0 -11.389639782534896 -0.9228143263360371
422 291.91496647758925 616.2139747845691 0.4607974709739072 -0.08221457252030204 0.07875012220477934 25 2373.0 26563.0 -11.060692805681 -1.0467649807993673
423 561.8399064286851 618.0701630873996 0.3593801933541598 -0.39879193329113466 -5.5923653762794334e-05 25 2795.0 42535.0 -11.5718660928523 -0.9033959251500723
424 699.2600347121117 617.9568507633658 0.6448694671841588 0.6067268897106735 -0.01953658975819191 25 990.0 3537.0 -8.871587649536878 -0.46236160394876746
425 756.5491120660334 618.8268629443643 0.44464013864614216 -0.26368215930754707 -0.13050867688737458 25 1730.0 19828.0 -10.743197275582784 -0.7035738610161755
426 713.6177029219656 619.9098415704993 0.3855046418705275 -0.2342825017309709 0.11604309130882808 25 3007.0 49511.0 -11.73675424524176 -0.8291477885514456
427 286.1127270772569 620.7281804497026 0.3748354005010002 -0.2500992243068059 0.13818563173388046 25 2551.0 35280.0 -11.368821441149455 -0.9463551246586919
428 593.2296993897627 621.8358083955976 0.4746720031993695 -0.787484396149299 0.09230474637748591 25 869.0 7364.0 -9.667784449579942 -0.20064145310767267
429 34.67013674194502 623.5416445631757 0.4399945949221859 -0.24299326920629066 0.270074094903757 25 1137.0 11832.0 -10.18264540247209 -0.3991651855444256
430 52.314287212694516 625.4018661971811 0.44781808010788815 -0.3786412987046365 -0.0325085412595914 25 1758.0 20107.0 -10.758368194811457 -0.7208908516058422
431 247.1231676642082 627.0449683289164 0.7596850976893488 -0.021614274803126683 -0.032580914448306804 25 665.0 464.0 -6.666294951387202 -0.017086576872723577
432 162.15301787250044 627.5814140498849 0.3905823967575934 -0.08841275162867278 0.30024825654976567 25 2779.0 39325.0 -11.486671828238311 -0.997902932866257
433 717.7330605827981 627.7032224398578 0.38671177115420446 -0.31770687331584024 0.06221344902941013 25 2299.0 28847.0 -11.150251636347113 -0.982543972622064
434 16.24527077283404 631.076374577626 0.4691275485735245 -0.005244016516315185 0.2172651745122006 25 1164.0 12836.0 -10.271074271058666 -0.34903260966093413
435 675.9372794451572 631.7060251155765 0.7774828547929312 -0.006593013652658601 0.4405766461603026 25 1278.0 3057.0 -8.713238596815224 -0.6392091428872035
436 260.1143182505042 634.1620844442285 0.7712815001194238 0.22865556972767456 0.1923038942366994 25 1304.0 5103.0 -9.26956392083058 -0.6180513300773215
437 417.22169467106943 637.5686297780509 0.4083361533604476 -0.36969859048028697 0.18619328390863693 25 2672.0 36584.0 -11.408227970931563 -0.9980402537613757
438 380.36665295766943 638.6894491140714 0.7848817391821213 0.010881306326643409 0.17752901515085895 25 694.0 238.0 -5.94144239264128 -0.05748819357586332
439 163.02111780730624 639.7666557107939 0.6740054247200866 0.4580775528275192 -0.4145111729999344 25 2137.0 8796.0 -9.860713051721882 -1.2165821210705239
440 832.7974337377801 640.1751065458022 0.23541047589394387 0.7216038451025625 0.756155257229906 25 1163.0 19457.0 -10.722689697245551 -0.14265996550881085
441 515.32672496737 641.2382993931345 0.5321365233179934 -0.38393376773045085 0.21636228158933518 25 910.0 7988.0 -9.756095140496662 -0.11829420040111349
442 468.7259867548902 643.9375362945624 0.4867966326338867 -0.3657021349671583 0.018789732404274208 25 1746.0 18987.0 -10.696140875985522 -0.69904632973133
443 222.21065155933647 644.7115681052203 0.9161357910703182 0.2478623474557885 0.1530086174347203 25 991.0 2009.0 -8.257449841870624 -0.26507740021702675
444 26.26621889098456 646.1473288574246 0.7578225101098102 0.06436127680989887 0.09764976469066924 25 1173.0 2521.0 -8.503932114191116 -0.599701323298203
445 555.0161219291535 647.45289249151 0.45551618919587655 -0.7012966955883395 0.006529613024523983 25 1514.0 13767.0 -10.347098281035805 -0.7364855658251457
446 3.469020249940902 650.1793618800285 0.44295369702173965 -0.5739509743222887 0.006047784019940447 25 1936.0 22330.0 -10.872221807678596 -0.8304318016131709
447 73.45848889729487 652.0304794552369 0.3995650973642438 -0.0009444865407354346 0.6181265899909584 25 1177.0 14083.0 -10.371737948212662 -0.4206590738145196
448 686.6763052607489 654.4589975109401 0.4928666126259984 -0.24816870176244946 0.12429808839253981 25 1033.0 8441.0 -9.815984750674206 -0.37299761069800186
449 176.88367322490453 654.8948191895597 0.5018425430495309 -0.5810351691808752 -0.37375531093483694 25 639.0 3016.0 -8.698578342994342 -0.15772227224246393
450 328.5819843874122 657.4930193134177 0.36783430622593555 -0.10434133688087659 -0.021941062512974886 25 1544.0 18678.0 -10.678325927665398 -0.6161357296960531
451 588.7904730671135 657.9825807037668 0.7100823595930589 -0.05235143775323847 -0.09727363150983172 25 1489.0 5039.0 -9.255860895889422 -0.835973324967612
452 783.9126634092704 658.2340205794613 0.49855353971922495 -0.33015012300325447 0.24496845792902405 25 1713.0 18601.0 -10.673840731889916 -0.6923744942457887
453 829.308685040612 658.0336381040928 0.42595077094723816 -0.340081597637515 0.09577181961771639 25 2550.0 43574.0 -11.598068572675658 -0.5094373024548198
454 285.36485940996903 663.0896672369753 0.476890898794 -0.19529333984919522 0.043692150675435096 25 1634.0 16656.0 -10.553926780416152 -0.74750769257927
455 536.9181267211208 662.434173355155 0.710276810391314 0.6565188617456769 0.7510397933456786 25 627.0 842.0 -7.313280228749123 -0.0007065720173309887
456 471.64208486049245 666.8842633893762 0.5250366237667516 -0.3216535021339756 0.019308876077031124 25 960.0 7403.0 -9.673519373455505 -0.2568259327274296
457 127.71044345279942 668.2068600767176 0.6972027144474806 -0.29087281586096375 -0.22185154331661536 25 1397.0 3997.0 -9.004335370650264 -0.8277687949807953
458 73.91884257677019 671.4649348134164 0.7434478695501339 0.5032298701328928 0.8655108531537754 25 1043.0 5239.0 -9.298120996119865 -0.22020653057590533
459 530.4769583672478 671.3390673386914 0.3890695514028523 -0.37714794813563063 0.20529395058640737 25 2554.0 36722.0 -11.412315815671478 -0.9005053230566523
460 658.2740697899192 675.3299365151039 0.7542255546138585 0.48861459400202495 0.6860771918995493 25 2172.0 21879.0 -10.850068670706651 -0.8159967609152446
461 278.8105316716346 675.1811049245542 0.7587810675632471 0.18681790384451602 0.10500310301939453 25 1235.0 3412.0 -8.832522556238713 -0.5844909451012377
462 245.21540655121962 677.7218312731438 0.45858933984455263 -0.7080163926840829 0.08283989372911264 25 1315.0 13359.0 -10.314434874627214 -0.5851167091903693
463 745.60761999809 677.915648948748 0.5653940206999651 0.283585548434756 0.033884413586922735 25 2114.0 10502.0 -10.053180034877595 -1.2955835598289984
464 220.93955240635043 678.5369733817731 0.4449583848107481 0.20544432228488813 0.42226128986399253 25 856.0 6920.0 -9.600265236141896 -0.21102011323928355
465 291.51355844939513 678.9311240809648 0.45851123120111775 -0.17969840723111058 -0.20062614567657625 25 922.0 5437.0 -9.338398332504278 -0.41727857744325075
466 348.9228512415979 679.713666272809 0.45276118977780155 -0.006524756095903549 0.19643069228761134 25 1867.0 21342.0 -10.82308778892356 -0.7957657374219645
467 566.0585008219302 680.74348257625 0.8802075884190925 0.2847273228127598 0.026039547024708207 25 753.0 -182.0 nan -0.08630849603217058
468 753.8209899133941 681.8668274019791 0.7040519511778647 0.4822881031404752 0.22820576620327146 25 1211.0 7931.0 -9.748319874694136 -0.36633279468578284
469 832.2467558335021 681.2794530851754 0.43301646549479345 -0.6899823367178861 0.3946284206381934 25 1246.0 18857.0 -10.688681502673546 -0.05336380976658334
470 27.14553594550795 683.0655480682933 0.5831942729703483 0.3540721981134376 -0.09033550848086092 25 966.0 3098.0 -8.727703533557968 -0.5695332089664411
471 124.61196633101403 687.269586831468 0.532012715410987 -0.07130197631098026 0.5516599957502534 25 791.0 6980.0 -9.609638556557902 -0.018073135112694212
472 660.7536054419428 689.0382597598548 0.6462444307848496 -0.3374612424888913 -0.21896774894019985 25 744.0 2696.0 -8.576799719658206 -0.08047662734660174
473 74.05958182820946 693.1762246063746 0.9335947330681006 -0.4734295093154566 -0.20624786765719128 25 1105.0 1050.0 -7.552973247674846 -0.3343313302164338
474 478.0782780459182 693.5914616085197 0.45705775122123893 -0.26740295756699806 -0.03937410183255877 25 998.0 9499.0 -9.944194719184985 -0.2520819662462798
475 629.4066182894436 697.4244054844726 0.391411644417091 -0.2053685472564764 0.17773086673132954 25 2515.0 33636.0 -11.317010859519778 -1.0444480244925651
476 674.1311431128536 698.4033116759042 0.5377504160448934 0.022297154636385586 0.29200167149216305 25 771.0 5455.0 -9.3419868873109 -0.04184971468324515
477 72.0066432315922 700.6003772003045 0.873163401409987 -0.25909448981836747 0.5665095708267438 25 915.0 1882.0 -8.186549047728096 -0.21950208296452361
478 683.8004161774456 700.9287787995967 0.3653692430328973 -0.15907940830739303 0.16056770924362693 25 2734.0 40602.0 -11.521368567167782 -0.9224120458854347
479 56.82071072587527 702.998621197022 1.0329993464029903 0.17941929820083313 0.02775730886040685 25 1186.0 1487.0 -7.930777421304885 -0.336884708678638
480 284.1052731718606 704.1571322307985 0.47993540689167297 -0.20759040282092187 0.19373504643405293 25 1504.0 15174.0 -10.45275019932012 -0.6156398138496667
481 555.779660884043 704.6647618614363 0.4698993402680761 -0.02773990374791894 0.15113729473239848 25 1847.0 18953.0 -10.694194906515634 -0.8264935556168407
482 773.5203364456715 708.1226662405683 0.49548879471639556 -0.407267337608493 -0.14182624745917166 25 1667.0 25054.0 -10.997192682718296 -0.29989827415894527
483 145.28030662790843 707.0489774212595 0.40512025763522 -0.06048049669585553 0.5193447157539878 25 2859.0 48665.0 -11.718041819278493 -0.7031200674422147
484 366.8795089258243 710.3915059785454 0.5391041145542719 -0.6171052199742908 -0.007220840487185838 25 1072.0 9252.0 -9.915589060246454 -0.2799179379974511
485 447.8244974427754 710.4644592326296 0.5388090599741298 0.010181607431899506 0.540897962094206 25 797.0 6943.0 -9.603867913141382 -0.021521875928998388
486 76.77908552720372 713.2601578050129 0.46493530458002075 -0.8078515849711514 -0.0842068187541664 25 1663.0 17374.0 -10.59974954294242 -0.7896993176192604
487 408.1000867157851 714.0431057092462 0.4928457063214678 0.21453684808696763 -0.050962095966210874 25 1254.0 10490.0 -10.051938720483895 -0.573741313113807
488 613.9015936725353 714.3922356614623 0.6021261081596596 0.0844278295926192 0.7936305530755808 25 807.0 6322.0 -9.502136228758904 -0.014408233089279906
489 182.92790212346014 716.72123145971 0.6195909679861343 -0.4880478346972253 0.0768370965779399 25 921.0 5623.0 -9.374920208773506 -0.29510057325546196
490 87.95589492131792 716.7964955120659 0.39690516179594265 0.24292604971023773 0.19651771479799482 25 3112.0 62918.0 -11.99693727268928 -0.278305466937311
491 172.8544627843954 718.3565421334063 0.7788356085934153 -0.5089706881183269 -0.17737712183081092 25 1486.0 3910.0 -8.980441893489667 -0.7921132967091558
492 424.1311076422111 718.2923368322784 0.45638088804171845 0.2830314822508402 0.12181324933153083 25 1449.0 14229.0 -10.382935948428836 -0.6483930997369252
493 6.164988462282546 724.2997485285281 0.36975636106580073 0.10509076738130163 0.362857922418001 25 3073.0 54408.0 -11.83915690459531 -0.6338873562331577
494 331.24009672988353 724.930144344745 0.4539356678677624 -0.2940907080033153 -0.11916234543016653 25 1240.0 12904.0 -10.276810885952264 -0.4354597203117563
495 271.8893388300353 726.0477271627499 0.8545752168351711 -0.27719094866978294 0.22130222800757224 25 861.0 1001.0 -7.501085193698297 -0.20145610254248136
496 486.75858748325527 726.2025701044641 0.8257871488622422 -0.23552014976217286 0.09428261070195577 25 868.0 1506.0 -7.944562429661705 -0.2219394439225378
497 285.62838276344684 727.7904362753903 0.47919902657546876 -0.3948668986776641 -0.31675132265994715 25 683.0 3481.0 -8.854260058210722 -0.23994995502914065
498 666.9400062737554 731.8882034173349 0.7038621067418052 -0.5343849302700817 -0.15243947082092418 25 1878.0 16055.0 -10.514025774756304 -0.7963901433640185
499 439.8651702605043 733.0996911490769 0.4042462082503426 -0.26156548567658533 0.12420656165593094 25 2082.0 24963.0 -10.993241941824213 -0.9214956665802548
500 3.802883369533839 734.0689621632118 0.37302622577769345 -0.14240398597884155 0.1235234490847433 25 2842.0 44818.0 -11.628631180679228 -0.7942105559044395
501 253.04323615395973 733.7627860400696 0.6272583186859273 0.2888849632845491 -0.28989089990748124 25 1321.0 6971.0 -9.608237706841269 -0.6865996823926935
502 378.17668501809953 735.3089369312275 0.4820802332517256 -0.39667041464720676 -0.06246994919974571 25 839.0 8445.0 -9.816499134767568 -0.045562732138217044
503 637.0555705133562 735.5845026859112 0.9067166297771764 0.22710946939776752 0.35206762340360875 25 1113.0 3580.0 -8.884707566609686 -0.29369510482227923
504 305.9358962523641 737.4909649584582 0.43716872951571617 -0.3002498140540014 0.1841443016393903 25 1437.0 14540.0 -10.406411016307548 -0.6757115398418707
505 567.3268801976142 740.0126095351544 0.44535531122369254 -0.5200703950899768 0.003928093689139568 25 1797.0 18675.0 -10.678151526218592 -0.8721380490649544
506 50.227703900451615 741.0713962749138 0.44490027047536507 -0.22438131241131373 0.07080386032416963 25 761.0 6503.0 -9.532784385019747 -0.07056496973642727
507 556.7219802224689 741.9194067239691 0.3772819462793326 -0.24706182311083938 0.2156208629669701 25 2776.0 41777.0 -11.552343125358659 -0.890121697640358
508 314.8057212978149 743.1535678702919 0.5315976175306759 -0.19129064056160508 -0.0869313037137431 25 555.0 1385.0 -7.853624433501168 -0.13473252549785358
509 742.154698917095 742.8443781886236 0.49521211708389945 -0.3632485308794341 0.053513195951644395 25 1455.0 13377.0 -10.315896817673174 -0.6338307268896177
510 29.031451572800584 746.6713324078515 0.8000851112078892 0.37493252711892194 0.36165796618739 25 1194.0 8265.0 -9.793107144768666 -0.30622238932764134
