test_CNN/outputs/tables/02172_a16078m0s0_sources.ecsv
# %ECSV 1.0
# ---
# datatype:
# - {name: id, datatype: int64}
# - {name: x_centroid, datatype: float64}
# - {name: y_centroid, datatype: float64}
# - {name: sharpness, datatype: float64}
# - {name: roundness1, datatype: float64}
# - {name: roundness2, datatype: float64}
# - {name: n_pixels, datatype: int64}
# - {name: peak, datatype: float64}
# - {name: flux, datatype: float64}
# - {name: mag, datatype: float64}
# - {name: daofind_mag, datatype: float64}
# meta: !!omap
# - {date: '2026-06-03 17:09:19 Eastern Daylight Time'}
# - version: {Python: 3.11.15, astropy: 7.2.0, bottleneck: 1.6.0, gwcs: 1.0.3, matplotlib: 3.10.9, numpy: 2.4.6, photutils: 3.0.0, scipy: 1.17.1,
#     skimage: 0.26.0}
# schema: astropy-2.0
id x_centroid y_centroid sharpness roundness1 roundness2 n_pixels peak flux mag daofind_mag
1 32.94089524404161 1.014136161179641 1.0556105450868838 0.23309830760954178 -0.1348404666073659 25 1230.0 1215.0 -7.711440694835828 -0.34645513599866584
2 470.4164388803007 2.71086958098608 0.45692998706991206 -0.45533677964439273 -0.07657993361888604 25 681.0 2903.0 -8.657117589579183 -0.2996369281785705
3 321.0989588652983 3.9202813781030783 0.379784713252166 -0.36165455223046483 -0.19805920561452514 25 351.0 174.0 -5.6013731207065 -0.04002374547580747
4 561.1943728658024 7.691265520198324 0.5064614008641631 0.6569624824584789 0.08802310888456491 25 690.0 2406.0 -8.453239057509565 -0.21328379709459502
5 423.54835811479796 8.18366826358252 0.7327112528083413 -0.3326421107197432 -0.37467505100015963 25 1569.0 5187.0 -9.287290619983962 -0.8843954080857174
6 604.9326528399746 9.02358997991361 0.39794541354114427 0.009161116681828622 0.0406965563832734 25 2910.0 52113.0 -11.792365187519824 -0.6503160891825287
7 163.81086483456968 9.578849687063142 0.3928237218426385 0.04616641058904138 -0.10492509799636947 25 935.0 10703.0 -10.073763813566444 -0.10542653612746652
8 306.76873083450255 8.56291908152902 0.42284333707076327 -0.2841614035919956 0.1979444094432994 25 2976.0 52856.0 -11.807735734500653 -0.6215874689139637
9 547.2160963593118 10.970463270887501 0.8766094868570913 -0.600532630320381 -0.05225363745217069 25 1986.0 5491.0 -9.349128609273441 -0.9446135209146428
10 493.9791096122757 16.22449634521791 0.407274989747538 -0.24117210602549558 0.21161505469382708 25 1259.0 13543.0 -10.32928719616267 -0.5363636323344076
11 205.86448122032434 17.73404919809382 0.5231891832843203 0.04836285485970899 -0.1838973291621734 25 1555.0 15059.0 -10.444490333230538 -0.542074092574497
12 616.850086481261 20.886601485920586 0.3646554271284728 0.9406114978867159 0.27224535325735516 25 589.0 4184.0 -9.053979189648045 -0.04719216264479378
13 536.7264161248833 23.670771429051666 0.6244935068235361 -0.1863932518786331 -0.12990427453496325 25 1612.0 15811.0 -10.497398346675507 -0.5009288880437078
14 242.19529351536977 24.94065041098139 0.45012684226053595 -0.28990765845157773 -0.190055434768144 25 2625.0 36502.0 -11.4057916519061 -0.8406834418946084
15 825.1366356612507 24.809989409553747 0.3978711898162113 0.0014935791658736847 -0.32620730176594737 25 2606.0 43460.0 -11.595224304961265 -0.7287748882572067
16 80.96714879296475 25.459817076139025 0.7511119665238517 0.21775970834174674 0.4548273937172019 25 1687.0 4843.0 -9.21278617261635 -0.9437583748950391
17 522.5982516179146 29.05755227761863 0.684104452448066 -0.19377592728561255 -0.08894948983037844 25 1281.0 4274.0 -9.077086294570126 -0.7122924686744929
18 52.462575262913056 30.00441641845567 1.0535923248224786 0.6295477002838565 0.03773378906330461 25 1382.0 4195.0 -9.056829912911798 -0.41389578309341285
19 442.1751886717439 30.2313577039294 0.42318575041035206 -0.24349404051482587 0.05266210091539302 25 2116.0 25954.0 -11.035510750745857 -0.8235421309365959
20 252.12850695276038 30.81204142920241 0.717071165244955 -0.07287902837122434 -0.1942628736044112 25 2010.0 7404.0 -9.673666025202166 -1.1317303002251387
21 705.6832368422422 31.639559671323937 0.5149461335458098 0.2917330455925448 0.10754637950372897 25 1247.0 11505.0 -10.152216557511656 -0.548764245778932
22 533.977219899815 33.85534985599554 0.3869722467085544 -0.13723334301575635 -0.1460831418951245 25 2848.0 48759.0 -11.720136975193212 -0.7456040377303028
23 104.67376762621025 34.70822827647754 0.4233137923620751 -0.07694745614074695 -0.23894337780352262 25 2496.0 35156.0 -11.364998639500447 -0.9614996391607467
24 345.4505863305344 35.6054497733503 0.4215010622302707 0.0864749601513927 -0.6420136971688291 25 2517.0 42143.0 -11.561813620365237 -0.7374749188614913
25 820.1758678845986 35.86169360675605 0.5966463846712609 -0.09977283582987811 0.08459412925696874 25 774.0 5984.0 -9.442478962141012 -0.03999427438071394
26 412.7197105749836 36.8025423223768 0.4167180378483437 -0.6827585778196211 0.040608527192488766 25 1262.0 11346.0 -10.137106948071708 -0.6732139726463825
27 27.388917296859926 42.11913622148471 0.654666657406539 0.3120842105867283 0.4965061445676057 25 670.0 2011.0 -8.258530176491854 -0.15611848268776904
28 326.9598615627323 42.01291987495796 1.0330648324743872 -0.6535117584252954 -0.08572930565043753 25 1444.0 2143.0 -8.327555427604572 -0.6021052312435675
29 402.4264528999724 43.11587495044016 0.754589437356457 -0.25627106445262665 -0.5943632116372843 25 845.0 3884.0 -8.973198053089918 -0.1266195597338356
30 207.9665591720173 45.11720910853368 0.8974978330444235 0.5058860292188502 -0.14196672257803264 25 935.0 4728.0 -9.186693669682997 -0.06253960687543988
31 746.0623284357634 45.24440951755494 0.4592022750256521 -0.03767024549430113 -0.12007898538208658 25 1443.0 14664.0 -10.415631129885401 -0.6328225873529718
32 150.1890200541553 50.63129774183536 0.46105926317459117 -0.20560694235715388 0.2564904190035457 25 2451.0 34270.0 -11.337285261074667 -0.7822306232113607
33 97.74328896963995 52.00558082858863 0.5154518543233948 -0.3959010261087401 0.15170995375337573 25 555.0 492.0 -6.7299127569184005 -0.31640760786335165
34 138.94153217132168 53.55433072459322 0.47164188828493653 -0.20630901212524458 -0.2541368198395638 25 1657.0 18843.0 -10.687875120309338 -0.6513618245997256
35 219.54901619190295 54.57167255342668 0.37773401381550237 -0.0977897270492701 -0.010286321130227453 25 2521.0 35107.0 -11.363484298164103 -0.9437296310549317
36 310.94752621969485 58.955951059406246 0.7975035308334043 -0.8198036792726651 -0.5469915072478401 25 745.0 1933.0 -8.215579635071382 -0.022158453391931295
37 788.2373673883908 58.882462076607425 0.38231773186272144 -0.0491315006673225 -0.2500739184786541 25 653.0 5043.0 -9.256722420397834 -0.10316888307612843
38 106.9627680824741 60.72710677641538 0.3501094123265156 -0.09847370917185061 -0.10605496945234597 25 1902.0 21784.0 -10.84534407082977 -0.8648216538088491
39 330.5319608749596 62.692628627909315 0.37108260053413467 -0.34647035170729046 -0.3047457584741696 25 2359.0 31137.0 -11.233191916677791 -0.9232547706502146
40 31.41325323061215 64.51787909270749 0.679889307719304 0.1812738479006709 -0.6040091719207695 25 815.0 2007.0 -8.256368431218714 -0.28155232173414846
41 283.96869128957985 64.25523280872102 0.37224195786922387 -0.16084328181309768 0.08698152291304544 25 2591.0 37686.0 -11.44045010946929 -0.9276237009119627
42 828.4932181828357 66.04157881317528 0.673614376590202 0.31280012648636274 -0.05349359007131228 25 1228.0 11558.0 -10.157206725325912 -0.14793911865367693
43 147.13036766089746 67.97312589964974 0.6444542083537327 0.5809056496100728 0.07709150633036112 25 991.0 6878.0 -9.593655428714987 -0.22035063806198257
44 242.784450157962 69.00727552667726 0.488729512468001 -0.15245786246266768 -0.483684083845525 25 1951.0 21649.0 -10.83859460108696 -0.7796120132057938
45 800.3962407972497 70.99539301897387 0.3619324808638057 -0.14456117703348492 -0.033716779518772465 25 2304.0 30013.0 -11.193273520578757 -0.9989922694373582
46 826.8761944614876 72.27557022569245 0.5018887227489263 0.4619926050571878 0.1411724755932322 25 836.0 7102.0 -9.628451669913993 -0.17330397139324716
47 373.02678167592586 73.66402033768016 0.4823088896072265 -0.3976985441772193 -0.29454957586002 25 1938.0 21115.0 -10.811477714402315 -0.8797843860006799
48 186.56784184812898 78.17992364654728 0.4146371971300849 -0.02084779055901109 0.0275747445949961 25 2970.0 50977.0 -11.76843568406192 -0.7623070556605156
49 289.14760213275616 77.4928158330542 0.40945916632305274 -0.26634533286251755 -0.05964820076591639 25 2032.0 24692.0 -10.981390670737682 -0.8593432253697113
50 441.47542686525196 77.89316247195042 0.5551892777325709 -0.1400034116943589 -0.18901705945699618 25 1416.0 12558.0 -10.247301196805825 -0.5565598038291476
51 471.5698939892358 76.83944210811572 0.37171323185410166 0.04361761860657074 0.13131087718321863 25 2774.0 45964.0 -11.656044539941446 -0.7892835327586585
52 541.8323093102686 78.65398792253404 0.32654729551075307 -0.28349668544226225 -0.21905222390824838 25 932.0 11717.0 -10.172041074805549 -0.21470776414560033
53 212.8471396086478 83.22218158822416 0.4558997438774078 0.15288688677808943 0.8442496618884292 25 957.0 10289.0 -10.030932918056223 -0.14755192524679295
54 595.409818361427 85.82291019126575 0.34134249509869324 -0.03247618804662218 0.06367217290447257 25 1983.0 26325.0 -11.05092094964381 -0.797427634950666
55 580.0637911135486 88.16779384971507 0.37669708680974223 -0.5508885602493774 -0.2673713053118924 25 771.0 7456.0 -9.681264748364812 -0.2601336219839128
56 289.2218829520746 88.7583126354558 0.4823394429740431 -0.14614862465875705 -0.17450383457794347 25 1187.0 11068.0 -10.110172876172285 -0.46093195827748756
57 454.24354665829975 89.1712580331922 0.4088744350071673 -0.24561486808344338 -0.38817376474926 25 2771.0 43530.0 -11.596971667893497 -0.7770919387208712
58 407.6364532042994 92.42137650395037 0.340190244796289 -0.14584586782807518 -0.03355129842708507 25 867.0 9548.0 -9.949781025836792 -0.3708096366148118
59 201.56921592707855 93.96685858842707 0.7288259885248668 -0.4385290694542416 -0.2042999169572988 25 1022.0 6430.0 -9.520527432310555 -0.17040043734295557
60 394.8278303311264 94.2825295050942 0.6721323492068757 -0.24054954712810225 -0.03335022816509405 25 2843.0 10689.0 -10.072342692676695 -1.5585505109470252
61 28.971971812440124 94.85254883962142 1.321645671011247 -0.48629869099632245 -0.06211546642521804 25 1071.0 -113.0 nan -0.08893235903610217
62 833.8250911650819 95.54554079025776 0.2968894042941851 0.19366086005343988 0.07264882691076197 25 690.0 6557.0 -9.541762959166288 -0.32783156825885285
63 791.9652406904736 96.25994908444609 0.33695042841132206 0.2639869653196418 0.20715416734611855 25 2462.0 39645.0 -11.495471055468478 -0.7363158420087602
64 536.4457410463563 97.90407179556762 1.0372869702422658 0.5477180068670607 -0.06335674034829566 25 957.0 490.0 -6.725490200071285 -0.14521368110824637
65 735.3037691821685 97.95589505010621 1.0491065725542121 -0.07134299812004677 0.09179408238780003 25 1244.0 882.0 -7.36367146282955 -0.44211377938964114
66 219.50820273499835 99.87929354530893 0.3642199233935024 0.32837533102861255 -0.3319917853053277 25 1185.0 15586.0 -10.48183667975791 -0.4004913392046947
67 248.52022644903724 101.61916988055 0.6167524895433226 -0.290795247213127 0.02341417991079655 25 1344.0 4646.0 -9.16769801366054 -0.8507551087938567
68 772.7750658482215 100.96757546535363 0.4611399470758062 0.3396492726302661 0.08105378468346712 25 1486.0 15310.0 -10.462437976745653 -0.5967329132519618
69 559.9793411305578 101.62614155042472 0.46929951717322327 -0.398862322932033 -0.020791110206335787 25 1572.0 16475.0 -10.542063558165118 -0.6527600827065462
70 716.9979767758332 102.8733850382858 0.3901023201262917 -0.33433721071906874 -0.3881192311016781 25 954.0 9064.0 -9.893299742138352 -0.3425768435958153
71 79.80238419054794 104.22587938231705 0.4348158055418183 -0.5094405038308327 -0.04498616730960892 25 764.0 4101.0 -9.032224423218713 -0.520375346861615
72 792.7988537234228 105.60088400069485 0.4028206444686202 0.02422503225653059 0.2352973383943778 25 3103.0 60684.0 -11.957685499200423 -0.4491562551390726
73 833.1746351404727 107.75710204835221 0.3161041815512119 0.48661650065589757 0.646067942099352 25 2790.0 32745.0 -11.28786248691205 -1.3996296683308174
74 7.27890303210854 108.76202470280613 0.49933807478892506 -0.19592966447331084 -0.2757384458170475 25 913.0 7605.0 -9.702748045972543 -0.18213921956457937
75 224.50742896223628 109.02001425839842 0.3863996339992387 -0.6356804022392712 0.09294779104107159 25 721.0 7495.0 -9.686929092960746 -0.02880950763973398
76 681.5115240146317 111.35392896416519 0.5459636283707902 -0.0559695584707403 -0.5095488694366261 25 1314.0 12148.0 -10.21126195811557 -0.4878067329590896
77 46.75405900220776 113.31490715655039 0.7476429662612998 0.27227211280602054 0.09505685390279504 25 2033.0 8365.0 -9.806164863246034 -1.0380682793757001
78 274.7138827315099 113.16989656539462 0.57661031935237 0.1992560205303332 -0.3057974552080738 25 2843.0 12871.0 -10.274030725771148 -1.617333195140254
79 453.1632873910739 114.92447877355869 0.48416861137041844 -0.24187916743569912 -0.05293121400637505 25 1014.0 6727.0 -9.569553569207006 -0.4966353338265897
80 486.07338519419545 114.6479624594315 0.5350919845969289 -0.15368845536190104 -0.19785821443605797 25 1477.0 15755.0 -10.493546018775046 -0.4208073884979143
81 221.88022962894553 116.9585225222676 0.34818684860158583 -0.569090745958145 0.20334121289130416 25 1030.0 10467.0 -10.049555560419435 -0.6051454410453899
82 85.43718813543582 119.19752725011485 0.40344524312403 -0.1442404839936341 -0.05884953736484312 25 2520.0 35614.0 -11.379051885910433 -0.9510768662033744
83 387.1845527976002 123.12681685744506 0.5281716804658602 0.5084700536990935 0.1951715431572588 25 701.0 4004.0 -9.006235172018203 -0.10476690482806382
84 559.2397066319141 124.63954078466706 0.5549412799611343 0.3172396419440518 -0.641157072902127 25 860.0 7906.0 -9.74489202501738 -0.04516166046396562
85 822.2509502150399 130.09238596790243 0.9847605631236733 0.18788227304183527 0.1660085945535576 25 1644.0 2993.0 -8.690266792100479 -0.7533147043953058
86 248.31310548667764 131.85781146799474 0.4261450062048959 -0.30641794197238204 -0.058987792312762764 25 1817.0 21642.0 -10.838243481755017 -0.7722459066063241
87 613.8937043635881 132.4358360681505 0.7410885334966342 0.2698014434978861 0.23840301917979462 25 684.0 647.0 -7.027260701671752 -0.11273943790699176
88 729.8199410855477 138.25908893305996 0.40435317692619677 -0.24907590632599744 -0.14814545756107025 25 2552.0 34461.0 -11.343319689467531 -0.9575878770476269
89 37.63129092753712 138.86843519966038 0.48854337015845534 0.17481102536489865 -0.1722735172048693 25 2975.0 56020.0 -11.870857761218874 -0.4383202363400259
90 325.205596024462 138.62853580852158 0.5322096863830104 0.1366170501243595 -0.13515667966658526 25 707.0 4054.0 -9.019709360892476 -0.11775868803691684
91 342.0054621979876 141.38479880136268 0.5330248162781255 0.14293081376617245 0.027012403736173012 25 1387.0 11905.0 -10.189323499352248 -0.6605500200854825
92 390.88494457215484 142.66599711307651 0.4851576313988044 -0.28854527899555954 -0.994014495283886 25 622.0 4938.0 -9.233877713989783 -0.022813485003097683
93 204.81631402745 144.75010740295042 0.4115968929549588 -0.12046173596818703 -0.15344622693694407 25 1949.0 21667.0 -10.839496958313415 -0.931721010327909
94 281.8142459642618 145.15970575423643 0.38650771956359414 -0.029692972719136183 -0.40419146214548207 25 2725.0 44593.0 -11.623166726378553 -0.8409076322342522
95 637.4347894964822 144.54836437311803 0.39009058359026966 -0.5151415287383158 -0.19379670087100234 25 1043.0 11539.0 -10.155420433379456 -0.26514293714624054
96 667.5957437803002 146.02234064695574 1.0166566364173468 0.4816295541571361 -0.2761425076895813 25 1246.0 1804.0 -8.140591333014807 -0.4047297211843301
97 660.6635418156571 146.85971104132773 0.5311722144189143 -0.9017600685565257 -0.477782394048827 25 828.0 6125.0 -9.467765232591425 -0.20277827602099097
98 421.7808528072403 148.05828339362472 0.5722367211904703 -0.6302094709656203 -0.13857212002198666 25 669.0 3998.0 -9.004606974455244 -0.005483607910373538
99 384.0344836205372 149.96676840959185 1.108249069076625 0.13521952896787115 0.02067784938855101 25 1555.0 1434.0 -7.891372878329453 -0.6062833459022952
100 6.342396963540017 152.10293460607633 0.8884335008459131 -0.1519807164417514 -0.13654913152175532 25 1096.0 3510.0 -8.86326779116456 -0.3429482280145467
101 256.1095343737465 153.7965393860109 0.4302377517845946 0.16446566458767958 -0.0017963556292275732 25 919.0 10194.0 -10.020861573131723 -0.20803808657357145
102 341.88423794613425 154.1317968164838 0.338803987688097 -0.20066298818478676 0.043637281886667614 25 1738.0 20625.0 -10.785984893054907 -0.8103527516287451
