test_CNN/outputs/tables/02172_a16078m0s0_sources.ecsv
# %ECSV 1.0
# ---
# datatype:
# - {name: id, datatype: int64}
# - {name: x_centroid, datatype: float64}
# - {name: y_centroid, datatype: float64}
# - {name: sharpness, datatype: float64}
# - {name: roundness1, datatype: float64}
# - {name: roundness2, datatype: float64}
# - {name: n_pixels, datatype: int64}
# - {name: peak, datatype: float64}
# - {name: flux, datatype: float64}
# - {name: mag, datatype: float64}
# - {name: daofind_mag, datatype: float64}
# meta: !!omap
# - {date: '2026-06-03 17:09:19 Eastern Daylight Time'}
# - version: {Python: 3.11.15, astropy: 7.2.0, bottleneck: 1.6.0, gwcs: 1.0.3, matplotlib: 3.10.9, numpy: 2.4.6, photutils: 3.0.0, scipy: 1.17.1,
#     skimage: 0.26.0}
# schema: astropy-2.0
id x_centroid y_centroid sharpness roundness1 roundness2 n_pixels peak flux mag daofind_mag
[from data line 307]
308 39.0623430216674 427.7306006206051 0.7670058730456679 -0.5577749273862552 0.07387267141216612 25 1066.0 3218.0 -8.768965099407527 -0.4352094004837135
309 252.79274783684951 430.6934466402406 0.6381591850865574 -0.15794602755287906 -0.10344812955715943 25 2507.0 11271.0 -10.129906124457618 -1.4198371541367791
310 615.3641961354726 432.40184747552627 0.42926242051641994 -0.4724675413565165 0.08389014062906447 25 849.0 7912.0 -9.745715696472807 -0.16009843140356914
311 757.4724204735519 432.46676117153044 0.3552125954517004 -0.6912715935568229 -0.06512841660804933 25 1027.0 11929.0 -10.191510096459027 -0.3433455902426443
312 829.7027710729642 433.9159828333588 0.43997720182009165 -0.18232242192186984 -0.24739479489876112 25 2725.0 42684.0 -11.575662778083514 -0.7886243924505043
313 191.2794423540725 434.99430264764754 0.8992379276267193 -0.6496305824252888 -0.3643898151894624 25 860.0 2158.0 -8.335128600867229 -0.1062181882102658
314 785.7658319660507 435.96737454816025 0.4089689312993802 -0.17127102149485274 -0.3385029068734216 25 2498.0 38409.0 -11.46108250052584 -0.8392576208990066
315 101.86715492475791 438.05959393147094 0.43287467130299756 -0.6651546762233745 -0.8387205964117419 25 701.0 4844.0 -9.213010336177536 -0.07615791552101561
316 230.8821304978062 437.6774764614073 0.8827053062390376 0.22823385190674425 -0.037285636912197904 25 1152.0 1598.0 -8.00894193744493 -0.46276514240943556
317 347.6797652035223 437.7996396772866 0.46527949085426507 -0.5748482776987375 0.015724663046545885 25 887.0 7974.0 -9.754190578315939 -0.21993020593070933
318 126.55242126200159 440.25781185747553 0.562203547412727 0.5262687721901008 0.34455885126754987 25 544.0 1848.0 -8.16675491721022 -0.05086677686932885
319 406.72274259439814 439.76051585748 0.3770083460116027 -0.1663108458352804 0.05891993124024325 25 3017.0 51681.0 -11.783327271091803 -0.6616329180030853
320 73.0501662244013 447.08811506146805 0.8407404323912896 0.7824236973799459 -0.17716925390717794 25 892.0 2631.0 -8.550302120214257 -0.173225091167534
321 286.6176646250587 446.96323506994537 0.6076001783554098 -0.06576329483340969 -0.25602110742671896 25 1146.0 7008.0 -9.613985232900061 -0.40139038414126743
322 509.4920679952481 447.99854239989577 0.8049388474644127 -0.6977010680906541 -0.5780775065480247 25 904.0 1535.0 -7.965270949533013 -0.3172266530227349
323 618.1140252370968 448.2611894344133 0.82252556189892 0.5728702583202453 0.33683231897307075 25 1103.0 3800.0 -8.949458991542025 -0.3704807195680559
324 778.5123327902909 448.13134274106585 0.35993223871430463 -0.012078545010727342 -0.20996776789105023 25 825.0 8004.0 -9.758267699910434 -0.18946226586318002
325 383.0109726574489 451.3246344774082 0.4751974963730624 -0.37704737239466346 0.18292729555524284 25 1196.0 11137.0 -10.116920549152095 -0.4315953464667272
326 398.1334268701717 451.1002594126397 0.5979775590382759 0.43562177828736376 0.11763077992558207 25 961.0 7871.0 -9.740074780990568 -0.08128924613300031
327 635.1004397201118 451.33250115280333 0.4284328350004597 -0.33309615717136615 0.1567507003280161 25 1653.0 17638.0 -10.616123345667612 -0.8059700781092504
328 62.411679774327126 455.07800742697526 0.3740544005587973 -0.1003210035598507 0.13125424499258156 25 3058.0 50345.0 -11.75489086298201 -0.7954998019824076
329 141.5097616263684 454.90406042643076 0.5955478293621543 0.4149885103863247 -0.2771397209069436 25 660.0 1558.0 -7.981418633341364 -0.12636319077303843
330 646.2366491705735 455.7350690651072 0.41835977467149765 -0.3063033318675895 0.03336466607506728 25 2254.0 26572.0 -11.06106060942378 -0.9527447292029239
331 677.0201967874926 459.21768476198696 1.1005596441217362 0.2985670967634805 0.4372199595448818 25 1294.0 3300.0 -8.796284849694718 -0.2824816881432079
332 250.20609273912103 464.82379904057564 0.5595447424180545 0.0670026393211942 -0.21245891455122118 25 812.0 5870.0 -9.421595253119037 -0.16191475596293986
333 288.0001406664015 466.50610084918316 0.5058864655951824 -0.17284049869826573 0.11286195551468298 25 1466.0 13382.0 -10.31630256385853 -0.6692091499339246
334 521.3062830556779 467.1301211433062 0.45771101560460814 -0.1752553893508761 -0.04011885327444745 25 1976.0 19978.0 -10.751380021982213 -0.9225833781891956
335 268.78730890257515 468.4362581616677 0.4442182997163748 -0.25020299209368313 0.1618394743903224 25 2396.0 28949.0 -11.15408391566962 -0.9630677870524268
336 348.9218116433429 467.0234313240367 0.422254046192852 -0.2885388788801893 0.1228067422684495 25 3106.0 56267.0 -11.875634400992404 -0.6032019692825104
337 652.2743844756991 468.48662808596066 0.46907620614900253 0.2295351016127219 0.09488122602216763 25 1552.0 19923.0 -10.748386837396266 -0.44858475409896714
338 741.2943879944129 469.09765197732327 0.36907493151405196 -0.020195382241506972 0.04759540352221791 25 3069.0 56459.0 -11.879332954172666 -0.6023667904213469
339 402.1535654414779 470.2304110751169 0.4958316365317245 -0.2416424325040278 -0.1743906470654833 25 1329.0 11256.0 -10.128460211066724 -0.6185758945211096
340 13.863991542206763 471.572470520963 0.4469044161441795 0.08175712465207542 0.3066454076766077 25 1168.0 12032.0 -10.200844558118918 -0.44528704535800717
341 107.38347221541804 471.9064232147945 0.4426285617147385 -0.5022815975625939 -0.20785147637823298 25 1797.0 19324.0 -10.715242572036205 -0.8526846223244899
342 561.7829780794848 478.0979778788201 0.5109524992909968 0.5222417461771239 0.3024034851681183 25 838.0 7298.0 -9.658009647571573 -0.07015615636006509
343 7.209257748456822 479.4188098789196 0.5464986843372728 -0.19515176385638633 -0.077485927369943 25 1275.0 11466.0 -10.148529843596641 -0.4609976029295195
344 179.0251665135017 482.1405378175096 0.4269027608758593 -0.1880486273114022 0.04950417257439182 25 2152.0 24939.0 -10.992197588053891 -0.944714831043043
345 755.7211846853111 484.4831599791376 0.44845432290010495 -0.23968694000309396 0.39848953166890444 25 1407.0 13310.0 -10.310445138686688 -0.6493039078388739
346 337.4720630575183 489.1649312148707 0.38462919755407965 -0.1789780255416271 0.0023039212006831862 25 2520.0 34149.0 -11.333444976424502 -0.9758687642677942
347 469.8149231959635 488.9783612130867 0.8085198164111597 -0.2581979584468564 0.050811689607754944 25 891.0 3200.0 -8.762874945799764 -0.137878316594108
348 664.3729500655207 489.51761595281386 0.47471023635301246 0.03068118157835669 -0.0873707160838657 25 2843.0 49368.0 -11.733613833515825 -0.6315800888604226
349 220.28768141940296 489.69887415741863 0.5452425213170121 -0.15939376312232992 0.13476972150569988 25 824.0 6236.0 -9.48726526629201 -0.13633078612656555
350 740.3214059369732 491.29314888137066 0.498253841322714 -0.7763128641794745 -0.19660565104994188 25 1395.0 14915.0 -10.434058144245205 -0.4397348030614739
351 15.0728745449615 492.9223444270711 0.4747049541984478 -0.5952697899141981 -0.0927494048011094 25 1825.0 17144.0 -10.585280395084432 -0.8966154710430817
352 489.48370863705196 493.71969206368755 0.766731549267053 0.17239972012923246 -0.09154280035202106 25 991.0 3026.0 -8.70217230921792 -0.3614898313043005
353 567.4059822739035 494.77743052894004 0.43424195180106395 -0.372883093543636 -0.791318970648322 25 1116.0 9796.0 -9.97762194113169 -0.3670417490981884
354 28.984748364885647 496.3270165082367 0.42848720833929244 -0.18990532213572228 0.07828429126840807 25 2463.0 30901.0 -11.224931335087543 -1.0498117989989513
355 757.0744502290142 499.03199217703656 0.5320670830602051 -0.11778341908406187 0.2647733128590182 25 847.0 7683.0 -9.71382708297023 -0.07087491575616513
356 741.8723089762408 500.5812688234313 0.391982135431895 -0.12232032675799794 -0.037614832145185885 25 2349.0 29533.0 -11.175768913490344 -1.000319139532551
357 244.10150436530103 507.00441355859414 0.42659511136235584 -0.012571618003645993 0.5691248740210153 25 2730.0 44063.0 -11.610185156179615 -0.7785989371871728
358 337.9820503825955 509.6810988827283 0.4221465501994888 -0.2419702445217454 -0.013551651326095674 25 2975.0 46756.0 -11.6745933749032 -0.903298589087969
359 76.47677945760755 511.41882000984214 0.6283586240254967 -0.41873365860397743 0.3491804544768539 25 1321.0 17727.0 -10.621588111748322 -0.01136273995681927
360 351.4340705506028 511.57904980241557 0.4032795058173786 -0.13318574355699392 0.14929036846196847 25 3032.0 56729.0 -11.884512820082666 -0.5016722955941131
361 280.4255982866974 512.9353227762593 0.42863455991292754 -0.010640485590175476 0.1963470138432308 25 1950.0 21629.0 -10.837591101588783 -0.9104556614077429
362 347.451601477541 518.6226853769474 0.3841854343310278 -0.1663223383576693 0.1775888535659159 25 2741.0 42068.0 -11.559879663117679 -0.8338385543388798
363 699.0834976594343 519.911960938837 0.3301227622001658 -0.438615043023318 -0.11934230181088018 25 2163.0 28169.0 -11.124428574494027 -0.9396533175758901
364 290.56528702493495 522.7638118653267 0.4838354335540417 0.11391734696688617 0.21667548763809522 25 1257.0 11124.0 -10.115652450480306 -0.604548160718937
365 279.0231808730192 526.0265239876961 0.3597319341979512 -0.1521391192931578 0.16877359645487103 25 2426.0 31578.0 -11.248461551002302 -1.0447614117024595
366 198.1800889709558 527.2340125700347 0.45305195298597756 -0.25010637731509217 0.07860614310005683 25 1791.0 18342.0 -10.658616722774333 -0.8631703788557008
367 507.2761787129045 527.2228982873893 0.4830058370698367 0.07095500893705554 0.018828875775790982 25 1475.0 14187.0 -10.379726421837724 -0.6202992941875443
368 126.21480594288174 527.2385990379596 0.3997177216645949 -0.4351628532059832 -0.2699831022299602 25 2563.0 40188.0 -11.510240983968728 -0.8027786432878753
369 66.10519888000451 528.4126345200159 0.452773245732398 0.05342617715931974 0.3129591191537261 25 1736.0 20740.0 -10.792021880132555 -0.682544890907723
370 325.28869674564044 534.549708437104 0.604972946333851 0.28683758933165565 0.1890263936454326 25 506.0 526.0 -6.802464360384349 -0.028642420777799396
371 574.5082786049372 534.7670983863784 0.4638544277050338 -0.47615868730369587 -0.08098182965818523 25 1285.0 12646.0 -10.254882943692998 -0.522762047148876
372 297.02161219335096 536.4285310756004 0.49599376113152877 -0.41032307927556044 0.26283379120970685 25 1159.0 11144.0 -10.117602758539768 -0.3424614552731611
373 398.11406885919695 537.9816921254067 0.8031637511345563 -0.1881474546566015 -0.2259118691689426 25 910.0 1436.0 -7.892886099765704 -0.22205608673466495
374 30.03239912026895 539.2793713462204 0.5012040907919848 0.2532359612137813 0.4180308589070478 25 1469.0 20555.0 -10.782293702790922 -0.31138972986695085
375 65.80360496066938 540.1848457216842 0.9683783786248013 -0.07558326658858186 0.07619094516957697 25 937.0 2539.0 -8.511656752184306 -0.09027462531713006
376 162.65241558485812 539.5960880329762 0.44615321351193393 -0.269488378124283 -0.001702159602269476 25 1282.0 12793.0 -10.267430999716684 -0.5406205310130099
377 757.7531812976972 543.0028389478621 0.46379926566406215 -0.23180491943708878 -0.30849490974979293 25 1038.0 13246.0 -10.305211876777173 -0.12999652518225674
378 7.035792624564202 543.7266039479381 0.6814745395440194 0.3041509882881926 0.17556836467784145 25 1879.0 17629.0 -10.615569194418287 -0.7752549202634456
379 496.03312610885484 544.6189365102701 0.38541277221128284 -0.29397985001330185 0.2113464504967292 25 2553.0 36136.0 -11.394850193883343 -0.9194604939502413
380 209.92948363623313 545.00286996626 0.5713256555788602 -0.010806372627710828 -0.4306448615781109 25 884.0 6824.0 -9.585097545398666 -0.09187919007734194
381 358.2929135446424 545.8664233270249 0.4753251294370375 -0.34368277217811993 -0.0983366368280972 25 1293.0 13305.0 -10.31003719721852 -0.48919607551129834
382 310.169252142694 546.6677826508754 0.3756630925041212 -0.18571355153908478 0.21783116775250705 25 2818.0 42204.0 -11.563384035911419 -0.8905010999992752
383 432.75831335957713 546.8098899252632 0.6257373455651981 -0.08681790045932253 -0.4394585182881941 25 1845.0 8001.0 -9.757860676023846 -1.1422956872099008
384 499.1686063800744 550.7711842112467 0.38529639430139934 -0.3794225036848163 0.09715290218618025 25 2363.0 31276.0 -11.23802801114457 -0.9363590420384432
385 664.4131617280209 551.1265631269147 0.4314358781176531 0.4450379418641874 -0.9277390304209306 25 1205.0 18530.0 -10.669688548297245 -0.03570779920901905
386 49.171819394967855 554.142232104697 0.4098293889150998 0.09230020062502747 0.013086857278907156 25 2967.0 56758.0 -11.885067709199893 -0.48900186034365184
387 70.96928754919887 555.3011929262956 0.7796211449035969 0.6760216269097197 -0.060285097260758924 25 991.0 3025.0 -8.701813447471219 -0.29855830046528686
388 657.3603117992645 554.8101390850989 0.46557667134758285 -0.1943878056036872 0.1421380672237851 25 1220.0 16683.0 -10.555685374491405 -0.1319629417845816
389 33.33327324952434 555.8616180235292 0.422958219961686 -0.13285780147491857 0.15069087629195313 25 2806.0 49384.0 -11.733965659897635 -0.5675547269823842
390 438.46699275284004 556.7975112476488 0.703704632799731 -0.3446908627101352 -0.5521847533740669 25 807.0 1640.0 -8.037109620119246 -0.2638860834782019
391 23.792023737809966 561.7186149925119 0.4453270626445217 -0.33978719116127243 0.3965290915898702 25 1032.0 13271.0 -10.30725912293331 -0.06614005940006996
392 383.8185603507105 563.6364692566996 0.4478686451587499 -0.21375591426841006 0.07246464179622972 25 1513.0 15952.0 -10.507037852418952 -0.6075885735972633
393 541.466523892489 568.0328586101938 0.4983739574345817 -0.4004884306626182 -0.25170742863454554 25 753.0 5462.0 -9.343379239509286 -0.14873995006454763
394 735.7472428599416 567.9621028049171 0.6318208163156679 -0.3203060299249851 -0.1828325010904175 25 2163.0 6951.0 -9.605118221274095 -1.3490734103034971
395 231.27958724894327 569.1025930626317 0.38503607701056136 0.06965032808607581 0.2649391837383265 25 3146.0 59628.0 -11.938625606982892 -0.48740865199212086
396 97.98679474075882 571.9112689115783 0.43536793675229335 -0.39159533266200486 -0.020067173903386408 25 2152.0 24168.0 -10.95810178066306 -0.9911677221826805
397 749.9175667733477 571.804408332215 0.6657901216774206 0.48226854270215647 -0.42410542215212893 25 1198.0 7050.0 -9.620472792478497 -0.5978300692535399
398 16.46703235573819 581.0591564700459 0.5795285659213432 -0.6667261278131313 -0.17995124624443978 25 1237.0 9124.0 -9.900463191511527 -0.5759140328336955
399 10.160520842439684 581.9802126838396 0.3745437947733899 -0.026057334861268197 -0.19354470281273745 25 760.0 9652.0 -9.96154328309187 -0.020846551759023012
400 504.6919740423673 581.9155647749874 0.4245590574157209 -0.3244457689578587 -0.0006458665287350892 25 2099.0 26897.0 -11.07425960743143 -0.8059851061524821
401 78.94789895599374 583.8207206382571 0.9386019097151831 0.5326167383564528 0.05776968181615165 25 945.0 3132.0 -8.739554383464764 -0.09918268612230795
402 180.6026083640172 584.1794076868231 0.6081150430518496 -0.49179736822613107 0.13578143721244323 25 1333.0 5733.0 -9.395954854436688 -0.7559557973112097
403 127.88620972967827 586.2026578136431 0.8965822364689023 0.05884819941686747 0.3787408577194304 25 1048.0 3004.0 -8.694249820830326 -0.2448205003033482
404 164.32682192997345 585.8333514589694 0.6417882616073014 -0.2657000986115532 -0.19914193818502438 25 864.0 1827.0 -8.154346368381344 -0.3585064750672459
405 62.51191953944164 586.6125503248006 0.5047500727777917 -0.17786866397403056 -0.14009037635274288 25 1083.0 7717.0 -9.718621250624883 -0.5162622460936663
406 716.2419789538495 587.2360484798832 0.46286191302489693 -0.02758307985400414 0.007811769065382492 25 1442.0 14464.0 -10.40072103282822 -0.608771436804495
407 252.0078554554756 591.1560785577932 0.9019407091721188 -0.26019725764106244 0.22301255648198132 25 1256.0 2431.0 -8.464462397108338 -0.5411447621358791
408 71.16184498714638 593.7346861842965 0.5808597930357243 0.2307887784210257 -0.26364659641071053 25 853.0 3660.0 -8.908702713486026 -0.39492922926275253
