test_CNN/outputs/tables/02238_a16395m0s0_sources.ecsv
# %ECSV 1.0
# ---
# datatype:
# - {name: id, datatype: int64}
# - {name: x_centroid, datatype: float64}
# - {name: y_centroid, datatype: float64}
# - {name: sharpness, datatype: float64}
# - {name: roundness1, datatype: float64}
# - {name: roundness2, datatype: float64}
# - {name: n_pixels, datatype: int64}
# - {name: peak, datatype: float64}
# - {name: flux, datatype: float64}
# - {name: mag, datatype: float64}
# - {name: daofind_mag, datatype: float64}
# meta: !!omap
# - {date: '2026-06-03 17:09:25 Eastern Daylight Time'}
# - version: {Python: 3.11.15, astropy: 7.2.0, bottleneck: 1.6.0, gwcs: 1.0.3, matplotlib: 3.10.9, numpy: 2.4.6, photutils: 3.0.0, scipy: 1.17.1,
#     skimage: 0.26.0}
# schema: astropy-2.0
id x_centroid y_centroid sharpness roundness1 roundness2 n_pixels peak flux mag daofind_mag
1 504.0154218095334 33.46643642796383 0.6037852045076582 -0.05232171606339561 0.30663168665514906 25 1715.0 5995.0 -9.444472968587169 -0.3348397864676087
2 789.4530922601689 104.17892541603955 0.45540774407716733 -0.1610176002331429 -0.6509728941730906 25 2440.0 38252.0 -11.456635367760457 -0.1121067488661048
3 565.9713795688074 168.5019472614025 0.5541550229452399 -0.5454968991795364 -0.10866752616073114 25 1223.0 4820.0 -9.207617595597124 -0.04036933475361124
4 491.0763342837121 176.31554444170536 0.5304381608043719 0.8132786734011314 0.242665342535419 25 1885.0 9034.0 -9.889700215563439 -0.40221803791277944
5 203.73066935885996 209.2694611819541 0.5510781663433576 -0.23833369018174536 -0.3225313762193223 25 1471.0 8513.0 -9.825206583480927 -0.08394557934133148
6 638.199535584775 235.3062951973434 0.6818470108088613 -0.08762866201455238 -0.22396410785188972 25 2172.0 9364.0 -9.928653512561468 -0.41703198281919035
7 444.10202085481717 271.73893276053815 0.9599064535369987 0.14243736293528997 0.21153919988814202 25 1618.0 1561.0 -7.9835072576560435 -0.05494275040272507
8 517.6247844009149 282.10694995630973 0.6374410367456033 -0.14162246267364725 0.2722052185663724 25 1583.0 5944.0 -9.435197001881297 -0.2018962050844882
9 26.795019632775332 316.8382997170607 0.484078526938159 -0.559830372669533 -0.5948803881458958 25 1258.0 4300.0 -9.083671138948967 -0.2410657511945526
10 412.5752130291369 393.7412050455689 0.326709190302702 -0.5654033270411205 -0.5160273945704072 25 2639.0 49531.0 -11.737192740514278 -0.008851471882742006
11 576.0961984015842 398.11081974371945 0.7057623861530121 -0.2033954439286572 -0.2990038272529663 25 2389.0 8073.0 -9.767587381208543 -0.5633933987911145
12 779.4394876731956 407.25648826003584 0.35198972186490335 0.41216087419856773 -0.41277022466606855 25 2447.0 38367.0 -11.459894605216142 -0.11283458953952391
13 104.34652179145144 442.75318391874566 0.8912041283680496 0.7807162086390074 0.07604849552603787 25 2546.0 5924.0 -9.431537624622928 -0.5202573362078555
14 198.3284343623947 464.7791679944732 0.6381918639818538 0.35966657057407886 -0.2114537102881596 25 1510.0 3752.0 -8.935657074267567 -0.2661159314506877
15 467.5737601106434 467.02131284014087 0.3810320886486107 0.008282128180700935 -0.8418143817582415 25 3063.0 54497.0 -11.840931488750954 -0.028777791374381655
16 83.19553483407634 473.6210350904678 0.4965773330806747 0.34995497039009177 0.4327928272145253 25 1342.0 7477.0 -9.684318451616699 -0.06625757887071981
17 663.1092522121037 488.22352888633804 0.36765939948176657 -0.27783382474270374 -0.7477474371586753 25 2280.0 34984.0 -11.359673660842002 -0.08289915270228013
18 759.9073908579659 518.5475515935029 0.7471358792587737 0.44215930817050075 -0.3460606647807551 25 1596.0 4061.0 -9.021582473725093 -0.1306163069261579
19 349.497485184257 534.1775803834006 0.6232366313893581 0.9317776581524363 -0.23784780127128793 25 1769.0 7686.0 -9.714250950320825 -0.274130972562548
20 139.73264902822316 545.7643955039229 0.6788523273096166 -0.0021742060679675723 -0.6983509640748472 25 2548.0 10321.0 -10.034304445127658 -0.6260715694731199
21 482.5431236548261 621.5563128757495 0.33355805366914637 0.10316068940437846 -0.1728018028268306 25 457.0 -714.0 nan -0.021573425731886767
22 81.311502125605 653.1031836542446 0.9386643715446514 -0.8583440514389634 -0.49677179804381516 25 1526.0 987.0 -7.485792881674092 -0.008484986287733778
23 472.5811557389271 674.790644230745 0.5325970698285615 0.010511124134961915 -0.3127868952824716 25 1212.0 3666.0 -8.910481151565495 -0.10223356784217685
24 466.2423711752955 679.5487879537295 0.7610222538029279 0.45719640242250187 0.01413763751802024 25 1892.0 3617.0 -8.89587127190405 -0.3897336600437189
25 302.0588013969636 686.4453511326296 0.6008743468883868 -0.31398382550845805 0.21370217394042765 25 1632.0 6711.0 -9.56696809704073 -0.2569532366701593
26 87.11149625499131 715.3076992691969 0.3525944827394681 -0.5068681736489903 -0.9151114890465304 25 2679.0 44453.0 -11.619752688826935 -0.09641644166402263
27 719.1245484612659 721.7497294258272 0.4934252381405556 -0.16840428209286393 -0.9445327253977299 25 859.0 241.0 -5.955042606437171 -0.008491693543617904
28 331.84591515047737 726.7147989042279 0.7571857290232565 -0.07875914066422267 0.7432703906501132 25 1380.0 2419.0 -8.4590896709047 -0.015798889168233084
29 672.9734912289426 727.984422002182 0.948788727897331 0.00642518883652912 0.013891984818590454 25 2548.0 6909.0 -9.598537981709734 -0.4126411686731351
30 19.46618743701713 736.1142429383459 0.4441470482289449 0.2270026715808837 -0.636425402265091 25 2648.0 39843.0 -11.500880078545432 -0.19082548392727844
31 463.17929420349463 750.5954430650763 0.5597072294448004 0.19807567022979808 0.3586490670629372 25 1972.0 12773.0 -10.265732280439144 -0.34419656689570455
32 146.09582735513175 762.0442046634479 0.7788344707029881 0.07815573474228953 0.0860768845007254 25 1395.0 273.0 -6.09040661760189 -0.10298300417874173
33 694.569592329668 784.5837411219312 0.9160673898053221 0.8430824592010886 0.344433725668776 25 2063.0 1143.0 -7.6451155759882035 -0.3169689418748109
34 303.74460838200486 801.1705696759615 0.772816170018836 -0.47319756326424045 -0.1297486352073075 25 1934.0 5385.0 -9.327964269085001 -0.31787449543271684
35 692.5878469725299 810.5746386489594 0.4194338212001117 -0.1577864906734987 -0.8850873821353837 25 2435.0 37627.0 -11.4387489835233 -0.12418241209385132
36 80.86123781367232 828.0433719144621 0.40670954335908305 -0.42915508496317384 -0.872095736156964 25 2594.0 35917.0 -11.388250136674102 -0.2661971574519882
