test_CNN/outputs/tables/02242_b56883m0s0_sources.ecsv
# %ECSV 1.0
# ---
# datatype:
# - {name: id, datatype: int64}
# - {name: x_centroid, datatype: float64}
# - {name: y_centroid, datatype: float64}
# - {name: sharpness, datatype: float64}
# - {name: roundness1, datatype: float64}
# - {name: roundness2, datatype: float64}
# - {name: n_pixels, datatype: int64}
# - {name: peak, datatype: float64}
# - {name: flux, datatype: float64}
# - {name: mag, datatype: float64}
# - {name: daofind_mag, datatype: float64}
# meta: !!omap
# - {date: '2026-06-03 17:09:26 Eastern Daylight Time'}
# - version: {Python: 3.11.15, astropy: 7.2.0, bottleneck: 1.6.0, gwcs: 1.0.3, matplotlib: 3.10.9, numpy: 2.4.6, photutils: 3.0.0, scipy: 1.17.1,
#     skimage: 0.26.0}
# schema: astropy-2.0
id x_centroid y_centroid sharpness roundness1 roundness2 n_pixels peak flux mag daofind_mag
1 186.90156538187006 8.578271494150485 0.5148112198298919 -0.1465576735494824 0.038114326316327135 25 1049.0 9564.0 -9.951598918609344 -0.008128202461156218
2 711.6348717116167 35.17724686178093 0.5901206787612266 0.38096370439707683 -0.23845350432871573 25 2135.0 20384.0 -10.77322352663814 -0.636037334721665
3 589.7593066065584 51.368805642460174 0.6084529632284047 0.14890334210454098 -0.10526406925711261 25 1016.0 7175.0 -9.639554763515076 -0.02600513949764092
4 40.49393911162487 99.43307482296976 0.4351603437417564 0.026113437143560868 0.30968609282862314 25 1037.0 9691.0 -9.965921483925683 -0.12099681068635558
5 202.0196471161121 154.90907299059612 0.4716087717825367 0.014945943804572995 0.052077452737969356 25 1086.0 7867.0 -9.739522875422827 -0.29603729743124835
6 107.32461118367283 174.3114369637609 0.5656170212835336 -0.7227305836750357 -0.45636842100829506 25 1291.0 11111.0 -10.114382868985352 -0.21750030164467649
7 7.377317053821185 176.21913538776357 0.4865732987207916 0.23665235737065346 0.3422956281655507 25 1526.0 12446.0 -10.237574491621128 -0.526638545088506
8 41.95124017601519 223.8099154288477 0.4309773217504196 -0.5335999736045424 0.031853430426297916 25 1642.0 18535.0 -10.669981475913957 -0.46935056397152086
9 747.1767674007731 239.4448127273132 0.48140952103006285 -0.31763007291155637 -0.35878086395375836 25 1330.0 11973.0 -10.195507456259215 -0.3223252616880824
10 69.2407549451297 254.4403232618739 0.4987825578100769 -0.30018418204404956 0.14433723469231588 25 1265.0 11132.0 -10.116432994155014 -0.304671244604855
11 384.92050997539815 293.81818387724206 0.6549355856740972 -0.03411413286841635 -0.10137825517496656 25 1195.0 5728.0 -9.395007523249499 -0.2418589257343148
12 643.0072700169612 320.80678653542384 0.45841118726166524 -0.44806542515879555 0.08867298853605601 25 1214.0 11711.0 -10.171484952441627 -0.2347535434242457
13 317.9855085527694 356.4443864999592 0.42294120766504006 0.1201300626562499 0.2291975546199199 25 1062.0 9039.0 -9.890300965982549 -0.2454572000111369
14 774.2306244008419 356.7303936073771 0.6078440300839165 -0.7358757138980245 -0.058826131336897576 25 1102.0 7094.0 -9.62722796033981 -0.13431843587792144
15 805.7348598500931 372.33638720793334 0.36527449771256354 -0.7788449620719272 -0.3230375390666705 25 1105.0 8491.0 -9.822397102202075 -0.4034086397595457
16 602.845194836318 403.89134758525904 0.38199433825724655 0.21396821659324242 -0.05847429286485509 25 1116.0 11203.0 -10.123335839930709 -0.21669957366861228
17 726.0131830032251 431.6560041977287 0.557483055260271 0.22339412125290906 -0.22567199126599963 25 1487.0 17776.0 -10.624585103991981 -0.10705384832600212
18 550.8635673731015 444.39722548582944 0.5280306024640106 -0.41402008569095244 -0.3003294180302587 25 1216.0 12357.0 -10.2297826166902 -0.10992115941804735
19 618.0616268187389 483.14270771217804 0.49258012070502866 0.5793677571516426 0.018118592819323428 25 1756.0 13967.0 -10.362757832865954 -0.6967257988962962
20 110.949776394195 583.6553692390102 0.5164116992174446 0.08745543147477586 0.3579574051498736 25 1341.0 10584.0 -10.061624577948612 -0.3805133005542349
21 782.2997739863737 591.5600750286945 0.5226629625585857 0.6700114393853525 -0.41466195652763316 25 895.0 5432.0 -9.337399403181113 -0.046350856975762425
22 611.4982702351042 626.5904308019776 0.5187181003000634 -0.17067711389420953 -0.07801157584144953 25 1068.0 8544.0 -9.829153099211203 -0.09512075813905127
23 607.8963580203231 639.1307179393108 0.39671993858205035 0.21154680697964107 -0.657348709148276 25 3034.0 53479.0 -11.82045819456096 -0.4437419735343929
24 370.87023583106384 645.2286913188146 0.4963646448362251 0.3898360742630025 -0.10540999981611385 25 956.0 6407.0 -9.516636809979651 -0.1501443820777022
25 808.2138763993978 695.2485709256662 0.45042285675887533 0.5901442861025515 -0.05975022200075137 25 945.0 8165.0 -9.779890472681718 -0.09360844987659778
26 389.85607241098575 742.2226403746787 0.48933940937075715 0.5004247929772677 -0.021574095459958316 25 1376.0 11783.0 -10.178139694203239 -0.40563005687072673
27 735.9069378453675 803.5955321279364 0.38960872639988375 -0.6089994099558875 0.07729054929661035 25 1479.0 15166.0 -10.45217762912636 -0.5003356055154599
28 256.39447975310543 808.3799624483877 0.5740091270686953 -0.423677775770332 0.061751032419291384 25 1717.0 17180.0 -10.587557898738059 -0.3871658739995243
29 399.26756375790796 811.9939577077317 0.41556106893656924 -0.2705947721755796 -0.051563488487448406 25 2781.0 36763.0 -11.413527360585793 -0.8091727076406346
30 90.323525556154 825.8399476313841 0.4941098881330216 0.17913201284714506 0.10970524459409567 25 1646.0 24390.0 -10.968029500784326 -0.09494924780964432
