test_CNN/outputs/tables/02338_b57982m0s0_sources.ecsv
# %ECSV 1.0
# ---
# datatype:
# - {name: id, datatype: int64}
# - {name: x_centroid, datatype: float64}
# - {name: y_centroid, datatype: float64}
# - {name: sharpness, datatype: float64}
# - {name: roundness1, datatype: float64}
# - {name: roundness2, datatype: float64}
# - {name: n_pixels, datatype: int64}
# - {name: peak, datatype: float64}
# - {name: flux, datatype: float64}
# - {name: mag, datatype: float64}
# - {name: daofind_mag, datatype: float64}
# meta: !!omap
# - {date: '2026-06-03 17:09:37 Eastern Daylight Time'}
# - version: {Python: 3.11.15, astropy: 7.2.0, bottleneck: 1.6.0, gwcs: 1.0.3, matplotlib: 3.10.9, numpy: 2.4.6, photutils: 3.0.0, scipy: 1.17.1,
#     skimage: 0.26.0}
# schema: astropy-2.0
id x_centroid y_centroid sharpness roundness1 roundness2 n_pixels peak flux mag daofind_mag
1 508.42785977211753 1.7527059986826694 0.4047022842333573 0.6248149014198238 0.3344711334537851 25 1577.0 14860.0 -10.430047023561391 -0.24065320994411774
2 581.4151741625789 33.25349299221757 0.45561504899197686 0.5026761305683817 -0.03761619269016627 25 1491.0 12243.0 -10.219719623732333 -0.16846671452942752
3 598.3872696018855 52.41125663277031 0.4314833922562133 0.9447231637732157 0.35567020692939133 25 1383.0 12281.0 -10.223084328413496 -0.11702951215346444
4 302.8863356976457 80.60282532361457 0.46651190306571194 0.06419719744443302 -0.28820800008613784 25 1169.0 7242.0 -9.649646301202482 -0.04123664959859974
5 393.78779667927404 97.08594583658399 0.5569191682524489 0.5563462613126453 0.23560381655148654 25 1466.0 9446.0 -9.938119853101702 -0.16650421053019676
6 449.6866611410861 100.17849826586803 0.6363766950129839 0.5397041676133933 0.6197969013002526 25 1847.0 15779.0 -10.495198690427578 -0.150617272221124
7 549.0484679727599 180.41063524732886 0.640768583022433 -0.5495644484911993 -0.08081681143956443 25 1457.0 10558.0 -10.05895414416235 -0.02195224733709794
8 163.80743885754268 230.30668530371133 0.4971633889879882 -0.31853983806781344 -0.604852734234154 25 1726.0 19447.0 -10.722131535499368 -0.005821671606344288
9 478.0711845468833 234.73382496357257 0.570376053320289 -0.2574599988044126 -0.017863048783049073 25 2028.0 14546.0 -10.406858958088538 -0.3839287411143476
10 448.0588816693109 236.67780443516426 0.4852328253209499 -0.2551437882814005 0.014035071483797242 25 1438.0 10826.0 -10.086170056887607 -0.17251913229032045
11 582.4259445912713 242.92618477606976 0.42065354201647776 0.13525945240483406 0.15757222758376585 25 2144.0 23592.0 -10.931911898859354 -0.40058477368483925
12 802.3320274007483 249.78454275144986 0.4259225498611959 0.7285272810488451 0.35281941283980706 25 3112.0 38516.0 -11.464102945084383 -0.6293869995662826
13 214.14912090721208 254.09060261307994 0.517707268606397 -0.61786446744423 -0.24803854886609372 25 1553.0 13079.0 -10.291436349442291 -0.1256256389933995
14 757.5001080359621 262.06028403615693 0.5566679814141291 -0.13849446008946759 -0.15508999839981413 25 1619.0 14844.0 -10.428877364191864 -0.02067939937968798
15 338.02920292477137 335.33286522857946 0.4834207148376962 -0.08171681138209198 -0.16462481348259797 25 1689.0 16318.0 -10.531667321983559 -0.2216649935675405
16 374.2199361103769 395.44064426646776 0.37185229820438503 -0.1803550131403004 0.07133502943900814 25 1255.0 13113.0 -10.294255153023288 -0.026668933600740553
17 660.0184242024158 397.4844019224109 0.4517656067372875 0.8387651688650776 0.36776968533799 25 1459.0 11558.0 -10.157206725325912 -0.2526031726139438
18 811.2688121518914 443.1329563074261 0.5261925394058569 0.031097401963166554 0.12123704626123097 25 2286.0 15208.0 -10.455180259643466 -0.6401746719469341
19 674.5037849519855 455.6622149136535 0.48047525645123246 0.19929847085959243 -0.24080666111824806 25 2120.0 20534.0 -10.78118389421514 -0.43999815898793954
20 380.4405182559118 467.2350400025849 0.4550652087102902 -0.4531472979000286 -0.14204304635772433 25 1824.0 19709.0 -10.736661473750438 -0.2585274944271962
21 527.5564400407023 476.54086922029717 0.5838211285216217 -0.144364377509247 -0.2882833326033789 25 1344.0 7919.0 -9.746675857413825 -0.07108734975513777
22 616.9753176831151 570.1430723464699 0.548083117306066 0.1294690456155725 0.40670955180771795 25 1439.0 7151.0 -9.635916945102174 -0.2104601517935905
23 424.62594979696775 592.3619496167601 0.4333339720329875 0.004828483366354973 0.18845267202423424 25 1203.0 9167.0 -9.905568078375213 -0.0425525862012829
24 575.2604206629012 623.5322519586888 0.49834606849732416 -0.5300773888543763 0.17039095254162176 25 1331.0 11479.0 -10.149760139711013 -0.01606826000204724
25 373.92234884057166 624.6198269217607 0.4920511695646502 0.07073339879753048 -0.15509655448488405 25 1938.0 12719.0 -10.261132418305728 -0.5401701366200918
26 707.1236354441708 632.416468923099 0.5850523067534255 0.2821831644437504 0.11206695271411003 25 1348.0 9964.0 -9.996084297161172 -0.017532673924575536
27 355.0580052880128 661.3169336205214 0.5571690718337566 0.5997258677135693 -0.08316317238004096 25 1448.0 8072.0 -9.767452883072135 -0.18950244524498586
28 371.22286112102887 663.2337065379878 0.5734988299664003 0.4853723734316523 -0.13242989364259183 25 2932.0 25875.0 -11.032200896162436 -0.6820593487402044
29 86.41411693870877 694.9630744527915 0.4204182939238781 -0.8158521762235651 0.3727704850987507 25 1996.0 20469.0 -10.777741564998921 -0.417500316492626
30 593.9807008175296 714.0263760397796 0.39339049325560865 0.6152311551295635 0.31160661153712116 25 1523.0 15929.0 -10.50547128066513 -0.16233159750433715
31 779.3004096916324 734.0393687070409 0.39658682072742035 -0.4983651197102407 0.22818274635908922 25 2115.0 20395.0 -10.773809274132784 -0.5840839956315904
32 825.0903059059524 746.1556334828887 0.3850092777158508 -0.03198534683445196 0.045168917793026064 25 1657.0 15629.0 -10.484827977937368 -0.3426441832321603
33 349.18670925801285 749.2342960368958 0.4558914577863548 0.17843283304329194 0.14203671958307354 25 2312.0 21775.0 -10.844895409199252 -0.6200895219667
34 556.4796246735629 750.4341437600968 0.49340166099874805 0.549390826220909 -0.03808897865622581 25 2142.0 20010.0 -10.753117721590527 -0.42619548095926435
35 727.737377405026 750.0471952321618 0.5354866948517158 -0.8249117065654513 -0.2501405888002977 25 1733.0 15024.0 -10.44196393730509 -0.22244105480777945
36 281.15275349208696 751.7118070557693 0.39889808441536956 0.42662880661426594 0.4200902489059815 25 1417.0 14583.0 -10.409617189485513 -0.036772590609617
37 774.2789901494904 760.6546068879825 0.4077686243400995 -0.28772011566014627 -0.2862365586259388 25 2548.0 25540.0 -11.018052232318492 -0.710903292667835
38 698.8324414578685 761.4493789521191 0.44630123351424567 0.5525105417593529 0.6543958123634057 25 1083.0 5148.0 -9.279096345580873 -0.054706565733595856
39 216.1291274291089 764.7199266790334 0.5144491853416624 -0.5336261085846415 0.10772773516787205 25 2104.0 20955.0 -10.803219162924657 -0.33532287377754033
40 717.2200953830663 787.659170186793 0.5756266508739106 -0.5256062585250612 0.10542595150039565 25 2742.0 24962.0 -10.993198447133981 -0.5755522652831893
41 278.8760139216299 790.7708933245998 0.5583904357613761 -0.4441411994380913 -0.06692909343097514 25 2283.0 20156.0 -10.761010874209326 -0.45967291699175494
42 59.04935153224817 807.5307032775946 0.4255924517209778 -0.29813553517392305 -0.061749087898700435 25 1263.0 10921.0 -10.09565601776196 -0.010845860019649194
43 677.8991186663939 810.3337139614836 0.4868273076824145 0.1532808750570525 -0.23381969631320923 25 1985.0 17209.0 -10.589389086466793 -0.4228705841381825
44 480.03167629704063 823.6755599815687 0.48386241504327177 0.11166479848165381 -0.028167084138468107 25 3400.0 36375.0 -11.40200750498491 -0.8238154070985817
