test_CNN/outputs/tables/02339_b57984m0s0_sources.ecsv
# %ECSV 1.0
# ---
# datatype:
# - {name: id, datatype: int64}
# - {name: x_centroid, datatype: float64}
# - {name: y_centroid, datatype: float64}
# - {name: sharpness, datatype: float64}
# - {name: roundness1, datatype: float64}
# - {name: roundness2, datatype: float64}
# - {name: n_pixels, datatype: int64}
# - {name: peak, datatype: float64}
# - {name: flux, datatype: float64}
# - {name: mag, datatype: float64}
# - {name: daofind_mag, datatype: float64}
# meta: !!omap
# - {date: '2026-06-03 17:09:38 Eastern Daylight Time'}
# - version: {Python: 3.11.15, astropy: 7.2.0, bottleneck: 1.6.0, gwcs: 1.0.3, matplotlib: 3.10.9, numpy: 2.4.6, photutils: 3.0.0, scipy: 1.17.1,
#     skimage: 0.26.0}
# schema: astropy-2.0
id x_centroid y_centroid sharpness roundness1 roundness2 n_pixels peak flux mag daofind_mag
1 303.31573234212453 8.284212577620167 0.4547623285968208 -0.35407247127532626 -0.15614258103599313 25 1956.0 21215.0 -10.816607590256586 -0.24101753490983643
2 158.59622178120674 29.54459005732232 0.4047477964379846 -0.34257923602433055 0.06350462541380877 25 2426.0 31295.0 -11.238687389723287 -0.3615103440505934
3 745.701595150636 44.74954960314972 0.4410247239609063 -0.26872731452753357 0.0850961821919494 25 1212.0 9224.0 -9.912298235716607 -0.012795615021235903
4 643.8718652281972 47.87445517042459 0.5879994127084843 -0.2473367717659385 -0.31636682397355936 25 1965.0 15651.0 -10.486355228605094 -0.2707719115532396
5 426.1900002656481 51.53548433730936 0.5398473335933576 0.6833964611527247 -0.17127752918924113 25 2117.0 16092.0 -10.516525059748059 -0.4148152221983117
6 474.9250963119221 50.34618758640892 0.46007332921494154 0.026586198810646534 -0.27165907513012344 25 1451.0 13532.0 -10.328404972789858 -0.040550528451394896
7 451.30572758295887 53.15320013152068 0.46802564579220074 0.04304006737682784 0.5619880338069294 25 2541.0 27451.0 -11.096395424476338 -0.5165346521339619
8 722.4174590015728 55.443584760288815 0.5042423552917339 0.393078644662963 -0.10624017653089611 25 2087.0 19322.0 -10.71513019443379 -0.3307646702368069
9 439.81790049884205 61.251275738643585 0.6088388382372641 -0.6152511245634885 -0.26578354205233434 25 2186.0 16062.0 -10.514499053926441 -0.41647119883339695
10 608.5305956460348 69.17344064579152 0.4980824489097336 -0.11933238081794623 0.10717704911084211 25 2510.0 22518.0 -10.881324536991814 -0.6084324641680525
11 785.5529294703393 87.77955642708959 0.6552042699099975 0.1314195954122988 -0.2606228700176841 25 1609.0 10361.0 -10.038504184257373 -0.052117219272427746
12 374.91005850521685 94.07681702396732 0.586323835358834 0.23045110603836388 0.2307655726992544 25 1732.0 13182.0 -10.299953268260385 -0.18292962015670047
13 759.7006266944659 97.8004577017545 0.47903456564088287 0.1903489866994155 0.08708567623160701 25 2312.0 21152.0 -10.813378594513864 -0.5118372489012619
14 618.7717609735578 108.42834417465292 0.511753212831534 0.5570721296822326 0.21659323193057525 25 2154.0 20803.0 -10.795314922682962 -0.3629944446332645
15 541.340992211145 111.96797278234521 0.5665789610233384 0.06209299925589382 -0.1723851261776991 25 1915.0 12912.0 -10.277483793444988 -0.3684556703995226
16 738.0425132224595 112.01211331433443 0.5288092732878622 0.2161462128247061 0.12500475979348516 25 2279.0 20359.0 -10.771891105926583 -0.43013479029862123
17 653.314514529444 121.06279941751343 0.42467012825908507 0.3011300431277854 -0.8854104718013459 25 2173.0 25584.0 -11.019921116005397 -0.2777644797100141
18 287.15008224504146 128.22707508845696 0.43601186815729953 -0.9153271235034952 -0.0956098004421984 25 1531.0 14209.0 -10.381408785641348 -0.1590319126754515
19 385.12849941038814 129.75425632837695 0.5032161827276489 0.19390646377555149 0.1117665380492827 25 2335.0 18562.0 -10.671561920839679 -0.5387768314793875
20 28.053496440477495 137.70955603453177 0.45034026583502296 0.1347639148359873 0.3055866043857708 25 1345.0 11539.0 -10.155420433379456 -0.016593894839274644
21 495.7058283857327 141.86651738560835 0.6287785746625348 0.11247414175823071 0.42471343830276215 25 1962.0 13888.0 -10.356599269581041 -0.32043929597020876
22 207.9219296953482 151.45105047795403 0.5530159819322069 -0.9666015700644891 -0.1650357921748181 25 1737.0 17182.0 -10.587684286748766 -0.059260733623262875
23 661.5755608651231 160.57727871308182 0.3742346983851323 0.6056788433081707 -0.04573232451527072 25 2087.0 22663.0 -10.8882934969614 -0.4100840715443311
24 428.3198562064601 175.3643226012606 0.5200344580380727 0.3245970396290697 0.3944523158499824 25 2533.0 23832.0 -10.942901225517467 -0.5582061136291862
25 636.5760617441099 178.859906578665 0.4849018871178708 -0.04260213841482931 0.22081230670228175 25 1881.0 17563.0 -10.61149675332217 -0.30027258839826493
26 493.05647307268134 205.78127257167586 0.38926490298834704 -0.39775460157671766 -0.0032366230641823162 25 1790.0 14869.0 -10.4307044036375 -0.446300209025472
27 436.6787448404157 210.5517984015716 0.34745772013272036 -0.37511984900035567 -0.25788834200170496 25 2664.0 34169.0 -11.334080671986888 -0.5992875948909613
28 188.84334691557396 216.351298553334 0.46479677510108297 -0.07095327862053975 -0.06277556189832592 25 2017.0 19060.0 -10.70030724075577 -0.3722395046814886
29 634.886813957684 217.11148455920605 0.6231846499118474 -0.36491014632883134 -0.18246345857007368 25 2161.0 17680.0 -10.618705651692634 -0.34598464422453257
30 225.83394883799173 241.01798166636857 0.43220740421367615 -0.6309783400842524 0.031496376444712315 25 2537.0 37304.0 -11.429388506116089 -0.1686719590803787
31 301.2448762372031 248.8901722278719 0.5357361102959424 -0.625958467887317 -0.03411159022910796 25 2164.0 19671.0 -10.734566095965445 -0.3634566196353024
32 526.2326141504326 273.481167261381 0.37699210697440216 0.6598026555172286 0.5097195150484986 25 2143.0 22149.0 -10.863385307855317 -0.5253316539717088
33 606.0205002090888 274.4174526526149 0.5231816506095904 -0.2914169686044364 -0.5986393060274063 25 2350.0 23341.0 -10.92029864653757 -0.37855064342766453
34 326.20271741312126 279.98999625002796 0.5292437682693271 -0.7910275287598122 -0.20562546567292037 25 1546.0 12237.0 -10.219187400091894 -0.07356239394122441
35 367.1482671532012 280.2937380991554 0.5325048659284791 0.02435154564858299 -0.26905453568340204 25 1449.0 9603.0 -9.956017322159488 -0.13917289752743442
36 66.0432123395213 285.2500441640588 0.3700696130233311 -0.4346998548863023 0.009313076749473218 25 2059.0 23413.0 -10.923642662815924 -0.38479477081484464
37 783.894021357285 293.1165971348504 0.34707929530966686 -0.4615551924570164 0.03068365163734761 25 4079.0 63743.0 -12.011081248126125 -0.6589921611172543
38 378.34694235714824 297.1686442014881 0.40137210030217085 -0.047210864889777084 -0.04833070793600989 25 1627.0 17842.0 -10.628608837583407 -0.1484435793646609
39 733.3464353603729 300.77792074469806 0.45045733186376685 0.1673688878546967 -0.19652269011983076 25 2529.0 26963.0 -11.076920529279985 -0.5262499999660515
40 50.32056452998875 371.92849387870586 0.5846303164759263 -0.9993969201665501 -0.6611623824828737 25 2664.0 23796.0 -10.941259900632318 -0.5501316685185395
41 173.5034770883348 393.32689149582245 0.37570451340298405 -0.5412705534261744 -0.038704867182156814 25 1305.0 11644.0 -10.165255491916934 -0.0939042659995909
42 20.143296875380997 398.8521731615928 0.46672114576984197 -0.6155398419400823 -0.013169747264450356 25 1629.0 16023.0 -10.511859581721998 -0.17880441133837166
43 777.5496352112896 400.3880476451745 0.5709740860709943 -0.15200281258881082 0.2815126219157389 25 1525.0 10484.0 -10.051317530686408 -0.16858621206706506
44 146.75219103739852 413.31488618758146 0.4576585329918469 -0.28258206029431476 -0.14526770311824092 25 2372.0 27377.0 -11.093464639915968 -0.364234903218657
45 606.0550651988127 417.197824792528 0.6173787995806393 -0.2626391117245275 -0.001972824735970401 25 1676.0 12596.0 -10.250581629911267 -0.14650456434215448
46 644.0488335110009 417.18349605010434 0.5405559566524007 -0.30673265128268745 -0.24916018649816107 25 1595.0 10497.0 -10.052662993006422 -0.23911418969402776
47 766.643995824965 419.2420622650081 0.5689450941492477 -0.666663198079357 0.20192540590907218 25 1570.0 14154.0 -10.377197978173099 -0.002010273310095508
48 787.0771009375828 419.1709820146055 0.5583209036852604 -0.043753805800724827 -0.2200166924891167 25 1825.0 14639.0 -10.413778526963885 -0.2680836855473614
49 457.7794660114625 419.90115031883454 0.49451201127574923 -0.044126956046186314 -0.21510048902565246 25 1672.0 15272.0 -10.459739788464027 -0.1616229255971578
50 675.7608662195935 421.7376362923225 0.5362233407161751 -0.5860004721689107 -0.2771088532851043 25 1654.0 11408.0 -10.143023781269475 -0.2604003277181208
51 426.1870058343795 432.85126526922915 0.3659947143945955 0.041983617807303246 -0.044534154229847196 25 2249.0 25913.0 -11.033794237600038 -0.464182942101699
52 129.19833047521684 444.36965576332796 0.5808553133647227 -0.5608713293679739 -0.07972553078029271 25 1385.0 8916.0 -9.8754251495205 -0.018694031702762945
53 669.8105523205433 448.8606047553524 0.5466340799699564 -0.707914359441212 -0.10712908403949276 25 2262.0 19464.0 -10.723080239806906 -0.4149399532021841
54 766.1354428639119 450.2271430569901 0.4536411306221123 0.9504730224180217 0.5973721399906857 25 2967.0 33774.0 -11.321456247609614 -0.6245325950049256
55 293.8323723797883 455.0992858417683 0.5335211851148078 -0.7881447060824235 -0.09041000707752 25 1649.0 15926.0 -10.50526677847559 -0.0797345210143171
56 178.157283556572 474.0078586767833 0.5413591516859881 -0.9737539918206423 -0.18351697258070093 25 2207.0 18668.0 -10.677744480532796 -0.44618492753102484
57 775.5997153466625 473.7595959582517 0.6313156574034512 0.5997677931305642 -0.05984096436817267 25 1753.0 12669.0 -10.256855840361425 -0.20563531130814872
58 198.8131427192832 480.53673952368314 0.5709333256381003 -0.8714002497070854 -0.22593991670422112 25 1710.0 14637.0 -10.413630182079823 -0.1403393954673886
59 742.6087841486444 482.2126115735143 0.4485126491473353 -0.11059451095879508 -0.2919932262343549 25 2357.0 21407.0 -10.82638952265749 -0.6233571130572678
60 631.9549301936052 492.11562841055996 0.5651794371612104 0.12928522904384063 0.14497744524222003 25 2872.0 23329.0 -10.919740307787016 -0.7051441918726863
61 473.4000229186638 509.4037830289322 0.4264249637155902 0.01723402456233875 -0.4333940611056984 25 2608.0 28078.0 -11.120915424251796 -0.6185218113224689
62 484.1572194257839 512.7703411571777 0.6177781672356498 0.30035300141106547 0.0178154544675944 25 2586.0 19137.0 -10.704684642175309 -0.5923417477022991
63 685.9235497888794 512.7099166961489 0.6436977599215453 0.38381543621811903 -0.2766974068350873 25 1932.0 14980.0 -10.43877953340862 -0.21322544283098666
64 98.05444866284522 516.0595735930862 0.5931942605322635 0.1137735482256968 0.1820686395955606 25 1747.0 13937.0 -10.360423250104166 -0.13250536782873518
65 519.0384102555508 528.8063448565347 0.5847562402053761 -0.09749776040527845 -0.29192055122729993 25 2463.0 17511.0 -10.608277370074557 -0.5941626289836723
66 624.8359465886879 538.6980210524289 0.5155697415256141 0.2410567432235409 0.11702908962372012 25 1239.0 8102.0 -9.771480597118924 -0.04677213621612618
67 218.49912543214097 552.8607754405508 0.4663808362513273 -0.19232748697224525 0.21876090946384188 25 2770.0 32092.0 -11.265991958826142 -0.5335740643562824
68 741.3095839813874 557.2061097651901 0.6099734186029561 0.3283562123145604 0.05356761660818981 25 1545.0 9707.0 -9.967712574060304 -0.119840213875719
69 812.734888940582 586.0943966205162 0.4520293897024083 -0.04175027569913058 -0.11169999992296657 25 2273.0 18717.0 -10.680590600875064 -0.6357927611830465
70 72.24129111253352 586.7895977066883 0.565643728241 0.02439892838152826 -0.24760349602354484 25 2033.0 20402.0 -10.774181858073167 -0.1812227694310603
71 684.9639377299555 588.8345219261653 0.5143558785997514 0.04289308495172653 -0.18275182982852164 25 1853.0 14758.0 -10.42256876502233 -0.34828466071718167
72 556.4493111501822 594.604688913839 0.4993343659460078 0.5400234893000952 0.15149107468032624 25 1548.0 14478.0 -10.401771430731072 -0.1277888220067411
73 145.91068791753705 596.7366665908324 0.36961295417610995 -0.0699395810135792 0.03509526428259667 25 1363.0 13567.0 -10.331209562501405 -0.09100650579400008
74 413.59743925371436 611.7349286104785 0.461535454941562 0.4873113643830026 0.1360521460470164 25 1087.0 5378.0 -9.326551994718207 -0.0018516628335635296
75 35.01576475316695 629.2418272001521 0.6009941943879723 -0.042571084292695495 0.0450706559808738 25 1639.0 13598.0 -10.333687592095231 -0.11446171109917852
76 575.2142786090853 629.107806931778 0.4744552428210255 0.9042183861615447 0.14107720114790148 25 1399.0 14009.0 -10.366017838217633 -0.015276720618175563
77 244.3785972410672 629.8915053503575 0.426509368597771 0.043040037413828655 -0.1210207017216263 25 2346.0 25884.0 -11.032578477875425 -0.44430429872081867
78 726.1903262059458 631.0195104559376 0.5216424871521338 0.26473845791683115 0.17982282364964342 25 2409.0 19117.0 -10.703549350384975 -0.628636334569625
79 756.9612814940464 630.9985509072259 0.4755951528991944 -0.4372539293203031 -0.11582861879765487 25 1279.0 7819.0 -9.732878032824665 -0.14638405856555317
80 129.00271318248383 638.1854824125804 0.5267730364667114 -0.149739887901676 -0.2428076923330056 25 1935.0 14384.0 -10.394699185972884 -0.37899534887806235
81 65.75945661391584 641.6319545195549 0.5099472940729022 -0.26531127146531247 0.09806349707748772 25 1233.0 7406.0 -9.673959269283559 -0.005926532113847281
82 624.4193404979428 641.9045436262758 0.41752348106575377 0.4237007136579065 -0.17972604147051505 25 2410.0 23633.0 -10.933797137422802 -0.5924564958492154
83 795.638849486709 645.374889467898 0.4205654639576571 0.6894843503003047 0.11103827034313452 25 2276.0 25273.0 -11.00664199341416 -0.46852852254326516
84 413.1786896616474 663.3998632689695 0.5205974757527161 -0.28469500899288186 0.16384815605844757 25 1531.0 12791.0 -10.267261247339107 -0.08150259258689943
85 357.26840960854156 690.0521059037037 0.5516855752047416 0.10677005121484887 -0.12737325485349962 25 1391.0 8140.0 -9.776561012223002 -0.12808514057656395
86 434.77628687720426 710.1389888419337 0.44831403399048114 -0.18020295663884675 0.2117337666962443 25 1781.0 13554.0 -10.330168703260016 -0.3970144424948744
87 411.01479138802824 716.0924683566046 0.5293591301523186 0.11768026737900572 0.256225711224753 25 1498.0 11908.0 -10.189597064936716 -0.08966288434971584
88 376.240745185062 740.6708431713955 0.4603476592166258 0.12641582698497125 0.06640035523085662 25 1322.0 9379.0 -9.930391339648734 -0.13190994432723713
89 711.1216684313727 755.6081709233287 0.4593712618784363 0.530943900954944 0.19530115356302247 25 1503.0 13526.0 -10.327923457723308 -0.1303306661623001
90 149.2836489158722 757.8428874756256 0.4018252217452535 0.19360182736604442 0.09487295130030966 25 1881.0 22110.0 -10.861471856446785 -0.17718855332088457
91 633.2021833864744 758.0155508813792 0.615868941149986 -0.08698343604908491 -0.012052955568478749 25 1704.0 9688.0 -9.96558532533749 -0.23269606151414485
92 153.70030848743838 770.2566931734677 0.5858756313918478 -0.7423317384827688 -0.0993249936470946 25 1627.0 13747.0 -10.345519831670408 -0.06432162017247525
93 116.28301605439728 774.5241472716476 0.45930137864572856 0.3832499153911351 -0.24787976314652058 25 3765.0 53225.0 -11.8152891752759 -0.6334133451237576
94 269.44189772206784 774.8393798649552 0.49475923232499497 0.06359596794669722 0.30777709274136794 25 2089.0 21964.0 -10.854278587593349 -0.2924195701958027
95 17.024359986313165 780.0753083996517 0.5671559927074211 -0.5299421896988645 -0.6601448595155779 25 1409.0 9411.0 -9.934089433543518 -0.0076377560631473995
96 167.56598794984777 785.931010873316 0.3672183651020708 0.35601112313674627 -0.2650521433515994 25 1467.0 15718.0 -10.490993211093357 -0.12101334686839992
97 780.3545732467218 787.901061768609 0.49937400482840727 -0.056720241432391384 0.12958513768674687 25 2134.0 17152.0 -10.58578692003169 -0.5124876561877015
98 257.9233523350664 804.6247536497372 0.5581225876930086 -0.3599247793288266 0.2445267657959066 25 2552.0 23481.0 -10.926791471348864 -0.5016283629333882
99 460.70696300217975 811.6219602911417 0.4955944884003899 -0.8706977339324229 -0.0006926257639308094 25 1703.0 13815.0 -10.350877223131326 -0.29039364393648925
100 64.8001000005023 819.2741699307257 0.41455017915270415 -0.42777525731434934 -0.4328779143133544 25 1372.0 11472.0 -10.149097845809312 -0.06666022326591146
101 695.3838347506128 819.0282908438389 0.5075659148220353 0.5976947792362406 -0.027174458751102745 25 2024.0 14216.0 -10.381943536993113 -0.498669682031408
102 230.65541069095204 833.2091461648322 0.3933107224729766 -0.9378613960763003 -0.7435048362311358 25 1552.0 15570.0 -10.4807215314203 -0.14876629651473208
