test_CNN/outputs/tables/02344_b58024m0s0_sources.ecsv
# %ECSV 1.0
# ---
# datatype:
# - {name: id, datatype: int64}
# - {name: x_centroid, datatype: float64}
# - {name: y_centroid, datatype: float64}
# - {name: sharpness, datatype: float64}
# - {name: roundness1, datatype: float64}
# - {name: roundness2, datatype: float64}
# - {name: n_pixels, datatype: int64}
# - {name: peak, datatype: float64}
# - {name: flux, datatype: float64}
# - {name: mag, datatype: float64}
# - {name: daofind_mag, datatype: float64}
# meta: !!omap
# - {date: '2026-06-03 17:09:38 Eastern Daylight Time'}
# - version: {Python: 3.11.15, astropy: 7.2.0, bottleneck: 1.6.0, gwcs: 1.0.3, matplotlib: 3.10.9, numpy: 2.4.6, photutils: 3.0.0, scipy: 1.17.1,
#     skimage: 0.26.0}
# schema: astropy-2.0
id x_centroid y_centroid sharpness roundness1 roundness2 n_pixels peak flux mag daofind_mag
1 763.2245063749031 20.884174149601677 0.39606581080383585 0.729784296220746 0.191893771235172 25 2240.0 20196.0 -10.763163405058622 -0.41697114496453364
2 773.5595492843063 25.153697755335124 0.6021265113482825 0.3325012393001951 -0.04831132144618831 25 1747.0 10174.0 -10.018729333238339 -0.059691730940010346
3 779.6785832331002 34.464083454786554 0.4732670170587063 0.7513944052855558 -0.018744108726449216 25 1572.0 11876.0 -10.186675472310018 -0.12152822683286992
4 230.0012709502363 48.40950020167882 0.5301200582077596 0.1063894344340403 0.07370727025970836 25 2525.0 25291.0 -11.007415003955698 -0.23781980658859184
5 491.353012422991 80.04326536085324 0.504844574558208 0.0023430895531242734 -0.027279048391756353 25 1413.0 8864.0 -9.869074368460886 -0.02678411252382263
6 330.8322005064465 107.01143990368739 0.48141729448771103 -0.3345423419320299 0.05824299568508493 25 2622.0 27448.0 -11.096276762620292 -0.3673973033651141
7 824.9850364881913 112.73644848219557 0.44195141108333635 -0.5947027389125866 0.11872230447037091 25 1269.0 7784.0 -9.728007068150738 -0.038453823824751245
8 350.78977890348466 153.93999223128947 0.40190878635869226 0.5076036781732205 -0.2419230574585675 25 3265.0 42856.0 -11.580029083412008 -0.46294460527468373
9 134.16320176578108 194.02882506284226 0.4579259947286129 -0.5222504085843446 0.18827576301466614 25 2180.0 24252.0 -10.961868898907321 -0.1312722952053797
10 372.61467809377393 212.75595607652417 0.47787005598022836 0.17518812775657835 0.15196040786612877 25 2262.0 22488.0 -10.879877081498462 -0.22261938686266
11 483.4984279687608 214.70448553560732 0.5060169872322592 0.6960183461777377 0.07240400600530325 25 1408.0 8482.0 -9.821245670309226 -0.008874953312467843
12 271.9783601766309 254.36602236913274 0.456745665976668 0.11032949623031806 0.05204750961482653 25 1731.0 16349.0 -10.533727984575837 -0.04024773630852865
13 431.1094368786084 262.837290115227 0.49238502831008846 0.03880021878935813 0.2440294371789295 25 2326.0 26424.0 -11.054996401708394 -0.17873457260557338
14 162.68994106453255 298.9918564501079 0.5005597933410281 -0.8882471547839559 -0.21500094537901535 25 3407.0 35501.0 -11.375601466325424 -0.5927229518489636
15 381.7369794108695 345.2978310751413 0.5818716514096913 -0.8175436049574047 -0.2835268679245888 25 2116.0 16736.0 -10.559129167967951 -0.1852607649456503
16 45.40690044561749 400.6919957787736 0.4207087677152597 -0.9962323820015131 -0.43970775793814443 25 1557.0 14579.0 -10.409319339897262 -0.004191908670145584
17 525.1542791011433 411.90809357986933 0.6443601198528586 0.38099233811579514 0.46775737398723727 25 3495.0 26865.0 -11.072967112261782 -0.6502008306724832
18 663.991029067866 413.38394095740426 0.6506245744121539 -0.44384165162605443 0.19471586050795514 25 1994.0 17171.0 -10.586988970551607 -0.028522914059728198
19 788.0073009924312 415.34090563472887 0.6565236882713514 0.2878051293007452 0.7418267482917886 25 1811.0 8574.0 -9.832958697936535 -0.15673206750180968
20 538.4958728516799 420.21011514040885 0.46708958684394564 -0.5366293464149571 0.3759518534576201 25 1281.0 5149.0 -9.279307229568087 -0.021993094297836906
21 492.7423024272549 424.75887284008434 0.45301772673936647 0.18496966686545133 -0.04299768134480714 25 3078.0 26015.0 -11.038059575580139 -0.7430426343432874
22 620.2994270713439 436.0063610846879 0.48848481124940923 0.10855786128598739 -0.14637082815359118 25 3792.0 39048.0 -11.478996986621162 -0.7787466993310399
23 493.98441046340844 442.5279006918108 0.38627393978837427 -0.5992010155769232 -0.6251696460930989 25 3458.0 41997.0 -11.55804567063883 -0.6109517583112885
24 775.0979479098968 463.64887797087 0.5542944511106206 0.4414464920996914 -0.12435659695087291 25 1911.0 14397.0 -10.39568001163021 -0.1257568494797266
25 63.75576587663548 476.00485798547 0.4707311159004553 -0.6480296884341894 -0.07192278569094858 25 1830.0 15381.0 -10.467461430400153 -0.15433047331771516
26 124.51981960017308 484.9376902683235 0.5062959908914547 -0.4673837219711274 -0.053571140882079385 25 2577.0 30568.0 -11.213167561700882 -0.18057413165134317
27 313.5387813604353 499.70650657190623 0.539680790146049 0.11234965309242831 0.12174583198698315 25 3090.0 36126.0 -11.394549693976979 -0.3698608411432696
28 742.5739669229224 503.4740879389988 0.4195507636119058 0.895872050301307 0.4719875161651319 25 2578.0 26154.0 -11.043845298503319 -0.4280627380331925
29 453.0210515380294 505.67692748645237 0.6686846744946996 -0.18497768143339827 -0.3499276275949965 25 1981.0 12227.0 -10.218299780516002 -0.142176859660554
30 191.95905314331432 591.9940578506839 0.53859088435331 0.09310335871957644 0.01776505907850482 25 1980.0 18080.0 -10.64299606534836 -0.10852183630017916
31 821.1257044906471 679.9993056787036 0.4530428863725105 0.2688619410692364 -0.503163062767998 25 3146.0 28808.0 -11.148782770908072 -0.7380731968984806
32 148.0538273943462 745.5809956610784 0.35362471162099324 0.10756591910931655 0.3933590916605451 25 1355.0 11845.0 -10.18383766264696 -0.02583557794640461
33 747.5445397422088 756.3690653546793 0.4841490705913512 -0.35271412885116205 -0.12564561591590998 25 2233.0 16873.0 -10.567980766285093 -0.4580170124425528
34 603.2321040284124 772.8973650742771 0.5112301250059894 0.18595619208092604 0.3314682176782881 25 2413.0 17292.0 -10.594613067154036 -0.44401430970825995
35 813.7130832909846 798.2513010433404 0.7142248761693762 0.4655698948903436 0.056129340240421974 25 2279.0 11353.0 -10.137776594635366 -0.2759794341550582
36 6.214928326055251 826.492126430665 0.36582503501722574 0.45243596587982066 0.15358642603764103 25 2951.0 42995.0 -11.583544883212474 -0.2808082368405672
