test_CNN/outputs/tables/02356_b58055m0s0_sources.ecsv
# %ECSV 1.0
# ---
# datatype:
# - {name: id, datatype: int64}
# - {name: x_centroid, datatype: float64}
# - {name: y_centroid, datatype: float64}
# - {name: sharpness, datatype: float64}
# - {name: roundness1, datatype: float64}
# - {name: roundness2, datatype: float64}
# - {name: n_pixels, datatype: int64}
# - {name: peak, datatype: float64}
# - {name: flux, datatype: float64}
# - {name: mag, datatype: float64}
# - {name: daofind_mag, datatype: float64}
# meta: !!omap
# - {date: '2026-06-03 17:09:40 Eastern Daylight Time'}
# - version: {Python: 3.11.15, astropy: 7.2.0, bottleneck: 1.6.0, gwcs: 1.0.3, matplotlib: 3.10.9, numpy: 2.4.6, photutils: 3.0.0, scipy: 1.17.1,
#     skimage: 0.26.0}
# schema: astropy-2.0
id x_centroid y_centroid sharpness roundness1 roundness2 n_pixels peak flux mag daofind_mag
1 244.18614301339636 7.4236990433738965 0.4639255932217523 -0.2278154885929105 -0.06140482691245095 25 1383.0 10395.0 -10.04206123416872 -0.12225530312532573
2 770.5549345954067 16.910128215426976 0.3648672369024932 0.7544937031986205 0.3081502086688146 25 1509.0 13732.0 -10.344334486884282 -0.29308788950615117
3 282.2957295710512 33.78591405687774 0.3772796706475105 0.5404112191951084 0.7537963686490614 25 3208.0 48154.0 -11.706580921059206 -0.46776775606561216
4 54.001284018549555 44.56721520060295 0.5955297661973867 -0.07814721363645315 0.4473546128572594 25 1741.0 11603.0 -10.161425730610066 -0.22217030780356734
5 355.33793986823946 101.90345337030871 0.5104973054057413 -0.15615203170242492 0.12129619244774834 25 1383.0 11161.0 -10.11925777033576 -0.03924302376978156
6 737.0636223961973 117.23638788531831 0.4133630849080851 -0.20162640937031354 -0.40248027732279734 25 2394.0 27544.0 -11.100067524241544 -0.4551936997497633
7 401.65687360642795 159.6395012950697 0.5180441911006117 0.1624824885254115 -0.37694727114940063 25 1967.0 16007.0 -10.510774862351342 -0.3740428934561696
8 42.12357903054877 162.32498026378724 0.44068399676882025 -0.2266321814018962 0.07934892615369013 25 1640.0 13878.0 -10.355817207885657 -0.27134529269197655
9 757.4563948818369 190.1310627875752 0.4591642787342068 0.05502154747525277 0.11242820655833434 25 1369.0 10745.0 -10.078016049568655 -0.14003801822403125
10 227.72336770647763 270.79674238205644 0.5112286326735251 0.0877509531920201 -0.11155737251349503 25 1678.0 15288.0 -10.460876685117391 -0.18392041796145173
11 172.8579281050325 280.836681590279 0.5148210697591975 -0.16700449860889902 0.08895002555966953 25 1479.0 10997.0 -10.103185562635575 -0.14533465830409484
12 19.702318838514916 303.5046357321853 0.398764303158311 -0.10270312816007353 0.4615549794051519 25 1772.0 21255.0 -10.818652773257853 -0.17213635624872964
13 130.7730089683802 350.5350127271709 0.5089368524137923 -0.164235447152253 0.19134736568734714 25 1476.0 11853.0 -10.184570711002772 -0.10846832383194968
14 598.2630494542179 356.4744217586272 0.6211274396833557 0.4357250654619402 0.44006697109951837 25 1427.0 6872.0 -9.592707877057965 -0.13378409819449516
15 27.4557430372139 461.4429331463968 0.564465134232789 -0.033227986284763186 0.2525560365738668 25 1935.0 19658.0 -10.733848326829392 -0.17189553101236343
16 379.33685055101876 462.86607999011585 0.41692026598842274 0.6901638261555854 0.40654040482463416 25 1388.0 10849.0 -10.088474272996692 -0.21035902116446722
17 701.5309104496176 470.14006009414317 0.5026976550266847 0.5475486655509382 0.1674185826824772 25 1284.0 8475.0 -9.8203492671878 -0.07533735819695352
18 785.5586999061069 489.0978456875899 0.34643877014869634 0.4768637236120729 0.3789961941738088 25 1246.0 11032.0 -10.106635632919483 -0.10073871964220953
19 768.3609145142599 498.8620722673869 0.47258045757475253 0.2549048587905352 0.15401249534407713 25 2638.0 27832.0 -11.11136103934883 -0.6125956846605626
20 620.0499800276623 517.3422141380264 0.5570362614102973 0.9098166596215351 0.7047680269316136 25 2605.0 25450.0 -11.014219466681945 -0.5239776556119116
21 696.0508432973053 579.3858482340707 0.5587142830562175 0.5818452240014734 0.30703395506931286 25 1744.0 16152.0 -10.520565764838956 -0.11417373896698625
22 806.1773312813796 595.0559741572686 0.34614735200345076 -0.05287633790528305 0.3340484502143382 25 2070.0 31084.0 -11.231342250720333 -0.15623684487801376
23 263.7601206453113 613.7646754033248 0.38416785399647313 -0.30818284444751914 0.08233430862701749 25 1681.0 15684.0 -10.488642084070424 -0.3617661541150218
24 506.8138573881515 618.2798114434243 0.5192709213689825 -0.42340997993443147 0.2628011725976345 25 2522.0 27064.0 -11.080979961949811 -0.43370586782119463
25 364.09694185133884 644.6121627684221 0.430089046338064 -0.29855946870680006 -0.11347538965890028 25 1330.0 10531.0 -10.056174031919422 -0.12944754392301155
26 7.9807188243725316 648.9825425250394 0.3301373241923137 -0.021253878949735957 0.011934475926194706 25 3714.0 69325.0 -12.102224695624749 -0.1704540266389891
27 329.508492717041 667.2100411985263 0.4529247294729828 0.4400059484389191 0.2842756556677351 25 1714.0 20763.0 -10.793225259901046 -0.05429252699313672
28 404.9481510358384 681.6826561878128 0.4590782943594667 0.8429686691934642 0.43601991950461283 25 2678.0 32223.0 -11.270414928258418 -0.4800046874892603
29 630.9716740550951 691.4900678451371 0.6141702480405067 -0.3501515566933027 0.3215352412674523 25 2225.0 28227.0 -11.12666180813038 -0.06291475694147415
30 64.25465976671968 714.584761984266 0.38218083754319754 -0.030694904386432763 0.13110077217270305 25 3456.0 53737.0 -11.825683543044633 -0.40521757424505817
31 696.7087026207763 740.9597089043336 0.520609206688113 -0.14557034909349165 -0.6489943764486834 25 1739.0 15283.0 -10.460521532778756 -0.17691976828117012
32 216.8060891276585 780.6341500002387 0.6059327498919493 0.3366965302311698 0.15842436026710324 25 1867.0 19188.0 -10.707574274484648 -0.03532217337164076
33 539.8629785074543 820.2800058574113 0.451901246340287 0.6910988046784472 0.36947169856835316 25 1967.0 25020.0 -10.995718263393503 -0.11248049998815526
34 426.06121485690363 822.8035821277604 0.5213436945788928 0.19327633258789678 0.0928559914321055 25 1213.0 7262.0 -9.652640611442184 -0.0032617065694770385
