test_CNN/outputs/tables/02360_b58205m0s0_sources.ecsv
# %ECSV 1.0
# ---
# datatype:
# - {name: id, datatype: int64}
# - {name: x_centroid, datatype: float64}
# - {name: y_centroid, datatype: float64}
# - {name: sharpness, datatype: float64}
# - {name: roundness1, datatype: float64}
# - {name: roundness2, datatype: float64}
# - {name: n_pixels, datatype: int64}
# - {name: peak, datatype: float64}
# - {name: flux, datatype: float64}
# - {name: mag, datatype: float64}
# - {name: daofind_mag, datatype: float64}
# meta: !!omap
# - {date: '2026-06-03 17:09:41 Eastern Daylight Time'}
# - version: {Python: 3.11.15, astropy: 7.2.0, bottleneck: 1.6.0, gwcs: 1.0.3, matplotlib: 3.10.9, numpy: 2.4.6, photutils: 3.0.0, scipy: 1.17.1,
#     skimage: 0.26.0}
# schema: astropy-2.0
id x_centroid y_centroid sharpness roundness1 roundness2 n_pixels peak flux mag daofind_mag
1 628.5728485769231 30.014864366496873 0.523349626528061 -0.49430736768053746 -0.09926586965109935 25 1219.0 10537.0 -10.056792450127574 -0.0452381803713732
2 355.03282251186005 40.16191363591871 0.5702447643998998 0.2601793169407824 0.3445456639091812 25 1269.0 7712.0 -9.717917552236935 -0.14107131975895482
3 773.9729007620091 40.088862533134005 0.6635508833361119 -0.9776032490268749 -0.23497615615307618 25 1294.0 6205.0 -9.481854464586872 -0.18916995165449466
4 97.3562710663872 57.13369906830683 0.4977486584292054 -0.02521419662114815 0.24396710948888203 25 1989.0 23103.0 -10.90917094527692 -0.27089128753618297
5 395.035466862009 59.79734941831943 0.5358245071330585 -0.5162890963008824 0.12613857483485807 25 1497.0 12176.0 -10.213761598566244 -0.27744518531373397
6 672.1148586054895 86.50673595557356 0.41323521688090825 0.9073492282524686 0.5003183251016387 25 3274.0 41268.0 -11.539033554674097 -0.9233687422776239
7 570.9143500284528 108.03222498124353 0.6736977238743107 0.19972792062727618 -0.30414499270556494 25 1626.0 8872.0 -9.870053832852758 -0.3659073624838114
8 402.257864621691 109.20149120121776 0.5479695685666164 -0.49526386075276735 0.06846565040860168 25 1155.0 8539.0 -9.828517533891434 -0.057285285829152606
9 373.8607088761042 129.56878131345087 0.6565498177161703 0.5463355650782455 0.3978236965666273 25 1752.0 14981.0 -10.43885201004192 -0.23653556285286578
10 140.2720437132818 135.49333825430705 0.41831076230134634 0.24048488108318894 0.056807993915475946 25 1426.0 14892.0 -10.432382568865886 -0.24443265680546014
11 636.9892452786189 148.15770958598392 0.4716191888953686 0.15835835680605523 -0.17559346712514745 25 815.0 1851.0 -8.16851604688226 -0.07086989506625195
12 173.99310594066532 149.18376278366844 0.7005118744878077 -0.18566954345900832 0.13251626640238542 25 2221.0 16472.0 -10.541865834024938 -0.5471502585487804
13 372.1532979788264 215.93114175742423 0.5354531313036317 -0.0817177000649366 0.08844025590643378 25 1083.0 5770.0 -9.402939532889329 -0.11475810138104821
14 373.6047300086481 233.10144019943203 0.5896128310659925 -0.10315646818385606 -0.7037338411152123 25 1080.0 6179.0 -9.477295488036447 -0.024345562742541543
15 453.77772728928966 263.1185318424912 0.5854040500641469 -0.4136586731548969 -0.15880471060458068 25 1346.0 12901.0 -10.276558438083327 -0.007406142998358325
16 354.8880035454581 288.8749792137364 0.3907143115875449 -0.3034878458325143 0.3025897630365602 25 1511.0 11281.0 -10.13086899806166 -0.5438285426385036
17 683.5917315918225 291.66506803635156 0.4354540002760516 0.5422491005563191 -0.3006909525645864 25 1883.0 19837.0 -10.74368998331053 -0.5023164799637416
18 709.6438512052598 295.74226228922635 0.6392343932771528 0.005233861282756666 0.11038849560625752 25 1397.0 10189.0 -10.020328905601657 -0.12995798720599455
19 568.1722043505717 306.35903066058216 0.737416647098183 0.08770925636100403 -0.126882377944397 25 1357.0 8357.0 -9.805126005417934 -0.04641874385212072
20 595.2831832182526 312.26773478622573 0.5908713029422646 0.7563616432992573 0.2342353012288859 25 1733.0 10370.0 -10.039446890972602 -0.49415981262430553
21 524.5754736456701 320.8349129318403 0.6926165805706536 0.14960983864844488 -0.3829631042002708 25 1558.0 8351.0 -9.804346209211497 -0.26885783828516424
22 408.7451795552853 355.28187237561605 0.5402412381326951 -0.35554071684502425 -0.11795814562795227 25 1639.0 11044.0 -10.107815994918063 -0.47815197664703096
23 625.8279233536896 358.22330095603877 0.5618939656940802 -0.4367106755010284 0.37991747595439423 25 2886.0 26539.0 -11.05971138612285 -0.8522598295056774
24 617.970616492644 359.9662758620621 0.44721809535785967 0.5907090344387244 -0.35157106609131294 25 865.0 4866.0 -9.217930261487 -0.008542585152551357
25 387.4336165472297 372.07256494838634 0.571733434129044 -0.3907663911856982 -0.8108184108505957 25 1400.0 7721.0 -9.719183881136118 -0.3395611982454324
26 382.4143942132778 399.0722707547823 0.5885770077505698 -0.6700936743377011 -0.4312642124982525 25 1294.0 9924.0 -9.991716889000429 -0.07598983749981653
27 683.2305997533177 404.72876732004704 0.6664684725779717 -0.5425041539517372 0.3792710810532763 25 1283.0 9184.0 -9.907579687634746 -0.014439887558208271
28 317.2504854180257 406.04535757925373 0.39830856826953714 0.4606126532659532 0.3139174379709926 25 2028.0 26983.0 -11.077725583411526 -0.32892581869687043
29 501.8581067281946 432.9127464009096 0.680427822350722 -0.09021732506847041 -0.07163861068298834 25 1242.0 2115.0 -8.313275929277653 -0.27582277346115286
30 361.1162515607503 433.67130299814926 0.40626905100375404 0.4056779807883046 0.07773051016740805 25 1410.0 14918.0 -10.434276507039776 -0.22372343026436875
31 66.85643664960557 434.9783853104845 0.5222722262585571 -0.5501360812231048 0.07209669258652002 25 2112.0 20286.0 -10.767991052873532 -0.531139946420546
32 815.8757583284162 466.57674613428213 0.4791881453534418 0.9812220937415255 0.3405024647021221 25 1493.0 11939.0 -10.192419880494796 -0.31997097845622735
33 437.156452700355 468.0099728773707 0.37972940319421505 0.27799828123623554 0.009703547558602796 25 1611.0 14497.0 -10.403195347269275 -0.4996812372920856
34 473.62115797567185 497.44529056507923 0.5624613014015883 -0.605814629295684 -0.02489506420752116 25 2942.0 24726.0 -10.98288466227058 -0.9363415000255572
35 309.8286595205005 499.2937529231243 0.4880499896921339 0.5229911641388486 0.44327860017466303 25 1285.0 9920.0 -9.991279180385446 -0.20514239093912123
36 197.38584872597633 506.7576146311349 0.4891941996781586 -0.8663481625588986 -0.30506613025803603 25 2545.0 26128.0 -11.042765418481482 -0.7510975227068997
37 648.9989452148966 585.3759209591368 0.5222929963767646 0.11497308787454183 -0.0695388873728487 25 1584.0 12144.0 -10.210904396378513 -0.39978815307499865
38 126.0389879403421 613.2776986656763 0.5432732575089065 -0.250647656926856 0.23935793292637164 25 1226.0 5358.0 -9.322506773180475 -0.2720747877175317
39 245.07719238517112 615.9680152737934 0.41682582818617664 -0.241918046182062 0.039666615197170844 25 1105.0 8894.0 -9.872742812782288 -0.1955668841356561
40 312.30456550889033 635.4040499167585 0.5016715233621123 -0.27459415895906275 -0.03272211313489332 25 986.0 5214.0 -9.292927567080776 -0.03634994026989909
41 716.4669536669804 649.2872652880174 0.5360993259275266 -0.7918795361971364 -0.2760850989991501 25 1128.0 7498.0 -9.68736359021383 -0.03486043739777368
42 756.9595543197478 672.192812609058 0.5949737566546965 -0.7585223103291713 -0.16094919074911307 25 1696.0 12409.0 -10.234341961405848 -0.35438435952335984
43 151.77708203091763 687.0527637866137 0.7087804024071935 0.30467186155553094 0.1212415224026621 25 1370.0 6709.0 -9.566644479689673 -0.1369249404430613
44 350.74433859808886 688.1667745052087 0.6686029190865874 0.4953312617601861 -0.14003733460073625 25 1144.0 3006.0 -8.694972440627224 -0.11461352715349137
45 311.0458988159556 703.1189807583723 0.6439230459222713 -0.8793890035138195 -0.21986996291982236 25 2624.0 20021.0 -10.753714414081495 -0.7488300444228512
46 197.84740323242386 729.9528228011553 0.43143123463969313 -0.24819584431379424 0.14025754301411678 25 1007.0 7804.0 -9.7307931518062 -0.02008654654019182
47 610.7123891480836 772.8136635647725 0.6953862480621109 -0.2271445732041405 -0.412523128018648 25 1309.0 7596.0 -9.70146239016245 -0.05766581979966072
48 434.8696989196074 811.4012464060256 0.46566255931805073 -0.7766623888982311 0.011874956614316628 25 1454.0 11986.0 -10.196685683401165 -0.3097911682260102
