test_CNN/outputs/tables/02374_b58329m0s0_sources.ecsv
# %ECSV 1.0
# ---
# datatype:
# - {name: id, datatype: int64}
# - {name: x_centroid, datatype: float64}
# - {name: y_centroid, datatype: float64}
# - {name: sharpness, datatype: float64}
# - {name: roundness1, datatype: float64}
# - {name: roundness2, datatype: float64}
# - {name: n_pixels, datatype: int64}
# - {name: peak, datatype: float64}
# - {name: flux, datatype: float64}
# - {name: mag, datatype: float64}
# - {name: daofind_mag, datatype: float64}
# meta: !!omap
# - {date: '2026-06-03 17:09:42 Eastern Daylight Time'}
# - version: {Python: 3.11.15, astropy: 7.2.0, bottleneck: 1.6.0, gwcs: 1.0.3, matplotlib: 3.10.9, numpy: 2.4.6, photutils: 3.0.0, scipy: 1.17.1,
#     skimage: 0.26.0}
# schema: astropy-2.0
id x_centroid y_centroid sharpness roundness1 roundness2 n_pixels peak flux mag daofind_mag
1 491.4764132949252 1.275769792950117 0.32315196582743916 -0.7698473101557488 -0.5279560272560715 25 2907.0 41839.0 -11.553953239619846 -1.3281598279634552
2 527.0013977100941 66.64868287995586 0.4561342064913413 -0.5870188820875447 0.06610927219888815 25 1000.0 13002.0 -10.285025404258654 -0.08198479387708404
3 383.5130080667997 77.82977560602585 0.5024483586550977 -0.9582194848353048 -0.16359890138685967 25 888.0 9563.0 -9.95148538944055 -0.12413227285378925
4 593.8597106412309 140.40889706616932 0.4467907465535356 -0.4429742139435042 -0.09403098909657609 25 2146.0 33082.0 -11.298979393276518 -0.6467163919902299
5 23.743717277178735 262.5567893822629 0.4233642236825157 -0.7859579272682821 -0.11844543845203556 25 1949.0 29224.0 -11.164349148009652 -0.6762798236157098
6 271.8872368496727 393.05162304351273 0.36988779414053957 -0.9816134665564515 -0.2915750141320913 25 1106.0 16756.0 -10.560425879222954 -0.1426558164401577
7 304.3176616124269 451.1513457261934 0.3939585557598821 -0.33072768889699844 0.4384555799633426 25 2026.0 31043.0 -11.229909212239237 -0.7128960726951966
8 483.16522771586233 492.47167000290096 0.4358988785298808 -0.7628365856686753 -0.06734387713615489 25 1131.0 16103.0 -10.517266982327161 -0.11244289513636396
9 789.7164845012445 521.3827224780831 0.3708606496395364 -0.017615450698272056 0.5411053551402577 25 1838.0 25205.0 -11.003716754435423 -0.8242858689105391
10 330.12004076649765 530.0642937261961 0.435976855715826 0.6913140081293873 0.4966112864504799 25 1748.0 21857.0 -10.848976380670102 -0.7994271361548712
11 35.37571068054114 566.4081325657768 0.6013614001992583 0.5672236847264177 0.5434888293090999 25 790.0 5556.0 -9.361905592663945 -0.13671680171845518
12 6.950763798531789 566.8268574361273 0.41396314183961674 0.7898073100303005 0.5205125977199176 25 611.0 4779.0 -9.198342576301984 -0.08551006931462707
13 669.7077334835889 578.699624036686 0.511283615765522 0.6966306992548352 0.29223555731789513 25 845.0 7998.0 -9.757453499493757 -0.13862996657870508
14 163.736843094929 582.19165893927 0.3612902572902657 0.5186142051137456 -0.016309365796082335 25 942.0 8821.0 -9.8637945551946 -0.4888510464096575
15 176.52904207104274 587.6671672907012 0.5739436717967819 0.4741910269246003 0.35330423069084527 25 1368.0 15045.0 -10.443480480190248 -0.4479889628459257
16 657.8882284902554 588.1389418107073 0.5079384974677682 0.9729151390685066 0.028113204774523413 25 854.0 8429.0 -9.814440134591866 -0.150195660935965
17 144.98354067454864 592.2677408817684 0.52971708329881 0.8823619307067229 0.2478943781886742 25 833.0 8280.0 -9.7950758419622 -0.08291375078549358
18 424.1079326545083 601.4225094794873 0.581128549683676 0.8116018086081495 0.3924345034579277 25 625.0 2639.0 -8.553598475550125 -0.09043697403719247
19 529.2181498855076 620.9009656186831 0.42429834843208747 0.860914322539536 -0.10747653111670036 25 1625.0 20415.0 -10.774873460647541 -0.7339069101979698
20 392.8167546168881 638.9903363467822 0.43873704660613094 0.9987954644238745 0.09638459586747436 25 1481.0 17226.0 -10.590461107200376 -0.7147843732758099
21 759.8131321330078 650.3438677990674 0.4676281080631269 0.07127310214828463 0.5686132662885671 25 1662.0 18582.0 -10.672731139351077 -0.7812225359949838
22 123.61324279029932 660.8661881792021 0.49513525298710237 -0.01025269390015038 -0.08302376701239032 25 715.0 5324.0 -9.315595117006595 -0.13568483960681219
23 703.8330074123356 668.8001746248727 0.41112361751207094 0.1932919827650201 0.17198317752340372 25 2514.0 34418.0 -11.341964075626747 -1.0956509141996067
24 98.13062361275513 670.1326738768787 0.4175076162624647 0.9237470940666574 0.23140781118703338 25 728.0 5715.0 -9.392540586828252 -0.25680862581802655
25 210.4451054059466 675.5823457805872 0.48694183307933186 0.34042124737844404 0.16363184706871628 25 1307.0 14186.0 -10.37964988878128 -0.5077129429134317
26 764.4523224484702 679.3333541764092 0.6471200902895816 0.3207106989117697 0.049869812689483387 25 1083.0 10930.0 -10.096550404874256 -0.1942793424690777
27 704.4548138398255 683.6591284485864 0.6535275938855064 0.6247683993152882 0.3019397735354664 25 921.0 8731.0 -9.852659970549755 -0.05356992761929116
28 752.2011403452708 716.2731204404373 0.42348205561223223 0.21937741437208627 0.27612327567973266 25 1008.0 11127.0 -10.11594522012068 -0.343197124942061
29 313.9281858133843 734.5224743064504 0.6512823273690739 0.08186149648265253 0.40459387258022894 25 910.0 4832.0 -9.21031731403269 -0.3058108623819125
30 728.8273220607335 790.6407585178824 0.48400460211421037 0.13372459032898504 -0.4290914451826564 25 674.0 4778.0 -9.198115363534647 -0.08997649463283092
31 541.7340995663254 808.3209272685173 0.38155937637768117 -0.35907859239516515 0.05108623024480005 25 3415.0 64226.0 -12.019277187410221 -0.7395941605674792
32 213.35961973067592 812.3158686587893 0.517844104993822 0.24406284205017867 0.24851869015494757 25 760.0 6791.0 -9.579834326166864 -0.06466253234747835
33 394.02180999846956 825.922273127441 0.4608382808381254 0.46913107426433265 0.09039112114782528 25 1466.0 15315.0 -10.46279250285648 -0.7250738021976639
