test_CNN/outputs/tables/02376_b58335m0s0_sources.ecsv
# %ECSV 1.0
# ---
# datatype:
# - {name: id, datatype: int64}
# - {name: x_centroid, datatype: float64}
# - {name: y_centroid, datatype: float64}
# - {name: sharpness, datatype: float64}
# - {name: roundness1, datatype: float64}
# - {name: roundness2, datatype: float64}
# - {name: n_pixels, datatype: int64}
# - {name: peak, datatype: float64}
# - {name: flux, datatype: float64}
# - {name: mag, datatype: float64}
# - {name: daofind_mag, datatype: float64}
# meta: !!omap
# - {date: '2026-06-03 17:09:42 Eastern Daylight Time'}
# - version: {Python: 3.11.15, astropy: 7.2.0, bottleneck: 1.6.0, gwcs: 1.0.3, matplotlib: 3.10.9, numpy: 2.4.6, photutils: 3.0.0, scipy: 1.17.1,
#     skimage: 0.26.0}
# schema: astropy-2.0
id x_centroid y_centroid sharpness roundness1 roundness2 n_pixels peak flux mag daofind_mag
1 502.7441645460014 40.11891940639241 0.4346350890985928 -0.4435206380196727 0.0027051178931286578 25 1759.0 16361.0 -10.534524611603754 -0.5645224342825349
2 37.06649162371486 62.1581142449087 0.4274181519878266 -0.3255426531872276 0.01878634592751606 25 1234.0 14047.0 -10.368958956054101 -0.014861619602334501
3 666.2204630899148 71.28325691360668 0.4632657050285857 -0.12088347198924729 -0.10986906731598718 25 1930.0 16960.0 -10.573564619801738 -0.6623420538401813
4 486.15527759872344 75.14847977113045 0.49736119150072167 0.0010998064345990532 -0.10491798426148236 25 1042.0 6189.0 -9.479051206732036 -0.16028365533081734
5 625.1373557460531 90.16186853441015 0.40896465272856686 -0.8717364514190395 -0.2628119030404138 25 941.0 7573.0 -9.698169892061532 -0.03083553218760478
6 820.5084266884883 95.26470895368878 0.5914467808981068 -0.5353132088764738 0.23050943014317402 25 1155.0 8648.0 -9.842289202363135 -0.07189474640350196
7 572.8683547499713 109.02950293713656 0.4145873118310191 -0.5271054704241521 -0.3299114296524637 25 1201.0 13927.0 -10.359643938984892 -0.027838503902939127
8 131.5032931593943 122.95762893647556 0.46643388247960343 -0.804580235016195 -0.3114882858191535 25 1102.0 9223.0 -9.912180521594438 -0.05653730881088692
9 0.3600056173157267 141.22560265789113 0.6753444817391138 0.2780129728284308 0.42769217801263776 25 1320.0 6132.0 -9.469005365455844 -0.27882805073057587
10 715.9533838406272 147.53667285989934 0.5937185464546543 0.3365095429083969 0.1444829361733996 25 2136.0 16591.0 -10.549681408308851 -0.6250075656740399
11 308.2595260681126 188.35006375268608 0.3747925474873515 -0.6835191475888047 -0.0703492438112663 25 1245.0 12030.0 -10.200664068349612 -0.23357894368963736
12 119.35823437838923 197.69764954366195 0.42630894639587696 -0.023069884875709885 -0.22921707384288595 25 1551.0 17534.0 -10.609702505545798 -0.30000225884943066
13 73.76959381182284 238.00525614212955 0.4067518946678975 -0.4896876489309592 -0.356488497400464 25 1573.0 15701.0 -10.489818283993062 -0.39393174285644605
14 806.5111784927798 246.69184870750306 0.3957748338233741 -0.19479145816774424 0.1949436270013905 25 1359.0 10369.0 -10.039342186193625 -0.4946988318160759
15 663.2149087103501 262.2648944890276 0.47581310704796026 0.46901107872219616 0.17445147494406388 25 1032.0 5276.0 -9.30576196718582 -0.27634209456681363
16 678.1132083562469 327.3641035694499 0.4398656281029302 -0.7284795406196622 -0.3654833513243329 25 3912.0 51493.0 -11.779370486777825 -1.0127562183673562
17 783.1529725182933 330.1216452734667 0.5484056839678804 0.0015069071345492834 -0.47398894461866686 25 2907.0 30098.0 -11.196344094647245 -0.794321857586707
18 815.7714496913528 333.8513766142852 0.38829343591568094 0.5958661295267328 -0.04441970501448892 25 1033.0 10057.0 -10.006171125320831 -0.07422081302391356
19 731.0899659538445 335.56397015441854 0.6700351105897981 -0.008499399755641342 -0.3353709017705082 25 1053.0 4653.0 -9.169332631333168 -0.004146464656631217
20 638.0560919860935 343.9909945433252 0.689566351228955 -0.6542690042835154 -0.27150928293237814 25 1647.0 10174.0 -10.018729333238339 -0.3698459715127734
21 29.743368487570322 376.02460975058966 0.48279349145373207 -0.14963301777259047 0.3050929782862087 25 1722.0 16964.0 -10.57382065946918 -0.42620441017765565
22 116.49779366645589 419.4000356103179 0.4747223012362878 -0.465438360717094 -0.03353700894995798 25 3444.0 45555.0 -11.646340127434867 -0.7905631851667977
23 319.8488329864391 421.5151516245037 0.5200298313349049 -0.29805374867552 -0.14258585403312599 25 1339.0 10520.0 -10.055039349544302 -0.1929343214063861
24 667.7912119724737 427.9859049651045 0.46538063754717957 0.357863989723568 0.8688029631825703 25 3714.0 50755.0 -11.763697080278273 -0.8471148596802874
25 751.1093183482659 428.7581950025062 0.4453313554188558 0.5267711197395598 0.001790308421392925 25 1231.0 10980.0 -10.101505850285182 -0.17013099430895948
26 552.4161364388941 449.11265982933895 0.43675922191314936 -0.5604634687347051 0.03267191800154734 25 1893.0 22024.0 -10.857240495963186 -0.42956611775665976
27 647.0711791544956 459.02934825636044 0.6134709266480386 -0.9292570787021784 -0.5690149414238109 25 1080.0 6427.0 -9.520020749776 -0.021030191970190563
28 564.2553010649397 461.14274396039593 0.4586722539096475 -0.3276401235165659 0.08565445530580892 25 1616.0 13396.0 -10.317437847169572 -0.48557099650511254
29 178.00325765867197 470.24959442008014 0.45388401531787953 -0.4152791913236175 0.231962612665339 25 1728.0 16710.0 -10.557441124733478 -0.474915325177851
30 354.69483076747366 470.24877264581147 0.5461094936098266 -0.04174656346495235 -0.1854811203731149 25 1246.0 10611.0 -10.064390786336034 -0.052727123109906245
31 517.7298137012889 471.16650935194775 0.36999031754962625 -0.08816855948555936 -0.19915610165803607 25 1158.0 10844.0 -10.08797377227112 -0.26104226454309964
32 813.7304489077748 493.928686749943 0.3649198816935659 -0.16257873911858042 0.1712264444462899 25 2963.0 43065.0 -11.58531112888047 -0.7895355946442638
33 26.618333350473105 527.7522117181517 0.39219466889370413 -0.059179290097577504 -0.32543250279148184 25 1277.0 12184.0 -10.214474725819967 -0.26267785452694603
34 827.0499259144264 535.8345144955726 0.5658103421014492 0.9181294968531468 -0.020986550364794188 25 1444.0 9731.0 -9.970393681391883 -0.3421465469133057
35 58.015498591271204 573.2555456307335 0.3874659379285402 -0.044937334050420316 0.14655407186329775 25 3601.0 54693.0 -11.844829364466602 -0.8424247142341051
36 559.9612396109811 585.7105144079223 0.33449978989116247 -0.779444256110643 -0.32800416842332825 25 822.0 6339.0 -9.50505187942994 -0.022733052925663928
37 293.9883259485347 602.1636723002102 0.5250354931148657 -0.3623760749025936 -0.2977068843423115 25 1817.0 19054.0 -10.699965402203933 -0.33896801770943874
38 391.8037530731891 625.608549896139 0.5856951464560269 -0.10558367628382122 -0.1632923200157627 25 1553.0 14528.0 -10.405514577942526 -0.20906560854325767
39 152.67711989202303 649.398443122338 0.47605165657452503 -0.20961190145663705 0.12251589542901588 25 1859.0 18842.0 -10.68781749864528 -0.49564417635262203
40 40.834165398685585 654.9616745928612 0.5385265275429968 -0.5211724478139516 -0.1675185651073535 25 2045.0 15570.0 -10.4807215314203 -0.6852744582883143
41 690.9279933718807 666.9596703096048 0.4296715477467555 0.15812471629367603 -0.10660025872464124 25 1224.0 8210.0 -9.785857892798601 -0.3610050007648096
42 757.5453232288942 678.9438330218412 0.47358833176314014 -0.22719279269629525 -0.4781091268090735 25 1076.0 9978.0 -9.997608749007906 -0.0355660403060569
43 755.7632098988124 695.3529215096238 0.491862668558602 0.7381898833282332 0.3843703603893741 25 1561.0 10785.0 -10.08205037359641 -0.5059127258115153
44 734.2131609933746 711.1446837107496 0.5491051316707718 -0.40223129644596944 -0.5184061863087697 25 954.0 4962.0 -9.239141899840476 -0.04833521790839153
45 797.2768066322438 711.0049393450921 0.4975545799509364 0.033871587895794975 0.07674903513890965 25 1061.0 6325.0 -9.502651324619638 -0.23778021948699016
46 188.51956551472364 712.1785599698078 0.5537243614519185 -0.8962817788460241 -0.27446826201715163 25 1356.0 10778.0 -10.081345448150017 -0.21043606616545849
47 323.7260917861671 721.4721442352326 0.4409208990011104 -0.44051675921864686 -0.25451221757123055 25 1764.0 20280.0 -10.767669876653246 -0.3776761294664267
48 656.9824787267937 722.7158006112538 0.7270058640443183 -0.40317154117699494 0.14608606260234325 25 1206.0 5199.0 -9.289799543583948 -0.09559223387612106
49 525.4107817829772 744.2989533445511 0.3934660735473507 -0.9668441536667731 -0.270492802439685 25 1533.0 18127.0 -10.645814836872432 -0.2924170616223556
50 763.1479836142184 743.4990089857022 0.5532382880954433 0.5622876964049321 0.46435076032488165 25 1085.0 6766.0 -9.575829983629905 -0.07736700294271115
51 778.5168962787658 745.2941160577661 0.36883086523222336 -0.47793954203495514 -0.3197484545016619 25 825.0 6780.0 -9.578074234667659 -0.003577974104475569
52 816.7079182907709 747.4699588888994 0.34843446339458894 -0.34934935836736175 -0.31372901479446685 25 1030.0 8523.0 -9.826481221106496 -0.23464041866213797
53 396.7955717020197 765.5655969800249 0.5577667768998171 0.31197909697361076 0.17789686078351927 25 1391.0 13509.0 -10.326558004206488 -0.09892473260208755
54 803.7019815541587 767.0407516871629 0.4356030577254745 0.03861437615762552 0.18491809317571387 25 795.0 3898.0 -8.977104586954006 -0.023486066990050253
55 109.97271593637691 777.6650472713919 0.5938396851485439 0.1477779754485676 0.1127422313623677 25 1532.0 13634.0 -10.336558224156093 -0.22477774318668095
