test_CNN/outputs/tables/02378_b58337m0s0_sources.ecsv
# %ECSV 1.0
# ---
# datatype:
# - {name: id, datatype: int64}
# - {name: x_centroid, datatype: float64}
# - {name: y_centroid, datatype: float64}
# - {name: sharpness, datatype: float64}
# - {name: roundness1, datatype: float64}
# - {name: roundness2, datatype: float64}
# - {name: n_pixels, datatype: int64}
# - {name: peak, datatype: float64}
# - {name: flux, datatype: float64}
# - {name: mag, datatype: float64}
# - {name: daofind_mag, datatype: float64}
# meta: !!omap
# - {date: '2026-06-03 17:09:43 Eastern Daylight Time'}
# - version: {Python: 3.11.15, astropy: 7.2.0, bottleneck: 1.6.0, gwcs: 1.0.3, matplotlib: 3.10.9, numpy: 2.4.6, photutils: 3.0.0, scipy: 1.17.1,
#     skimage: 0.26.0}
# schema: astropy-2.0
id x_centroid y_centroid sharpness roundness1 roundness2 n_pixels peak flux mag daofind_mag
1 334.8710944717135 1.8661147987593152 0.5118118706754536 -0.3037796505377297 0.19691846546299344 25 1240.0 8771.0 -9.857622777521017 -0.4127454693017064
2 795.4379762820474 14.897136911959418 0.4681993236746277 0.9623699443755417 0.08009924300043429 25 1032.0 8704.0 -9.84929720588526 -0.21975989978459115
3 265.6679913054266 24.34462691455472 0.4135141624951115 0.5937272170594783 0.26173087482500096 25 1094.0 10584.0 -10.061624577948612 -0.2181569260144645
4 711.134509595588 24.784528365571997 0.6792480545488477 -0.593149867004396 -0.39971571079531837 25 1568.0 9583.0 -9.953753720370617 -0.5084486293214167
5 316.68188122771636 33.04989843632089 0.5688594061134885 0.655876353320663 0.2731762530295154 25 1060.0 9598.0 -9.955451863991007 -0.028222877250830423
6 626.8442111362982 34.5205200364441 0.6348868112843858 0.12025775965795837 -0.06245192357076698 25 1082.0 6621.0 -9.552308969703294 -0.13858970476410842
7 398.46503825399867 38.80789137478016 0.4146002946973537 -0.06547240560067234 -0.3068320185111469 25 1498.0 13644.0 -10.3373542768384 -0.6145179142536987
8 778.7325790062971 56.333884471557255 0.5184598299791339 0.6553791329505056 0.47166830328653714 25 1016.0 7902.0 -9.744342563363569 -0.10509134154412618
9 179.33783853584893 61.79927191862254 0.5208627768794686 0.22139243148206972 -0.4594911589219709 25 1176.0 9776.0 -9.975402982246198 -0.22508476563835156
10 631.2864532434188 88.6887220730023 0.5834617239576135 0.16679684536815917 0.2548403255415896 25 2447.0 19112.0 -10.703265341854554 -0.952295864142797
11 530.1516534147186 91.20203335182613 0.6933154997691723 -0.8624477480700664 -0.13622193137769728 25 913.0 3784.0 -8.944877819324388 -0.02811993985827833
12 780.218456123963 90.82627476072891 0.5628813544098892 0.04504049150377706 0.04776056155139267 25 1833.0 12426.0 -10.235828373192742 -0.7662621468443511
13 322.38034183292154 91.97217169844406 0.4691796870975215 -0.29841612806232704 -0.12086044356715611 25 1012.0 7713.0 -9.718058328406308 -0.2127047748882004
14 699.9724799443434 103.08686247799204 0.6668511969636984 -0.37178666256392706 0.1070953884282786 25 1327.0 6687.0 -9.563078307999751 -0.3840139646746985
15 292.9743145246082 119.29049978234795 0.3970190078942168 0.41145481687690383 0.06437064117440029 25 1793.0 21978.0 -10.854970422620472 -0.5098061576342792
16 350.70896637960567 119.53286249221296 0.6267101204472032 0.02471674214561556 -0.02214215159364641 25 1432.0 9829.0 -9.981273337669439 -0.4153613535975104
17 300.8762814633118 131.03645380337636 0.5985086842765486 0.46020023270057614 0.03892388110771233 25 1389.0 13282.0 -10.308158689757063 -0.276113771687263
18 523.0738444484342 132.18173351865485 0.5263436537196042 -0.2183146277775582 -0.1325935540896608 25 1496.0 11104.0 -10.113698632776948 -0.5328915252383799
19 349.21645106429634 137.40091030693645 0.5097291688614342 0.028941306198043644 -0.2180382740349331 25 1608.0 16058.0 -10.514228633948763 -0.47986870403223
20 225.1485351060191 138.57482493494956 0.3487110387871754 0.10559520767411312 0.14607577705319894 25 1277.0 13355.0 -10.31410973089348 -0.5052231437597585
21 549.1836176462667 140.01942084970094 0.3794062883703417 0.8726990105885456 0.3502967595546899 25 1287.0 11217.0 -10.124691799684705 -0.5510184141605834
22 330.73853758421814 142.50280236613378 0.5581774405635875 0.3486643972103262 -0.09356418492275324 25 1694.0 15995.0 -10.509960611050316 -0.49996732340810707
23 793.2601123283005 152.58098894405398 0.6602378069454754 0.040251662527963805 -0.10447706617048062 25 1392.0 8770.0 -9.857498983415102 -0.3294227004259668
24 663.8765169041094 155.18426565484515 0.39349713020308374 0.031775981026492026 -0.016369769221334426 25 1521.0 17207.0 -10.589262896763636 -0.44283018164408006
25 414.93736619502005 170.8441300316342 0.4762399664020982 0.8548752847360384 0.4620833769585138 25 1649.0 14969.0 -10.437981970966508 -0.6243565547052586
26 224.90405548227466 183.85008261016304 0.4603674971853521 -0.1918572265602534 0.31821250238138465 25 854.0 6065.0 -9.45707701300648 -0.10329980303873819
27 596.1286762227857 184.12082010203292 0.7046349781594674 0.11873653323375447 -0.287920410240963 25 1072.0 5788.0 -9.4063213061175 -0.05573355649244596
28 32.10926094052623 185.52641351535513 0.44749430996573497 -0.10789836657919612 -0.10315134067317222 25 2338.0 28029.0 -11.119019008918283 -0.7741565855063688
29 528.2342408203674 187.7866173102276 0.5126643079863077 0.2633687618873173 0.4009315219772475 25 1373.0 11931.0 -10.191692114264105 -0.40715031210563385
30 694.6529163386659 213.9938970411892 0.393516437805854 0.14700977502504234 -0.05157220904868405 25 1004.0 8349.0 -9.804086152634264 -0.2950596604440748
31 759.1718746962617 218.72306738853965 0.5114435670137366 0.17844010537448424 -0.5504393166849827 25 858.0 6892.0 -9.595863171939977 -0.0029549730278642843
32 531.3091920118477 230.87846836785764 0.5586577278068878 -0.8072445276648231 -0.3028828692084163 25 1496.0 15512.0 -10.476669490176622 -0.30293475637327244
33 809.8925851383818 266.72720762219456 0.44280271855561026 -0.02671487907762447 -0.09353250605915804 25 963.0 7076.0 -9.624469560594214 -0.19703485387663505
34 611.0543567897779 273.31049245800494 0.45714857818948873 -0.5304830256538912 -0.818564836421491 25 2032.0 32230.0 -11.270650763780836 -0.2312774827990826
35 390.54086901683274 281.5474885943694 0.55711853371601 0.012477540573721597 0.0244987090062779 25 1262.0 10699.0 -10.073357968797767 -0.26451674182020346
36 682.3000155003805 290.00745445065684 0.5514852793594419 0.01641493496428689 -0.3934642609731249 25 1420.0 10307.0 -10.03283069011501 -0.46330114068528794
37 426.2139828938324 293.0213729746668 0.5707983053533884 -0.10802224603184117 -0.1948337124160449 25 823.0 3514.0 -8.86450439289819 -0.04216233082788747
38 802.3236470741781 308.7336526638269 0.5390458861997452 -0.3671494901767434 -0.23415706231229108 25 1328.0 12627.0 -10.253250451169212 -0.2543610540631684
39 156.2365261061937 309.4530096485377 0.4049237463734553 -0.09628729247305445 -0.17600396919811326 25 1687.0 23111.0 -10.909546843910444 -0.30121335422530204
40 355.41779264433785 375.21115995809134 0.453766691031629 -0.08021706096351983 -0.21220938095420872 25 2247.0 26676.0 -11.065301771866539 -0.7082646578198387
41 687.5497115109812 375.96515200249365 0.3799457941407122 0.23076732825411647 -0.07122313253010829 25 2011.0 23614.0 -10.932923897259304 -0.7610173550961221
42 564.1882124916516 396.8335588890442 0.3783663922756453 0.48366951865855023 0.10510123443817875 25 1809.0 23458.0 -10.925727454871819 -0.5446760783281533
43 225.45200172091668 403.7702233426388 0.49884482117852585 -0.23463367078151115 0.034911941830816993 25 1407.0 14741.0 -10.421317365481723 -0.32218665474473407
44 521.1661636823701 405.5147733407463 0.407771333575824 0.42872500138997055 -0.17900095509286246 25 930.0 9702.0 -9.967153175725112 -0.015838962301640454
45 539.4001552668233 419.75433269969545 0.4398453571442571 0.06751541563890216 -0.0160917911981649 25 2701.0 33328.0 -11.307023131509178 -0.8956521452343048
46 514.1962379899304 454.5771615103256 0.36055463589897374 0.4884391999799435 0.33443462363778187 25 1212.0 13710.0 -10.342593636973783 -0.29639798256342786
47 678.4138250138985 466.7249875562711 0.5271759981383134 -0.19693331050168783 -0.5035492253453275 25 1515.0 16539.0 -10.546273117997329 -0.29202390134014733
48 393.2802818032282 488.0069966178332 0.4637350690391186 -0.053577494620381895 0.14667103433321652 25 3008.0 39315.0 -11.486395700005705 -0.8841576637601589
49 663.9259842181905 529.1005825703646 0.45098028413497954 -0.6047461309177472 0.030637419287748 25 1161.0 10732.0 -10.076701659999754 -0.26027834735328875
50 208.65179047645378 532.9362269090559 0.3734053844351219 -0.2779360418173327 -0.3177243751207012 25 2309.0 34909.0 -11.357343520581548 -0.5204260158526927
51 377.65962900974654 540.221429438521 0.4893364092641741 -0.17967452548158785 0.10187917043270948 25 1607.0 17697.0 -10.619749127222025 -0.3867565322283903
52 494.64331923489596 543.9350130528376 0.5276169385956097 0.3240720554039762 0.07606095109453266 25 1029.0 9500.0 -9.944309013222119 -0.014732142979920624
53 395.58136942468826 581.7104223853258 0.44520333743070956 -0.7540401324781798 -0.6063612544306507 25 2064.0 32336.0 -11.274215740428073 -0.20949259309574286
54 548.5084360005491 583.2827589428135 0.5052554571636932 -0.04485497189658906 -0.608650563742584 25 2053.0 22300.0 -10.870762157620401 -0.6045948499845304
55 487.80570455668067 593.073157218934 0.555100273880942 -0.09535525756839411 0.12941332582425355 25 1501.0 14492.0 -10.402820813406247 -0.31852505161615524
56 264.7737435608557 646.0640071051394 0.4042556405630189 -0.11176697279252713 0.20714360905296061 25 1730.0 19778.0 -10.740455931388588 -0.5868182812430769
57 63.05679480235436 646.8121044107401 0.4598448463799679 0.18778527100232167 -0.015568458580326508 25 1471.0 18600.0 -10.67378236054479 -0.1839293979280346
58 128.42735119366952 683.3108088175 0.5420072581792803 -0.21842467095048554 -0.4225308060841089 25 1729.0 21783.0 -10.845294228692147 -0.24216278033817007
59 795.6237255328012 683.7709361581782 0.526052355425844 -0.8252970945176432 -0.6525273668694207 25 1105.0 9941.0 -9.993575184493679 -0.06795164295925313
60 595.6950610120232 714.9469462322751 0.5359549657340512 0.4832639821471125 -0.10533158998785387 25 1390.0 13850.0 -10.353624433501167 -0.22413073121917873
61 711.4947295553119 717.73281452183 0.6030401007908683 -0.29089904613088774 0.24957760629123046 25 1284.0 12281.0 -10.223084328413496 -0.11285555472435141
62 417.2558864927126 720.280019108571 0.4231101254009594 -0.3506930999710389 0.005053979260896829 25 2367.0 29361.0 -11.169427107596292 -0.7851869328423816
63 728.1999984811821 721.6835019956037 0.42189485283893385 -0.9291189184661615 -0.17932898419020715 25 1023.0 10200.0 -10.021500429404796 -0.12422050573529188
64 679.2367000538597 733.088205624058 0.3867566122736847 -0.3408081590860807 -0.17779718350016036 25 2185.0 25594.0 -11.020345414031338 -0.8310937853675703
65 43.32428430745132 736.9399205987372 0.3613431464769036 -0.4034861539642609 -0.4363753604314362 25 1224.0 16451.0 -10.540480755909815 -0.08731365096388172
66 564.1157802862491 817.934589042203 0.5346375187981881 0.06296999987262016 -0.31253965453097504 25 1077.0 9614.0 -9.95726029448157 -0.023077096800924235
