test_CNN/outputs/tables/02377_b58336m0s0_sources.ecsv
# %ECSV 1.0
# ---
# datatype:
# - {name: id, datatype: int64}
# - {name: x_centroid, datatype: float64}
# - {name: y_centroid, datatype: float64}
# - {name: sharpness, datatype: float64}
# - {name: roundness1, datatype: float64}
# - {name: roundness2, datatype: float64}
# - {name: n_pixels, datatype: int64}
# - {name: peak, datatype: float64}
# - {name: flux, datatype: float64}
# - {name: mag, datatype: float64}
# - {name: daofind_mag, datatype: float64}
# meta: !!omap
# - {date: '2026-06-03 17:09:42 Eastern Daylight Time'}
# - version: {Python: 3.11.15, astropy: 7.2.0, bottleneck: 1.6.0, gwcs: 1.0.3, matplotlib: 3.10.9, numpy: 2.4.6, photutils: 3.0.0, scipy: 1.17.1,
#     skimage: 0.26.0}
# schema: astropy-2.0
id x_centroid y_centroid sharpness roundness1 roundness2 n_pixels peak flux mag daofind_mag
1 733.5108472956184 0.36284549441499253 0.7659245419736342 -0.198410425130021 -0.9387725472372167 25 1040.0 5878.0 -9.423073954341485 -0.2796085724009641
2 788.536651566231 3.0852445859091575 0.36674091305377843 0.488968576552939 0.1638777227045555 25 1187.0 11303.0 -10.132984319002174 -0.6715233436617575
3 611.6425183092862 3.9674745609676223 0.6779532997927978 -0.054718632214607696 -0.36551141392835074 25 938.0 5815.0 -9.411374297661169 -0.22712218866237083
4 304.1610581968145 7.388385172220968 0.5822425878883396 0.4712606206012411 -0.040831081557308066 25 1600.0 19404.0 -10.719728164885066 -0.5294560035491401
5 215.35331398879424 16.499646100487986 0.39044262093925236 0.5862211952238001 -0.03566231782155442 25 450.0 1898.0 -8.195740520228185 -0.019607742696727957
6 824.9898174347877 18.85998734099688 0.458493670418134 0.146762062185953 0.39018199127773706 25 706.0 5676.0 -9.385105966963591 -0.04069961264599027
7 255.42703424405641 33.979347136598754 0.5483317138095134 -0.5887601737249551 0.1895158360197825 25 593.0 1967.0 -8.234510899798341 -0.08005362701416148
8 484.7616988843334 36.2471321428932 0.35930298254849535 -0.20469115940445462 -0.6806033399145069 25 551.0 3720.0 -8.926357349704743 -0.02479415708089825
9 369.421427422992 40.155226068977136 0.4846238829028961 -0.18657555197750011 -0.34027551144377466 25 1577.0 14775.0 -10.423818723883231 -0.8266645411153453
10 43.1518092295149 46.03125095840614 0.48725569499267823 0.6574525728952731 0.17180147908991986 25 735.0 5045.0 -9.257152926432324 -0.29033417626152674
11 559.921939246667 52.862058071633356 0.5222200202084566 0.8536628428647152 0.3879967630919357 25 787.0 5384.0 -9.327762628039801 -0.1828087620806869
12 128.58507209025817 58.94531376046542 0.5405567473056959 -0.539030749386507 -0.36813019647615103 25 832.0 6301.0 -9.498523699037818 -0.15246542086464202
13 103.05708452980609 61.78706137731453 0.3666214156068502 0.4152022753527549 -0.35775743772003904 25 860.0 9306.0 -9.921907620493121 -0.24250244184043315
14 322.4051211204409 62.320508573054 0.6308471316361309 -0.2816243640147294 -0.05445713201376415 25 637.0 2301.0 -8.404791546671609 -0.017791497529387593
15 201.1487500061904 64.59176464455578 0.53301807745133 0.42472443908580193 0.07987540429370224 25 1610.0 15203.0 -10.454823238758081 -0.7598380926736749
16 428.5792962192354 64.91341827141464 0.5206171266064717 -0.41400514975173686 -0.003943207994858329 25 638.0 3324.0 -8.804152537780183 -0.04871535902729157
17 699.8128051586552 66.05780292775985 0.5784755513957168 0.5067075915303669 0.43416701216140696 25 957.0 6424.0 -9.519513830676562 -0.32259019476151124
18 574.9250599633266 67.6439070887211 0.5166709216806847 0.4826276939928038 0.2676700148568203 25 835.0 5658.0 -9.38165735780243 -0.30100814143901095
19 800.8910428162841 74.8344458450268 0.5107011815305927 -0.8980731892685385 -0.27175741360441535 25 1036.0 9588.0 -9.95432006340404 -0.3399482019380554
20 833.5230574863981 74.9490243504543 0.9324177653504306 0.1053904166226283 0.5355179668091361 25 1397.0 7317.0 -9.660832637583482 -0.40382527897326964
21 51.59364383088332 80.30930080784046 0.40686591293487423 0.45704136670860623 -0.4576562202242451 25 2105.0 24542.0 -10.974774879430083 -1.0577433480049407
22 119.12400681972116 86.28927687342005 0.3866962535010795 0.6417829257487092 -0.23052183548323874 25 3152.0 67086.0 -12.066579744642866 -0.0792645060275278
23 814.076466709427 86.3825631812676 0.5195362947297492 0.8348621248431628 0.530413013435548 25 893.0 8926.0 -9.876642206261277 -0.11210368700669625
24 277.9430197711284 87.31570540140655 0.7017336328406854 0.3720499677490013 -0.013446938898031668 25 1238.0 6783.0 -9.578554542662555 -0.5527848340369205
25 141.2229049218901 88.27706488008648 0.45372029037948713 -0.00563944122850124 -0.2797765784634854 25 696.0 5221.0 -9.29438423302679 -0.1430259758698781
26 58.60739609245226 89.71769473144478 0.6044404183651542 -0.09510378199367463 -0.5062835544643766 25 679.0 3589.0 -8.887433645833099 -0.013682279088189349
27 25.537744277226583 94.9375580719262 0.5254543335786517 0.2672646672730792 0.39174281288679197 25 619.0 2819.0 -8.625237689679006 -0.08435650190593655
28 120.61840335798574 94.57183628482447 0.38336667293250404 -0.5976509673279999 0.2234193699120458 25 3023.0 62976.0 -11.99793768103807 -0.1636009235572265
29 525.849688841042 98.15822254327307 0.5963510747872631 0.18381480055090121 0.2791375155614307 25 1548.0 12539.0 -10.245657255949824 -0.7417938414388071
30 577.7527034466402 97.69789673267458 0.6481461718664362 0.9900204444697912 -0.22380783158007553 25 727.0 3477.0 -8.853011726708147 -0.11729973833709827
31 702.021533161356 104.18969612894512 0.4636600180469124 0.6777476100016236 -0.35811646337875114 25 668.0 4299.0 -9.083418612792517 -0.1464284641445529
32 86.27972634727864 126.08899355262865 0.6101717246349138 0.33700862838882184 -0.14492556457421324 25 673.0 3175.0 -8.754359324069986 -0.07049588259902201
33 495.30745523622375 128.55245540816622 0.5943716124750295 0.0975579306244001 0.3911540016695977 25 1077.0 7033.0 -9.617851543533515 -0.4527958853832692
34 588.086682910845 131.8087914752369 0.46653597633325494 -0.010589846967242281 0.09057064672444802 25 1407.0 12578.0 -10.249028975981322 -0.8040247023600151
35 229.37264565202167 133.33968575205733 0.4419307523019293 0.3197974099479517 0.23198575360789395 25 569.0 4246.0 -9.06994997457495 -0.01062717159693264
36 658.5398718108081 137.12660235578082 0.5011689809979999 -0.2602104001345724 -0.07446289526524072 25 735.0 5549.0 -9.360536812035415 -0.14047752780937217
37 353.6580441608775 148.35567850960348 0.39246998608959777 0.23533318617823756 -0.18056504569752097 25 787.0 9523.0 -9.946934460825306 -0.03052837108295397
38 415.02967528147104 227.9502794183177 0.43796811323922574 0.01425704512926988 -0.18408291839964167 25 1484.0 20058.0 -10.75571906744053 -0.4352220477703453
39 153.8057420325433 235.99767210899302 0.3781572178334578 -0.10671474698613907 -0.18983451956972353 25 2737.0 56388.0 -11.87796672767644 -0.07964513704022942
40 626.2393607122589 282.80882422529913 0.47684977912598797 -0.21418538248726607 -0.010625540999392821 25 1827.0 25634.0 -11.022040949949837 -0.5182285088594902
41 184.39358977908824 318.533407503247 0.4446358312663768 -0.2509153530693262 -0.2317693734065396 25 1396.0 18830.0 -10.687125800041661 -0.3864331277493994
42 8.269646038628125 349.9668677080761 0.41349521989469434 -0.36368775400386566 0.03916275130363283 25 1360.0 19197.0 -10.708083412221885 -0.3211441577498674
43 338.4355741115295 398.9999366729995 0.3788887607673746 -0.004704635638437219 -0.41952884119017997 25 1380.0 18563.0 -10.671620411679006 -0.4717762328549583
44 264.87431844101974 411.9047112834053 0.5077621938937708 -0.5224645752080646 -0.3912968673948581 25 852.0 8226.0 -9.78797176293289 -0.08483922469902691
45 696.731451385435 412.66494367377993 0.3977824686830194 -0.011210388394870504 -0.5154647017148619 25 974.0 12210.0 -10.216789159862206 -0.11855492636452732
46 571.6118704411846 419.7336365973527 0.4466607702194464 0.05821756312195706 -0.6038746007407046 25 1102.0 14550.0 -10.407157483304815 -0.09809062373265151
47 454.36794713116586 425.3387074890393 0.5869217297499921 -0.2988499654918487 -0.6983847210787175 25 1351.0 14222.0 -10.382401685760623 -0.4082110809990061
48 62.3519598298249 443.104297720924 0.3645324025719902 0.14155730014075907 -0.094898088477244 25 3207.0 59741.0 -11.940681219877131 -0.6897377799350802
49 466.7908087794119 470.31307511210514 0.41771459667158484 -0.2833985116722799 -0.1364647259495607 25 3251.0 68896.0 -12.095485020358483 -0.02689566734325463
50 395.05932706864934 544.2920059990095 0.4030271108641175 -0.2938019897378577 -0.7251724667538414 25 967.0 12215.0 -10.217233678273638 -0.13863982519230778
51 170.00215731796115 587.4581221787612 0.44670458530338225 0.19063305727844557 -0.21486996607261333 25 984.0 12185.0 -10.214563833801858 -0.0743829919824151
52 423.9140183889016 618.3076319841495 0.46011982516712435 0.4476904871846247 -0.3113973956485771 25 2202.0 30310.0 -11.203964840919056 -0.7927772681697263
53 447.87906198381353 681.7029599890135 0.3610008534014088 -0.02618566976554375 -0.574041505895786 25 1098.0 13555.0 -10.33024880479126 -0.35408248659474756
54 497.18002424531335 712.4334074685976 0.3789460931134889 0.4320419380504248 -0.33111971307191096 25 1361.0 19261.0 -10.711697078104178 -0.38633114096719967
55 617.3199926176424 717.9108382890923 0.40775086826761864 0.33749681020704353 -0.7091371655669393 25 1049.0 14442.0 -10.399068351646683 -0.09029780173729184
56 24.821365325753106 739.4807944749217 0.45629437851546817 0.09986612082470438 -0.10766332634354786 25 3005.0 60649.0 -11.957059111190226 -0.12998556619458862
57 152.3978984119357 768.1086577276039 0.41519592993741145 0.725670662949715 -0.2548424224992942 25 1298.0 18058.0 -10.641674121718083 -0.309598571630029
58 116.68800716936445 772.5421924841688 0.39725271116430466 -0.19909834539869709 -0.3955061471264291 25 1586.0 20686.0 -10.789191300870034 -0.585115103785569
59 223.77926577696377 773.0797791393493 0.5941226948705728 -0.2798265400328598 -0.40321341890362655 25 934.0 9709.0 -9.967936252718854 -0.06028510737729107
60 205.88594952280815 786.0388655537591 0.5590171369315907 -0.031008341945467966 -0.5317305533256729 25 836.0 7209.0 -9.644687563808906 -0.021659992899154434
61 832.3593635176475 787.7516369893311 0.4236373662458567 0.21749717798199322 -0.058592227711435296 25 991.0 12390.0 -10.232678265940159 -0.10230007773799545
62 397.16344467629244 812.2534343979357 0.36557230683272773 -0.21998212093349118 -0.6225048212297544 25 798.0 9607.0 -9.956469476754156 -0.030442259563625097
63 79.0175545056912 831.7564138818542 0.3004896021421024 -0.46303142405229064 -0.9224434836077875 25 2381.0 44688.0 -11.625477295892324 -0.46567874968548506
