test_CNN/outputs/tables/02389_b58452m0s0_sources.ecsv
# %ECSV 1.0
# ---
# datatype:
# - {name: id, datatype: int64}
# - {name: x_centroid, datatype: float64}
# - {name: y_centroid, datatype: float64}
# - {name: sharpness, datatype: float64}
# - {name: roundness1, datatype: float64}
# - {name: roundness2, datatype: float64}
# - {name: n_pixels, datatype: int64}
# - {name: peak, datatype: float64}
# - {name: flux, datatype: float64}
# - {name: mag, datatype: float64}
# - {name: daofind_mag, datatype: float64}
# meta: !!omap
# - {date: '2026-06-03 17:09:44 Eastern Daylight Time'}
# - version: {Python: 3.11.15, astropy: 7.2.0, bottleneck: 1.6.0, gwcs: 1.0.3, matplotlib: 3.10.9, numpy: 2.4.6, photutils: 3.0.0, scipy: 1.17.1,
#     skimage: 0.26.0}
# schema: astropy-2.0
id x_centroid y_centroid sharpness roundness1 roundness2 n_pixels peak flux mag daofind_mag
1 295.24265149965436 1.0762710007210214 0.6146949958239531 0.3229368973777678 0.1799261841301916 25 996.0 4290.0 -9.08114323046181 -0.19179150406906303
2 793.0563498234485 31.64983606158595 0.4473185019285327 0.185659536385766 0.27446107327818514 25 1075.0 10114.0 -10.012307373241313 -0.1597950354543452
3 112.15940439154514 52.733186783311226 0.4674047864075108 -0.85613359381754 -0.311536376089309 25 1099.0 10354.0 -10.037770401614592 -0.09715354136614654
4 773.4910060374187 88.34403681382273 0.36940612789946126 -0.48695220638046055 -0.09605343623293183 25 837.0 8286.0 -9.795862322405688 -0.05595417522702651
5 173.1477600540263 89.96074338850381 0.3813665216080249 -0.7444062066766419 -0.05582130589702036 25 912.0 9308.0 -9.922140936536731 -0.025932568548986058
6 297.93078460522383 94.56243863128819 0.4262952520891007 0.1041126868225871 -0.010099881768011089 25 2459.0 26852.0 -11.072441596282207 -0.9675293092210019
7 724.0454988654957 112.79347487793903 0.5660224940409043 0.050245332273811776 0.24751726813978925 25 1416.0 9769.0 -9.974625274007952 -0.4765125340072901
8 69.51048763334262 114.7468143234341 0.3640609342631816 -0.39071293416912345 0.09861545439673147 25 2473.0 31148.0 -11.233575415060278 -0.9322138923141405
9 379.22094297358933 119.09992315122022 0.451067517015923 -0.6173091143020422 -0.8791670136269892 25 1036.0 7041.0 -9.619085860795638 -0.2623167098331302
10 296.9888609367926 153.43922725458376 0.6824630348445182 -0.2485972625810649 -0.00659227866378828 25 984.0 4303.0 -9.084428365206389 -0.1017834697401947
11 562.6876464440011 181.1194249067684 0.44151786028636786 -0.1617020735776609 0.02573850924021538 25 933.0 8621.0 -9.838894112732534 -0.03157036559690736
12 160.5216125246656 193.69705637793325 0.4447549147029176 -0.24658745041926547 -0.04886156428650056 25 1746.0 18184.0 -10.649223556792286 -0.5696800674120435
13 764.0102601264167 205.15746874295976 0.42985545826668337 0.18199723821403105 -0.3264530797332836 25 798.0 6128.0 -9.46829689156137 -0.007320993592531451
14 734.4766807587221 220.7855077089889 0.38415396343148983 0.8680515976124286 0.44652994063391466 25 1461.0 15998.0 -10.510164231131196 -0.4770703986897113
15 230.37158700810278 223.83169078357108 0.44900718830435593 -0.0641182369306571 -0.34851813336841636 25 1415.0 11874.0 -10.1864926114751 -0.5684250700868605
16 645.1382198752643 240.42190291150285 0.7606155644001031 0.5150750474031742 0.34391584740287984 25 1120.0 5245.0 -9.299363731323941 -0.13529018251131947
17 599.7830237714419 249.71282935336706 0.44581559246940705 -0.3336616718307057 -0.3952132116951017 25 832.0 6625.0 -9.552964706522113 -0.003570879956815382
18 497.24753188437 262.1517032531763 0.7075610324361516 -0.4175431600144702 -0.20020767446140675 25 1149.0 8555.0 -9.830550034692799 -0.03890297867911862
19 224.20882118074178 274.8727093202487 0.64136780278021 0.29690151658685227 -0.03747193701920921 25 1362.0 7447.0 -9.679953384608423 -0.42482763365091025
20 516.1442493721186 298.5037704461314 0.551968040138856 -0.20601650537535643 0.29849101158899993 25 1147.0 9633.0 -9.959403900715412 -0.18549821421554233
21 594.2037657737577 300.200969168012 0.6610337577860022 -0.6601987311073361 0.16896716356543565 25 1579.0 9602.0 -9.955904254082867 -0.5111096705065242
22 317.58863027307433 323.02382598976334 0.46625400540787737 0.14777620063794414 -0.18199011111442762 25 2708.0 25719.0 -11.025635196115992 -1.1054943529717418
23 684.3780047846493 328.52710529530657 0.5032429867016289 -0.3475511335252937 0.13729875888512658 25 1121.0 11631.0 -10.16404263931718 -0.0638312063174658
24 371.48849880485636 336.06396998474264 0.4263743839744946 0.2852649117687836 -0.11066232395376217 25 2162.0 20923.0 -10.801559887633845 -0.935347590177765
25 585.4659772835623 348.40358726524437 0.3824364684776665 -0.2742895151215243 0.45229751891028097 25 2250.0 26455.0 -11.05626941467019 -0.8764546072389422
26 731.7831310378406 352.79782473520385 0.5449239028585742 0.2718531307984872 -0.1555794605050452 25 1487.0 12005.0 -10.198405410982616 -0.45391720183268036
27 756.3640745445867 356.7687453852843 0.4346114999626914 -0.11839081875079496 -0.07165526690523318 25 1048.0 9026.0 -9.888738322960318 -0.23421755924983453
28 472.785264671834 370.6312736567243 0.5484061273441216 0.4441153439770682 0.17481124887389649 25 1184.0 7054.0 -9.621088638328677 -0.3490715927575526
29 816.139153027806 392.89310477974453 0.4882773318548391 -0.14267049824370118 0.10351158829549983 25 2065.0 17228.0 -10.590587157726405 -0.8842178799495426
30 752.4069310412143 416.73173452391313 0.4928797595572279 0.2018809806304444 -0.054178460380448046 25 1353.0 14120.0 -10.374586741789463 -0.29979759821614027
31 325.78945203856057 421.28276770381376 0.5737446975396933 0.8657954888413533 0.3899441312986965 25 791.0 2896.0 -8.654496393812773 -0.03189155237021745
32 519.1151716976763 426.191121511191 0.5020688852148513 -0.09921388935254706 0.2891960873005589 25 1168.0 9477.0 -9.941677201562028 -0.28464223948468753
33 549.6838670351119 443.869868252102 0.43070955711089876 -0.3445217792863507 -0.3784065879059959 25 974.0 5810.0 -9.410440330975828 -0.37051690304986923
34 686.4676857074782 449.69560144201586 0.4238451026961299 -0.4126604903242308 -0.010160335080953547 25 2690.0 30372.0 -11.206183478014697 -1.0574373070794323
35 235.37286936507724 465.34955587718116 0.6314807259232598 -0.33110523802862996 0.012235886837316202 25 1083.0 3855.0 -8.96506095596744 -0.3141849150358403
36 238.11940552694958 476.76212752085866 0.6918907220121379 0.73466145203935 0.05862407969402422 25 1053.0 4230.0 -9.065850918437606 -0.18269358559573054
37 312.8889912983301 494.31666308568305 0.595641614020505 -0.05032944070297922 -0.19337204990420048 25 1392.0 11638.0 -10.16469588214348 -0.30907775787083036
38 358.4816041413053 496.92066155435504 0.635308675431707 0.1470120402014084 -0.5947634699683 25 2222.0 18461.0 -10.665638055744127 -0.7550228285823253
39 572.6224109787469 501.3026854266277 0.6791967569718022 -0.22882280922438195 -0.2684384877588765 25 1292.0 10082.0 -10.00886673275533 -0.1724610762812015
40 124.47338251394702 507.2963900987656 0.5974248308315219 -0.2986031796612558 -0.3862837869680428 25 1566.0 13494.0 -10.32535176454819 -0.38929497896755694
41 582.0822114850025 517.3997662520269 0.5621515698113311 -0.04144254497627913 0.38748778441715215 25 1198.0 8765.0 -9.856879801074534 -0.3150986496594161
42 521.8474096009364 529.4197519748456 0.6051318033627981 0.17408528441925944 -0.06599250522258335 25 2038.0 15060.0 -10.444562429661703 -0.7983864243319988
43 543.3103384018744 533.7605219273605 0.5636873933930506 0.10695528554118358 0.07175870813986504 25 2191.0 16779.0 -10.561915185119776 -0.9094424987097123
44 384.00222030400477 559.1218874844715 0.462177751284311 -0.33372452548023834 -0.2883584688022304 25 991.0 7674.0 -9.712554487155744 -0.16692580774369012
45 117.0777056824039 562.0400527274835 0.5134380565100878 -0.7801591530684056 -0.05039699681526421 25 2226.0 22080.0 -10.859997672642903 -0.8203459335374741
46 681.7877871293232 564.102993072526 0.37175059682333517 -0.06507451630392537 0.11310117110298296 25 4257.0 67686.0 -12.07624712402077 -1.0255399241945797
47 442.6418080178901 565.8703359106313 0.5092528291618692 -0.3583132475175697 -0.47929506925685866 25 1561.0 14957.0 -10.437111234138639 -0.42489339242902263
48 194.78474512425757 569.4649798262288 0.5227342039947954 -0.7297491023426607 -0.27271666955994095 25 823.0 2985.0 -8.68736083866347 -0.18235317358787995
49 363.8300804585253 577.4908311109584 0.4026321862500829 0.6687606478793888 0.06884648218729032 25 2947.0 32206.0 -11.269841971487114 -1.212881854627462
50 632.343686474027 585.1424770355164 0.41618342512485923 -0.42080723547702276 -0.2459731365498947 25 1386.0 10916.0 -10.095158817494648 -0.618422655599977
51 322.8836207226221 588.5092578560286 0.45894696156107584 -0.41887678911841786 -0.002562012019810869 25 1763.0 18365.0 -10.659977331703281 -0.6165099793893051
52 596.758069511641 589.8467116420122 0.42683789076487294 -0.26008522250232335 -0.015346789358022824 25 1647.0 13520.0 -10.327441729014042 -0.7488444293238821
53 506.1083474629654 632.6238107109742 0.452464982832034 0.26409873742040124 0.3061951676900093 25 1106.0 7531.0 -9.692131619003359 -0.3809231267831298
54 817.852873848766 679.0474670258155 0.4202740167942404 0.4793450516161318 0.31402463814440285 25 1055.0 11626.0 -10.163575796550923 -0.06699806791632111
55 808.9728395738346 693.3712362253851 0.42420031320842266 0.3266358230251959 -0.4838603157891503 25 1334.0 13078.0 -10.291353332566864 -0.40715325003264113
56 378.85450240550637 694.6720798527913 0.5680281361384382 0.9286716584909376 0.17367488292427646 25 1070.0 8361.0 -9.805645558582416 -0.11213043288056104
57 703.8797039338587 705.3695413170617 0.3557447072998025 -0.5559557975340931 -0.24739641863272724 25 913.0 9248.0 -9.915119552691134 -0.06305116391771061
58 765.0333242654508 716.1871960403187 0.4453795531254489 -0.011672495495583602 -0.26039797729596825 25 3799.0 60402.0 -11.952628297487578 -0.9917772356855246
59 795.8347920224472 730.9728167910125 0.5445169006246758 -0.29951042005611095 -0.49942821830161466 25 911.0 4676.0 -9.174686256224506 -0.16500698386090235
60 566.0619725798065 746.2313868869904 0.5162464537305822 0.42986238333831944 0.19123175346954524 25 1066.0 7759.0 -9.724514379670214 -0.2685520783548197
61 277.67207135515014 750.4594078042023 0.6198793950167933 0.18698460310900047 0.19077838540728312 25 1430.0 7708.0 -9.717354264958539 -0.5131316856918635
62 286.24589125220683 754.024158990688 0.614048514775051 0.22998285793078257 -0.3010954551868056 25 909.0 4406.0 -9.110111232036871 -0.03141534987069848
63 242.09896241163355 755.9686152926994 0.6032462223019327 -0.2672801454650187 0.4035470499895256 25 1516.0 8479.0 -9.820861588162156 -0.6208440931423165
64 524.7196028623257 803.4239401873076 0.40389072997233716 -0.8659148567887806 -0.2599543914067621 25 905.0 7516.0 -9.68996692857122 -0.1896863375397096
65 509.16642018555524 830.6738985123771 0.37210463697245594 -0.008969499265114648 -0.12157976757266796 25 2441.0 25607.0 -11.02089675369131 -1.097023297963435
