test_CNN/outputs/tables/02386_b58439m0s0_sources.ecsv
# %ECSV 1.0
# ---
# datatype:
# - {name: id, datatype: int64}
# - {name: x_centroid, datatype: float64}
# - {name: y_centroid, datatype: float64}
# - {name: sharpness, datatype: float64}
# - {name: roundness1, datatype: float64}
# - {name: roundness2, datatype: float64}
# - {name: n_pixels, datatype: int64}
# - {name: peak, datatype: float64}
# - {name: flux, datatype: float64}
# - {name: mag, datatype: float64}
# - {name: daofind_mag, datatype: float64}
# meta: !!omap
# - {date: '2026-06-03 17:09:44 Eastern Daylight Time'}
# - version: {Python: 3.11.15, astropy: 7.2.0, bottleneck: 1.6.0, gwcs: 1.0.3, matplotlib: 3.10.9, numpy: 2.4.6, photutils: 3.0.0, scipy: 1.17.1,
#     skimage: 0.26.0}
# schema: astropy-2.0
id x_centroid y_centroid sharpness roundness1 roundness2 n_pixels peak flux mag daofind_mag
1 213.85800897470068 16.98290774775262 0.5527247614297285 -0.09598437819027202 -0.10780653048515072 25 979.0 6507.0 -9.533452016834639 -0.0981454741339547
2 712.3008909630627 35.38447361274103 0.3724663698697668 -0.009101410344767809 0.1731610394518463 25 1167.0 9314.0 -9.922840583991782 -0.49377480240964633
3 533.830379703386 37.03612570530815 0.6608250919171127 -0.4114797928186182 0.14860694063416102 25 827.0 3094.0 -8.726300773408372 -0.0066857157097578715
4 717.0802545433479 64.59681247086908 0.5201964538344591 0.21810563521372137 0.24451331765296236 25 1159.0 7954.0 -9.751463966624904 -0.33605629473724835
5 276.13648456858016 65.53829521757261 0.38022946360250387 0.17573297268466612 -0.008569021664763334 25 1698.0 16696.0 -10.556531090143494 -0.7293335934510693
6 821.6761792742886 66.91700134576023 0.537014619896438 0.6222110015601131 0.22112587707866585 25 1133.0 7761.0 -9.724794208590515 -0.3501443804498003
7 755.1171144916731 85.5005393934894 0.4995101262533758 -0.18163725533817868 0.24223483447676633 25 756.0 3395.0 -8.8270994465413 -0.06633998732170783
8 137.08093713255678 99.64901078970593 0.441710429025617 -0.18594126026122898 0.7306227772321622 25 2328.0 26449.0 -11.056023141524246 -0.8264119461834302
9 699.3542144571315 146.73368303774134 0.46486645473331095 -0.33454690617486965 -0.240317975393886 25 1547.0 15275.0 -10.45995304728648 -0.5230323340514655
10 436.65987697871344 161.20898444601778 0.7055382502571866 0.240734494338683 -0.08215169413323664 25 988.0 5441.0 -9.339196814764762 -0.01634740987291932
11 486.7143233472144 161.99192442910928 0.3924410999702163 -0.756210368116368 -0.4679717745273069 25 1151.0 11256.0 -10.128460211066724 -0.3898572518876891
12 771.161238637843 161.7886281070897 0.601697077733308 0.9475295942901303 0.0013673878975031118 25 1064.0 8420.0 -9.813280228749123 -0.06080980980668862
13 433.27241042190076 176.0238343981322 0.6545600841162477 -0.1360330662668992 -0.31679436619255597 25 1272.0 9225.0 -9.912415937077746 -0.22970726092081906
14 748.2133179480637 179.73688256908088 0.5454029932534884 -0.09882026036618907 -0.11857414868799473 25 1152.0 7978.0 -9.754735079934552 -0.2966487899589968
15 310.217451738929 200.13954220988134 0.5509353873784761 0.19390629555452946 0.1061292550569041 25 1319.0 9708.0 -9.967824419149743 -0.41577407601310035
16 744.3183209498432 201.4976311154516 0.5055573112137995 -0.6773630789285519 0.09228593005070022 25 1699.0 16867.0 -10.567594612325564 -0.5457788486497037
17 594.4466164937329 212.6332593910198 0.4472843798089167 0.13226453082839243 -0.03505608280974673 25 799.0 6280.0 -9.49489910934299 -0.0026878978178542182
18 374.7990430348043 217.6016900289213 0.43676784095774845 0.13168920047938162 -0.040534812237276716 25 931.0 7675.0 -9.71269596037306 -0.15093882662886832
19 280.25283255911114 224.52455845910671 0.39648414655735625 0.058740104069574445 0.2851852172125837 25 1748.0 17371.0 -10.599562050720667 -0.7388801831372881
20 696.2928963179118 235.06779746867514 0.3642309275852463 0.4424535361618837 -0.533411637011191 25 1177.0 11482.0 -10.150043856329 -0.40818705323069593
21 390.9919022564753 272.32581677151995 0.6472377566549475 0.7708037560621328 0.283741570556575 25 1610.0 10549.0 -10.058028230822222 -0.5555859819976193
22 74.55867350720904 284.9384109566326 0.5491412372800576 -0.6528801771947569 -0.05856412231520498 25 946.0 6329.0 -9.503337739186366 -0.11689489418463558
23 177.8548487731703 290.48811789263306 0.6033032895899505 -0.036924603339882844 0.17799963106259717 25 969.0 6075.0 -9.458865705675874 -0.07944788859340411
24 531.4710031145908 302.9733097640851 0.3706404334839048 0.6598217949834826 -0.08043875036244423 25 1481.0 12282.0 -10.223172732615373 -0.7280287367102357
25 316.0914821418187 310.2055840210933 0.6902706065126342 0.026343724405999205 0.23290212749110784 25 1643.0 11789.0 -10.178692419247295 -0.4611019909945496
26 499.3840878986031 324.13717982428756 0.5034786918898543 0.041113627852133294 -0.09699784512195743 25 867.0 4735.0 -9.18829995834823 -0.18288859123914886
27 407.0330566589785 327.3178179207123 0.5620755391011769 -0.9281131987801007 -0.30601901615694116 25 1240.0 10284.0 -10.030405169927057 -0.23378527682515077
28 556.0292821705222 347.0904703015822 0.5525256051629955 -0.4011063192217781 0.2053219392755819 25 919.0 3623.0 -8.897670835086341 -0.2276359360821013
29 162.92717559042052 356.49843395586157 0.5147486531649889 -0.22963783443995864 0.14937953097043424 25 2163.0 20337.0 -10.770717221572763 -0.7954425556487055
30 354.77868618909076 378.70685577312804 0.5490558463424444 0.11178649255236295 0.18821954985059777 25 2065.0 17844.0 -10.628730536423948 -0.7905710737954592
31 750.3293754870974 387.3651545685769 0.4408799230424324 0.33989182017470687 0.08378007980024511 25 2315.0 29450.0 -11.172713247807803 -0.7043390896244359
32 729.2016267536517 394.22405229148 0.6788089258971306 -0.4671846772036213 -0.1586436080302165 25 1521.0 12463.0 -10.239056487554056 -0.36946818663081915
33 778.1526741428073 409.290117466595 0.5001603240378165 -0.14962192658450904 0.18222398030222156 25 955.0 5013.0 -9.250244261532634 -0.27185860292755737
34 356.9180746721429 412.9401893896827 0.5343003593861703 0.18601586345540008 -0.0163150476206917 25 914.0 6094.0 -9.462256124716637 -0.11375444961086305
35 190.03131323448022 418.25087660690303 0.561082480059607 -0.14456051651825302 0.11469347796067333 25 1202.0 7525.0 -9.691266260664703 -0.3470079881485545
36 295.8621677872392 425.975996224729 0.612958643062762 0.26015924637605486 0.4486439025957955 25 1965.0 16031.0 -10.512401535289007 -0.6761899726405772
37 54.64980961404063 432.5520686640458 0.5500953432741298 -0.20254902257121937 -0.2119190469524014 25 1035.0 7001.0 -9.612900194129864 -0.16424970515364648
38 167.35171092333337 433.9280080323958 0.5946324519153782 -0.4024730948565341 -0.6149127408542037 25 1243.0 10181.0 -10.019476093614948 -0.17265047349280552
39 282.7742416194748 454.6516761522889 0.49820134374067016 0.02830919801875418 0.4584158286374511 25 867.0 7100.0 -9.628145871797688 -0.003890411221912063
40 402.21311192569556 458.05025753072835 0.5651187113824899 -0.22163401903492347 -0.06077141697481527 25 2329.0 19459.0 -10.72280129516987 -0.9281294211395759
41 719.4459586306025 476.64957194934937 0.4994209414989588 0.4879877822749153 0.40097423754083217 25 880.0 3576.0 -8.8834937753097 -0.2752338452681887
42 687.2444116135481 496.92409640186605 0.46392176657153716 -0.10729611879134023 0.1870470015232762 25 936.0 6983.0 -9.61010510510254 -0.19409084235969315
43 748.0124991918219 498.1444885503727 0.398819696525093 0.05861249749557192 0.5337469236321053 25 1431.0 16221.0 -10.525194060738217 -0.3895875639619889
44 388.7637985360713 514.0777780599815 0.4761455338493532 0.43654045994432306 -0.2649741589092435 25 1558.0 11368.0 -10.139210162298532 -0.6945367490459273
45 456.3568003554036 514.9600152322483 0.501032645485329 -0.4200312245554297 -0.21442014703325368 25 3253.0 35845.0 -11.386071461805136 -1.160880432472247
46 522.9344403947507 524.0473469583109 0.6761077956400023 0.07024685212304427 -0.09286829284033803 25 1744.0 10970.0 -10.100516568936778 -0.6390581780219042
47 81.3686871404136 526.2896546091645 0.5612561107841777 -0.27298047257255265 -0.08002699939727034 25 1240.0 13682.0 -10.340373965221328 -0.050203519788710835
48 130.0428754536017 529.7410149082317 0.5557725308934996 -0.6319368776640389 -0.05064207771800744 25 1261.0 9372.0 -9.929580699812313 -0.35204207975578333
49 732.2095951384576 532.8963454388484 0.42186725840127304 -0.5364768218177545 -0.13260527169829192 25 854.0 6244.0 -9.48865723597595 -0.14763534199555295
50 782.3042971339625 536.1755017696709 0.3662472669149852 0.1525273816609584 -0.05369009631257545 25 995.0 9521.0 -9.946706412892361 -0.1903565505218922
51 119.98161574482096 539.4355061122333 0.5358182081864463 0.11640193847137074 0.22493141802458347 25 1478.0 13812.0 -10.35064142419354 -0.39568028855291926
52 476.1133225591061 548.2542893217801 0.5221577896760621 -0.08960351533334823 0.09331857611330954 25 1035.0 7540.0 -9.693428364674435 -0.1923258160686991
53 104.7366949048588 577.0653168840851 0.5382038164256961 0.41890002688098815 0.3385263996212164 25 1453.0 12019.0 -10.199670837937933 -0.4740886940369441
54 662.431188442946 589.5217762052648 0.5763223446252308 0.08045318853493151 0.46453594318511837 25 1055.0 7927.0 -9.747772145483498 -0.09666235630135281
55 1.6464391725281637 614.2984417792496 0.39446533105724985 -0.24709754683213203 0.040801649721816165 25 1761.0 19233.0 -10.710117579008486 -0.6899351683979182
56 314.0360945877398 613.3931334689748 0.5169735933216829 0.7867363667054638 0.015285054596808347 25 941.0 6955.0 -9.605742835820163 -0.14650750352922276
57 74.6640155509909 614.8696898868856 0.37720559268657544 -0.6830766915719059 0.3054824034978378 25 3844.0 62009.0 -11.981136819175966 -0.9484902562682169
58 225.86861603963084 624.1653015404521 0.6280732782403147 0.6370878597554552 -0.48355558161805234 25 966.0 4214.0 -9.061736328180203 -0.1747006710627366
59 301.10991967927833 624.5207510480253 0.5544060532574362 0.03470444726608328 0.194014598102053 25 969.0 7075.0 -9.624316110490819 -0.03956909717797444
60 691.9385708850355 632.1359540564467 0.6082464421540591 0.6479052697198177 0.3640879920065335 25 1755.0 14294.0 -10.387884444412872 -0.6036477048142629
61 422.6475321070369 640.2830638631507 0.4850291868949155 -0.631059602386047 -0.2569750354300439 25 1872.0 17613.0 -10.614583337743316 -0.7393741671520107
62 731.6037402229169 641.8138528748824 0.4417046417746779 -0.6608975872800088 -0.0983186745383773 25 1665.0 14297.0 -10.388112292940466 -0.7765810194150425
63 60.617887348550376 643.5335833427416 0.3267741486102073 -0.11894007488767365 -0.1894778055322063 25 1009.0 10568.0 -10.059982011516178 -0.28511882597886734
64 27.929556759209156 648.4261360855518 0.5193325649554199 0.6748541350728561 -0.008758737653994953 25 843.0 5929.0 -9.43245362586241 -0.061977440481726244
65 265.08669910892223 650.2420881550725 0.6308837883435776 0.21787076043596945 0.2292559105435873 25 1869.0 15983.0 -10.509145748640616 -0.5867907129534957
66 678.0614539846835 656.5931673583281 0.38280579589097075 0.030248054689391273 -0.28394386510622066 25 1519.0 15498.0 -10.475689141392401 -0.6032980773047837
67 446.79667260518704 667.9111037236172 0.6581591338157422 -0.5755778125397188 0.29133055822339793 25 1056.0 6040.0 -9.45259234655283 -0.17165916697777475
68 826.4421008396902 670.3742012515256 0.5715250819848303 -0.5067797732382625 0.2761591042128384 25 1227.0 10109.0 -10.01177049136084 -0.23495569066407038
69 183.29222806678771 678.0050096748328 0.5065685265642987 0.6552073104765114 -0.05078956915807035 25 991.0 6597.0 -9.548366210201133 -0.1951698068307257
70 325.29248934312056 680.9652472644126 0.5081082039311787 0.12730117584481468 -0.0778725441014037 25 1365.0 17871.0 -10.630372137046269 -0.01629538872534026
71 519.6393031259577 684.8816138080979 0.6297395649742173 0.5323439300265599 0.1583544914000171 25 1664.0 12842.0 -10.27158166395119 -0.512827940240483
72 622.9705967887303 692.9877485040145 0.41535489497132677 -0.03009342829443668 0.04285458881180649 25 1827.0 14470.0 -10.401171327797593 -0.938559677709413
73 648.9111861385351 708.2020410246759 0.616922142456123 -0.058658432550500184 0.26113612889770427 25 1589.0 8744.0 -9.854275372354115 -0.6393356422148173
74 541.6107065941358 709.8861165342297 0.5634704848736852 -0.13479837836901307 -0.31060070254995464 25 1490.0 11421.0 -10.144260328835076 -0.47366819018251655
75 481.9384082590525 722.8405858249256 0.6119487077908198 -0.35350977067200035 -0.31382688589454516 25 961.0 6286.0 -9.495935941703904 -0.06136783227222957
76 443.33589535604443 727.6125296702812 0.35843502919395537 0.2697422750593143 0.7615192117315177 25 1965.0 23472.0 -10.926375241248019 -0.7257754045592077
77 198.56626288388028 769.647027685966 0.35631660149967936 -0.037274647675925164 -0.6037153542000591 25 783.0 4987.0 -9.244598420545907 -0.20533205253499262
78 238.62324766008805 774.3751725241144 0.5310621210206721 -0.12391211561376478 0.10281819400756487 25 973.0 7734.0 -9.721010419342615 -0.010672663988555264
79 248.62283507143792 782.2225826247774 0.5597305942375311 -0.03260649986037875 0.10824015437469048 25 1146.0 9531.0 -9.947846173867024 -0.19462548575191005
80 683.8154531250613 832.0712062114793 0.5805021574153901 -0.16129366675082582 -0.12563067945462983 25 1070.0 6425.0 -9.51968283000833 -0.21509159309467688
