test_CNN/outputs/tables/02382_b58384m0s0_sources.ecsv
# %ECSV 1.0
# ---
# datatype:
# - {name: id, datatype: int64}
# - {name: x_centroid, datatype: float64}
# - {name: y_centroid, datatype: float64}
# - {name: sharpness, datatype: float64}
# - {name: roundness1, datatype: float64}
# - {name: roundness2, datatype: float64}
# - {name: n_pixels, datatype: int64}
# - {name: peak, datatype: float64}
# - {name: flux, datatype: float64}
# - {name: mag, datatype: float64}
# - {name: daofind_mag, datatype: float64}
# meta: !!omap
# - {date: '2026-06-03 17:09:43 Eastern Daylight Time'}
# - version: {Python: 3.11.15, astropy: 7.2.0, bottleneck: 1.6.0, gwcs: 1.0.3, matplotlib: 3.10.9, numpy: 2.4.6, photutils: 3.0.0, scipy: 1.17.1,
#     skimage: 0.26.0}
# schema: astropy-2.0
id x_centroid y_centroid sharpness roundness1 roundness2 n_pixels peak flux mag daofind_mag
1 725.952914003523 34.99771392228454 0.3989193448989112 -0.1908525503121992 -0.2717302497041587 25 1335.0 17970.0 -10.636370192772436 -0.49149319291944193
2 634.8322014107958 283.4287818003837 0.3864235638298157 -0.09178464293784455 -0.514289009329053 25 1545.0 20619.0 -10.785668996571808 -0.6946087852322869
3 485.3097264438177 451.5736945673674 0.43915017893171077 -0.27853562385416986 -0.3681644114898561 25 1162.0 17242.0 -10.591469101892487 -0.10480065156820564
4 676.8499585432131 467.5153074553037 0.49998787812631407 0.05103495708899333 -0.5614597724786453 25 826.0 8182.0 -9.782148687905888 -0.14432207007760617
5 728.4861231015171 499.57491667494025 0.39180291129237776 -0.4177266112696844 0.2807649480139871 25 1854.0 31628.0 -11.25017932531366 -0.4431064434068036
6 311.37165767518826 522.600416095239 0.5184921893081236 -0.4879240158645434 -0.42448473505947404 25 1085.0 15011.0 -10.441024062389605 -0.059665980995456745
7 51.875731760233705 550.0836225387345 0.3910828669048405 -0.15114774152024682 -0.41989988127457545 25 1469.0 25259.0 -11.006040382266548 -0.12546439984732125
8 183.62112292209366 657.476535627578 0.3929331590781729 0.08365145714242554 -0.2426895499297635 25 1532.0 25033.0 -10.996282248408555 -0.31145265640959563
9 473.7844308971373 694.2358372309893 0.42111805542499664 0.6188036425074397 0.06867260491156124 25 1035.0 15833.0 -10.49890802941809 -0.037230421776739415
10 615.0899398188997 704.0235172344604 0.382460439560984 0.38885533592837296 0.2835693456203852 25 1058.0 13434.0 -10.320513359906684 -0.4140007594904732
11 640.3673518716483 716.47890320817 0.40099690393385345 0.2882860392324051 0.01629504699766897 25 808.0 9248.0 -9.915119552691134 -0.14449234088489024
12 783.2945240550915 727.7690251274724 0.5124436701354302 0.07804121185173879 -0.21617090145535411 25 697.0 5673.0 -9.384531958911754 -0.14601883589761744
13 142.45579551516377 747.23779646898 0.44039207775370115 -0.222685548190534 0.428435660963827 25 1430.0 18419.0 -10.663165119718442 -0.5490804549969539
14 616.0342910434481 779.557777024742 0.44448065497974015 0.49534156518518124 0.25738066756318995 25 876.0 8139.0 -9.776427621203146 -0.37054435795533464
15 647.1216944645183 785.2725237243179 0.4735712205643195 -0.04972122583728613 0.17464868277121812 25 1385.0 15625.0 -10.484550065040281 -0.6252703563357369
16 585.7190251389285 797.8720622195955 0.4660406427272063 -0.062401970925940825 -0.02692260127187029 25 1057.0 12582.0 -10.249374202122468 -0.33490984175286864
17 755.2204163676564 811.0379930817811 0.5087989031165925 0.6822822325590746 0.04084587676034365 25 710.0 6391.0 -9.51392204387139 -0.10385491293764869
18 436.32806701760467 832.0758042066326 0.46250422662514806 0.050447021325448115 0.34775410695427617 25 833.0 9864.0 -9.985132658969189 -0.0767392486391884
19 528.6195780730112 832.0122819552598 0.5158043151421455 0.4040018342888964 0.06326996923600027 25 835.0 8414.0 -9.812506269202444 -0.18776852576675482
20 70.85774029094104 832.53945785095 0.41171849282416145 0.007560110783712458 -0.08177473664663017 25 1401.0 18284.0 -10.655178031543233 -0.6291556633503594
