test_CNN/outputs/tables/02387_b58443m0s0_sources.ecsv
# %ECSV 1.0
# ---
# datatype:
# - {name: id, datatype: int64}
# - {name: x_centroid, datatype: float64}
# - {name: y_centroid, datatype: float64}
# - {name: sharpness, datatype: float64}
# - {name: roundness1, datatype: float64}
# - {name: roundness2, datatype: float64}
# - {name: n_pixels, datatype: int64}
# - {name: peak, datatype: float64}
# - {name: flux, datatype: float64}
# - {name: mag, datatype: float64}
# - {name: daofind_mag, datatype: float64}
# meta: !!omap
# - {date: '2026-06-03 17:09:44 Eastern Daylight Time'}
# - version: {Python: 3.11.15, astropy: 7.2.0, bottleneck: 1.6.0, gwcs: 1.0.3, matplotlib: 3.10.9, numpy: 2.4.6, photutils: 3.0.0, scipy: 1.17.1,
#     skimage: 0.26.0}
# schema: astropy-2.0
id x_centroid y_centroid sharpness roundness1 roundness2 n_pixels peak flux mag daofind_mag
1 298.8210409271643 0.4726846242976502 0.5597067177387888 -0.31622787547585096 -0.3124761694268546 25 934.0 4377.0 -9.102941366532786 -0.19311349429077726
2 377.8287213319801 8.278764551656833 0.4311979215642837 0.10872667965247465 -0.5139024094341822 25 962.0 6999.0 -9.612589983783536 -0.18850325753980662
3 753.6520788994853 48.329672126463635 0.5548672468381879 -0.08447621643690954 0.5056056113342738 25 2487.0 22136.0 -10.862747865332238 -0.8786898991318248
4 395.33714930816825 53.54623181425097 0.6251225983650969 -0.6580434955916654 0.42099513081483775 25 1251.0 9345.0 -9.926448264287128 -0.22509157849493827
5 706.612641212063 61.778709067877784 0.5697637418696212 -0.09265096887500468 0.054250127474471645 25 1483.0 11854.0 -10.184662307257499 -0.46928148445629947
6 681.7084654538774 66.71048471717194 0.5233171351680266 -0.5363068363452494 0.22227637760444358 25 940.0 3678.0 -8.914029312255145 -0.23456080594161527
7 811.4916957347539 77.04842051858994 0.45438258290833594 -0.7310721723192551 -0.3609514959321445 25 1722.0 15336.0 -10.464280249675015 -0.6720036921214906
8 686.4678423299583 78.05118500574287 0.5400123785748833 -0.9491253792177289 -0.7465993023657008 25 1042.0 6107.0 -9.464569799989665 -0.25392931116143425
9 227.13836244467774 96.49640789303696 0.5420089334523445 -0.07394831393999596 -0.016274336587156817 25 1440.0 9147.0 -9.903196697712607 -0.5541845797000009
10 211.14601073222008 105.05826484694549 0.4192858206159503 0.05441880465172619 -0.4024107277398017 25 1017.0 7124.0 -9.631809776978015 -0.27840523431848996
11 479.9071096956727 105.7287652403305 0.4257649936698507 0.3394620054591318 0.07098435605308624 25 957.0 7324.0 -9.661870839074147 -0.2001161441515279
12 33.12249351148694 135.48348083637086 0.5247458142354333 -0.37754702791553485 -0.6475166447018242 25 1286.0 10522.0 -10.05524574365285 -0.2857399678001886
13 165.9086356503231 142.17852536504736 0.7024061419307907 -0.3268951637145554 -0.18192045564796083 25 1276.0 5220.0 -9.294176257505654 -0.39047988640502296
14 273.8603568881865 147.63088657705734 0.5135091707650048 -0.21161929559701306 0.03960074254591458 25 1184.0 8464.0 -9.818939136727776 -0.2914481294112854
15 202.99237231341235 188.47267204274888 0.7168355843669262 -0.1804424087706985 -0.19805442510112375 25 1266.0 7489.0 -9.686059576466254 -0.22904746894181563
16 329.00698429153977 190.33034106935324 0.5305454514524903 0.22107856784491073 -0.22672797522524382 25 1906.0 12111.0 -10.207950010324943 -0.8849174135346154
17 737.0274489686439 193.2875022016635 0.5473504309966749 -0.4971595378770007 -0.27612655988011003 25 847.0 5475.0 -9.34596030878039 -0.011695084313861253
18 649.9839548573203 196.62403777117456 0.4766949698338664 0.23134856872124107 0.552868635389037 25 1333.0 12686.0 -10.258311767653613 -0.3794513899131037
19 268.3548487516455 200.97751535244922 0.5677440877795285 0.16972046173561117 0.17505232836957388 25 2305.0 19900.0 -10.747132691024266 -0.8549611403820496
20 143.40880394322764 211.26562066644766 0.5935273866772883 -0.9702622541236183 -0.3884747252179239 25 1430.0 13354.0 -10.31402842974366 -0.26525849048372807
21 385.943994283151 214.8106882688368 0.5246485618990241 0.2816493170016101 -0.11390014037585142 25 2339.0 21999.0 -10.85600734928818 -0.8847049944166162
22 721.8694145966629 250.5975932833478 0.688123457781813 0.29115834671542085 -0.13094508410650302 25 1159.0 6597.0 -9.548366210201133 -0.20646451294343612
23 469.6960775484724 272.0274136410485 0.3790036534986899 0.28009808528715796 -0.33235228711046466 25 3279.0 40848.0 -11.527926993650437 -1.1792503748791663
24 814.3119401610275 272.1154186904656 0.5301560616796978 0.69843392302725 0.46911107859450557 25 793.0 3470.0 -8.850823686977185 -0.0326311497593698
25 380.14884317034443 282.6885100534271 0.40769254041091285 -0.30888500117491513 -0.31567874735384255 25 996.0 8188.0 -9.78294458497617 -0.27347963293596156
26 325.04387182646815 287.3807780295852 0.4382856066079715 0.5689656978942152 0.21321695865526885 25 1241.0 9826.0 -9.980941899497008 -0.49207752670676486
27 187.4496937817483 290.3671951832673 0.3663138360115503 0.4686296104597084 0.8981637743015779 25 3953.0 65244.0 -12.036351447623339 -0.990008698479661
28 255.58841719432792 294.4072987381452 0.5892465681634329 -0.36187910965150316 0.259605347167507 25 1257.0 8467.0 -9.819323899429136 -0.26127966623633947
29 760.8268366729661 314.2555615694889 0.4750348716680605 0.05209610100310096 0.08533285000249234 25 2410.0 23719.0 -10.937740937738491 -0.9549752483948792
30 830.829142502428 317.6488080303269 0.5582625819631054 0.8489215916868208 0.41578225094451005 25 1055.0 8879.0 -9.870910139970924 -0.07374794586114258
31 783.2892483625559 321.44851736766196 0.697354406164318 0.19187390726973017 0.32124076872000545 25 1356.0 6067.0 -9.45743498736012 -0.4196738243149418
32 697.5098749448427 323.5795314549911 0.401256586824085 -0.15024726473544534 -0.11487398599067639 25 1058.0 9730.0 -9.970282100670879 -0.2494697486760529
33 467.1441575846365 360.4562242582644 0.5030339202506289 0.2536051079120428 -0.08715638889819985 25 1472.0 12231.0 -10.218654915429548 -0.49096952271436056
34 741.0550776692197 375.8438017050088 0.5467661952968363 -0.23363664018036365 -0.2568509259387572 25 1083.0 8064.0 -9.766376297753625 -0.1264001592958182
35 95.56214065725119 391.40309242374093 0.510218226382722 0.18397432744248296 -0.05131194402714871 25 944.0 7917.0 -9.746401612349281 -0.023766141968708594
36 699.9689805870922 432.01011758001823 0.5474233798933694 0.708377835802423 0.21971446995519175 25 1445.0 10072.0 -10.007789292749516 -0.5129196923222121
37 417.5598055871499 442.8487478464075 0.6448909533516252 -0.18466176858296351 -0.4907756746793337 25 1337.0 9106.0 -9.898319114930427 -0.31769425375838745
38 618.3910947203078 446.5531220407241 0.40364788654067324 -0.619483750883702 0.10428032014684602 25 1601.0 17703.0 -10.620117173396654 -0.5563667952633953
39 695.8661921055889 463.8213680314878 0.681874533321592 -0.31731745902775943 0.13525584630468576 25 1019.0 7062.0 -9.622319283067696 -0.016734942588531986
40 699.4740147748653 470.27025928520476 0.4610481191365608 -0.03431722369262496 0.5132619230151818 25 1073.0 10315.0 -10.033673080772926 -0.2241091937144141
41 534.44058962453 474.4120351960103 0.3678204575777159 0.23844342231300325 0.2831007426855528 25 1563.0 14923.0 -10.434640347465674 -0.688101213015187
42 260.2200293332719 496.92738571128365 0.6664312327205169 -0.7383606113958784 -0.2508054162212095 25 1109.0 7190.0 -9.641822225957206 -0.0884027763037287
43 309.765648439324 498.6140226104594 0.6321636448630171 0.3002744338655289 -0.02593387457349971 25 882.0 2871.0 -8.645082981241266 -0.09306210899695483
44 543.2804550124545 514.2793561024325 0.6332611171527035 0.309830389518743 -0.24969763940946627 25 2718.0 19186.0 -10.707461100334887 -1.029676971155251
45 299.61650104696776 533.0749680230315 0.70198067400799 -0.4286065583299931 0.04327553109899384 25 1891.0 8788.0 -9.859725120621182 -0.7489903006394243
46 309.9613457974731 536.081257057598 0.42547068035768887 0.5464131595191817 0.19449555452020814 25 1708.0 17065.0 -10.580265731536645 -0.6190123636122247
47 608.1489325091148 541.8281029475573 0.5809479774084035 0.6324909751312733 0.5497317225597832 25 1178.0 8558.0 -9.830930705369784 -0.22310451852736404
48 778.2089770924044 544.4216480355075 0.45270910595029085 -0.04730404089435167 0.208313066611979 25 936.0 6603.0 -9.549353243182527 -0.21581391316003884
49 176.3819999411676 544.9625232046252 0.5991518471227919 -0.6928952454072963 -0.03545826766702254 25 1402.0 12235.0 -10.219009934219521 -0.3079624893066164
50 302.01210994338874 553.1505022615794 0.5160705491381092 0.0782726580619992 0.42027160492808013 25 1161.0 9577.0 -9.953073718550002 -0.223616358415529
51 370.35861341884424 555.4970622286686 0.4338169230244398 0.033431938650808186 -0.05927171956973062 25 1265.0 10719.0 -10.075385677305256 -0.42151069081434944
52 744.8769689438205 567.8274318854322 0.5886984249797793 0.5104939978823694 0.3974378959696171 25 2016.0 15037.0 -10.442902999315118 -0.7639044031554618
53 130.09918664480236 573.1812034078603 0.4986764522729592 -0.7743119926630975 -0.4047613435906146 25 1219.0 11614.0 -10.162454554243263 -0.18110521891470793
54 760.8532289982813 577.9013376112778 0.6828684444156001 0.3818466747339586 0.35658102666532565 25 1232.0 5766.0 -9.402186595130473 -0.29569150313230397
55 368.37171612364943 580.7793838217735 0.5067537547075751 -0.6287005711776 -0.5414120705057697 25 1844.0 20765.0 -10.793329838614742 -0.4532512870640237
56 675.8722726393887 589.2516459359257 0.6210135383659403 0.2850493934748206 -0.07678572412714728 25 1263.0 6223.0 -9.484999502461177 -0.39878144362393264
57 228.5886347347118 596.0182649296959 0.487000125482568 -0.24283935732193646 0.19137188068081082 25 1167.0 9766.0 -9.974291799870262 -0.27680392558684563
58 745.305705531109 597.7397740782849 0.5385965547420514 -0.2335015570165609 -0.16328574525471684 25 1843.0 12521.0 -10.244097538867097 -0.7990097312836553
59 673.1052268469925 627.6348036309392 0.3498541329679831 0.7781558618143039 0.15698152420651473 25 1027.0 6387.0 -9.513242290394961 -0.5041054378610804
60 224.61496289787215 632.1469749528684 0.42349548804307585 0.3712688109504518 -0.16227046766179912 25 3206.0 35961.0 -11.389579400119846 -1.222646389351186
61 746.4841005384617 633.0748491375401 0.6081424693294608 0.09922918069441251 -0.37248548546886945 25 981.0 4381.0 -9.10393313294544 -0.16852437696486794
62 240.91532274184416 639.35610181226 0.5512305201447357 -0.12125139744423771 0.0547201407130146 25 902.0 3385.0 -8.823896682552908 -0.25599906266302846
63 532.3662765195892 654.6500037665191 0.4565435431690861 0.4616515427575367 -0.014492768576764998 25 988.0 8288.0 -9.796124356002894 -0.13595159437200416
64 164.94676334741376 657.7087335511585 0.643367232612439 0.08031864990544454 -0.3490691010998407 25 965.0 4519.0 -9.137605853328004 -0.14943066940628405
65 336.0296396414213 658.5850461927868 0.7153612880134554 0.2100919515103903 -0.012065079732289563 25 1054.0 6123.0 -9.467410648589333 -0.06472944076711022
66 413.58739116124985 668.9983906692004 0.5731373816203305 0.3263326978562084 -0.3656973050445883 25 1206.0 6611.0 -9.55066789290241 -0.3981097059980684
67 693.1623964376237 669.232455333488 0.5340496892428006 0.5370923433252985 0.15982391629275372 25 1045.0 5435.0 -9.337998871055785 -0.3289641827956316
68 169.86374196507168 676.5394010515853 0.40126427061733344 -0.11472741199495747 -0.038386650912649624 25 2126.0 22374.0 -10.874359084362377 -0.8727527013979313
69 290.6862998299058 676.3831137751483 0.505648810132817 -0.4779358587549175 0.0630913447120901 25 1603.0 11359.0 -10.138350248860453 -0.6987328902898324
70 694.4489090953903 702.4033232935823 0.5249300583623324 -0.07271974681546316 -0.07235604330277365 25 1526.0 11157.0 -10.118868582696587 -0.5805621920315407
71 819.2222224334486 701.6475771424202 0.47007115898695784 -0.14115566690323594 -0.36366954290535425 25 2859.0 30302.0 -11.20367823464675 -1.0445666018124868
72 504.8595659894889 713.3671904398263 0.5818579691625667 0.2654938417674333 0.41437754203442995 25 1114.0 5937.0 -9.433917622315146 -0.25379106247593286
73 488.2342229126458 726.7131128968871 0.45385296706996664 -0.31282508995764385 -0.20724218045167278 25 991.0 10150.0 -10.016165105623077 -0.05793485665022447
74 642.3983675014858 732.9008670350439 0.4513509305194692 0.3740316790162574 -0.34590455068609033 25 1754.0 12948.0 -10.280506726826339 -0.8264570986401243
75 320.6958485591764 737.52244062358 0.3776921564626807 -0.05215669924720424 0.2975515082859115 25 924.0 6779.0 -9.577914084773607 -0.3069514935005808
76 688.2518179385073 755.8132145882615 0.6419725889760665 -0.34410530440076487 0.07760415875519343 25 1006.0 6421.0 -9.519006674791235 -0.014379992605038064
77 70.48575851421649 799.9476358976842 0.42675958557804977 -0.2632785004955571 0.10572175426570492 25 2180.0 24445.0 -10.970475103999636 -0.779491897248419
78 508.44184793178886 832.2533861530646 0.4837305814659848 0.1828985720643014 0.006443715047380695 25 1247.0 8731.0 -9.852659970549755 -0.44047259222399504
