test_CNN/outputs/tables/02381_b58383m0s0_sources.ecsv
# %ECSV 1.0
# ---
# datatype:
# - {name: id, datatype: int64}
# - {name: x_centroid, datatype: float64}
# - {name: y_centroid, datatype: float64}
# - {name: sharpness, datatype: float64}
# - {name: roundness1, datatype: float64}
# - {name: roundness2, datatype: float64}
# - {name: n_pixels, datatype: int64}
# - {name: peak, datatype: float64}
# - {name: flux, datatype: float64}
# - {name: mag, datatype: float64}
# - {name: daofind_mag, datatype: float64}
# meta: !!omap
# - {date: '2026-06-03 17:09:43 Eastern Daylight Time'}
# - version: {Python: 3.11.15, astropy: 7.2.0, bottleneck: 1.6.0, gwcs: 1.0.3, matplotlib: 3.10.9, numpy: 2.4.6, photutils: 3.0.0, scipy: 1.17.1,
#     skimage: 0.26.0}
# schema: astropy-2.0
id x_centroid y_centroid sharpness roundness1 roundness2 n_pixels peak flux mag daofind_mag
1 25.30823168528471 1.185608177488578 0.3310882347254486 -0.4232934636315227 -0.7669448681293883 25 1113.0 15988.0 -10.50948534897017 -0.2268085515405632
2 736.3284805201631 21.787476407559538 0.45489216271984456 -0.4853870451041501 -0.015653843626370234 25 2309.0 25911.0 -11.033710435793518 -1.1003249634561083
3 753.602469785053 24.339954023603013 0.6396754285083274 0.21546397041437335 0.22630039805441424 25 1002.0 8226.0 -9.78797176293289 -0.21104632070584714
4 144.02073578763873 33.36898867894322 0.5314693161767077 -0.27370419597097523 0.40641303679960655 25 689.0 4689.0 -9.177700581847123 -0.04939720899693148
5 180.61687056681345 40.092413768660776 0.5331388181020479 -0.09421416300120475 0.3695989324547246 25 918.0 8162.0 -9.779491476093131 -0.2330531449566332
6 422.02168870694163 43.38390977376836 0.4506906939871419 0.42018333885268494 0.5618371984872161 25 649.0 4069.0 -9.023719224633213 -0.14211743157772308
7 707.5879897758464 54.419050423006894 0.4875977216921979 -0.5897524601684442 -0.1006052405109105 25 1519.0 14080.0 -10.371506637015234 -0.7877103520312858
8 297.42854501181336 59.12038638449371 0.3964223518466328 -0.5281208043979881 -0.18213519446552748 25 1235.0 13284.0 -10.308322167315868 -0.5699180850161247
9 142.4633529347949 72.45457781102922 0.40998529567532915 -0.13019631123167336 0.3152782154970042 25 947.0 10095.0 -10.010265808199145 -0.27278868197189615
10 814.2767763239896 75.0902213972582 0.5363373627523181 -0.23771621754428207 -0.2486492561564565 25 1047.0 9651.0 -9.96143078905408 -0.3316978184269093
11 704.112626101536 76.9258034894061 0.5703544248326393 0.005034622736558331 -0.3631361781877069 25 750.0 2946.0 -8.67308185626653 -0.2840264243452072
12 225.99293364777427 89.13557623569719 0.578477483211014 -0.6382102570446557 -0.2695807160054244 25 1580.0 13614.0 -10.334964365671448 -0.7332545472942832
13 18.63755377717048 94.48807676078334 0.6082304472936575 -0.13802621028892664 0.10566051857288199 25 805.0 5932.0 -9.43300285589086 -0.05671322929124449
14 813.9091771890224 96.93792785394555 0.62710997425414 0.10447159307338517 0.32854434601984794 25 956.0 7774.0 -9.726611340738119 -0.1462745681015256
15 25.329031347142053 113.51425254556672 0.5088785075680786 -0.011108736081931976 0.7261872520783046 25 1991.0 23954.0 -10.948445113048347 -0.7627338859957131
16 455.14932151605575 129.15539256967725 0.5785433888377932 0.2353852714807753 0.1824303768497058 25 1070.0 8681.0 -9.846424390552652 -0.33831944398486363
17 751.5157990481603 129.11043748230594 0.6848729827237645 0.3444914011557341 0.24675797077392622 25 1016.0 5289.0 -9.308433917547461 -0.3671904911549386
18 696.1466884055 145.6051116159783 0.5065192242169952 -0.17747814431783906 -0.0856176715567822 25 594.0 2695.0 -8.576396923806893 -0.1068980749230908
19 735.2590064368671 157.13550971947143 0.6347305740665731 0.08157843348955317 -0.02714685120790565 25 624.0 1410.0 -7.87304778163845 -0.05681853150831963
20 382.0474484319788 175.79644342206868 0.371113315539822 0.49953146571358337 -0.3940291504956611 25 1854.0 28577.0 -11.140041587044362 -0.5668881439463116
21 202.06915140841602 176.9359708885903 0.41542989033155536 -0.4124151166249883 -0.037659260590315276 25 886.0 9960.0 -9.995648346059248 -0.15675564503046452
22 365.5132475304911 185.24999528691063 0.4267669618586097 -0.19555401038560652 -0.04660305145140719 25 2092.0 29284.0 -11.166575995453483 -0.7719799853640562
23 675.8711947229172 196.25023426610656 0.37135345590832175 -0.5562516638621228 -0.06121820300170182 25 613.0 4163.0 -9.048516027216943 -0.18210086500202036
24 86.5790651846835 198.6683514293871 0.4244139962594538 0.43928933282062693 -0.07637480144301118 25 1436.0 15414.0 -10.469788386624973 -0.6861465537025025
25 806.5489567606611 200.4483496332223 0.41729369959211554 -0.5446281875039305 0.09934822071393405 25 574.0 4233.0 -9.066620671185026 -0.0005992801743178545
26 595.5764542935297 201.06077797748196 0.405846087734345 0.37556749809974366 0.3571376988431712 25 671.0 6225.0 -9.485348389419435 -0.02814546609594655
27 16.822573208642165 203.07616811014617 0.5450401378131908 -0.2220705607800818 -0.746365186213485 25 1013.0 9181.0 -9.907224968479477 -0.25536877456346246
28 531.7816566867064 223.60000215262366 0.5869634848034853 -0.03505967927684132 0.3123175094014483 25 978.0 7796.0 -9.72967957611396 -0.30742207769786445
29 358.59657663684663 228.20707649299402 0.5546217527558343 -0.5669488130127319 -0.1532454995902934 25 649.0 2419.0 -8.4590896709047 -0.10921293911787153
30 435.2383240009625 237.15055594565953 0.4240790423946196 0.05174320181259453 0.044775562539913306 25 661.0 5662.0 -9.38242466257271 -0.05380295852184678
31 489.3876803719511 236.57417410110318 0.34614653421210523 0.9387247164251371 -0.21456832328244216 25 666.0 6103.0 -9.463858424891482 -0.13358027913727621
32 285.2005617941139 247.2345184973192 0.6036310965044478 0.33796318040736223 -0.07484579782224987 25 1137.0 8694.0 -9.848049089637046 -0.4629065040421706
33 94.28427631364139 252.35825358716505 0.46694097686783503 0.4392932083928895 0.3100558518033925 25 947.0 7923.0 -9.747224139816467 -0.3740161446281206
34 13.258467045313763 254.33056546290416 0.510951465638539 0.36542642770718986 0.056818351599455724 25 711.0 6015.0 -9.448089079189659 -0.004187231998807024
35 234.61036116432194 257.86564648705837 0.40257228244506604 0.2777711993230843 0.23059349854594027 25 835.0 6994.0 -9.611814069933065 -0.33246873800166954
36 11.008628163056207 266.31497109008274 0.6254005972429897 -0.1508880122739837 0.420731785074565 25 864.0 7278.0 -9.655030128125542 -0.0232196262148035
37 816.5789350892984 290.8386010092523 0.35710003560463305 -0.7009709500038775 -0.4751969578725883 25 1230.0 17497.0 -10.607408979553707 -0.3269044853136268
38 646.100220937687 310.45902514094126 0.4809496952574756 0.16912484653760665 -0.5740584177448846 25 1088.0 14597.0 -10.410659020056652 -0.052236515883847076
39 668.6698116056504 360.383876815061 0.37652506063877506 0.6704726654473561 -0.21488608386889652 25 1612.0 25674.0 -11.02373384216894 -0.33876503316523915
40 488.8223528289123 383.9748055111621 0.3652584950883833 -0.10680660546620595 -0.6664076979285897 25 973.0 13410.0 -10.318571944628998 -0.07993299225801928
41 270.8859119562913 413.2380328507841 0.4100955302532447 0.25911801250814565 -0.4579318698910658 25 887.0 11303.0 -10.132984319002174 -0.03615698723611379
42 169.79762658566472 510.8760550099693 0.4939382127765854 0.3749940376917105 -0.39706581276612685 25 1798.0 22319.0 -10.871686830478929 -0.6603742880431838
43 132.1207290427542 555.6796027385068 0.36604995237084414 -0.3669424678506448 -0.8227445789556135 25 974.0 12970.0 -10.2823499402102 -0.09280739925105781
