test_CNN/outputs/tables/02390_b58471m0s0_sources.ecsv
# %ECSV 1.0
# ---
# datatype:
# - {name: id, datatype: int64}
# - {name: x_centroid, datatype: float64}
# - {name: y_centroid, datatype: float64}
# - {name: sharpness, datatype: float64}
# - {name: roundness1, datatype: float64}
# - {name: roundness2, datatype: float64}
# - {name: n_pixels, datatype: int64}
# - {name: peak, datatype: float64}
# - {name: flux, datatype: float64}
# - {name: mag, datatype: float64}
# - {name: daofind_mag, datatype: float64}
# meta: !!omap
# - {date: '2026-06-03 17:09:44 Eastern Daylight Time'}
# - version: {Python: 3.11.15, astropy: 7.2.0, bottleneck: 1.6.0, gwcs: 1.0.3, matplotlib: 3.10.9, numpy: 2.4.6, photutils: 3.0.0, scipy: 1.17.1,
#     skimage: 0.26.0}
# schema: astropy-2.0
id x_centroid y_centroid sharpness roundness1 roundness2 n_pixels peak flux mag daofind_mag
1 466.4664825017608 49.75639761970659 0.4365693862237821 0.22535485644076256 -0.5278706152744368 25 2251.0 36158.0 -11.395511001066293 -0.2872599058381945
2 700.2066437404054 106.0725108372061 0.4446144902929992 -0.19678698554450424 0.16612738814248418 25 2332.0 36194.0 -11.39659145514073 -0.3655074669823568
3 565.6856111983526 119.42997096657187 0.5016118224487298 -0.672620716301889 -0.3816078488489743 25 860.0 6020.0 -9.44899122814456 -0.02569584442913147
4 627.1677905615352 225.04161857216513 0.4090006549561014 0.49257215985689 -0.227173877848891 25 1180.0 10552.0 -10.058336956345773 -0.39425024662854
5 674.0033658516187 226.38717134734782 0.5391716354874294 0.17830433955013134 0.20876535951546052 25 2170.0 18014.0 -10.639025396019345 -0.8886856053915018
6 22.937295643519285 244.1534574319608 0.4384186732973605 -0.9034561358005061 0.11092023014618194 25 1375.0 14169.0 -10.378348000740907 -0.4095297543178129
7 107.56224080143788 295.3988850728533 0.3847017681822919 -0.21728630182042383 -0.11792961618195996 25 2390.0 33980.0 -11.328058436332567 -0.6603185935085256
8 478.17970396404473 386.40908632496416 0.39087978871497486 0.6123734268683467 -0.07500956078972021 25 736.0 5932.0 -9.43300285589086 -0.005001185402297461
9 215.20762180987663 435.26482917135706 0.5094488707004994 0.6682514637647088 -0.13399649937875127 25 1219.0 12643.0 -10.254625344845314 -0.12597534857836107
10 746.0531746035276 452.012234863991 0.6196018758747998 0.43515369385955266 0.23732714305681007 25 1151.0 7553.0 -9.695298711742918 -0.1960126701335897
11 498.49285374609485 453.9744767492871 0.7158351596962462 0.31338757585047683 -0.10444270188216104 25 948.0 4541.0 -9.142878754752417 -0.01856828209542967
12 770.2810412106212 455.86947112685715 0.518350938235351 0.25878546425834337 -0.25802645330301033 25 1400.0 12212.0 -10.21696698906656 -0.4136815994257562
13 97.64356176196969 462.4450279455125 0.4770900542257896 -0.4544774904061665 0.030443434178306833 25 1027.0 11040.0 -10.10742268348295 -0.002028133553965125
14 642.3089213061924 505.14845052011236 0.5458956470289179 -0.4465221986025259 0.11213802670390602 25 1174.0 10007.0 -10.00075974946203 -0.20169253483995686
15 675.4626731492208 513.1693040368929 0.6113132361415486 -0.5280424470647865 -0.2597897405419352 25 1152.0 6818.0 -9.58414249223218 -0.25173912528833287
16 589.161629655965 529.1387190491283 0.6784980543486988 -0.4864803117436362 -0.4452660389260193 25 1154.0 6625.0 -9.552964706522113 -0.17336395479316466
17 414.2997691679922 540.7322219930454 0.4238495448881843 -0.7925533967582418 -0.3232298434767586 25 2416.0 27196.0 -11.086262581255184 -0.924352798108814
18 523.8476596267365 552.0801107551083 0.4443214041468347 -0.3923341498371414 0.003975564367473647 25 1023.0 10437.0 -10.046439208668128 -0.07490074576883617
19 512.1043617273069 552.7490717861459 0.6228306221917967 -0.7405298990686828 -0.18740484715099526 25 1134.0 8505.0 -9.82418579487147 -0.14230467030467278
20 213.72361780860268 609.510278033039 0.6111995845879659 -0.3304192406821714 -0.5890650705590093 25 1142.0 9947.0 -9.994230294854315 -0.04193146491832775
21 308.96296444745553 620.9696492081677 0.4669452443646748 -0.2799733187184895 -0.04811608658269834 25 1509.0 13226.0 -10.303571295919907 -0.5550347235651456
22 205.81411710064407 630.3080296947443 0.4962370741260201 -0.7305622565336767 -0.11679518857866802 25 1510.0 17019.0 -10.577335095710911 -0.2774064360199858
23 727.0508575118914 688.2126848463025 0.389815002569836 0.25596361655163413 0.022603570052079937 25 1268.0 9143.0 -9.90272179941974 -0.6357091987795362
24 568.0350365763769 689.7284549574451 0.5084427207568606 0.34817630169371494 0.5758586109032195 25 2007.0 18979.0 -10.695683314495419 -0.785484795153744
25 555.4255520114071 692.9596563355576 0.4725970050684713 -0.8590777059720452 -0.13931840432259698 25 1990.0 19219.0 -10.709326966944703 -0.8031822995728721
26 528.7352966990508 707.3668365795808 0.5693784524922046 -0.6079789357949663 -0.5984749800267294 25 808.0 3364.0 -8.817139967814686 -0.02987129629716619
27 794.0771035834036 709.9041054006084 0.7081858214822866 0.005673335663968271 0.1777016636206983 25 1441.0 10130.0 -10.014023613400703 -0.31494048396622293
28 576.611447376251 751.995540064512 0.6274253467589381 0.21945193176655556 0.1253199210545263 25 1304.0 7693.0 -9.715239331094368 -0.3811961807179838
29 484.479781876613 757.3827859008753 0.5232693589202612 -0.16898830499788087 -0.1580836044000387 25 1198.0 11697.0 -10.17018622476912 -0.150100499839724
30 712.2628919939565 800.2621482743904 0.393766558055725 0.4984787676374517 -0.13832176624152462 25 1675.0 17122.0 -10.583886231786309 -0.6935647572659835
31 455.74076098636095 815.0297460967995 0.5314996062107236 0.042991535731125095 0.06691850182071812 25 831.0 4317.0 -9.08795512164067 -0.07563986189832306
32 521.5324203832346 815.0172092629288 0.5930560128542838 -0.5323116812212074 -0.36299009031771456 25 1478.0 14611.0 -10.41169985188565 -0.3178225133746862
