test_CNN/outputs/tables/02402_b58585m0s0_sources.ecsv
# %ECSV 1.0
# ---
# datatype:
# - {name: id, datatype: int64}
# - {name: x_centroid, datatype: float64}
# - {name: y_centroid, datatype: float64}
# - {name: sharpness, datatype: float64}
# - {name: roundness1, datatype: float64}
# - {name: roundness2, datatype: float64}
# - {name: n_pixels, datatype: int64}
# - {name: peak, datatype: float64}
# - {name: flux, datatype: float64}
# - {name: mag, datatype: float64}
# - {name: daofind_mag, datatype: float64}
# meta: !!omap
# - {date: '2026-06-03 17:09:46 Eastern Daylight Time'}
# - version: {Python: 3.11.15, astropy: 7.2.0, bottleneck: 1.6.0, gwcs: 1.0.3, matplotlib: 3.10.9, numpy: 2.4.6, photutils: 3.0.0, scipy: 1.17.1,
#     skimage: 0.26.0}
# schema: astropy-2.0
id x_centroid y_centroid sharpness roundness1 roundness2 n_pixels peak flux mag daofind_mag
[from data line 102]
103 5.510372125016458 688.2568090032619 0.5193450081435682 -0.8699147366716783 -0.5571146668370427 25 1636.0 11968.0 -10.195053951300965 -0.2591114034226176
104 610.2369468855559 688.3025057619084 0.5225507765526562 -0.8734051023994078 -0.7405838915946893 25 1840.0 16006.0 -10.510707031394851 -0.26060231034632775
105 673.804243589094 693.9816656068763 0.4842953535091069 -0.9754171589602978 0.14503787891671077 25 1906.0 20151.0 -10.760741507545887 -0.2943825545236815
106 86.69794012384472 700.1142130797759 0.5682063914022966 -0.32054694019447805 -0.2088430919468891 25 1951.0 15312.0 -10.462579801081922 -0.3258354295159792
107 126.21251611839119 701.4671325706836 0.5712507411711534 -0.21150679977025919 -0.19683795468224732 25 2117.0 19419.0 -10.720567154343982 -0.3102530606501173
108 280.7012207425214 708.0269950681267 0.39657135622118833 -0.6473962333980643 -0.17699039907833375 25 2412.0 28854.0 -11.150515068643628 -0.5043373848343163
109 35.113889301076405 709.4602846499761 0.40979033388240643 -0.8287566988533533 -0.563355470049534 25 1721.0 19549.0 -10.727811366530538 -0.17890790885207497
110 151.64868348178507 713.4707609754322 0.45442097255927577 -0.6132629046771603 0.2749259881589738 25 2022.0 18815.0 -10.68626055663971 -0.4639485607186714
111 218.74894152938072 720.6577479427024 0.4310194551823912 -0.21920276861033683 0.05539400828352624 25 1094.0 5253.0 -9.301018502007771 -0.08015331471090573
112 793.5198797308088 722.1552517421362 0.6169714687632865 -0.273280098622586 -0.027764327718425092 25 2523.0 18728.0 -10.68122850172142 -0.5916385462472447
113 68.33575869789487 730.4151374328513 0.4716590997770429 -0.9283555248946226 -0.27482170206970075 25 1400.0 12138.0 -10.21036783288612 -0.08017894886901007
114 86.52525032498801 732.1576558163898 0.4161581850183116 -0.6242767857750164 0.11628436574603558 25 2391.0 26111.0 -11.042058761917135 -0.5332577419397779
115 128.35698414556427 740.9853886623615 0.43107969847756655 -0.2615998755327128 -0.316964107024331 25 1395.0 12835.0 -10.270989682518657 -0.05686263124182759
116 251.19128973194535 741.6686669149318 0.5212958262315428 -0.9052077399511271 -0.2979615260121998 25 1615.0 14920.0 -10.434422057841626 -0.05532834566577799
117 681.1285543719758 744.4859177852685 0.48410401293107086 -0.6794147264745881 -0.1555804978017898 25 2106.0 20120.0 -10.759069940959725 -0.4412983917003417
118 442.74298085851655 745.3631675534134 0.4755419099703642 0.01779648147300082 0.09836220879559422 25 2075.0 17544.0 -10.610321546673667 -0.4540982493334117
119 563.8256459729109 769.4718307591083 0.4093891706161769 -0.6033347014741361 -0.0006887234855614738 25 2231.0 24805.0 -10.98634807843051 -0.43706890830216016
120 823.0173482034041 769.0670566442067 0.6032517885209941 -0.6304233983506085 -0.28495159985999396 25 1771.0 12871.0 -10.274030725771148 -0.205582791801789
121 137.85976884412793 777.2298012400258 0.6357616710006623 -0.7121682977872605 0.051445189103472885 25 1590.0 8662.0 -9.84404544848456 -0.19323684360974674
122 233.5282920933519 776.4055034844938 0.4815013024439584 -0.6592413601307385 -0.39823193511436755 25 1582.0 13407.0 -10.318329023450055 -0.20779564235834513
123 338.84747211090905 777.6169016150217 0.5042872938993423 -0.970011236709427 -0.41119500430647854 25 1836.0 20698.0 -10.789820956525467 -0.1693462953346028
124 443.1548449898507 778.9842245788793 0.5987945983557362 -0.3606713251867692 -0.459713750146202 25 1489.0 9659.0 -9.96233041516853 -0.12458547496409039
125 593.6527799359693 788.2318036444467 0.5501656891239994 -0.215928743615465 0.1700018942638555 25 1510.0 12260.0 -10.22122617545599 -0.04434318067232974
126 58.38987944823881 792.2441055671385 0.3838388036408344 -0.02481880047024463 0.12403883847922098 25 1453.0 13188.0 -10.300447346177787 -0.19500617230812956
127 209.44039187958498 794.8770081128047 0.5520398028782816 -0.33749836819774953 -0.6002708951293992 25 1505.0 14583.0 -10.409617189485513 -0.004903795371131964
128 482.02739138325757 802.3066078433351 0.4747023007438435 -0.3551932866395799 -0.13928117028017925 25 1189.0 8813.0 -9.862809425305299 -0.044936900599288
129 427.3046623795331 806.0522973519237 0.4240576587696835 -0.9468478004136549 -0.3629268150111203 25 1755.0 15951.0 -10.506969787584604 -0.34185512514362193
130 773.479928624346 805.6906505468046 0.4869814505125419 0.4617858450924067 -0.23953689566906236 25 1250.0 5209.0 -9.291885893581743 -0.20791555452618463
131 525.2848262423638 809.371746275087 0.5605469747309604 -0.4087967807796254 0.13818378630007658 25 1485.0 12347.0 -10.22890362036243 -0.02730013247233697
132 646.6228810524382 812.7375386110382 0.3941231800531805 0.149931284763039 0.4208677890138787 25 1549.0 18188.0 -10.649462363832676 -0.01702495738190648
133 351.6363830305713 817.142700796343 0.49584849699611855 -0.7160766265123933 -0.17761477203606535 25 1933.0 20005.0 -10.75284638928754 -0.20833574372492888
134 773.0260365046252 822.833235769743 0.5972005609015851 0.06461833646203559 0.3896376346344994 25 1607.0 8955.0 -9.880163975462626 -0.21378739529763974
135 793.0670294376645 822.9522492996837 0.4501474232231705 0.07471033036674643 -0.1868005763424347 25 1685.0 11590.0 -10.16020858990899 -0.3960467696028712
136 133.4588573544694 831.8621376233344 0.3899763734292893 0.5344356316027571 -0.09290487599188108 25 2045.0 25115.0 -10.999832956238919 -0.2471446040429474
