test_CNN/outputs/tables/02409_b58760m0s0_sources.ecsv
# %ECSV 1.0
# ---
# datatype:
# - {name: id, datatype: int64}
# - {name: x_centroid, datatype: float64}
# - {name: y_centroid, datatype: float64}
# - {name: sharpness, datatype: float64}
# - {name: roundness1, datatype: float64}
# - {name: roundness2, datatype: float64}
# - {name: n_pixels, datatype: int64}
# - {name: peak, datatype: float64}
# - {name: flux, datatype: float64}
# - {name: mag, datatype: float64}
# - {name: daofind_mag, datatype: float64}
# meta: !!omap
# - {date: '2026-06-03 17:09:47 Eastern Daylight Time'}
# - version: {Python: 3.11.15, astropy: 7.2.0, bottleneck: 1.6.0, gwcs: 1.0.3, matplotlib: 3.10.9, numpy: 2.4.6, photutils: 3.0.0, scipy: 1.17.1,
#     skimage: 0.26.0}
# schema: astropy-2.0
id x_centroid y_centroid sharpness roundness1 roundness2 n_pixels peak flux mag daofind_mag
1 403.6921816819043 9.930568047951153 0.3852704772754121 -0.9843852943485756 -0.35329799800382655 25 1524.0 11803.0 -10.17998101781044 -0.22443185107678235
2 236.23227983034573 10.530139773372088 0.5183318820113056 0.0710681237442193 0.21326369497321399 25 1398.0 8845.0 -9.866744593114355 -0.010259189855284944
3 115.63580438977539 16.78680798681978 0.46479226891758696 -0.47792629760433225 0.04349212799064727 25 1243.0 6240.0 -9.48796147420606 -0.0662724922693877
4 64.2902077774291 19.2112322699694 0.6191693947210788 0.246386534628653 0.160343614585686 25 2018.0 15025.0 -10.442036201686944 -0.16460047615872306
5 140.7951346320965 27.90013891869903 0.6170018152206623 -0.40620727002901574 -0.11867932818283738 25 2382.0 18042.0 -10.640711696210403 -0.34484104269009774
6 421.95528885556513 62.802849797000086 0.4196152133476561 0.6340846140164684 0.36775068053936555 25 2793.0 31696.0 -11.25251114548618 -0.4989729376994315
7 196.45636672095156 63.42916045743041 0.486589982328895 -0.5212945365505883 0.12399944878731586 25 1218.0 4629.0 -9.163717951957027 -0.09717891591993269
8 268.07491642436156 68.26267810093393 0.5157443622907116 0.025043108913575047 -0.5799595906306053 25 2528.0 22869.0 -10.898117936224237 -0.4593546816461688
9 316.40257694334343 100.99075332228466 0.36467084569196134 -0.3109340078363963 -0.19292181806436529 25 1289.0 10400.0 -10.042583348246952 -0.09395747166425371
10 348.39961915275495 117.50718836440187 0.41340898454783714 0.5974275772262055 -0.19909911455890775 25 1758.0 17752.0 -10.62311822305988 -0.16113070764414708
11 370.78146729748784 120.76659455879538 0.3791395967156041 0.3859146023329363 0.05139792957085895 25 1738.0 15567.0 -10.480512313536474 -0.3153559692980759
12 497.9855963635279 121.98998908567916 0.46937999599090346 -0.43145255628498835 -0.11492945603053373 25 2642.0 26509.0 -11.058483362837707 -0.5120107973121575
13 511.7526248237928 141.74889131929976 0.36894701062505886 0.25196444740915447 0.019194832716568504 25 1424.0 13891.0 -10.356833778283798 -0.009063324369751456
14 252.71208443211927 146.41279776753922 0.4260497808238758 0.11013439124230925 0.3400213848452145 25 1926.0 19711.0 -10.736771644851977 -0.22746371096305787
15 543.0255048441533 156.40325117184162 0.5704346931336619 -0.36912563197174963 -0.02294793761584985 25 2012.0 18752.0 -10.682618985844991 -0.1311761606692917
16 123.5316224965659 157.80986255563994 0.4605440153111299 -0.08520056404632563 0.013097671164781232 25 2684.0 27550.0 -11.10030400796951 -0.5262035228823467
17 212.40110999784562 161.3196431473672 0.5066008016345731 -0.03396216636038265 0.34520760392359773 25 1830.0 11392.0 -10.141499940731952 -0.3100611363568421
18 362.9418929880964 165.42805402083567 0.36251817412150045 -0.4369505376003632 -0.051141019849109945 25 1266.0 11470.0 -10.14890854475317 -0.014777738898567509
19 343.41872320735735 168.49943087196655 0.3839083264002645 -0.041642506907614764 -0.17140509664904346 25 1222.0 6491.0 -9.53077902282781 -0.15778160790852158
20 289.69099353148545 179.2523960046878 0.6085918496042207 0.48238249674569805 0.6256694691492197 25 1807.0 8856.0 -9.868094019676667 -0.28932580764178384
21 439.4521223010027 180.94471513910915 0.5359464049269745 -0.5497337209537032 -0.023187524872793134 25 1494.0 7460.0 -9.681847068681671 -0.16835693409833277
22 491.6279785534234 186.7394652357197 0.4010361672648508 0.28878116328895087 -0.10278859184211714 25 1133.0 6778.0 -9.577753911253398 -0.04564874022379642
23 307.7027810795099 203.2274170541892 0.5951937826401664 -0.09627173213604043 -0.2022275815550849 25 2268.0 17303.0 -10.59530351945378 -0.356689135477078
24 450.1241535080286 208.09136425138158 0.41194260320913345 0.02745585904552462 -0.17577351624317716 25 1507.0 11339.0 -10.136436888237057 -0.1958315818965412
25 408.2651016989109 221.51151937633264 0.5804404949419573 0.35250132874377943 0.7800102303016381 25 1661.0 11878.0 -10.186858302352507 -0.006092408636981635
26 136.9390790757708 252.1910617246436 0.45738696674275536 0.4564141908826086 0.3174306312314643 25 1958.0 18913.0 -10.691901056394444 -0.20143465266759647
27 500.0509824354406 256.84297618809063 0.5504788406246922 -0.21118948451340197 0.47797168180048827 25 2025.0 19017.0 -10.697855016229097 -0.11747957638957938
28 47.64629325484727 259.10649149560066 0.39858307902796414 -0.1204551311795705 0.006414105219468645 25 1620.0 14440.0 -10.39891798308405 -0.23415733332843702
29 39.20150937018324 281.9117374912573 0.6166884311067647 -0.7508384153606594 -0.29340722949069664 25 2092.0 15388.0 -10.467955444086945 -0.2699577033738064
30 584.2542368654504 290.7169434508985 0.6318123741527062 -0.8449523790978354 -0.2160367902090627 25 1964.0 9689.0 -9.965697389764978 -0.29488529426530885
31 622.9381517095927 300.5409292169018 0.3744860882288586 0.3094989437359833 0.1405338718769002 25 1884.0 20680.0 -10.788876336054763 -0.2657622376073105
32 0.22483319422269785 309.87516844295914 0.7102136172587161 -0.1628034230840728 0.43418842689227066 25 1493.0 5368.0 -9.324531267902339 -0.049506049489527845
33 215.55464462859544 310.09148611667734 0.4066268425383383 0.07203084159576827 -0.04842716389536767 25 1528.0 6472.0 -9.52759627151054 -0.35020913721225205
34 833.545354092918 311.8631924626321 0.47578918025874145 0.1816174009941477 -0.24660938208405006 25 1127.0 5284.0 -9.307407022356225 -0.0041505447532424605
35 358.6924931471899 313.1196026880718 0.42982966691419133 0.5301497054104115 0.011967313427252994 25 1903.0 19008.0 -10.69734105825275 -0.2281017507810041
36 79.59892563174829 320.66712315601325 0.43137690324054834 -0.4290523310290189 0.08949099695624728 25 1795.0 18544.0 -10.670508546548803 -0.19729438693397194
37 404.3038444747732 325.1681307919355 0.41825837863580884 0.16596432983958206 -0.038199995346304805 25 2226.0 20093.0 -10.757611960608413 -0.4597486395870233
38 372.7215229978852 338.79496280177443 0.3696814024684356 0.06526310344804408 0.2825371857679014 25 2344.0 28603.0 -11.141028965262942 -0.3261790536296115
39 393.9720190452861 348.35003594282625 0.5761268868058984 0.3243039308438594 0.08065231366340424 25 2145.0 17667.0 -10.617907022598327 -0.23792778243914914
40 489.96580852255767 360.89674487818763 0.5080517226100844 0.006993866253606349 0.19288081152774178 25 2807.0 36951.0 -11.419065490359264 -0.2113956919246494
41 509.21352423186954 370.57725444597435 0.5862900032131146 -0.5287824679266869 0.043828708662773136 25 1998.0 12848.0 -10.272088819836513 -0.31291803446756483
42 400.1171751765467 390.599297950524 0.5672914812722198 -0.5077919352196826 -0.2416011469846972 25 2523.0 17572.0 -10.612052986483206 -0.47676671876797483
43 150.89643596038158 395.75329857912766 0.6070082636579585 -0.6665423259574548 -0.2147263125824488 25 1617.0 8793.0 -9.860342682895244 -0.11542418892536002
44 231.03007284862903 403.91738174508646 0.3666401928615115 0.420951405263381 0.1251814247924267 25 2080.0 22786.0 -10.894170232609085 -0.3698746842436116
45 209.97961498119022 405.37219660371625 0.6450709121965801 0.3819618464039989 0.5283114633125311 25 1518.0 7341.0 -9.664388060178629 -0.06277777944724405
46 817.4112550502698 428.987895788333 0.3991090744457606 -0.2975752213285807 -0.12081564706580189 25 1699.0 15388.0 -10.467955444086945 -0.24096813125164684
47 626.8738008706196 441.2629500552528 0.4277400425326001 -0.46662487654513374 -0.07641854886004475 25 2618.0 28456.0 -11.13543463044431 -0.4797751129243117
48 161.102953675595 443.14989909263824 0.5462234645762705 -0.4668984505332317 0.007957447867032435 25 1711.0 9595.0 -9.955112447678726 -0.21276064778952994
49 279.8004981626312 445.6120536966917 0.4580054154466807 -0.10026292724674116 -0.3390913596501967 25 2011.0 16408.0 -10.537639118400774 -0.3793576870891898
50 134.1722476512208 451.5601195758921 0.49275608912137264 -0.23229341820485228 -0.21588346441108072 25 1976.0 15869.0 -10.501373900351936 -0.30510382929651336
51 683.6659030640262 457.10063547146393 0.6088964193499724 -0.36876000089646827 -0.23848533186841556 25 1531.0 6268.0 -9.492822469491381 -0.1314907190610221
52 494.8329630046649 462.2681021072457 0.6243755713323857 0.7451961347704804 0.5795707148839166 25 1514.0 5056.0 -9.259517663185822 -0.12097255879119083
53 584.2854309353431 463.84128720079076 0.4280836487664863 0.34347812716326687 -0.019024230133708037 25 2543.0 24892.0 -10.990149480781081 -0.5196357390906217
54 644.7744767014891 472.28397176776747 0.4461441846340049 0.4694978149073181 -0.2383376551442573 25 2658.0 31080.0 -11.231202525322193 -0.3651087892884832
55 355.00432393949166 485.78058150049014 0.4549560122204192 -0.22137094454109107 0.25981019073050216 25 1287.0 7604.0 -9.702605270483515 -0.07990677753439084
56 423.35637470010704 500.4422291781339 0.3867366647801665 0.010513233784300653 0.2541253079135989 25 1181.0 6206.0 -9.482029428120368 -0.04971719236448694
57 408.82464473892367 502.68619465520453 0.5064078142884081 -0.17251094522423494 0.05205128349985055 25 1450.0 10776.0 -10.081143956787324 -0.05009172249323243
58 54.439660854407535 502.77175238806564 0.41211921665259005 0.598643492958492 0.09226449796874671 25 1450.0 11574.0 -10.158708695068821 -0.11034065594408742
59 270.41277986675146 544.9217790536269 0.5501090656045767 0.19697536064340984 -0.22301919871936404 25 1384.0 5910.0 -9.42896870220314 -0.10093262876391869
60 823.562935585763 580.2175050586133 0.5841005217738744 0.32196782401383817 0.22564131261615825 25 2115.0 16351.0 -10.533860796344168 -0.2663368609481944
61 338.50844003651895 586.1405142793212 0.5186165965773286 0.5937101824499371 0.28260020772249933 25 1829.0 14895.0 -10.432601268877658 -0.16456200741793062
62 534.6246213304194 589.0905882817946 0.5014375007496513 -0.07569432144374767 -0.274691873382761 25 1466.0 9961.0 -9.995757350246352 -0.054028592803008375
63 707.4651287533657 590.3116247782802 0.4164924358593588 -0.25242715559662454 -0.37406399533528273 25 1892.0 17772.0 -10.624340761422085 -0.3359606146809038
64 816.9047789536252 591.9874633505287 0.40573787982260284 0.8813136234200872 -0.24310775492704317 25 1699.0 19266.0 -10.711978889875365 -0.026862279265146095
65 190.00387933242718 602.8144921517729 0.4145536446783688 0.06207535268875628 -0.32885635103459326 25 2561.0 27674.0 -11.105179841507574 -0.46504032976425025
66 355.99702584611504 610.9313536148409 0.3986909262325306 0.010625424573862834 -0.5001743531071589 25 2088.0 22696.0 -10.889873306969488 -0.28350461586963466
67 189.45077201930098 618.5833603158325 0.4316757825881424 -0.0424755424065731 0.009978472607846978 25 1313.0 10390.0 -10.041538868892943 -0.04482525616744477
68 643.7593319930689 624.5221550129091 0.6080385282288409 -0.12964422446766047 -0.1952982626058796 25 1906.0 16777.0 -10.561785761325995 -0.06256929523106318
69 231.6753923706129 649.6355032626116 0.3865398061653267 0.7537951099861753 0.26238331907300955 25 2019.0 23359.0 -10.921135616672624 -0.23314647503942718
70 688.3230172964667 649.896194952598 0.5144022801178955 0.4464959964852647 -0.13195244834805542 25 2287.0 23101.0 -10.909076950280346 -0.25642204538209906
71 258.892051193497 685.2901979388554 0.49487371696899285 0.09123816001362463 -0.17448498976520754 25 1605.0 10351.0 -10.037455771463705 -0.13726690740089353
72 671.6193223077331 695.7554833848632 0.5282508082979342 -0.37271182938048875 0.41307423898135864 25 1739.0 12965.0 -10.281931302763425 -0.14344702599432774
73 780.7072150609958 701.51082770651 0.4014730873274285 -0.8321134298623196 -0.036690676529660134 25 1926.0 24677.0 -10.980730902722426 -0.05069859261561464
74 365.7399816422984 701.9998502674127 0.43665965379302774 -0.47935558547708584 -0.28834849754189684 25 2414.0 24813.0 -10.986698188862746 -0.4372835642572151
75 503.0552144849353 731.1615498889657 0.41514313895060473 -0.3422086919550485 -0.016012700552400342 25 1107.0 5665.0 -9.38299978549854 -0.04313971703421422
76 672.7328212574861 768.1974676178745 0.36537294315009966 -0.6448095420868818 0.06153333130957567 25 1772.0 21226.0 -10.817170399734204 -0.0030089073565589103
77 289.173004632393 783.250236445872 0.45911620664306785 -0.28008082277985935 0.1709471806461583 25 1441.0 12093.0 -10.206335132181783 -0.023068231602492443
78 592.6704175874625 790.3513726306923 0.4446782019652819 0.11575015607636552 0.1138560314979405 25 1564.0 11489.0 -10.150705573595864 -0.17796688691585272
79 461.36717449288966 795.6323113835433 0.5803770326735361 0.22717947275485023 -0.2129468325771058 25 1359.0 6352.0 -9.5072762235476 -0.045599429345411564
80 613.3463576047617 811.3468062486085 0.4687188197070628 0.10338170348860179 0.006353065606607695 25 1809.0 13199.0 -10.301352572156048 -0.30814362307701815
