test_CNN/outputs/tables/02402_b58585m0s0_sources.ecsv
# %ECSV 1.0
# ---
# datatype:
# - {name: id, datatype: int64}
# - {name: x_centroid, datatype: float64}
# - {name: y_centroid, datatype: float64}
# - {name: sharpness, datatype: float64}
# - {name: roundness1, datatype: float64}
# - {name: roundness2, datatype: float64}
# - {name: n_pixels, datatype: int64}
# - {name: peak, datatype: float64}
# - {name: flux, datatype: float64}
# - {name: mag, datatype: float64}
# - {name: daofind_mag, datatype: float64}
# meta: !!omap
# - {date: '2026-06-03 17:09:46 Eastern Daylight Time'}
# - version: {Python: 3.11.15, astropy: 7.2.0, bottleneck: 1.6.0, gwcs: 1.0.3, matplotlib: 3.10.9, numpy: 2.4.6, photutils: 3.0.0, scipy: 1.17.1,
#     skimage: 0.26.0}
# schema: astropy-2.0
id x_centroid y_centroid sharpness roundness1 roundness2 n_pixels peak flux mag daofind_mag
1 435.8924573077355 0.5422570861478185 0.31557733288874174 -0.11262260867254197 -0.2638297871016519 25 1095.0 10197.0 -10.021181048256803 -0.005398626176196354
2 496.5168988148809 1.0968615648067057 0.44298015132832297 -0.7996549334311561 -0.5225126394306302 25 2484.0 23517.0 -10.928454797916627 -0.6334321237481143
3 313.9347825743125 6.772860580894748 0.4678369210156945 -0.49823665704753856 -0.027240028173837475 25 1637.0 14951.0 -10.436675603717617 -0.17888923933350498
4 656.2902925636807 15.643206273612599 0.5786853998823351 -0.4618165884919795 -0.38943734869937696 25 1774.0 17978.0 -10.636853440228842 -0.028747623678038126
5 829.864480886912 19.75393723616408 0.528887064753184 0.7311727319590855 0.27781281213669873 25 1066.0 4552.0 -9.145505633467536 -0.013135875848470403
6 78.22116063216268 47.87024173692788 0.37810029643741394 -0.1035134414307089 0.09661893856508628 25 1524.0 13370.0 -10.31532851815496 -0.2538309504404224
7 634.2900762692738 56.96124055086722 0.36248986294422875 -0.5350562887741263 -0.46267387557627415 25 1237.0 9372.0 -9.929580699812313 -0.11203868229675389
8 420.46800145937516 67.66048703148269 0.4332082609807335 -0.7835685899250048 0.2799480179934043 25 1632.0 18573.0 -10.67220514683142 -0.07991349804517053
9 169.2194233283359 84.31491853846906 0.4581487607274835 -0.6303859738596342 0.5600400925669515 25 1942.0 23166.0 -10.912127630019233 -0.21229473242650412
10 355.2681991864584 92.87610666168358 0.4261012492109499 -0.520101211123505 0.023526468381858342 25 2006.0 20403.0 -10.774235073914607 -0.3797641877434829
11 210.6984848380522 98.16082981910176 0.4747595472489248 -0.5317546888113485 -0.2694944710324329 25 1496.0 13210.0 -10.302257044036319 -0.10799942821488517
12 161.8513174059743 98.77138249167415 0.4297112807141799 0.09111448647543234 -0.021940257258697946 25 1543.0 15347.0 -10.465058732793615 -0.11382774934998635
13 509.53036494377943 100.80536350442522 0.3695769006268051 0.3217286401306824 -0.3555132509582716 25 3969.0 67585.0 -12.074625795324177 -0.4567025191098507
14 502.07190047636254 118.54771813066587 0.4291731208851841 -0.560347056761079 -0.07537829597872524 25 2430.0 30644.0 -11.215863634169095 -0.38614392064167474
15 172.3342460027195 122.37708739343074 0.48203734942292126 -0.31638409070739193 -0.13654672228711887 25 1833.0 21377.0 -10.824866893100594 -0.14525591168535334
16 161.95607127146982 127.28651788272344 0.42537780310421713 -0.018494465002862687 0.027527255672010885 25 1357.0 11724.0 -10.172689524415993 -0.04186669272923129
17 505.6797123995122 163.19747265509244 0.4831451209009791 -0.7311528616508092 -0.08737229658952723 25 1566.0 11630.0 -10.163949286821122 -0.2670557329653709
18 45.41441261133069 165.06856766966308 0.46589471651363334 -0.5926683111563643 0.12867971541381892 25 1866.0 19076.0 -10.701218284404575 -0.2916310611331244
19 1.1762515097323043 169.62965975083404 0.47841887249208453 -0.3687705348920073 0.38247250226604684 25 2034.0 19169.0 -10.70649864346149 -0.4386906666797945
20 506.5941275622595 175.30635157043417 0.41639085279037935 -0.8352481109517171 0.019111403035606316 25 1625.0 15137.0 -10.45009952731794 -0.23460016073688253
21 136.7837042885271 181.03781445474934 0.46150262335695535 -0.4520740691729312 0.010121080028745297 25 1306.0 10749.0 -10.078420157214431 -0.044533548086968744
22 802.9312321806183 183.93643524473367 0.4345918336746248 -0.9145908798151021 -0.5266414349901911 25 3090.0 32670.0 -11.285372836188595 -0.7899446818542908
23 161.7662901987065 186.83106139865976 0.36123676527850523 -0.8354653373517522 -0.39034137539131447 25 1245.0 11796.0 -10.179336909699401 -0.06948548216865423
24 99.85615631777775 187.91132725777445 0.46911681133610666 -0.29203167065291746 -0.4051634644365174 25 1291.0 9441.0 -9.937544994082208 -0.0515231174360157
25 447.4773886593185 199.6091693822648 0.5414739871391228 -0.959998161356101 -0.19719129424894374 25 2003.0 17803.0 -10.626232979601518 -0.33771000650697985
26 3.0658178517983963 203.212932527661 0.5907233446108099 -0.26589720442744497 0.08812464269960885 25 1869.0 10296.0 -10.031671334740826 -0.41212773577695566
27 343.98322698490506 204.88168908846356 0.39844228167294643 -0.7143901135298069 -0.42525384328910093 25 1962.0 20362.0 -10.772051082774901 -0.3979166190049637
28 448.62589704965643 217.78065611292672 0.3824631176889159 -0.0648357470275742 -0.4328771485584202 25 1089.0 7103.0 -9.628604536680138 -0.02671437963328805
29 433.6555203586073 224.00440326124183 0.5021706265369011 -0.566636626590388 -0.6683160592513188 25 1751.0 15304.0 -10.462012392548099 -0.24750219000547466
30 11.91615669966024 228.7966373425187 0.7228785183578974 -0.30160099096130044 0.06814312645112465 25 1755.0 11100.0 -10.113307446966644 -0.12515720934076816
31 763.7076613956432 233.4959974063343 0.4139098024533046 0.05724243334554375 -0.14016303510575825 25 1993.0 21742.0 -10.843248728516992 -0.35589360319341534
32 785.7455556267464 235.3904885525785 0.5444988505208167 -0.5465014320411916 0.37423276652261905 25 2203.0 20764.0 -10.793277550517029 -0.36672294080800216
33 321.718451292289 243.1732822063205 0.5231296695747354 -0.17821019658943998 -0.2692301721048542 25 2440.0 29064.0 -11.158388462136646 -0.2954326517586354
34 580.9590119619786 257.12941194356347 0.5009737789514314 -0.3043633153327152 -0.6790479761323472 25 2830.0 32534.0 -11.28084365583234 -0.4966876396057606
35 181.02865046455454 264.82508161127225 0.4078664397766564 -0.7432474562646361 -0.3533595998147777 25 2038.0 23722.0 -10.937878253925696 -0.31112838736151105
36 320.8630472522246 266.37541402252276 0.5020813611654666 -0.6490125728843688 -0.4012368209996006 25 1418.0 10004.0 -10.000434207646162 -0.10893900678946344
37 544.8218096210235 267.0484781072001 0.45838018329027513 -0.3655119779853867 0.806416059680843 25 3658.0 52797.0 -11.80652311502483 -0.5572720035466713
38 207.5902432093217 288.79276600428693 0.5078250838878603 0.6906457267646025 0.47523944642587035 25 2492.0 29987.0 -11.192332549142403 -0.2939618555787034
39 705.4260922308838 289.0202561751714 0.48671383891288245 -0.8567922997101192 -0.2876425127033662 25 1719.0 17370.0 -10.599499546117748 -0.11305795087051054
40 258.23440936560706 301.9681772291086 0.46616253241806893 -0.30782224788493995 0.02041945760169203 25 2343.0 21958.0 -10.853981951863233 -0.5750443864869896
41 220.47677724393324 307.60111675186886 0.441183410329173 -0.8668563972315164 -0.18114417879960446 25 1807.0 20405.0 -10.774341497773223 -0.1827134542203423
42 408.71450200179936 325.6040417534524 0.4069593274471059 -0.26020366983239185 -0.20004000937504657 25 2297.0 29181.0 -11.162750426487861 -0.332230395289177
43 555.2757634182367 337.9996447449205 0.49905351781532914 -0.8564927612766396 -0.156560508483746 25 1664.0 10658.0 -10.069189289762232 -0.3599137424962008
44 314.6786954058885 354.01034009754267 0.4922759930381176 -0.9966579244634167 0.12455027755308269 25 1293.0 9208.0 -9.910413276554339 -0.0479618492311593
45 544.0860440972145 354.325023887422 0.5116634952613338 -0.21857761496949826 -0.05535916655153676 25 1735.0 16152.0 -10.520565764838956 -0.19421235892117292
46 594.3797513315415 360.4236151998108 0.3845477090964835 -0.9575478949701699 -0.46271885832739373 25 1203.0 10512.0 -10.054213380539263 -0.022618031814234944
47 401.38452140482485 363.56934860080946 0.550013052521369 -0.6168457025482695 -0.21951208410185571 25 2423.0 24717.0 -10.982489393943384 -0.3791490876454866
48 546.0386924395552 369.0850799256484 0.4894698825343526 -0.5935538622584461 -0.02008501481796077 25 1801.0 14616.0 -10.412071335861203 -0.3548143198255613
49 772.7297215734869 371.81280431927786 0.5128985430196651 0.46523133064509303 0.04887433627309993 25 1373.0 5909.0 -9.428784974949165 -0.22903410148673126
50 580.8832991478591 381.89477597193815 0.4909761678735055 -0.8930030606894693 -0.3494870492482132 25 3035.0 34141.0 -11.333190593947485 -0.6642756251481818
51 201.90672900830822 386.9882856353703 0.4351348466675031 -0.8906229899775074 -0.1775037283463723 25 1718.0 13674.0 -10.339738938910049 -0.35985844377844
52 718.7349702828622 387.7418841473302 0.523583522175761 -0.6186851981570436 -0.024066255153157183 25 1630.0 16613.0 -10.551120162675796 -0.04137982257384828
53 805.0499781490506 394.6798499723083 0.5763534713164106 -0.43988353898389765 0.11594045808910469 25 1392.0 9889.0 -9.987880942228633 -0.041658280661481834
54 133.16856104677098 404.8670859626855 0.4890523834025086 -0.6732066440418539 0.42965477539768243 25 1740.0 15547.0 -10.479116496406826 -0.2797072322902225
55 285.0357721576967 405.02935644331814 0.42595820566374026 -0.5253018416167397 0.1667822041492866 25 2576.0 34768.0 -11.352949272441125 -0.33478119887071145
56 81.53747442896837 408.620348146988 0.4776371715520955 -0.6748660818424764 -0.01293152074606664 25 1307.0 9546.0 -9.949553575075562 -0.026337386711684424
57 787.1817861492183 413.8238792110315 0.6096272976061221 -0.8216339910573208 -0.09940150155449563 25 1576.0 12152.0 -10.211619402136824 -0.1374216143579299
58 572.6456806680551 423.2026070178924 0.35163932636302736 -0.5554422908018063 -0.22582352804225594 25 1166.0 10770.0 -10.080539258244954 -0.003915910349229006
59 341.99953795395334 425.66133947933884 0.4141373450354547 0.7032470347970013 0.3281363502149673 25 3143.0 48570.0 -11.71592025868259 -0.36044045417594034
60 109.611790654964 428.6533255384057 0.5976725047748896 -0.6707374748015517 -0.4840670795921137 25 1536.0 12121.0 -10.208846128075349 -0.04708170175710769
61 586.6719636351074 430.568050444432 0.36594722305659255 -0.7726839358116624 -0.249507885828868 25 1642.0 17827.0 -10.627695661210003 -0.24205604563529592
62 176.0152127920056 430.4854555605118 0.635845144566461 0.022905620131191472 -0.20803839284153122 25 1328.0 6389.0 -9.513582220330349 -0.037809292480445754
63 54.03278953206663 435.3356776536631 0.4415282413174296 -0.45031856210362287 0.18758088876274778 25 1218.0 8213.0 -9.786254557068284 -0.09257276467555561
64 203.40781821454573 441.36991189259805 0.50020210183829 -0.4892691544332344 0.41475337384925226 25 1860.0 19377.0 -10.71821634815703 -0.23250767540483133
65 782.1835655264234 444.2729738410735 0.5855320104507394 0.5610772497746633 0.6791102491586575 25 1784.0 13744.0 -10.345282866217918 -0.24156788716297758
66 750.7868888712294 448.3297299328313 0.46292277802646453 0.18207334893196397 0.30299539518507196 25 1647.0 14110.0 -10.37381753438587 -0.2569039854755766
67 803.1315229398655 464.4912035100075 0.49321000572455304 -0.20034481931005382 0.0759901565273528 25 1445.0 8282.0 -9.795338065415898 -0.20454735458528248
68 617.8361724433956 466.2306607710964 0.4862068265476688 -0.4815690339391067 -0.22369666760679063 25 1567.0 14174.0 -10.378731071063745 -0.08861893822383671
69 170.92956306713333 473.66072617531074 0.556606106109378 -0.9492811284871526 0.010360880073088604 25 1785.0 14709.0 -10.418957869914603 -0.21383529912375004
70 765.7257538643753 481.26314083013415 0.5773603021695307 -0.7190057502523817 -0.15889813030806482 25 2109.0 17461.0 -10.605172780847349 -0.3544995564674406
71 679.7111015248373 482.88431126397086 0.4720075225130092 -0.03923730433135117 -0.0992266267717872 25 1734.0 18290.0 -10.655534263691042 -0.13293594970662925
72 61.78909331034538 490.99219742167185 0.4198178668388809 0.07801049606573383 0.1209244881022646 25 2296.0 24027.0 -10.951748870956791 -0.5412198736252494
73 739.4722829577456 509.76532599576075 0.3890272080979666 -0.6737711343679041 -0.2702251781629596 25 1126.0 8621.0 -9.838894112732534 -0.039485869534799524
74 208.5012608417535 516.0237720966054 0.518974996340963 -0.40739032049038637 -0.500836781960309 25 1368.0 9050.0 -9.891621448013009 -0.09266472078802124
75 693.6482426781788 517.9001252044238 0.4286610216598918 -0.9653267836108024 -0.20521250551622217 25 1441.0 13902.0 -10.35769321043405 -0.0946792484787673
76 79.61014821724322 521.4668445981101 0.5701204756459485 -0.6325857683017851 -0.09303075683307298 25 1890.0 15750.0 -10.493201395314049 -0.24144473429712332
77 768.3925112938615 527.5361378739972 0.41674601112379817 -0.011986502286482813 -0.043022872284350366 25 2135.0 21997.0 -10.855908637022932 -0.4751768289510646
78 37.883109342703584 538.3449067300123 0.3771260386366286 -0.8993681376000124 -0.14162543056139362 25 1352.0 12033.0 -10.200934791753273 -0.2001960604980082
79 806.4962737332726 549.6008844056067 0.4393861188541959 -0.12614772437608143 0.2833674075211699 25 1652.0 13120.0 -10.294834587599105 -0.342696202728606
80 69.78634850246901 553.7216941809579 0.41636178242578287 -0.4941255725794513 0.2702616092684049 25 1500.0 16347.0 -10.533595156559429 -0.0881822547183052
81 14.934988126890675 555.4020322267422 0.4280761897279872 -0.7161037449218116 0.06895226654238294 25 2340.0 27535.0 -11.099712702043254 -0.4378433910770274
82 37.90455433112778 562.6415432313297 0.5345226459197484 -0.2521919985520576 0.528760974766171 25 1877.0 15257.0 -10.458672865578775 -0.3376204056286958
83 570.7288751473653 569.160227074465 0.5735097011839401 -0.39717075900614945 0.08906284038302467 25 1421.0 8205.0 -9.78519646347278 -0.1130343717128389
84 783.2980595441402 570.0735632467203 0.48356809790863103 -0.9631025952326212 -0.26040835454499417 25 1824.0 16781.0 -10.5620445934876 -0.3328899298382915
85 46.068330728283385 577.0487934608077 0.6438512030048821 -0.4111653639633199 -0.3014667288485174 25 2259.0 15810.0 -10.497329674830523 -0.4423216383091347
86 635.5944007830158 579.1535703023302 0.46949067969066366 -0.8830456243751812 -0.15679273792085197 25 1571.0 12396.0 -10.233203918918115 -0.26495799009442705
87 614.981619285065 583.7722538883227 0.5160353519446235 -0.7907189355476921 0.24146712584865762 25 1318.0 9690.0 -9.965809442626913 -0.026898132177608038
88 441.08660522296634 590.0246000798151 0.4627601727627167 0.051857812424122976 -0.24587091078856196 25 1847.0 17267.0 -10.593042222520005 -0.3045455006519504
89 747.2812425917722 595.9882714990183 0.4788276536472942 -0.8067407909177807 -0.2836732960481052 25 2038.0 19373.0 -10.717992196165573 -0.4051112973433236
90 568.7449562706523 597.5536461475394 0.4442636775197947 -0.8650279239562043 -0.2868729300336475 25 1971.0 20156.0 -10.761010874209326 -0.3747967842387861
91 688.8686610149745 604.163411263137 0.40488886462834606 0.16420592997437555 0.19144624337001784 25 1824.0 20134.0 -10.759825160688422 -0.19967383267505048
92 169.58629546404578 606.1140178064295 0.365074325153106 -0.6656781505502062 -0.17602040759441778 25 1989.0 22164.0 -10.864120353719667 -0.41715248168253394
93 695.6086466326276 614.5925379607922 0.6097808502815216 -0.8903564260776953 -0.22886989086206044 25 1581.0 12912.0 -10.277483793444988 -0.026954712662780933
94 127.7599557001705 619.4596708922923 0.4835538079133542 -0.08935914857235536 -0.41399737944586673 25 2045.0 18161.0 -10.647849396052546 -0.4388951742099252
95 469.92642491341303 621.7066446095772 0.4970743233622598 -0.3118898801757779 -0.324319983961742 25 2760.0 30405.0 -11.207362519371724 -0.5447852847342604
96 825.1126475739939 629.5531118954366 0.7137604478505246 0.48515782530051144 -0.08076830477779709 25 1397.0 4205.0 -9.059415000334827 -0.056772809331439064
97 591.2059331681351 633.8152627554771 0.45466791612868285 -0.6044773160048396 -0.025084740554798448 25 1236.0 8647.0 -9.842163647439056 -0.04942616053479797
98 65.61971420886331 652.9446273040969 0.5367849002038878 -0.3918480938355215 -0.10884119197084206 25 1685.0 12891.0 -10.275716521008913 -0.25187369626340755
99 829.7160707140919 662.3215182570866 0.5799063232180578 -0.44353055511020467 0.09667896853766636 25 2375.0 22110.0 -10.861471856446785 -0.43628707177733894
100 685.8487624191905 669.7719802137011 0.3696733060424728 -0.4610388202010648 -0.3232988460882949 25 1228.0 10572.0 -10.060392886149181 -0.06774172249873657
101 3.903519286202331 674.8291089933191 0.5994181029014821 -0.37047872356711237 0.00041781050699956853 25 1930.0 16929.0 -10.57157826247426 -0.2559607216411026
