test_CNN/outputs/tables/02413_b58766m0s0_sources.ecsv
# %ECSV 1.0
# ---
# datatype:
# - {name: id, datatype: int64}
# - {name: x_centroid, datatype: float64}
# - {name: y_centroid, datatype: float64}
# - {name: sharpness, datatype: float64}
# - {name: roundness1, datatype: float64}
# - {name: roundness2, datatype: float64}
# - {name: n_pixels, datatype: int64}
# - {name: peak, datatype: float64}
# - {name: flux, datatype: float64}
# - {name: mag, datatype: float64}
# - {name: daofind_mag, datatype: float64}
# meta: !!omap
# - {date: '2026-06-03 17:09:48 Eastern Daylight Time'}
# - version: {Python: 3.11.15, astropy: 7.2.0, bottleneck: 1.6.0, gwcs: 1.0.3, matplotlib: 3.10.9, numpy: 2.4.6, photutils: 3.0.0, scipy: 1.17.1,
#     skimage: 0.26.0}
# schema: astropy-2.0
id x_centroid y_centroid sharpness roundness1 roundness2 n_pixels peak flux mag daofind_mag
[from data line 103]
104 711.1193660433532 486.008907987454 0.5986142858582024 -0.32259267607150566 -0.3495581117152255 25 1170.0 5788.0 -9.4063213061175 -0.006916257692458365
105 633.275491114513 495.29218484637454 0.45041440270028427 0.26168913394329973 0.30606324627678827 25 1019.0 5783.0 -9.405382980758986 -0.11995796885536426
106 452.68335649049305 495.96347569060913 0.6031610234698882 0.17867839254251042 -0.1664301262632062 25 1334.0 6178.0 -9.47711975991358 -0.22082235425167174
107 788.6145928989021 498.27551661409103 0.5043149905697369 0.031847946005227855 -0.11979719375675006 25 1043.0 3361.0 -8.816171281173693 -0.17329135681640298
108 514.403783632569 503.2672334356428 0.48142508483494223 0.047074893074019276 0.10510606405802185 25 1625.0 15263.0 -10.45909976055338 -0.23551330823537817
109 512.0585414060151 522.8647899931544 0.474242423811398 -0.42732290263706213 -0.28523799119424076 25 1228.0 10531.0 -10.056174031919422 -0.14081971745432242
110 634.9075426162124 529.8045074638582 0.6466938797429042 -0.600272463609776 -0.1465674442484603 25 1327.0 7139.0 -9.634093454896485 -0.14974538198294143
111 784.9343433211366 530.9822225332488 0.543901111782751 0.02408690277687493 0.06054430532551311 25 1567.0 10316.0 -10.033778333664749 -0.32150391462218236
112 412.5442693596486 547.1201774220598 0.4118614751998476 -0.4317881735150047 0.2902355286552732 25 1213.0 11040.0 -10.10742268348295 -0.1289832189586822
113 685.2645949516028 546.6743590183057 0.41164176450774237 -0.7664228376771736 0.23864903788992756 25 1561.0 17541.0 -10.610135871392366 -0.18796994945292472
114 213.53190300457572 552.3555872956131 0.5380472968713746 -0.34885220793693644 -0.6107891885224314 25 1855.0 16896.0 -10.569459752134296 -0.35391158057413474
115 151.68284336100695 559.1516965452546 0.6756939738519245 -0.1498022379397902 -0.21284633195038144 25 1550.0 10752.0 -10.078723139274375 -0.16087626329272273
116 404.4803914622892 559.3129827016234 0.5836698162289857 0.022883488883089196 -0.15320699480462924 25 1894.0 15087.0 -10.446507225851473 -0.4259201448122839
117 735.9695831612888 560.966469897267 0.6232775206097789 -0.43837408234153674 -0.743302154980565 25 1545.0 13555.0 -10.33024880479126 -0.027263790303942156
118 240.9193913528866 592.9871098162738 0.5720354167986387 -0.7044118108342227 -0.30243807211309753 25 2450.0 22890.0 -10.899114481686357 -0.5787720260639505
119 426.810014407897 608.4073893267118 0.6889259152634924 -0.24926444588775454 -0.002147312421212786 25 1653.0 11096.0 -10.11291612016307 -0.20437726167972003
120 43.09925889872674 613.6899554067032 0.45423678684241403 -0.4701497519771757 -0.11127470018053422 25 1306.0 13372.0 -10.315490919801327 -0.008694273533196455
121 213.12330798376723 616.3232561391076 0.4297626317539246 0.18813608395684348 0.03828056928976717 25 1028.0 7414.0 -9.675131454233862 -0.06392308118126704
122 803.8180249401895 617.2048153495277 0.47849758450856805 -0.23743080301522845 0.3599053537339291 25 1439.0 12585.0 -10.249633049710953 -0.18441971412801234
123 311.2513755875845 621.0427946715204 0.37223106646543175 -0.062122226444754756 0.006121162926904749 25 894.0 5900.0 -9.42713002910536 -0.030351700558979584
124 183.82622537273022 621.7132373136703 0.49920918830445804 -0.22436028516293643 -0.08559380735808407 25 1992.0 17481.0 -10.60641568202453 -0.5402798349429557
125 686.621920051316 624.5875831130087 0.43658647732410705 -0.4694180625255885 -0.17365296125012264 25 1807.0 17062.0 -10.580074844050333 -0.45800960173191796
126 820.3410363556729 634.2801059364191 0.43441152133459854 -0.5752410499264491 0.08091489916308858 25 1702.0 16917.0 -10.57080837327004 -0.38998120744369635
127 170.27629323729926 640.7270026751552 0.591429979158697 0.9826417634751 0.038296389878547075 25 1525.0 13359.0 -10.314434874627214 -0.13459932071032774
128 617.9445304142554 651.5257667696692 0.39215876424283574 0.64377446481931 0.041997902376409366 25 1071.0 5720.0 -9.39349007198256 -0.249732657296422
129 732.4401837120031 657.8869633152838 0.4059638376662635 0.3490647446085404 0.3893921515337633 25 1150.0 9616.0 -9.957486136646661 -0.10593036742379684
130 264.31522195490794 660.9384454253519 0.4314653007264564 0.28968611528674676 -0.8909528183499036 25 1598.0 16361.0 -10.534524611603754 -0.19904485194916763
131 253.76987703732266 669.9530535088843 0.3932257097329925 -0.36937141426859327 0.01870883254691371 25 876.0 5679.0 -9.385679671708647 -0.00480056391351517
132 108.6959083425214 678.2187289646979 0.5137785025781031 0.38115817301888105 -0.3337665881240588 25 1674.0 14019.0 -10.366792589359939 -0.32101423447871036
133 390.0401980008931 690.906201210597 0.5142649808759364 0.5137663592888092 0.2805775153787039 25 1900.0 15305.0 -10.462083334833384 -0.5113593399209952
134 588.1060368103502 700.6953487160438 0.5936620460958438 0.1114340721634241 -0.8248928659212886 25 1150.0 5362.0 -9.323317024117152 -0.019649299253166223
135 560.2690960106728 716.6759233837297 0.4929666254511757 -0.026681662171455876 0.16689139104671935 25 1489.0 11496.0 -10.151366887815422 -0.2735211365219765
136 390.40669057763404 725.7851736715983 0.5468862524115163 -0.933750961395446 -0.28161704146719063 25 1584.0 12336.0 -10.227935901767204 -0.2755922375134633
137 286.1903214373209 728.1028377275443 0.5753811614995344 0.607937205307924 0.011630801113882323 25 1270.0 8152.0 -9.778160427495925 -0.11588659538847285
138 754.8908005486506 728.3838568422348 0.5224787613193097 -0.878427746250913 -0.39276511926959934 25 2165.0 18631.0 -10.67559041459253 -0.5775844654085395
139 352.62399799620954 741.0188493187677 0.49093457558101666 0.0512249021314969 -0.5604021578560223 25 1965.0 20231.0 -10.765043375210295 -0.3562751793879632
140 362.23301362365464 748.6472512483083 0.3334882178995678 0.29962941530475684 -0.040570447667273093 25 1384.0 13885.0 -10.35636471021569 -0.274600519647564
141 317.2250946672523 751.0391057547689 0.36666108577405354 -0.46240592818191045 -0.3277639369573107 25 2476.0 31747.0 -11.254256729975252 -0.5906771100869199
142 452.2545553004434 755.3394267726858 0.40530286228078516 -0.29105830627097906 0.1913501799182792 25 1401.0 12752.0 -10.263945760130094 -0.22327174511367257
143 666.1887314745017 761.1130184263288 0.6034344899853473 0.24500233797688317 -0.46275839698926113 25 1370.0 9992.0 -9.999131063415197 -0.0490770250303987
144 233.7122415125158 762.0795506992072 0.41744943458065553 -0.3700536520963766 0.022617965484930138 25 2003.0 20459.0 -10.777211005857815 -0.5668747890621735
145 632.2210282127594 766.5633969982216 0.46501069296329245 -0.4985379058145006 -0.09390947022954284 25 1354.0 11874.0 -10.1864926114751 -0.17995837092727385
146 745.7619170735478 776.5080982365088 0.6215676189827283 0.8880389244040692 0.30069597174755336 25 1465.0 9401.0 -9.93293513170743 -0.2199870561522799
147 709.060936335606 778.2739318580828 0.5092431153224701 -0.1281864241924427 0.44805529318190046 25 1155.0 9108.0 -9.898557554857764 -0.0027948152048353375
148 617.1046689446016 779.1929185979626 0.4493863193284685 0.7094989017788246 0.4591071170818022 25 2165.0 23449.0 -10.925310816589144 -0.5173268246841132
149 110.36412389011555 792.7886199246851 0.6538633703323193 0.5354731849556287 -0.27692918886095635 25 1533.0 12202.0 -10.216077551640922 -0.11255370774736247
150 134.39060731011173 814.5495593837987 0.4600967161049293 0.5301637527460464 -0.12181725988302172 25 1123.0 9072.0 -9.894257603872079 -0.010918193136665933
151 96.79230873624944 816.3167257801275 0.5829661969498592 0.11248705504017532 -0.35860058235345044 25 1332.0 10301.0 -10.032198467928223 -0.07526403543691446
152 477.57993075990436 820.1438630841445 0.547679132626647 -0.7488447871059235 -0.043727766037959206 25 2003.0 15456.0 -10.472742772678545 -0.5274967074697408
153 442.6872555788859 829.375275097455 0.39098443565240676 -0.8109002931282397 -0.4006800776188996 25 1373.0 12564.0 -10.247819819316168 -0.2269002287438562
154 260.99333924008994 831.2011807121542 0.5239596355422057 -0.011281458559691902 -0.2205448939404903 25 1589.0 15280.0 -10.460308385599177 -0.12898725622270257
155 388.10603943391214 832.7394857801668 0.3632030289209327 0.9515537000568063 -0.07066634363602324 25 1033.0 6677.0 -9.561453440583707 -0.2139394474114925
156 724.4977177005961 832.2893990958876 0.3155630515357693 0.10903067633169301 -0.01676678258806781 25 1810.0 19806.0 -10.741991936784887 -0.6095590001231711
