test_CNN/outputs/tables/02411_b58762m0s0_sources.ecsv
# %ECSV 1.0
# ---
# datatype:
# - {name: id, datatype: int64}
# - {name: x_centroid, datatype: float64}
# - {name: y_centroid, datatype: float64}
# - {name: sharpness, datatype: float64}
# - {name: roundness1, datatype: float64}
# - {name: roundness2, datatype: float64}
# - {name: n_pixels, datatype: int64}
# - {name: peak, datatype: float64}
# - {name: flux, datatype: float64}
# - {name: mag, datatype: float64}
# - {name: daofind_mag, datatype: float64}
# meta: !!omap
# - {date: '2026-06-03 17:09:48 Eastern Daylight Time'}
# - version: {Python: 3.11.15, astropy: 7.2.0, bottleneck: 1.6.0, gwcs: 1.0.3, matplotlib: 3.10.9, numpy: 2.4.6, photutils: 3.0.0, scipy: 1.17.1,
#     skimage: 0.26.0}
# schema: astropy-2.0
id x_centroid y_centroid sharpness roundness1 roundness2 n_pixels peak flux mag daofind_mag
1 641.817006580565 0.25055990720347404 0.8352387448579472 -0.3425460384291557 -0.36932087595247143 25 1451.0 4431.0 -9.11625437507903 -0.07977296584850495
2 227.43454071608699 1.2517520595199652 0.49245279655072194 0.23586199179472608 0.10132585336815801 25 1304.0 9393.0 -9.932010805841445 -0.13694509641470826
3 106.26682028057151 2.006487231697777 0.499970809140923 0.3489667662076851 -0.45805868185685633 25 1331.0 12871.0 -10.274030725771148 -0.01328551504391829
4 723.5540381611188 2.7857582971518635 0.6157016710697124 0.1751855119536211 -0.07197342451663574 25 1941.0 15822.0 -10.498153450442695 -0.3124743602421306
5 267.6378414600675 10.013992719163836 0.4606670280419964 0.4079399353300772 0.06446090635125701 25 1294.0 12404.0 -10.233904393913223 -0.05871858554048267
6 800.5716393611924 18.272544184231755 0.5850903379092974 -0.5572502972771195 -0.35951571701106694 25 1301.0 8753.0 -9.855392321168727 -0.07213469370048955
7 301.8863730266128 21.546832118374137 0.5166513587708089 0.025974850455214162 -0.10779461055075802 25 2074.0 19399.0 -10.719448357599347 -0.44717924496254774
8 415.7791328218476 28.48055954523901 0.5717662983358829 -0.37507903024784445 -0.16219413548605024 25 1891.0 14440.0 -10.39891798308405 -0.40425673858287
9 635.0612434642354 41.50408985431091 0.509500425075916 0.3772424539471317 0.367997638666508 25 1406.0 7358.0 -9.66689945873777 -0.36417490947098446
10 660.7553678788381 54.9048170500545 0.5711263712786298 0.20169838885904354 0.31874730394946404 25 1453.0 10476.0 -10.050488724382987 -0.1608883554121943
11 480.444048369645 57.06520349688066 0.4531286798220606 -0.7800102452108553 -0.14890820876458888 25 1370.0 9333.0 -9.925053164570915 -0.30714464070834524
12 746.996952755752 58.10703077926919 0.6385210792432519 -0.008373057146121164 0.4632451280363482 25 1764.0 12827.0 -10.270312736846499 -0.25031475647459345
13 0.6361737826695142 69.60869303031285 0.5144687181296855 0.5594742208329647 0.26764998854235494 25 1120.0 5247.0 -9.299777660495847 -0.16132890156006785
14 377.38827560215566 71.6236896840269 0.4599759001900155 0.230937867357894 0.06699997389064467 25 1685.0 21256.0 -10.818703853505554 -0.1123792692562571
15 679.5967866445939 73.60720555402985 0.5576533413762765 -0.2635163401753038 -0.45614664253099657 25 1495.0 9161.0 -9.904857207853468 -0.26237342102401273
16 15.198253983391478 105.50985127835706 0.5350424777644075 -0.24253312290199636 0.4298839636323188 25 947.0 2082.0 -8.296201812936294 -0.05727107002028693
17 0.602733648922682 113.19810989872093 0.3363436134171703 0.02387964213823204 0.35004728121276574 25 1885.0 17089.0 -10.58179162444542 -0.6834078309222481
18 23.992782429651157 115.34300041204826 0.5323304692500387 -0.1262282796103955 -0.286091890257996 25 2217.0 19848.0 -10.744291878160382 -0.5286542455380028
19 643.5587133087897 118.32622442707672 0.3699941468959024 -0.024910430645812647 0.11993808885788879 25 1315.0 14514.0 -10.404467796863807 -0.1112971656995307
20 771.1488456830788 127.57282277384779 0.39005778000009605 0.6072436105986232 0.3845907204671262 25 1078.0 9592.0 -9.954772925226981 -0.035995488022987826
21 561.5127663686964 130.99754394018487 0.5576078238764145 0.18476983647397616 -0.2315210491191583 25 1520.0 13983.0 -10.364000894130621 -0.027383548018052633
22 689.420382447964 134.28923386799437 0.5872746088468358 0.26389605278630074 -0.3307825331700698 25 1242.0 5402.0 -9.33138644962858 -0.11599038218326592
23 432.4705421083743 139.82667240170832 0.4978875663628836 -0.5197820735818075 0.4483560464485191 25 1409.0 11435.0 -10.145590422356918 -0.17850443413686656
24 309.0196290070064 142.75278347292502 0.716562998811792 -0.3919789951593422 -0.6962491718022419 25 1292.0 6197.0 -9.480453740374198 -0.027002545249221747
25 11.749277532198935 145.70389622569127 0.49561845918085984 0.3968428439289017 0.3040098775357632 25 1422.0 9049.0 -9.891501470532942 -0.271694095541718
26 48.29333548335945 148.47100953248733 0.44833037432836503 -0.0748474903613218 0.10227250136901557 25 1765.0 14058.0 -10.369808847451516 -0.4936362202091257
27 558.8830470747736 150.90964170618506 0.3920423798537183 0.5718556965617313 0.3110212003087006 25 1457.0 12655.0 -10.255655373735683 -0.3302614096875473
28 128.23810693102033 153.6439156903769 0.4520736665908688 0.479706041120664 -0.07651094220105456 25 1286.0 10207.0 -10.02224528692735 -0.10316168701880438
29 116.31051152047748 160.50679601174647 0.3989108736159216 0.17011660167126746 0.41045730333487496 25 3165.0 50543.0 -11.759152540179485 -0.47943186390960035
30 819.7387654310336 161.69565837684124 0.5373203452350055 -0.11372933415979472 -0.4681670479099814 25 1454.0 12329.0 -10.22731963145402 -0.1537716640882508
31 0.6536429319172746 163.92288919270828 0.4506057722031431 0.27168047645962845 0.12996725911257978 25 1069.0 6745.0 -9.572454885019807 -0.09561669637462028
32 459.84288853691265 168.48713401150965 0.43261469319264123 0.5113108673976429 -0.25999775703679606 25 1419.0 12393.0 -10.232941124240622 -0.2701603936386527
33 347.05136936684244 183.78461715084558 0.6421170496154641 -0.006471704394227327 0.25167859259822184 25 1419.0 8044.0 -9.76368015481176 -0.13331193588366566
34 761.5926291995924 184.34121454663236 0.37322741869169496 -0.10699585236948585 0.024032166380501298 25 2083.0 23433.0 -10.924569731313321 -0.5099101441758123
35 703.5509461099851 188.95661860888052 0.5423894974088417 0.08040339179680292 -0.3974762190708522 25 1777.0 16222.0 -10.525260992662213 -0.26617595889795753
36 479.970372142618 191.03338021355003 0.6200086864686365 0.0670535194788955 0.04672579380989901 25 1333.0 7650.0 -9.709153587884044 -0.12065564544251961
37 423.7924697505388 194.66656865761394 0.49956447349295535 0.10532445649600045 0.3227319896166617 25 1441.0 14192.0 -10.380109006219127 -0.06645406032330366
38 195.00361663930025 200.9489735709405 0.4253553760438054 0.2267952741137602 -0.033037156365435916 25 1358.0 10547.0 -10.057822365026238 -0.25941140564787946
39 261.54153576940377 207.1272562425172 0.5070716018496522 -0.26124672532165694 0.21962566047597826 25 1096.0 6872.0 -9.592707877057965 -0.006130626585500132
40 490.3900482291939 213.17104888989348 0.5315019567434607 -0.8891234370979395 -0.8033019256226301 25 2798.0 33315.0 -11.306599544010387 -0.5088919839248668
41 459.00281861148693 224.51559850401432 0.4534037264016091 0.06205645523328223 0.24980303749245283 25 1849.0 22142.0 -10.863042116078363 -0.13541357562458795
42 208.60518711062596 229.2163626519826 0.6029680126979728 -0.19992523279661442 -0.01967029130093692 25 1456.0 7938.0 -9.749277736427862 -0.24513235335437314
43 217.0372877693379 234.46272937485446 0.4999789208971541 0.4262056400606887 0.621176171638148 25 1919.0 15352.0 -10.465412404318537 -0.5060462946402731
44 333.014018065917 235.88741185719383 0.3761516742761393 -0.39317306362283944 0.2489552320169307 25 1352.0 14145.0 -10.376507379482526 -0.20651907789023868
45 0.3058633614819556 237.06307192040038 0.8207431733657796 0.30505433769321005 0.9404330637858971 25 2041.0 10769.0 -10.080438442403407 -0.31755139690578504
46 222.311547874701 244.03466387765553 0.5295801369820687 -0.2854037248864909 -0.5157713805557516 25 2500.0 21716.0 -10.841949582459105 -0.676630077401311
47 109.95943590217712 265.72985561577514 0.45953592594296777 -0.20985745659894134 -0.19372352676120294 25 1292.0 12047.0 -10.202197275854543 -0.055304350811074834
48 827.7987411855331 270.15408892143046 0.47407105594624027 -0.5671411789637826 -0.18413716429877441 25 1187.0 5703.0 -9.390258428962765 -0.2195685726198992
49 652.9298862079002 273.89289190157314 0.40272648097035 0.5450287196806104 0.3225734469775853 25 1747.0 17338.0 -10.597497496538587 -0.3609739548764302
50 100.53804416406068 276.1789078522375 0.5297654491234991 0.09984887011259885 0.3335986341992866 25 1561.0 16912.0 -10.570487424908377 -0.07411730892031665
51 249.92459363282072 290.35342165470144 0.5124953867199479 -0.46024230138603456 -0.35246272147883995 25 1499.0 13928.0 -10.359721895273186 -0.16397065123416038
52 399.780369406873 296.29584793660064 0.37359765165587405 0.4519258780171607 0.10060484572666391 25 1992.0 22920.0 -10.90053653323838 -0.4706370855354635
53 327.89805208057237 307.8919995307104 0.46220672488325465 -0.2778788004345922 -0.0505416939796535 25 2573.0 26189.0 -11.045297289135497 -0.7039290158950827
54 738.9619274644701 317.41696430338436 0.39233748529027584 -0.12672802114375112 0.06527663222455198 25 2030.0 21392.0 -10.825628474794772 -0.5436852716020995
55 294.81669984153103 319.5849098676458 0.45671389340566476 0.5573858152803561 0.22962079424494003 25 1742.0 16945.0 -10.572603932933493 -0.3678198819039312
56 175.79770760653307 332.8753906650379 0.5880591061959778 -0.12379194492947651 0.07909903737109777 25 1589.0 13942.0 -10.36081269600122 -0.11711739135298732
57 736.1964936158734 335.88605878416416 0.37833199727159594 -0.0830922763212351 -0.37596967745104887 25 1158.0 10493.0 -10.052249182156341 -0.10982084919124059
58 99.55378410886144 337.6934819175124 0.5299111487145994 0.062159022895552744 -0.31405706329953187 25 1196.0 5967.0 -9.439390094610244 -0.15215558439337049
59 188.58326752053023 342.8124813290788 0.44431894381049986 0.32989941842282583 -0.15929887862761907 25 1132.0 8875.0 -9.870420904317829 -0.07148626397693723
60 74.59461113349508 345.9909260187304 0.6023895605764706 0.5495892251323604 0.21544053202730595 25 1664.0 12933.0 -10.279248193933876 -0.2030407467403098
61 582.0182023684397 350.05629723972385 0.5378769359770819 -0.4842321328313455 -0.09976566967075312 25 1727.0 13067.0 -10.290439727750872 -0.37952053542700503
62 514.5314218613324 354.8803641411134 0.4227063960084935 -0.07688554313969646 0.07484956282750202 25 1282.0 11314.0 -10.134040436010975 -0.1001699939458427
63 386.5607236188645 358.9896227556646 0.5204429613715732 -0.6196254862617226 -0.3559706177293194 25 2331.0 22281.0 -10.869836696588148 -0.535930709630387
64 689.1284620590217 369.81314121558205 0.49178968217274444 -0.15490982739662534 0.3252087667814884 25 961.0 4177.0 -9.052161188162803 -0.011736179704907911
65 102.92501376280548 371.6108056044861 0.44473930988060556 -0.4010026098402791 -0.025276709978435088 25 1435.0 12853.0 -10.272511268853462 -0.22677610563194975
66 309.9192885257309 382.18800505080793 0.5664060792598394 -0.24729584494668755 -0.14282203470816712 25 1905.0 15076.0 -10.445715321943918 -0.4005110403848978
67 300.1082300655641 382.929385436677 0.39270505654615945 0.4708711368073584 0.026223040669379968 25 1839.0 18914.0 -10.691958461750673 -0.4506700475602015
68 481.3224914927591 390.98639408213006 0.6442660533179656 0.13705827124162834 -0.07216444257087765 25 1737.0 10929.0 -10.096451064903945 -0.3049415811617322
69 494.3547587841939 390.6098974656586 0.6025987834823852 -0.19723847979163803 -0.2373191276395234 25 1685.0 14232.0 -10.383164837689671 -0.20169620564713464
70 386.2921704052103 414.4192596508599 0.4479003772090314 -0.18170622987816212 0.1794122064984973 25 1462.0 14352.0 -10.392281064250042 -0.15044891808306682
71 403.2144543124511 416.4455299839111 0.620117492544547 -0.10691561127908983 0.48204766672143 25 1404.0 7124.0 -9.631809776978015 -0.1880569608658882
72 141.87087533296457 424.36389732348846 0.5283856879559643 0.031646538630422945 0.07212631980403439 25 1733.0 16066.0 -10.514769406568465 -0.24141071631282876
73 299.9230440253434 426.6550908650412 0.4734708680691852 0.08117636236309485 -0.46032603943906447 25 2330.0 31759.0 -11.254667048200684 -0.3402524161205312
74 44.938427533988886 432.1408252456458 0.503965090286785 0.2485202508593097 -0.03518751062233013 25 1417.0 10055.0 -10.005955187331901 -0.23699538170439224
75 372.8870764395032 432.6289951400935 0.58458013556332 0.16334698928359032 -0.1279242025638029 25 1753.0 12771.0 -10.265562262241996 -0.2951766208958239
76 451.4862033927106 436.8033335921004 0.47613131952411175 0.5476897547715999 -0.14874770547547028 25 2118.0 19968.0 -10.750836420005825 -0.5428576092452764
77 548.2198325864333 444.11206145739817 0.6084956517139652 0.5495134071203334 -0.21405966646709795 25 1270.0 7171.0 -9.638949306254293 -0.02188319861597331
78 696.225257536223 443.7999428305902 0.4164726092943588 -0.2544306232963444 -0.027764100993557077 25 1028.0 5818.0 -9.4119342922776 -0.14367954123450136
79 601.0781506184436 445.40946868181203 0.4305059594227475 -0.4773225494740005 -0.26472294466204327 25 1443.0 12527.0 -10.244617693558343 -0.2793827590005902
80 248.02600062797185 447.0709829588004 0.43283274559919455 -0.15377919114435037 0.06525900568671893 25 1746.0 14954.0 -10.43689344077665 -0.48250589212563977
81 832.8725690919733 455.0264410837059 0.3983668341972581 -0.27114624086401395 -0.30998365746799555 25 876.0 3473.0 -8.851761958276906 -0.11654411893195182
82 1.7773596481699236 456.2225011839937 0.4115369289170978 -0.8876017918266141 -0.5514555274089189 25 1508.0 14854.0 -10.429608548948949 -0.22947122351372984
83 522.2431970291351 459.42654400952324 0.5237753402416946 0.4781772618124898 0.5167194094255921 25 2030.0 20653.0 -10.787457862597808 -0.35776907855724804
84 722.4135827906867 461.64380573921767 0.3957035068472841 0.05487745626039234 -0.015901334977704663 25 1436.0 14444.0 -10.39921869938697 -0.1934437269953496
85 830.7149989124703 479.2399055810029 0.601290838791258 -0.47126911243743524 -0.5988901456898592 25 1511.0 11829.0 -10.182370079482215 -0.08294059548706528
86 383.89259492097955 489.06998464009627 0.5708230636545114 0.19707105085988935 -0.7595718110158196 25 1893.0 16132.0 -10.519220533338952 -0.34538374226735935
87 746.3244530827428 489.79365919182584 0.48425090989679404 0.6181157256714371 0.2886046685785636 25 1872.0 19059.0 -10.70025027513731 -0.3349409228596328
88 186.2441911068049 489.8349858616405 0.5197568121678999 0.39271619911435496 0.005950068008096634 25 1514.0 12022.0 -10.199941809081494 -0.2644901409838034
89 117.51908876692713 493.64927660573676 0.5505318436241867 -0.7222252132878896 -0.3229525743825455 25 1898.0 17429.0 -10.603181174754239 -0.3031932304039994
90 221.63955360701863 497.23530280609975 0.5832659951569372 -0.6499377330008239 -0.22771703644449684 25 1282.0 7649.0 -9.709011652305731 -0.09224476304831064
91 613.0591535997258 499.4705689246917 0.4685245778871942 0.4744073169769396 0.2836958150111659 25 2073.0 21984.0 -10.855266788448642 -0.4395186818483271
92 546.0507336849791 504.77765383436974 0.4158352330988009 0.16801760691673828 -0.03637692571447263 25 1717.0 16083.0 -10.515917654862424 -0.40086244252429953
93 506.43107992645446 517.2055928595158 0.6476095447771226 0.2022155454667108 0.37399388986230186 25 1446.0 10962.0 -10.099724494340453 -0.0671659494592636
94 226.9111599036257 524.4295310764155 0.34981308030570907 0.2879417175622945 0.16016192670425763 25 1299.0 13914.0 -10.358629997554079 -0.15143708910125034
95 671.4728722012389 532.5519855104571 0.38250849675057785 -0.6835677933167553 -0.0933957106450452 25 1121.0 10333.0 -10.035566073473074 -0.05738931058779779
96 109.33631436138587 543.2868601293366 0.46582697150610525 -0.055222727213763374 -0.12857809205311108 25 2371.0 23738.0 -10.938610313762794 -0.6253862800683354
97 207.30336658245716 556.1036854853456 0.567962830516656 -0.08004863410737743 -0.3530289973848989 25 1251.0 9444.0 -9.937889946016723 -0.0082653134081038
98 651.867327843368 557.4310117010339 0.4454018115668342 -0.43564244377350386 -0.06437763005448739 25 1712.0 18788.0 -10.684701378778028 -0.23269493959998566
99 87.96486112165431 566.9901617207171 0.475528895272379 -0.023375285300805626 0.2707425049875661 25 1667.0 18985.0 -10.69602650368954 -0.16048657770222957
100 691.5731769606908 570.2426914823087 0.5192616620382149 0.2513794375224055 0.09479200188029405 25 1500.0 12903.0 -10.276726743184385 -0.203634214355982
101 227.4525832895156 580.6394472713996 0.405712682298572 -0.4090956778671915 0.1858246265126514 25 1442.0 13282.0 -10.308158689757063 -0.2925187036080108
102 152.9564119739009 588.749554314519 0.36301087238746593 0.1603329654903199 -0.2970591654416524 25 991.0 8670.0 -9.845047743690525 -0.03209554698074572
