test_CNN/outputs/tables/02412_b58764m0s0_sources.ecsv
# %ECSV 1.0
# ---
# datatype:
# - {name: id, datatype: int64}
# - {name: x_centroid, datatype: float64}
# - {name: y_centroid, datatype: float64}
# - {name: sharpness, datatype: float64}
# - {name: roundness1, datatype: float64}
# - {name: roundness2, datatype: float64}
# - {name: n_pixels, datatype: int64}
# - {name: peak, datatype: float64}
# - {name: flux, datatype: float64}
# - {name: mag, datatype: float64}
# - {name: daofind_mag, datatype: float64}
# meta: !!omap
# - {date: '2026-06-03 17:09:48 Eastern Daylight Time'}
# - version: {Python: 3.11.15, astropy: 7.2.0, bottleneck: 1.6.0, gwcs: 1.0.3, matplotlib: 3.10.9, numpy: 2.4.6, photutils: 3.0.0, scipy: 1.17.1,
#     skimage: 0.26.0}
# schema: astropy-2.0
id x_centroid y_centroid sharpness roundness1 roundness2 n_pixels peak flux mag daofind_mag
1 550.8120859532272 14.796213036301094 0.49955834664441545 0.5207645253643255 0.11636795620262876 25 1484.0 10495.0 -10.052456107296049 -0.18373061314086314
2 815.3940671716708 18.986959942844607 0.5682218395737234 -0.4073816024145986 0.20615035742108292 25 1480.0 11431.0 -10.145210561877311 -0.027608265087234324
3 562.1331156467186 22.57567071235289 0.5094900396379023 0.16466179211776463 0.09570620613875144 25 1986.0 18209.0 -10.650715239774648 -0.317383923348244
4 363.6082862772299 40.186605489453655 0.38989272855285306 -0.6930319459993933 -0.1811934618192496 25 1236.0 8070.0 -9.767183836805176 -0.19513456916541858
5 135.74280634689842 47.79711076736116 0.6123304739610615 -0.6050567186179665 0.21774027010008315 25 1444.0 9525.0 -9.947162460869142 -0.06613530044939943
6 806.4856059090419 52.21058371565999 0.47432738129401847 0.34481796311873414 -0.18286317236288416 25 1586.0 14280.0 -10.386820518600388 -0.14667750799808826
7 61.985298238330145 86.30419493549127 0.5683065747331172 -0.2735859711200632 -0.18713459904120758 25 1475.0 7058.0 -9.621704135059876 -0.23447538067757873
8 69.70598450947818 86.07756081264966 0.6075994480156656 -0.07146464461817238 -0.03732226017865408 25 1777.0 13158.0 -10.297974705152917 -0.17926793526583445
9 404.0887819338025 87.28470868906344 0.4827287830474665 -0.4430785043030754 0.19284775944601057 25 1355.0 10167.0 -10.017982058892603 -0.12633046092350625
10 139.65334194604551 89.9921126897788 0.35353529984877524 -0.5748341711602897 -0.32522927012831315 25 1334.0 13332.0 -10.312238262471231 -0.14575318289158698
11 1.1632714031439197 101.99541916715098 0.41221736007700577 0.03362800550538487 -0.3486639514278299 25 1320.0 8710.0 -9.850045387519158 -0.2515845602253063
12 731.6333342586053 107.64059855635077 0.412257161458481 -0.11413048519735244 -0.21724648337767005 25 1664.0 11389.0 -10.141213982377788 -0.44280844532662145
13 41.419674238623095 122.08416222413287 0.5925026246874877 0.2458398108739144 -0.008098626289239203 25 1491.0 10577.0 -10.060906260883204 -0.08420528617279957
14 739.0784376900041 125.02944309969962 0.6390959705608694 -0.6818545311157544 -0.29883409773037456 25 1780.0 13003.0 -10.285108906370192 -0.14627792392986455
15 814.3761635082592 130.54717900082585 0.37016273554489804 0.3844557628526132 0.15315657547657902 25 1479.0 9235.0 -9.91359224944065 -0.42495654480692346
16 746.0830740492568 133.98557888301718 0.437247783624726 0.18151441815079083 -0.17802479910743432 25 1774.0 14550.0 -10.407157483304815 -0.3764537388351851
17 300.48828020846736 136.0463041397006 0.4940994021012265 -0.4473438106752252 -0.06888712965354474 25 1024.0 3860.0 -8.966468261679388 -0.03617194514404769
18 136.42877378279394 144.10682161814879 0.5253547073664235 -0.43213447439362435 -0.38375859369374954 25 1413.0 6306.0 -9.499384916029715 -0.23945628205603825
19 127.37245690374614 159.08200139805564 0.7133047458443276 -0.04563630995578719 0.13508789441208166 25 1223.0 2281.0 -8.395313213191622 -0.025270935282277092
20 535.8570642823134 159.0275855475093 0.6116555893617943 -0.6498044675942735 -0.3357480214441984 25 1179.0 3240.0 -8.77636252551653 -0.05371357990532371
21 370.6705986515357 161.4328534709216 0.5358788674410356 -0.41443373158341507 -0.13545896968395943 25 1389.0 10557.0 -10.058851303887135 -0.03329449092709864
22 306.376772728104 163.69240165436193 0.4741881211645771 0.49208198495520694 -0.35696326189114747 25 1392.0 10906.0 -10.094163733377005 -0.0979374041559797
23 102.54717589134644 170.6723152570152 0.4817408023176369 0.5207370767558873 0.05135327046998078 25 1484.0 7054.0 -9.621088638328677 -0.40106544663942084
24 515.2173375169845 175.6454372290197 0.4685886901806408 -0.9338003581621159 0.10591721059963265 25 1380.0 8391.0 -9.809534302727975 -0.29048164394413734
25 169.1848983739376 175.70110428893258 0.5922287353010013 0.4397833261115563 0.02767762051207672 25 1535.0 10770.0 -10.080539258244954 -0.09661640764181482
26 752.7639995195409 183.43840097561275 0.3993160826980542 -0.5099717409370947 0.04605940299774248 25 2084.0 16916.0 -10.570744191187158 -0.6137699969997316
27 317.046404084039 199.0685113576069 0.5580965655526275 0.30956930593830095 -0.04412603375155539 25 2100.0 14630.0 -10.413110815313278 -0.4355906605146057
28 745.6754789011044 198.96090175356272 0.5334919000268822 0.8018954265676554 0.14323945013887307 25 1287.0 7840.0 -9.735790156711095 -0.05768845476775784
29 512.6389381335081 201.4138157288993 0.4576714093570112 0.6097294214694962 -0.07123059999036829 25 2797.0 35388.0 -11.372140046498558 -0.4613410986692814
30 812.8288711250498 216.75207949153233 0.4227415447211871 0.6678915426238942 0.13923598683951224 25 1310.0 10343.0 -10.03661631171008 -0.0910302335304261
31 824.0119478950895 216.76762095677051 0.3994451188099902 -0.16291031588963964 -0.4464819300619485 25 1208.0 9249.0 -9.915236948615426 -0.14857013460303434
32 803.989618065555 229.2250553161366 0.3917769459522121 0.22877946801553956 -0.2728066565156114 25 1774.0 18577.0 -10.672438952744518 -0.2581798845566982
33 705.52308198986 251.46057332964816 0.39648629285627013 -0.04121571171466496 0.049338446315573097 25 2573.0 28138.0 -11.123233063252151 -0.6415909138544807
34 262.8298912617021 256.50128804768354 0.6663897942322446 0.8821472617612242 0.11439660881765282 25 1587.0 10275.0 -10.029454576370266 -0.08066910558708272
35 754.421637508321 257.2713761257046 0.39956587927168585 0.15192110141026244 -0.14373195658205443 25 1231.0 8509.0 -9.824696309141958 -0.12545413752020995
36 323.49834982533963 260.9240167853478 0.6472167824791426 -0.08127373926902626 0.030558317757573557 25 1474.0 5434.0 -9.33779908520468 -0.1492501706989927
37 546.5551446316041 263.1586670679314 0.4648181465556233 -0.04381678869964992 -0.1637039364463775 25 1572.0 9978.0 -9.997608749007906 -0.3553169222472558
38 143.36612928256795 273.9260355626815 0.5162798332670215 -0.5476231739338467 -0.26719269239313315 25 1516.0 13660.0 -10.338626748363783 -0.08436083753973231
39 727.8366438614455 274.88664172739493 0.5692068522941449 0.9301297693536482 0.3350627363817969 25 1476.0 7999.0 -9.757589241971242 -0.18781702826028346
40 99.1893467285158 280.6869359591264 0.36851911043455166 0.7295332805205627 0.633602368142948 25 2435.0 29256.0 -11.16553736832497 -0.46888943448900294
41 545.5233397592297 289.950619874401 0.524013618979498 0.5575790772721997 -0.025492977850074976 25 1646.0 13955.0 -10.361824602061624 -0.15640590001547972
42 77.93073643002937 291.72429790987235 0.5379662560408248 0.12534949810670962 0.34182837616237055 25 1646.0 11679.0 -10.16851414609456 -0.21997035829366754
43 286.80171637426395 303.91444241523595 0.7145809643184876 0.28231847387369075 0.09592668601591453 25 1487.0 6005.0 -9.446282529347311 -0.08121032407791792
44 570.3501552505904 314.0369300331917 0.4918209012131344 0.7197327370813407 0.034440367242329635 25 2235.0 21204.0 -10.816044488885971 -0.4577177858878218
45 443.0922562176276 321.7417080303149 0.6128120766544223 -0.2895791357885792 0.4198798284281861 25 1667.0 15532.0 -10.478068454685026 -0.02864477165725023
46 560.634678338834 333.9356596375696 0.530772830069576 -0.2018901797041292 -0.18545120805795945 25 1517.0 8780.0 -9.858736289765256 -0.1948155400552724
47 771.2391447179316 339.6814562535002 0.5849225295904715 0.24889467374608648 0.07962801555766895 25 1669.0 8986.0 -9.883916035642516 -0.3286190663629913
48 797.0027733970836 339.42985335730936 0.447317464870587 0.40120921401729515 0.1838694444694967 25 1981.0 19788.0 -10.741004754230358 -0.37464495371505363
49 92.58069454339916 345.60156895561215 0.5514235046877719 -0.3491006649460579 -0.3108817832007189 25 1334.0 9343.0 -9.926215872119124 -0.023033048498166682
50 237.34133455680575 356.0805214339479 0.46432366003044234 -0.4455449641116601 -0.3406923114856875 25 1579.0 10853.0 -10.088874507525142 -0.27422533837861995
51 391.4964813818936 358.3618705484408 0.47557662993400046 0.006175797742860732 -0.2525990359481985 25 1664.0 15196.0 -10.454323212206706 -0.1601541283165906
52 132.41874724493854 361.5035833813223 0.4558503087625479 -0.8689276992465415 0.029364784929457356 25 1387.0 11869.0 -10.186035324602841 -0.06869861665482789
53 575.6338660133073 366.04636800665344 0.4246226326086831 -0.4740496018627476 -0.41498347541725183 25 1889.0 18225.0 -10.651668842475031 -0.3981774377511914
54 125.73160616378189 367.50185544578625 0.4270460415942606 -0.11440777382776 0.45035707388839075 25 1607.0 16457.0 -10.54087667284799 -0.13590785676057962
55 35.72585351040135 373.80638361637966 0.5988895699171812 0.2321165939533732 -0.13994489923621461 25 1474.0 9929.0 -9.992263776739165 -0.0469290093028684
56 455.5997055098957 384.2967448971954 0.3641968267893341 0.26978900471464756 0.0544397640832531 25 1440.0 11283.0 -10.131061470355153 -0.33373261967366236
57 163.7546801693014 386.0080930983857 0.5007116706062004 -0.23841240354781093 -0.41051748966383145 25 1546.0 13577.0 -10.332009545004999 -0.07864439541891186
58 224.77645822084807 387.80986052440073 0.5510275872053223 -0.011092215977542822 -0.14424139116021456 25 1492.0 11441.0 -10.146159964005628 -0.029759058629181063
59 606.1789847780431 390.2374520839168 0.4369369704010634 0.3532613360475301 0.22985299475604543 25 1365.0 7484.0 -9.68533444706993 -0.3001713419508821
60 412.3860157201403 406.11234567475066 0.5374658740707987 -0.34098091397135644 0.05360673130172153 25 1500.0 9887.0 -9.987661335390355 -0.21209543357997707
61 769.9625401851914 407.98881131995654 0.4084295450763794 -0.45642934053169265 -0.7763497485415394 25 1830.0 23767.0 -10.93993591544048 -0.12952681240723785
62 113.8379529252215 413.7581009836949 0.4009277264323112 0.2967545385843781 -0.27099013229578406 25 2057.0 30274.0 -11.202674516477893 -0.07174243606762122
63 661.9756620384476 414.5741539633033 0.5523679161639566 0.04802481955661548 0.32117154788365887 25 1740.0 17017.0 -10.57720749714398 -0.11890412786516263
64 45.83542460533915 416.90321247839466 0.3767486134767661 0.44976225415303134 0.48555978872098987 25 1596.0 14626.0 -10.412813922720572 -0.2924565424276266
65 134.06726342244934 417.3877642732498 0.5612968935424504 0.22384119333166033 0.2319014622624247 25 1860.0 16245.0 -10.526799289202504 -0.17666213795691024
66 806.1301069294997 423.3878523543119 0.47372019313512936 0.8437702819248127 0.2703522385951595 25 1839.0 16040.0 -10.513010909870362 -0.33589851812308125
67 736.2147284799004 430.6388529506083 0.4854508308579259 -0.39935886583594987 0.17715517715325735 25 2167.0 19591.0 -10.730141511553672 -0.4798719160716871
68 40.01516406478337 432.93160884832065 0.5618182362959818 0.3828653434534788 -0.1484635096406619 25 1359.0 9806.0 -9.9787297222754 -0.01015637159184666
69 268.24501231333693 442.17552818956426 0.5945491044458642 0.14424744568859416 0.17366491294312492 25 1372.0 8790.0 -9.859972187684429 -0.021593966833292358
70 159.51393606361407 454.10495039352213 0.37191758516166273 0.19333835988282055 -0.3754082358823117 25 2003.0 19314.0 -10.714680567673142 -0.517913311531676
71 113.81331611648055 462.8615850048655 0.3709861944255828 -0.3192668239189329 0.2267489063290744 25 1918.0 21045.0 -10.807872325210104 -0.31201408979419176
72 74.00145774852312 468.69430005494814 0.3409828026652921 0.09032670280050231 0.1964413441541987 25 1086.0 8611.0 -9.837633973077663 -0.0785562382045489
73 534.252124060638 489.7377009724434 0.4881984117304037 0.5159338100387948 0.31473740991116217 25 1629.0 13216.0 -10.302750074940768 -0.21564425605261905
74 316.7946725045152 533.6499408739426 0.39067270186340275 -0.5126663543292596 -0.20125090623068803 25 987.0 4570.0 -9.149790500174626 -0.10915548154774307
75 475.2188293587826 543.8087289727916 0.6023435986655913 0.4010866864897049 0.023356094496164267 25 1588.0 10214.0 -10.022989633798803 -0.15311130447882104
76 133.56779758316773 547.5340109025012 0.40629741338402736 0.12491976423625735 -0.37218544500188 25 1397.0 10100.0 -10.010803434456605 -0.20545346120702745
77 612.0069686088996 549.2443712600416 0.6010950561504069 0.33397791737637345 0.19247119320418038 25 1352.0 5341.0 -9.319056444922843 -0.12938328542231722
78 115.81399121241124 557.0122350197887 0.468540902661866 -0.3261039094704802 -0.26039268375517405 25 1627.0 14025.0 -10.367257174820496 -0.2108468461046474
79 665.7114963681046 559.53387218733 0.5149250412883755 0.12463930201379395 0.2972321218452797 25 1548.0 10585.0 -10.061727155888578 -0.22152356557727854
80 776.7674257237672 565.0478041471906 0.45228049302384676 -0.30133522634552884 -0.36658418833818635 25 1816.0 15755.0 -10.493546018775046 -0.38569266987342143
81 144.8662801507307 566.9693192691219 0.52493474895684 0.342917492412981 0.11973965922200368 25 1435.0 9593.0 -9.954886111174934 -0.15502240186336524
82 397.9876030357668 571.1558660298351 0.5087117287726993 -0.039406101592464056 0.3108745870909313 25 1375.0 5707.0 -9.391019681372395 -0.2587202032874646
83 582.0297822042446 578.9759342373142 0.5018695276700491 0.35745578634307523 0.06632552101552801 25 1072.0 2070.0 -8.289925863642294 -0.09965696555963646
84 375.66508473114527 580.4164769080357 0.6265821051496954 0.27332730201976 0.46293538214219887 25 1693.0 10101.0 -10.010910927769379 -0.23746788610095745
85 547.5069734633503 587.8768087285611 0.47609514327631786 -0.4761008308494092 -0.7394423765232664 25 2493.0 27786.0 -11.109565078443842 -0.374712264620381
86 494.4696790109861 588.6970916589937 0.4747873916398517 -0.38575332542656127 -0.28623802618923044 25 1765.0 17801.0 -10.626111000474914 -0.21326515266019722
87 30.03902244523249 593.0059308669946 0.5364210041503964 0.5431432710101084 0.09707505334732375 25 2065.0 16017.0 -10.511452938943929 -0.46859555766003336
88 671.0140477307394 595.7092868236754 0.4820440820371953 0.2893939211566793 0.4919644564789157 25 1681.0 11898.0 -10.188684911472365 -0.32207913799880145
89 822.9500387111967 600.8023623866688 0.4324903434871838 0.023336488148142858 -0.08226868674471599 25 1541.0 14404.0 -10.396207781748119 -0.14879398018946843
90 767.8184145679561 603.307782872871 0.45358431405351834 0.18703822072316756 0.42725631761017807 25 1165.0 6300.0 -9.498351373633954 -0.11859288404534721
91 815.0762245418206 604.3366162456789 0.5436153871426481 0.86495075335342 0.6410987150985825 25 2318.0 23807.0 -10.941761679867447 -0.35305525699468127
92 748.2145495144691 608.7630980486794 0.4455292157138866 -0.7971766376225089 -0.041823279163055185 25 2951.0 41079.0 -11.534049657190904 -0.47117252012546273
93 785.7986043638793 618.6514500538585 0.5249101428177706 -0.0427923365484159 -0.0784697450866519 25 1337.0 9395.0 -9.93224196109136 -0.036310404498631293
94 258.37163100434213 622.2938595279487 0.564333965444206 0.06677178075264628 -0.018482025068764053 25 1508.0 9593.0 -9.954886111174934 -0.1783560716851033
95 131.12300705620302 623.7212893295649 0.5940373500899334 -0.007875417589611022 -0.042699059822088985 25 1667.0 9229.0 -9.912886614967313 -0.28196910636797223
96 38.795691656897404 632.8928681338898 0.48047848612617006 -0.43746372109121207 -0.2410658782731505 25 2643.0 27560.0 -11.100698033088971 -0.5262966708423877
97 702.7969417340223 636.6032076756318 0.40144987704104196 -0.014663578144143966 0.055927623856942964 25 1052.0 4910.0 -9.227703730307422 -0.11197912413657737
98 577.1947682354552 644.1564019401411 0.378273642203768 -0.46889480354507945 0.15034144847421962 25 1879.0 21802.0 -10.846240838268704 -0.2571869885065297
99 91.50167762197938 660.6027496041379 0.42545159197604365 -0.13797892536428147 -0.29269614401877525 25 1519.0 15848.0 -10.499936156326227 -0.08808208724000188
100 307.94703132734975 664.7477948175873 0.6011426009380182 -0.38698902438111654 -0.12108923163951744 25 1627.0 12664.0 -10.25642725463575 -0.07164946218081204
101 150.3381717754411 666.6398856912889 0.4036370840538687 0.010756018388427425 -0.08898854539316262 25 1457.0 14578.0 -10.409244864731422 -0.12387220475009465
102 516.4993813079461 668.8821694388827 0.36811929218389355 0.002178581711702654 -0.21001723211396253 25 1524.0 17213.0 -10.589641421882433 -0.12112475819691332
103 342.11589369541093 673.899309368479 0.5738155018145706 -0.3007465869146525 -0.2457247259648164 25 1809.0 13150.0 -10.297314382064442 -0.29956210152766277
104 90.41760322694962 681.9591477928916 0.49572856104873986 -0.3906643324927937 -0.13610312188881496 25 1549.0 10521.0 -10.055142551502911 -0.24006046595246944
105 262.4182197383176 681.7139266906543 0.4246345553468972 0.012098680657711013 -0.32326175187885814 25 2208.0 22615.0 -10.885991480204844 -0.4812351338689158
106 79.66192991987036 688.9830349981941 0.5103195686959038 0.4072592576077839 -0.6772534919943757 25 2403.0 20607.0 -10.785036927740242 -0.5834742418613366
107 720.4211447923908 688.9644910966349 0.419883159455534 -0.44079380075233743 0.013868848511336861 25 1598.0 14778.0 -10.424039155556867 -0.1773310081324803
108 515.3062586330528 691.9410852413516 0.5139279170350778 -0.4019284950105658 -0.15992283626635226 25 1499.0 9221.0 -9.91194505505594 -0.2544929150295108
109 355.09726719163075 692.3839374689422 0.4369055979364129 0.982236448739685 0.2832814294051418 25 1498.0 15485.0 -10.474778024232014 -0.04958249011548676
110 105.7832334455027 696.221326705821 0.5192056075866984 0.1292330071365867 0.024932651947421173 25 1322.0 5313.0 -9.313349539774343 -0.24252185208581414
111 116.36047018232657 699.391877669291 0.4959508193626822 -0.28450741513377825 -0.14768697135893677 25 1495.0 11101.0 -10.11340525663337 -0.15755031224720353
112 4.803899662831515 743.076365497565 0.5632977872724584 -0.9507487839806736 -0.3113144072357356 25 2143.0 18435.0 -10.664107854855338 -0.35176677703899195
113 341.62016530112595 764.5099365070179 0.3680794849898343 0.17771489559854017 0.21657787789997726 25 2193.0 26614.0 -11.062775381359202 -0.40886832863316847
114 331.71129801047783 774.7744305944832 0.46541797038804833 0.5852551125392893 -0.11040177205967963 25 2743.0 31801.0 -11.256101942072208 -0.47108807650655143
115 506.4581054522952 783.605940238995 0.37906719747132667 -0.018383277132709992 -0.4801225576513901 25 1485.0 14044.0 -10.368727051983285 -0.1592139054736111
116 726.2307662086688 791.0395811975079 0.5430409724126869 -0.4437923825519153 0.1335976671068996 25 1281.0 8246.0 -9.79060832616335 -0.026421818049855897
117 426.4378238860016 810.1022025776531 0.6040905375090214 0.15891407263057625 0.22325823740959824 25 1366.0 7743.0 -9.722273148158829 -0.0466222904676481
118 127.94581318349697 810.6591294453513 0.4604121687180571 -0.05488264932533349 -0.030938425623950033 25 1364.0 12103.0 -10.20723258322045 -0.018019751885320918
119 100.6636994439728 813.9113164576893 0.4285105931698201 -0.28504733946200733 0.013086271279047124 25 1425.0 13115.0 -10.29442073731593 -0.07961669300353436
120 817.2462111384951 817.2691167103577 0.4853442121213601 0.5062128203694456 -0.19615663014391496 25 1082.0 5710.0 -9.391590270614621 -0.034162083125696394
121 96.53375220664724 832.5667477774139 0.5635976074156045 -0.0770505111835438 -0.1086643810615321 25 1614.0 11875.0 -10.18658404574226 -0.14629828799101433
