test_CNN/outputs/tables/02415_b58781m0s0_sources.ecsv
# %ECSV 1.0
# ---
# datatype:
# - {name: id, datatype: int64}
# - {name: x_centroid, datatype: float64}
# - {name: y_centroid, datatype: float64}
# - {name: sharpness, datatype: float64}
# - {name: roundness1, datatype: float64}
# - {name: roundness2, datatype: float64}
# - {name: n_pixels, datatype: int64}
# - {name: peak, datatype: float64}
# - {name: flux, datatype: float64}
# - {name: mag, datatype: float64}
# - {name: daofind_mag, datatype: float64}
# meta: !!omap
# - {date: '2026-06-03 17:09:48 Eastern Daylight Time'}
# - version: {Python: 3.11.15, astropy: 7.2.0, bottleneck: 1.6.0, gwcs: 1.0.3, matplotlib: 3.10.9, numpy: 2.4.6, photutils: 3.0.0, scipy: 1.17.1,
#     skimage: 0.26.0}
# schema: astropy-2.0
id x_centroid y_centroid sharpness roundness1 roundness2 n_pixels peak flux mag daofind_mag
1 816.6253085296854 9.107420223455707 0.5109551761628466 -0.6112892484327338 -0.1564669484396367 25 1935.0 12694.0 -10.258996234944844 -0.28390445414061205
2 213.6203365828958 42.40356648724244 0.5085457421260642 0.6024048802377724 0.08461228503547073 25 2158.0 21941.0 -10.853141043578145 -0.12851887999445966
3 806.3670162062355 47.14014829391007 0.45887410611254786 -0.13743113095982756 0.08635545281215193 25 1673.0 10759.0 -10.079429768785005 -0.18026236354683128
4 240.15978935415978 70.64717368410577 0.41060405964165714 -0.3208362102143434 -0.4772373995840378 25 2162.0 27101.0 -11.08246329051344 -0.0478443666149362
5 379.28285968558873 71.43570983915278 0.48609237376470465 -0.3628684183466765 -0.13222445338333114 25 2151.0 21659.0 -10.839096003240858 -0.15274395672922025
6 716.2306971921217 74.73534104480382 0.514212055028688 0.25761466207242323 -0.11365559733772099 25 2138.0 20081.0 -10.756963340364248 -0.07809854325199346
7 684.5679469997751 79.24328499444287 0.4925874874466527 0.08036672249097251 -0.4179141554620147 25 1639.0 11930.0 -10.191601109175854 -0.05827076531159361
8 464.37973353454413 96.92016151659804 0.4466660721981018 -0.07290771644091326 -0.5164801588431547 25 2149.0 20348.0 -10.771304322398292 -0.20680290548949823
9 4.006777375325424 121.13472183117763 0.6725982646046884 0.05947868012676144 -0.3219724108868608 25 1932.0 10962.0 -10.099724494340453 -0.07022160454463831
10 575.6000564287195 122.02425745733406 0.4592239672242635 -0.23688294584724762 -0.31054312696461744 25 2505.0 27905.0 -11.114205067131698 -0.24470837239758358
11 360.5099392446625 127.7836458609381 0.6818114027940271 -0.7105603584380695 -0.44612009307097894 25 2343.0 13719.0 -10.34330614025086 -0.2658172287063991
12 628.1483505287334 134.4155266688895 0.37152391221113107 -0.9245821739820063 -0.24824461679554183 25 1448.0 12738.0 -10.262753111374106 -0.09526490449919149
13 39.025596850649634 156.90414989710143 0.45282886440412967 0.015518094790105623 -0.3200024937719486 25 2345.0 18267.0 -10.654168071935462 -0.43876241661589177
14 31.802683948466473 188.7429695482283 0.37647807182126175 -0.039979735758206826 -0.04238439319112483 25 3177.0 40267.0 -11.512373186758914 -0.44099429290531145
15 22.566142955160622 192.07108523161818 0.6113162424089439 0.491043486757304 0.41492054938578654 25 2145.0 13081.0 -10.291602364152823 -0.21080406204303428
16 369.4937354339394 202.36071267115204 0.3895507717098399 -0.05793395041478182 -0.15070896414104473 25 2282.0 23624.0 -10.933383584892555 -0.3655043178448628
17 148.53583245300126 215.35169665863535 0.5083707728230898 -0.24836256026041256 -0.38964056830547517 25 1581.0 10817.0 -10.085267074269108 -0.037885097607828544
18 280.20639580556247 216.3565621528142 0.4314345339746897 0.9566143628461145 -0.03233312173862879 25 1549.0 12219.0 -10.217589162014152 -0.051232755056244694
19 790.0923590990079 230.03504290653663 0.3856184419157278 -0.647647824948934 -0.13419830881673553 25 2295.0 23091.0 -10.908606853197856 -0.39166767753457093
20 718.4322862851258 241.115956550906 0.6089902363017745 -0.3345930962982835 -0.026574366833329286 25 1674.0 8419.0 -9.813151273798589 -0.057683261419898116
21 624.5330090688599 244.38418085005668 0.35972816493595666 -0.4640438749241328 -0.2648027971363275 25 2623.0 31736.0 -11.253880468665237 -0.34475632217109575
22 142.34207243956126 247.22018035670214 0.676111901150187 -0.8056561254724898 -0.37255984315820767 25 1610.0 4276.0 -9.077594241341851 -0.030823309838646444
23 207.21609175121594 262.1972685828469 0.48822143614904656 0.05908444050037206 0.15535725414423546 25 1489.0 2168.0 -8.340148194665872 -0.30028674824538326
24 22.931115176566298 264.2054559013197 0.48690133354048815 -0.6833214170150945 0.047133704507886294 25 1828.0 16850.0 -10.566499763018394 -0.11645902554433099
25 505.8604090651326 265.1138824300274 0.5110618867829407 0.44763442712239415 0.12594157872936942 25 1930.0 14860.0 -10.430047023561391 -0.1804728736804831
26 577.0277273249625 280.92528539352077 0.5285488306511089 0.40678290545168916 -0.2521155811798699 25 2559.0 20750.0 -10.792545252620279 -0.41361426332450235
27 77.7860861585337 283.04899698747874 0.45889856862183714 -0.6671924236063049 -0.2185935436864009 25 1343.0 8111.0 -9.772686003502262 -0.006348149354017183
28 475.2136983048808 291.81723409971937 0.3476792386063492 0.4486154611940623 -0.24335553611865615 25 2198.0 25324.0 -11.008830762123585 -0.3100128442712351
29 567.089439752438 294.08495825124965 0.3797593635812974 -0.2228995765033492 -0.45927346021223864 25 1469.0 13425.0 -10.319785735928983 -0.005701183454872722
30 532.7404608161563 333.0922481528334 0.5712522555106591 -0.9132720185376881 -0.5660016631395988 25 1559.0 6181.0 -9.477646858979563 -0.09920234803425076
31 416.33275857027576 339.10643844063384 0.3885897797002556 -0.43022711859384677 -0.13028681177098622 25 2163.0 20498.0 -10.779278721988561 -0.32591709646844425
32 201.61036798004423 340.12167925487057 0.6070643138297867 0.11906473401014589 -0.11716512286288407 25 2531.0 21408.0 -10.826440240219322 -0.265152092988402
33 676.2753108223388 356.21232277022676 0.46906163860585304 0.7968651970068877 0.48054243019362214 25 1669.0 13199.0 -10.301352572156048 -0.05372151114988977
34 792.8716407079179 365.9123358604483 0.5104242205459328 -0.3731625261982646 -0.755002572500113 25 1787.0 14191.0 -10.380032500127086 -0.101262604685107
35 9.860694567782845 388.1648302422971 0.43361368103282805 0.5164935827070347 0.05181796026925048 25 1750.0 16699.0 -10.556726161778352 -0.052961848876837775
36 524.3307428324875 391.3233364120877 0.41665201553621467 -0.8284735874839689 -0.06089994966148346 25 1707.0 14818.0 -10.426973976115978 -0.14066130389459378
37 48.7664399404032 432.05918513723526 0.5389830197018232 -0.6047270411403355 -0.14825206411964453 25 1832.0 10919.0 -10.09545716497665 -0.19913716456727684
38 267.92348170367495 434.0550929823131 0.5737298840843376 0.16866233793060303 0.18858972646618527 25 2255.0 20541.0 -10.781553956467453 -0.1364185106195479
39 216.26110729760134 444.765917155711 0.527793728744596 0.2736939379116543 -0.28096954888905756 25 1734.0 14363.0 -10.393112901187987 -0.01296317315444958
40 172.179151877308 451.64047061345167 0.5751562065056365 0.23324192068493083 -0.14918611854343813 25 1698.0 11450.0 -10.147013716689768 -0.037030539395858944
41 241.90729215713893 456.3513496219097 0.7419775106548042 -0.22464765409277335 0.3783868732527165 25 2069.0 8826.0 -9.864409807777934 -0.17300420964888197
42 186.39044844077247 465.2175378739623 0.47641933755818355 -0.15036145979703888 0.21311917243713574 25 2157.0 16122.0 -10.518547292042031 -0.3229631621756379
43 237.08217217848622 468.59325617457927 0.3842085430918771 0.14302203767303254 0.13239982760620647 25 2163.0 17221.0 -10.590145916846385 -0.46629306163669143
44 437.1141510061702 481.7643385041753 0.5627890681627141 0.16777562725070957 -0.5860630494470664 25 1454.0 4583.0 -9.152874643111966 -0.05814061338181468
45 322.7104200277797 519.9973246917441 0.5615990987678605 0.4566490483700626 0.19302758637349401 25 1717.0 11175.0 -10.120618829509935 -0.03266146447040281
46 94.27707405015815 537.1363800697391 0.48422215307649646 0.2379793679064731 -0.3215644679130862 25 2662.0 30543.0 -11.2122792304141 -0.2649547713251612
47 715.549063496123 544.0193923173944 0.38012313331302655 0.0512196664105864 -0.4230480358187596 25 1894.0 15294.0 -10.461302714632277 -0.3154362548486683
48 388.91478056962706 545.1623462677078 0.5238185165596995 0.6265879259145977 -0.10013496220176313 25 1772.0 9785.0 -9.97640207498505 -0.13725556665083577
49 349.64159620077174 553.6408836416776 0.5383203195423542 0.823569416593465 0.047538451461205534 25 1793.0 13200.0 -10.301434828014624 -0.12777006244023437
50 238.92031567854931 560.8545728917318 0.45533925989999435 -0.07873090858341747 -0.4383728161469506 25 2249.0 25325.0 -11.008873635080796 -0.1559462129937961
51 211.41296102021914 570.8960524372094 0.48148444322716927 -0.3598612427353009 -0.2581166043112726 25 2594.0 22501.0 -10.88050454914854 -0.4520553278648256
52 310.5509591852208 575.1793208645528 0.5390996837928566 -0.5651643814417184 -0.3884211832686499 25 1827.0 14721.0 -10.419843281751444 -0.07272437594249169
53 734.5980506941489 601.2942934521761 0.5087473492140206 0.603251207854715 0.34326844047785515 25 1758.0 15192.0 -10.454037379322402 -0.054873392322654146
54 26.102939520938058 617.1664124763666 0.4419737317108194 -0.5175713238293054 -0.7357021883332412 25 1904.0 17251.0 -10.592035687928181 -0.1628466225103076
55 39.5167097707751 653.8192332731477 0.430083038744094 0.184236314955226 -0.08528115502061397 25 1391.0 9941.0 -9.993575184493679 -0.03562569346398111
56 189.316377586941 666.9707572155932 0.4842203703168699 -0.9675679524255766 0.09183866234598703 25 1662.0 13684.0 -10.340532663782563 -0.04649585945328386
57 408.1115902851816 669.6017713405677 0.41101102393766353 0.7687404097611528 0.7826549419244673 25 2267.0 22829.0 -10.896217220250593 -0.2802769511513325
58 397.0862959521198 690.3827435330905 0.5201508776791862 0.43900430200181007 0.06117436316280432 25 2029.0 21123.0 -10.811888997594794 -0.059144940251346464
59 260.31971551425676 702.1485674736088 0.5731029405904426 -0.332729950777058 -0.3163297596572808 25 1733.0 11738.0 -10.173985262943887 -0.04185658589284054
60 718.0088813868962 706.5627149563604 0.4252118643103267 0.5761199125960873 0.058585618400481286 25 1992.0 17771.0 -10.624279667186647 -0.24253340275762872
61 464.99506963520304 729.3341265178593 0.5070091214157278 0.23484081449273003 -0.06325494961664466 25 1658.0 12177.0 -10.213850765092369 -0.025563930708879155
62 62.26432336055815 746.2034415223571 0.38822050420145243 -0.10885083392307206 -0.12223543538613435 25 2640.0 36160.0 -11.395571054508313 -0.14405025370297753
63 486.90966260408965 747.9427733415478 0.4640637089586935 -0.8349021741231653 -0.40618338798715004 25 1763.0 18311.0 -10.656780156579316 -0.015331974187297637
64 565.2186477847517 765.9772295419164 0.48422346565378893 0.14826640886049003 -0.19798182016785232 25 1535.0 10348.0 -10.037141050111265 -0.06282814637918524
65 399.2284165405874 782.8239819953545 0.5215853387058019 -0.7136192227126886 -0.4808047946282329 25 2417.0 27800.0 -11.11011198979519 -0.09521890975453502
66 707.8133247720712 795.6701876569756 0.40799384458559496 -0.6827352353679417 -0.25103009723936054 25 1393.0 5216.0 -9.29334395680966 -0.19767942647817516
67 769.7206794024385 797.3662677196751 0.3434435812719943 0.06942301820546759 -0.7985438605007862 25 3067.0 44138.0 -11.612031625833776 -0.34787039755794147
68 665.9636700294078 797.6994216331711 0.6320227188012227 0.44913703712167613 0.6761269582383299 25 1977.0 12003.0 -10.19822451524665 -0.08508695450008885
69 536.8961690453065 812.9504247692527 0.33592121705821276 -0.12434991717319564 0.5671612556314317 25 1329.0 11618.0 -10.162828430350526 -0.01852604643646184
