test_CNN/outputs/tables/02411_b58762m0s0_sources.ecsv
# %ECSV 1.0
# ---
# datatype:
# - {name: id, datatype: int64}
# - {name: x_centroid, datatype: float64}
# - {name: y_centroid, datatype: float64}
# - {name: sharpness, datatype: float64}
# - {name: roundness1, datatype: float64}
# - {name: roundness2, datatype: float64}
# - {name: n_pixels, datatype: int64}
# - {name: peak, datatype: float64}
# - {name: flux, datatype: float64}
# - {name: mag, datatype: float64}
# - {name: daofind_mag, datatype: float64}
# meta: !!omap
# - {date: '2026-06-03 17:09:48 Eastern Daylight Time'}
# - version: {Python: 3.11.15, astropy: 7.2.0, bottleneck: 1.6.0, gwcs: 1.0.3, matplotlib: 3.10.9, numpy: 2.4.6, photutils: 3.0.0, scipy: 1.17.1,
#     skimage: 0.26.0}
# schema: astropy-2.0
id x_centroid y_centroid sharpness roundness1 roundness2 n_pixels peak flux mag daofind_mag
[from data line 103]
104 456.2640314167175 591.5647739036735 0.6771428828104079 0.3264468617633953 -0.061284938618186104 25 1433.0 9872.0 -9.986012866722916 -0.044239267349053334
105 511.39321267903034 594.8939828375406 0.47678678498304305 0.39127931459127374 0.03819717596479848 25 1185.0 7939.0 -9.749414504860965 -0.11048990523960875
106 263.8285768291804 608.2797057095781 0.40400578099246054 -0.056317341491905766 -0.15657705502397362 25 1421.0 14199.0 -10.38064439796914 -0.15353216726064758
107 585.5846812514511 616.3961275137146 0.5070812097660569 -0.18962705433848698 -0.49259248000683065 25 1455.0 12279.0 -10.22290749841233 -0.16698428039024882
108 256.2795368507195 630.3247084586891 0.6521508999590138 -0.355450280691684 0.17058050053506935 25 1595.0 12713.0 -10.260620117476112 -0.108320297464691
109 240.37577962412072 652.2792401210772 0.3767370662213839 0.5729382415191578 -0.11549736093076603 25 1685.0 18337.0 -10.658320712465576 -0.32567364448506225
110 328.25437399852547 653.0253014445549 0.3362420407583614 -0.5596988701755777 -0.21649706712738986 25 1481.0 20888.0 -10.799742147037218 -0.006491604826881273
111 586.2909346621195 652.9114186860321 0.43110770527640857 -0.5454283377297776 0.3979608597695703 25 1586.0 19020.0 -10.698026281503488 -0.08243279550287222
112 285.1974803369843 669.9788860956085 0.3903754987488044 0.3024934373845298 -0.26769439114953714 25 1510.0 15266.0 -10.459313145113946 -0.2780482283063772
113 251.2780446828781 681.20418503085 0.39044502706242556 0.18521205360226403 -0.010147224812279344 25 1321.0 12288.0 -10.223703006718592 -0.1821166520634307
114 7.238847448583377 687.9856768371106 0.6306499422159615 -0.23833152451857353 0.15688816996959234 25 1579.0 12244.0 -10.219808302313243 -0.13551843227120075
115 481.3389847792172 703.0702423186759 0.5026173996622777 0.31037957300481506 -0.14789287365558407 25 1358.0 11427.0 -10.144830568451521 -0.09969785313070141
116 435.1902368432328 707.1326030413935 0.4976882418901151 -0.09685443049662083 -0.4190060293971919 25 1175.0 8042.0 -9.763410171917231 -0.06150932639405962
117 466.1423252140134 710.4894191176894 0.35741248479942306 0.5064030473178291 0.199321659129896 25 1136.0 10300.0 -10.03209306176293 -0.06092625358476076
118 56.16514434314304 724.9761759975187 0.4925655233671621 -0.04232946733583403 -0.0025859298244387814 25 2530.0 27179.0 -11.085583684111928 -0.5439076444956585
119 256.32945608742284 730.4930405136271 0.47859007324478037 0.4309871940071824 0.13367306653418215 25 1426.0 14052.0 -10.36934535279997 -0.11434536033984187
120 418.20087963579005 737.0635426433589 0.42741953697857726 0.06256785505051207 0.055622791292344466 25 1361.0 12054.0 -10.202827967829734 -0.20072035112857903
121 517.057660745059 747.0835964843545 0.45655430465876845 0.3001613251094573 -0.19191463664522287 25 1619.0 13997.0 -10.365087406506255 -0.32948865833915847
122 457.23010124059715 760.6094426354653 0.48268054162000973 0.1640257365344004 -0.18310064973537984 25 1222.0 10890.0 -10.092569699389438 -0.05052583386549034
123 40.561622874728116 763.572175675005 0.3443691278100848 0.6030255902863182 0.20818650144800996 25 1628.0 22954.0 -10.90214594326241 -0.11476842898220041
124 644.2012858993141 764.1339847186975 0.4365664592629444 0.19005933310823883 -0.32624610371140567 25 1294.0 11688.0 -10.169350507315599 -0.09944137248169677
125 350.76641071078717 767.3288734875397 0.37604155869418215 0.49267444673521976 0.5973655147632329 25 1700.0 19056.0 -10.700079360346756 -0.3297496906860314
126 696.0661407818346 776.8918391495164 0.48867386180371686 -0.06485829626892133 -0.021898746062779244 25 1910.0 16787.0 -10.562432726072082 -0.4445966524096021
127 406.8963576617982 778.8017243837444 0.5510727816387483 -0.3899446067046082 -0.33942247080108795 25 1374.0 12206.0 -10.216433414051435 -0.03377775041100023
128 331.5998691816114 785.6496691905694 0.3973284459707109 0.3380978757911043 -0.2571632729714379 25 1708.0 17757.0 -10.62342398672879 -0.3580998035370653
129 479.5864902926185 800.4073735796663 0.4762074208513987 0.43963447600434025 -0.011567948271708706 25 1594.0 15124.0 -10.449166671726244 -0.23388049230667826
130 817.2903742290525 800.8091574210077 0.4106064560976371 -0.7499272630090168 -0.09718431972834804 25 1402.0 13869.0 -10.355112870394361 -0.2204012281342595
131 679.7218142285144 801.5620698282651 0.39987916025798464 0.24122665122652773 0.020491099626655934 25 951.0 2803.0 -8.619057744400715 -0.17489371532339293
132 253.46002256241437 805.3437670757382 0.4586477215872507 0.5555989259485307 -0.2480194108716601 25 1995.0 19127.0 -10.704117144668785 -0.49078481671016666
133 45.37329824022078 815.2720080114653 0.4987163829287073 0.5512253835917854 0.07560945238375641 25 1121.0 6786.0 -9.579034638272748 -0.03526907305399453
134 453.99194641519136 818.5813533035397 0.4523473985266267 -0.23881419375364998 0.19976007367038903 25 1764.0 17904.0 -10.632375172960685 -0.2856402766920746
135 300.41524684979925 828.3222134706286 0.500067182811775 0.05229628637027619 -0.43310535564181163 25 1857.0 15168.0 -10.452320799984978 -0.4130646559508889
136 696.7602414697044 827.685854762342 0.3706168725885223 0.456551277029048 -0.07163738297153258 25 1401.0 12581.0 -10.24928790587756 -0.26053783985399376
137 191.0164799732758 829.5817255416961 0.36713379232785076 0.5025759838982928 0.26214154786661553 25 1797.0 18755.0 -10.682792671216854 -0.4628134255971855
