test_CNN/outputs/tables/02419_b58788m0s0_sources.ecsv
# %ECSV 1.0
# ---
# datatype:
# - {name: id, datatype: int64}
# - {name: x_centroid, datatype: float64}
# - {name: y_centroid, datatype: float64}
# - {name: sharpness, datatype: float64}
# - {name: roundness1, datatype: float64}
# - {name: roundness2, datatype: float64}
# - {name: n_pixels, datatype: int64}
# - {name: peak, datatype: float64}
# - {name: flux, datatype: float64}
# - {name: mag, datatype: float64}
# - {name: daofind_mag, datatype: float64}
# meta: !!omap
# - {date: '2026-06-03 17:09:49 Eastern Daylight Time'}
# - version: {Python: 3.11.15, astropy: 7.2.0, bottleneck: 1.6.0, gwcs: 1.0.3, matplotlib: 3.10.9, numpy: 2.4.6, photutils: 3.0.0, scipy: 1.17.1,
#     skimage: 0.26.0}
# schema: astropy-2.0
id x_centroid y_centroid sharpness roundness1 roundness2 n_pixels peak flux mag daofind_mag
1 833.4334836636543 0.5481298947921351 0.5521992660536722 0.3051883767672307 0.11698538271204946 25 2070.0 10661.0 -10.06949485837575 -0.24207203255795218
2 89.91539216192024 7.867478489876402 0.5090508980067254 0.05884402205098636 -0.09740426181772473 25 2096.0 11328.0 -10.135383100864235 -0.27440316078337196
3 266.69504187384206 28.205319059122782 0.5717113192187239 -0.508479038578477 -0.18274985944719316 25 2617.0 20693.0 -10.789558644377891 -0.20969435100233105
4 74.0280094187861 34.65533574704291 0.5724147985400972 -0.031197550934826172 -0.0234227303859511 25 2285.0 18848.0 -10.688163182767518 -0.08734080871734945
5 561.9454320078538 41.70489545744846 0.40446573699422234 -0.4191329904387475 0.2782397219356941 25 3148.0 36222.0 -11.39743106559279 -0.3199890133207036
6 629.9574104500682 56.62419533567294 0.6342260031970014 -0.3934356768941611 -0.02754733383191871 25 2245.0 14933.0 -10.435367662742577 -0.09233675284545026
7 348.89542781042707 76.79548011804731 0.5324109330187498 -0.3529013735248684 -0.24722906020240124 25 3102.0 26861.0 -11.072805442127134 -0.3485402483717373
8 684.298938322031 89.80528543358585 0.36306550123920156 0.48566725551320256 0.3281009854727129 25 3683.0 57006.0 -11.889801421188045 -0.16685851887686443
9 653.8475067509482 103.82995688382195 0.3938991142924108 0.05367467431320476 0.14688701051351877 25 1614.0 9730.0 -9.970282100670879 -0.12200897276508858
10 508.8148615173655 124.62432615477087 0.38332534624961606 -0.18271428772884327 -0.33800524249591596 25 1632.0 10557.0 -10.058851303887135 -0.07402601844131595
11 185.33653468601796 158.66431602024124 0.37280334748450933 0.6879787572107467 0.1290416264966144 25 1807.0 16486.0 -10.542788238769209 -0.05929988312697022
12 65.20648602726637 189.3850630461299 0.45604942893339767 0.17614308721986055 -0.4588546669591671 25 2049.0 19619.0 -10.73169216796279 -0.01434076357181475
13 358.46446595121307 198.73661122733603 0.35107336618392493 -0.28038131720529735 0.23765527621662627 25 2036.0 19597.0 -10.730473981558749 -0.20673907417879467
14 826.5355218320668 210.1445224967082 0.45220719877425286 0.9866400064070988 0.2798448423444714 25 1937.0 17403.0 -10.60156030046815 -0.03972797605175919
15 741.8313000045498 219.2779246715733 0.38608260423094465 -0.5286906437721384 0.23335827440461507 25 1213.0 3731.0 -8.929563122602072 -0.007737434680617868
16 602.7156195352179 221.94436917824063 0.49197745113454555 -0.3319203236663783 0.18109103187912962 25 2378.0 20603.0 -10.784826156333656 -0.15225287768322754
17 476.81297946761066 236.72519664909754 0.4326388896292671 0.4247322621131051 0.6401995526882017 25 2381.0 26436.0 -11.055489357995981 -0.07855655764452169
18 491.25631822881786 263.263830801879 0.6171952738885014 -0.6404695304803479 0.24660406133781476 25 2181.0 17230.0 -10.590713193620072 -0.010005857541412248
19 495.4485715504861 303.26083823059173 0.47553742118273223 0.049813173713542 0.20634031794253802 25 2053.0 17001.0 -10.576186168402897 -0.13066227168179856
20 767.1806101326374 302.7165216531715 0.3995220871869046 -0.6222267262004068 0.3226441082475203 25 2319.0 25117.0 -10.999919413971469 -0.142438831146654
21 638.8123903560911 305.7063635987131 0.562837580000854 -0.04679112353116562 -0.07258018087123164 25 2973.0 28638.0 -11.142356711874719 -0.24753410448030505
22 705.4090853440717 323.5535912411006 0.4361899033177869 0.016476142874419075 -0.31578731160510964 25 1921.0 15447.0 -10.472110366367243 -0.05458502841882508
23 548.773420144715 331.91778022069406 0.4027386973091568 -0.4871135988827658 0.17811273185215545 25 2087.0 21296.0 -10.820745095326501 -0.10515234087375125
24 74.05930500018201 356.2267591928652 0.5102292983490277 0.597720103759283 0.360587747818044 25 2311.0 23265.0 -10.916757642173216 -0.015424172989421428
25 289.65790762339145 373.8106415616631 0.6158610998160051 -0.17819923848595673 0.0205191913324736 25 1916.0 8740.0 -9.853778581586008 -0.06679603961716755
26 251.5875686972059 391.78687260354644 0.551858213407536 -0.02309979605992666 0.6534458998830976 25 2185.0 16480.0 -10.542393018402743 -0.07640267571638232
27 114.96373173499562 400.92733825899126 0.44937604192639746 0.7845205094915271 0.1802770786365006 25 2926.0 30730.0 -11.218906400640945 -0.30984009193333545
28 155.1000272358463 404.0527875161078 0.5015505833872552 0.2417829443314558 0.08361915263925082 25 2741.0 26749.0 -11.068268876865105 -0.21487980363053286
29 804.7224794977042 404.27255941702634 0.38372127456450783 0.565728923135392 0.3370299156321529 25 2748.0 30975.0 -11.227528287620252 -0.19850431241377336
30 314.4539608154846 456.22154678341366 0.5327331608868969 -0.604034006069529 -0.5980527770334383 25 2337.0 21089.0 -10.810139967037378 -0.07579011602401955
31 833.6241614466802 479.84576777488115 0.7052604485320417 0.6229500312524433 0.3500032068867827 25 1893.0 7832.0 -9.734681696987703 -0.009913145617014528
32 604.8246662632445 496.39922744437996 0.5216076723206309 0.5390159072379601 -0.42759619644780383 25 1975.0 16300.0 -10.530469011009895 -0.03986955658287633
33 630.2599317418169 501.5943770171286 0.5013964617024451 0.6380912059876721 0.6180263451688919 25 2829.0 29942.0 -11.190702015063852 -0.17211638608410695
34 806.510214409653 537.6074519893144 0.5014171451489844 0.674857269463398 0.3004650695844674 25 2034.0 14853.0 -10.429535452627867 -0.08661465687483932
35 128.37221925877805 540.2559115259223 0.5342589621657154 0.10078685677645473 -0.23716723123368902 25 2201.0 17284.0 -10.59411064409798 -0.11757475855910487
36 739.2292656699843 566.8559176829375 0.4919407191573517 -0.3470758831553147 -0.19792541716535322 25 2340.0 22289.0 -10.870226460542888 -0.08092874450989676
37 717.1269461911788 691.2732671660932 0.5053991408426802 -0.2181176316740473 -0.3562537342796784 25 2436.0 19960.0 -10.750401342378382 -0.18594047603945715
38 256.16729532274707 719.8467639536605 0.5246705882955592 -0.11339223859744571 -0.09088037905427768 25 2596.0 23620.0 -10.933199733193739 -0.17224441003000066
