test_CNN/outputs/tables/02416_b58783m0s0_sources.ecsv
# %ECSV 1.0
# ---
# datatype:
# - {name: id, datatype: int64}
# - {name: x_centroid, datatype: float64}
# - {name: y_centroid, datatype: float64}
# - {name: sharpness, datatype: float64}
# - {name: roundness1, datatype: float64}
# - {name: roundness2, datatype: float64}
# - {name: n_pixels, datatype: int64}
# - {name: peak, datatype: float64}
# - {name: flux, datatype: float64}
# - {name: mag, datatype: float64}
# - {name: daofind_mag, datatype: float64}
# meta: !!omap
# - {date: '2026-06-03 17:09:49 Eastern Daylight Time'}
# - version: {Python: 3.11.15, astropy: 7.2.0, bottleneck: 1.6.0, gwcs: 1.0.3, matplotlib: 3.10.9, numpy: 2.4.6, photutils: 3.0.0, scipy: 1.17.1,
#     skimage: 0.26.0}
# schema: astropy-2.0
id x_centroid y_centroid sharpness roundness1 roundness2 n_pixels peak flux mag daofind_mag
1 303.2566398547355 2.214720996220966 0.3940277590741322 0.14315839676987208 0.03296105744217795 25 2607.0 38407.0 -11.461025963543701 -0.19169327684938636
2 59.11745735469831 6.714047618302 0.5232477307867707 -0.4074162851463035 0.0576808906524161 25 1858.0 19004.0 -10.69711255436792 -0.006351508229043765
3 548.680360293918 16.75769776247263 0.555344541325615 0.33620850066255076 0.48631180089297504 25 1600.0 9251.0 -9.915471702390343 -0.16638092279811562
4 331.97744442790844 27.006318105972756 0.41130770525426247 -0.04740036202656545 0.010628350206838288 25 1273.0 9873.0 -9.98612284253509 -0.02529428937719775
5 692.950306324778 30.949529018707928 0.5289894293856179 0.3666077980723488 0.1045662283529283 25 1628.0 8924.0 -9.8763989040295 -0.19565356996746852
6 819.5890202356231 36.33399019089279 0.505996824303228 0.16317286557088387 0.44377627073796727 25 1613.0 15026.0 -10.442108461259348 -0.000295168912848891
7 417.2444462843744 41.57056767209124 0.44486454287455385 0.39317802718441586 -0.012446706923225088 25 2235.0 22445.0 -10.87779902434418 -0.3499173850634329
8 756.3368394106069 47.974806473198946 0.3780229127572864 -0.7334199809245332 -0.6668617578523741 25 1618.0 13814.0 -10.35079862917532 -0.24836542060532943
9 94.52261592925099 66.1881065966094 0.6538942792079203 -0.47909934052311165 -0.3063486031491557 25 1666.0 7342.0 -9.66453595041992 -0.13302123714437947
10 396.07634712169283 74.80850530562589 0.47545575088814385 -0.1592444489956231 -0.5652482132691139 25 2982.0 37484.0 -11.434614823017693 -0.3654823263975996
11 428.1518562958428 98.42121628700107 0.4666998273515001 0.29759946277355426 -0.2950174698799172 25 1486.0 6801.0 -9.58143193711545 -0.1878116493232896
12 593.4003113383225 108.70263536567643 0.5791932166612223 0.47874376842009597 -0.026881734899912687 25 2287.0 20789.0 -10.794583998108973 -0.25847970358418226
13 727.1151339042855 119.83944286980667 0.6501723755098907 0.5632818709119183 -0.15300188165272943 25 1447.0 4549.0 -9.144789842074887 -0.028888820572345163
14 442.9780449290646 122.73951574753472 0.49415565077801527 0.11150892273047158 -0.1852802006892152 25 1459.0 11388.0 -10.141118646187293 -0.004591391468989121
15 123.70353337441865 141.63013636636413 0.35790351838534884 -0.0953610774310473 -0.14071499520065794 25 1347.0 10615.0 -10.064799996255045 -0.1458437991960786
16 110.5478585932469 162.4831483465158 0.5105425180481955 0.6231396390813573 0.043475331323645366 25 1396.0 9125.0 -9.90058218282128 -0.00940453537503972
17 159.73396369356917 167.7874871079286 0.33353198261269584 0.18843902481958286 0.3635887244658748 25 1143.0 8376.0 -9.807591671676965 -0.02632704041689447
18 590.9281105831974 170.51800420179637 0.4307591336456595 -0.7044404025827107 0.3966357269120517 25 1556.0 12807.0 -10.268618523809023 -0.04940130713874567
19 270.91202428221504 175.18853350153762 0.5453150763731719 -0.25120398184004744 -0.4727062995818647 25 2022.0 18201.0 -10.650238124159277 -0.15998790764131188
20 655.7562496031029 177.31254808031824 0.46544196659438564 -0.3186766621651425 -0.5919591483805368 25 1776.0 17279.0 -10.593796511582767 -0.047857786616741615
21 221.36528887918655 189.3642786423709 0.5120646367720022 -0.2620882412250759 -0.48622607461412126 25 2560.0 26688.0 -11.065790072394112 -0.32577786364669714
22 601.640968324617 217.0091948312272 0.5157996122621031 -0.08491920181126197 -0.22261066497065496 25 1362.0 6380.0 -9.512051696802907 -0.04243349230516892
23 202.64829043730424 225.86487379908434 0.6392381288252009 -0.11467860120427632 -0.02079852856766352 25 1641.0 8866.0 -9.869319317408289 -0.019603483221872445
24 471.2671425951869 234.40756655152845 0.579594977179164 -0.01406459535630423 -0.41806493670477113 25 2042.0 18578.0 -10.672497396356684 -0.13967384892579374
25 814.7363243937697 238.46082189403703 0.3609333423906585 0.3852058044625178 0.34210545702709616 25 1709.0 18883.0 -10.690177482842584 -0.17763674795546486
26 163.64375007472597 243.96686829762808 0.3955267259244172 0.6888923010567708 0.18036637547949455 25 1217.0 8198.0 -9.784269784951206 -0.03718186294466525
27 531.0740842062186 250.69939204842976 0.4535219017354515 -0.2999601951721967 0.0211742397772431 25 2006.0 20385.0 -10.773276789470438 -0.21647683662298103
28 296.9776838830754 257.3824701355803 0.4615617907785786 -0.017253455497419388 0.3286832082605363 25 1785.0 11086.0 -10.111937185641107 -0.34865252191020163
29 766.6046232509126 260.74284287051904 0.3424141349791106 0.4243362273332406 0.6249755864044104 25 2299.0 29121.0 -11.160515710859462 -0.2966122651804769
30 473.8821109271161 276.87676599529397 0.538496787408607 0.3962362256763879 0.12119574460203504 25 1377.0 7679.0 -9.71326166897242 -0.07065612530097345
31 433.1434497038559 294.0820312911304 0.39457130157322745 0.7720968749179054 0.06254270266812503 25 2438.0 30595.0 -11.214126143831669 -0.41230137054269445
32 408.35011767251433 306.90594588609997 0.3875497151445807 -0.7385207571321855 -0.41834541317803364 25 1294.0 10307.0 -10.03283069011501 -0.054901068498656086
33 765.9097226644635 314.7926504702617 0.4200716580982919 0.09237048550996074 0.25531687656815505 25 2719.0 34196.0 -11.33493827102302 -0.34528032128391223
34 222.66212684634402 317.2038428665457 0.4093268658498555 0.37320029820878003 -0.023172579860672303 25 1962.0 20771.0 -10.793643514330933 -0.23712963053084085
35 562.6582889370372 329.992582547668 0.43762031297199805 -0.7155104611723418 -0.043265506592007896 25 1532.0 13507.0 -10.326397249660035 -0.04918661377932042
36 760.681528523744 330.5787222354882 0.4288977277848199 -0.31637416026463927 -0.5462505067863189 25 1176.0 6143.0 -9.470951288298908 -0.006197156666479617
37 830.3880364410617 333.30023803261753 0.5571242350659972 -0.751930247463832 -0.5251475150529211 25 2197.0 21852.0 -10.848727979606362 -0.14249113482550457
38 756.8192749972592 340.8934531400782 0.38255227292184335 -0.2612051923998813 0.11137827076335935 25 2125.0 23054.0 -10.906865722059695 -0.29008368594195283
39 607.6573058045972 345.7360695881478 0.4876920623997856 0.2270679446106737 0.8900710251564217 25 2035.0 19868.0 -10.745385378307963 -0.11990539053922737
40 643.9508881813459 352.8193345285515 0.4739647020994783 0.21009963292873246 0.3815271555644004 25 2397.0 22100.0 -10.860980684212777 -0.4191132858960616
41 241.79554610306047 356.0430820314735 0.4820379874490986 -0.38138468921703594 -0.19019065377076036 25 1973.0 16323.0 -10.531999951563918 -0.2810226508912534
42 262.02207022042717 401.0179819533453 0.5705338015606543 0.9393251249870396 0.0743668427986527 25 1874.0 14460.0 -10.400420732396281 -0.1861313509838552
43 388.6220756001577 406.10317337951415 0.6363497720112746 -0.3636108979746276 -0.5740973042219034 25 1744.0 10252.0 -10.027021493780516 -0.10878619238448356
44 293.1638447634846 449.56846169800554 0.44963008204550675 -0.0743269038095705 0.2007780450456149 25 2311.0 19453.0 -10.722466466979073 -0.5005657569569822
45 191.57657668279805 456.12859290894045 0.3908541042818769 0.1961804933397958 -0.20304537508684248 25 1511.0 14047.0 -10.368958956054101 -0.1104263765419766
46 635.4940337479198 460.6017379100136 0.5058689674217504 -0.08195187668665209 0.1252276319737033 25 1845.0 18824.0 -10.686779785419914 -0.05163799767301031
47 301.87183864711324 477.32038248713616 0.5809880254898113 -0.4482421110168884 -0.12009245025763043 25 1880.0 14292.0 -10.387732518826006 -0.15213558259257523
48 136.93409459784792 506.9113565366526 0.3628588788066627 -0.9103550248221106 -0.47868842770053366 25 1991.0 18502.0 -10.668046691550297 -0.4392732843528283
49 216.65344780317506 509.68744255269684 0.4965716179636324 0.3562942334912843 0.44630977549100337 25 1487.0 10269.0 -10.028820384643849 -0.06508511707766167
50 476.4893790763127 548.4395272332612 0.5890520204182539 -0.6074897518700203 0.04422968875174194 25 1818.0 15994.0 -10.50989272920311 -0.0105169017697068
51 201.04251484620843 559.8437256024708 0.5252911172932168 0.23456640911852042 0.002419024500286553 25 1299.0 4863.0 -9.217260673920443 -0.09536273212023977
52 445.0185503014848 567.9172842395426 0.3739179578939755 -0.19615486159252393 -0.382584510774347 25 1572.0 16976.0 -10.574588416393166 -0.0426991641368924
53 740.3756583805846 573.4832837249263 0.386251686353427 0.04051254220349629 -0.05336408769862325 25 1407.0 13144.0 -10.296818876067512 -0.029771495362457212
54 716.3595188590369 581.5730876853987 0.46063176255083776 0.6989611984433525 0.1516698414806319 25 1654.0 15119.0 -10.448807667588213 -0.1041655771206742
55 392.46576101890474 591.020092207551 0.4884896924930365 -0.18511070746074249 -0.3478622495583009 25 1447.0 9815.0 -9.979725759840063 -0.0832210033157871
56 424.1588273918876 609.0233506193799 0.5037362981773374 0.19759900853850876 0.24573782456589308 25 1485.0 11683.0 -10.168885941733759 -0.03180371991980828
57 446.35311655160865 663.2042024051998 0.6687381568868676 0.26857541540385493 -0.14300685121910026 25 1941.0 12498.0 -10.242101300828475 -0.10834569416616086
58 651.4027668898118 664.9469078377585 0.4500458904183716 -0.1876181724519158 -0.2098960637973944 25 1536.0 12191.0 -10.215098328170098 -0.08229834899260267
59 616.6069679703603 681.1486679169275 0.5405866948913051 -0.8127629395878709 -0.4205025861415666 25 1602.0 12626.0 -10.253164462478336 -0.022658077004571887
60 189.56052546539198 691.9792809974294 0.5137049948552322 -0.8113267041706179 -0.17484954639640346 25 2011.0 21280.0 -10.819929059057527 -0.031128966085267645
61 400.7168316467838 702.3640723609554 0.45106609290125144 -0.5648499323130838 0.1769807986255454 25 1627.0 16040.0 -10.513010909870362 -0.022448058471484317
62 432.1466523291109 701.4370603869569 0.44457176164878576 -0.18444921478005752 0.10522537667871679 25 1805.0 17185.0 -10.58787384118311 -0.2164874590957183
63 442.10621968653305 728.8791837780186 0.36378220200505684 -0.35073288154666094 -0.7628653786683794 25 2128.0 30058.0 -11.194900200286217 -0.06047814369667337
64 628.6477150413515 730.5052950048959 0.4479517721908596 -0.3632107654959922 -0.03923016229938548 25 2024.0 20427.0 -10.775511472245014 -0.20950578320935287
65 540.1833025751909 740.5873982126424 0.49758318318048195 0.17887978473435817 0.35921976170730774 25 1714.0 15492.0 -10.475268720785113 -0.045797352935642514
66 735.1332304497047 740.9969150108772 0.45386885934492327 -0.06749895080224377 -0.7177222734881255 25 1857.0 20957.0 -10.80332278348255 -0.012912448825064256
67 98.1392138444855 745.4800704501718 0.38699910208692984 -0.15727448625706908 -0.1912599908646295 25 1731.0 18289.0 -10.655474899782513 -0.08245734027451168
68 705.2687712730237 785.218691702784 0.3655258401094855 0.13837889936391107 -0.2039704546015208 25 1741.0 18812.0 -10.686087425185104 -0.1773085016312309
69 461.2471463251174 819.2320887742595 0.5755183755459032 -0.42181299908258457 0.05257056370501046 25 2002.0 15453.0 -10.472532011500604 -0.19094644978077194
70 212.7899633805653 819.68648629944 0.3630012646662229 0.189311926303547 -0.04609014879973008 25 1717.0 17532.0 -10.609578654954802 -0.14872731945428433
71 822.1880441959937 829.2743944637816 0.4663724680786598 -0.36562407576522127 -0.10449144073823989 25 1457.0 11548.0 -10.156266938021707 -0.03442608708200974
72 166.00877050098887 829.4997842915602 0.4065098984579968 -0.44957410528073566 -0.12037799725808154 25 1786.0 15471.0 -10.473795965315944 -0.2647423421505965
