test_CNN/outputs/tables/02418_b58786m0s0_sources.ecsv
# %ECSV 1.0
# ---
# datatype:
# - {name: id, datatype: int64}
# - {name: x_centroid, datatype: float64}
# - {name: y_centroid, datatype: float64}
# - {name: sharpness, datatype: float64}
# - {name: roundness1, datatype: float64}
# - {name: roundness2, datatype: float64}
# - {name: n_pixels, datatype: int64}
# - {name: peak, datatype: float64}
# - {name: flux, datatype: float64}
# - {name: mag, datatype: float64}
# - {name: daofind_mag, datatype: float64}
# meta: !!omap
# - {date: '2026-06-03 17:09:49 Eastern Daylight Time'}
# - version: {Python: 3.11.15, astropy: 7.2.0, bottleneck: 1.6.0, gwcs: 1.0.3, matplotlib: 3.10.9, numpy: 2.4.6, photutils: 3.0.0, scipy: 1.17.1,
#     skimage: 0.26.0}
# schema: astropy-2.0
id x_centroid y_centroid sharpness roundness1 roundness2 n_pixels peak flux mag daofind_mag
1 62.28266218473594 11.831900465046482 0.5561257403815111 0.20645796563181903 -0.10748932398660827 25 2434.0 20182.0 -10.762410504594225 -0.22809347410059472
2 248.42392582184726 16.499356401885194 0.36080529252811566 -0.3075212428688695 0.13950926210502354 25 1448.0 10346.0 -10.03693118518266 -0.0694276678489018
3 627.7264402268261 93.70421960347068 0.42823870236560935 0.1468299588171755 0.1876176847631133 25 1907.0 16651.0 -10.553600802029353 -0.16450031096472376
4 128.76172841855532 130.47335100573696 0.3821460582651977 0.7034946577868364 0.3923861729869274 25 1486.0 9733.0 -9.970616808438447 -0.18819503851338232
5 186.31362381358414 129.82079841620228 0.42704493378084374 -0.15307712551178593 -0.336959181784208 25 1622.0 12878.0 -10.274621051890263 -0.0049609461460365205
6 471.9624118134554 130.9397981926315 0.48629227972442873 -0.5132207207577039 -0.06339978220451789 25 2528.0 24436.0 -10.97007529114993 -0.2778589270671838
7 812.7276603802944 148.7884670283181 0.443240243468894 0.6030121204756209 0.07707833163626454 25 2416.0 25797.0 -11.028923009171582 -0.21899941916619547
8 106.09496726991254 153.4090751303893 0.586343213359363 -0.16950071545796136 -0.9637576047810719 25 1816.0 12051.0 -10.202557716128336 -0.01753554343410673
9 322.788901528261 159.13312956186252 0.4543031265472993 -0.4766120076573622 -0.0070265866280255565 25 1712.0 14092.0 -10.372431586273013 -0.05402117660247588
10 119.18911180574517 214.37911146711613 0.589391491062816 -0.09683364984195117 0.06379641871963035 25 2650.0 25933.0 -11.034631900107168 -0.156459169776279
11 539.5366517821343 216.60538573479175 0.3608110481722789 -0.9737873908219805 -0.11930596735883174 25 2571.0 37571.0 -11.437131886294488 -0.167301766166846
12 261.7075710557801 245.6367159416352 0.37073682757629745 -0.13917190649381725 -0.04551785763598202 25 3229.0 47165.0 -11.684049596936852 -0.1918134400715191
13 646.0714760520666 317.28060142351484 0.4980849958177463 0.01580716032305391 0.2724595320816919 25 1852.0 16214.0 -10.524725421703145 -0.07223022377517942
14 549.8640067680126 333.93834517153005 0.40055902015840034 0.6276176239102845 0.1764566191558623 25 1948.0 19797.0 -10.741498457704463 -0.17440461442341845
15 428.84490925423364 419.417190865808 0.5279430371178738 -0.6976316394044073 0.1999541947475427 25 1792.0 13457.0 -10.322370631023327 -0.1066302068533588
16 9.658796048995738 423.5593665493893 0.5291226986708472 0.34605692230933355 0.5808871663565394 25 2029.0 18749.0 -10.68244527268421 -0.06133417931794859
17 731.7591480564582 445.65345356531213 0.3887882418221587 0.2854919510897949 0.6727937391632316 25 2247.0 24359.0 -10.966648638535485 -0.22993188859726632
18 606.2313161246409 454.3378402522424 0.3789541335892995 -0.4168769721685861 0.014947026183467146 25 2546.0 29828.0 -11.186560336046536 -0.28393867081787383
19 223.705346445791 480.7515414464149 0.3497150135601371 0.08185181724623745 -0.18248103409434913 25 1841.0 19086.0 -10.701787298727517 -0.18496339997813444
20 253.85932405052452 489.2327240322111 0.4340978941094925 0.974381925518771 -0.21837894474329772 25 1670.0 12098.0 -10.206783950428331 -0.11856850408261607
21 774.2650480333574 515.874465353526 0.47032424926543764 -0.48629668897537776 -0.05749144650135798 25 2074.0 22547.0 -10.88272191208487 -0.04658888890121914
22 100.84465119510926 593.541717270515 0.557193147052128 -0.01000685124028837 0.15200954843289793 25 2237.0 19614.0 -10.731415427410031 -0.1361467158649554
23 743.0199644909393 608.5238180931394 0.5272629772816816 0.5641924264512705 -0.12195856333930225 25 1906.0 15780.0 -10.495267497183505 -0.03699870136312241
24 264.0351808791644 628.8070739349685 0.5102952872523171 0.09012731948637248 -0.051430573941427755 25 1648.0 9669.0 -9.963453900579992 -0.05206227895528362
25 216.05327801211945 636.9472784394463 0.4538525211482036 -0.825855475456739 -0.08774235719357752 25 2181.0 25373.0 -11.010929548663203 -0.0022447245187731065
26 833.0671265591269 641.8105167870286 0.3468417535220866 0.6575798582851107 0.5583365496048935 25 2280.0 26822.0 -11.071227895438795 -0.2651571820873653
27 411.7618870872056 674.1277661581177 0.49358456779138715 0.04644544292774991 -0.45981436970906153 25 2245.0 22924.0 -10.90072599946428 -0.12882477224950872
28 113.62266744974245 728.083803861467 0.44855632276634005 0.023958543539433365 -0.16109702747340235 25 1938.0 15495.0 -10.475478951438255 -0.1772533751638912
29 98.12544239655914 773.2133745581443 0.4528236410089274 -0.27670306890145485 -0.20599480057874664 25 2178.0 24109.0 -10.955447992400636 -0.11182037635352284
30 685.2238858121577 777.2182888584756 0.5326921915415017 -0.9220439454645566 -0.5319658974298964 25 1682.0 10717.0 -10.075183076781295 -0.014092840149722851
