test_CNN/outputs/tables/02413_b58766m0s0_sources.ecsv
# %ECSV 1.0
# ---
# datatype:
# - {name: id, datatype: int64}
# - {name: x_centroid, datatype: float64}
# - {name: y_centroid, datatype: float64}
# - {name: sharpness, datatype: float64}
# - {name: roundness1, datatype: float64}
# - {name: roundness2, datatype: float64}
# - {name: n_pixels, datatype: int64}
# - {name: peak, datatype: float64}
# - {name: flux, datatype: float64}
# - {name: mag, datatype: float64}
# - {name: daofind_mag, datatype: float64}
# meta: !!omap
# - {date: '2026-06-03 17:09:48 Eastern Daylight Time'}
# - version: {Python: 3.11.15, astropy: 7.2.0, bottleneck: 1.6.0, gwcs: 1.0.3, matplotlib: 3.10.9, numpy: 2.4.6, photutils: 3.0.0, scipy: 1.17.1,
#     skimage: 0.26.0}
# schema: astropy-2.0
id x_centroid y_centroid sharpness roundness1 roundness2 n_pixels peak flux mag daofind_mag
1 23.715913958899108 1.1154744327870652 0.524800148275206 -0.28477726106997503 -0.4237778423703107 25 1558.0 13434.0 -10.320513359906684 -0.2628600154474258
2 198.04555276593936 5.36167183599598 0.7341891038633886 -0.4349322055761227 0.14902810848770318 25 1124.0 2239.0 -8.375135233947576 -0.023210623507571967
3 342.31973967548936 4.561406201948078 0.5134070979562967 0.0018451687546864762 -0.2051987836025626 25 1150.0 7192.0 -9.642124196812931 -0.12164555833275509
4 185.80063776930524 12.097604323040269 0.5111791787586152 -0.05480155496064484 -0.1664436159854667 25 1813.0 12418.0 -10.235129138774912 -0.5085499352480454
5 112.04679573891876 17.622423281885794 0.5171864970448032 0.19597680914973253 -0.2896302119551077 25 1244.0 10081.0 -10.00875903685634 -0.08291270056714087
6 637.2749707279486 18.02034573187285 0.6539973643839186 0.9870121671429579 0.22048081239605805 25 1232.0 5571.0 -9.364832896148608 -0.0500787751042321
7 53.16438332919055 22.01640155339952 0.42229267194340964 0.2197669012692585 0.14273132633381475 25 1797.0 17874.0 -10.630554383996717 -0.39732788204919345
8 283.30420154111295 23.656699016574745 0.44325151016308184 -0.793325524345105 0.0801323024851376 25 2699.0 28339.0 -11.130961303015699 -0.779051608458057
9 518.1463938729672 32.531543733789206 0.410344688523071 -0.0879945752071009 -0.3618800179040674 25 2411.0 27808.0 -11.110424386921432 -0.592067849484607
10 484.3909822194092 34.87716715993426 0.5378577849974164 0.09423896142131455 0.1034490667580515 25 2424.0 22944.0 -10.901672834969265 -0.6078573465342455
11 463.8127139855743 39.55196549905875 0.43086803026617326 0.8948501455832395 0.4968899203444198 25 1107.0 8914.0 -9.875181574375393 -0.08311324540553873
12 405.7772558666176 42.20004179147291 0.6314220360733536 -0.7865789782527574 -0.1527782797093556 25 1469.0 10178.0 -10.019156116343188 -0.18297227969406188
13 140.22994101565467 47.156552958955295 0.43862008108638495 0.26902553564071063 0.060531115756793936 25 1178.0 10593.0 -10.062547430706898 -0.030614686622944434
14 386.2662022128107 55.35478401133271 0.3811232048136947 0.6976467586079648 0.37841304257780156 25 1564.0 14088.0 -10.372123357398051 -0.44450715564018817
15 412.61620007180005 71.83977271870612 0.5888863234290702 0.3434662779412189 0.6828029429502798 25 1404.0 10513.0 -10.054316661034443 -0.13430052311035992
16 249.27845921783427 82.26591373712928 0.43574292748463206 0.06686995875068412 -0.10521570877047433 25 848.0 2865.0 -8.642811565758523 -0.029880172556273257
17 61.02500094304813 84.08815484792953 0.4818660180815317 -0.6876108317053986 -0.3541951289646951 25 1337.0 11319.0 -10.134520149801645 -0.11853960280735362
18 539.6739541731544 85.81144187173678 0.5183387168809003 0.28474480061543345 0.6992957235726719 25 1722.0 15939.0 -10.5061526765735 -0.32204610597380556
19 273.12447775138133 86.95154295278228 0.6399621552945316 0.06962458997754425 0.007690620956073666 25 1633.0 9655.0 -9.961880695288535 -0.3454381520557743
20 641.2202264782984 87.0916860026705 0.5827183816602601 -0.02253549124470835 0.18443993253255636 25 1484.0 11690.0 -10.169536277904601 -0.1301084532901991
21 143.69011531589422 91.78117661161791 0.3514232328500993 -0.7286011097887326 -0.053276549036021977 25 1346.0 11219.0 -10.124885370055116 -0.397145256589094
22 165.25949011907684 98.71474028667978 0.39320739493726065 0.15681205569443882 0.2902673386875344 25 1432.0 15546.0 -10.479046658423671 -0.2213446469167376
23 95.06703888042873 100.05371137526718 0.5066619532230533 0.28117260670523353 0.13295206254495917 25 1593.0 13650.0 -10.337831628441938 -0.2737852498611508
24 812.5973566133767 100.08632425104135 0.5030878082982017 -0.029948443716707466 -0.13964699793402538 25 926.0 2530.0 -8.507801302939544 -0.061610728297609364
25 328.8038848851932 100.44649062577503 0.5743130253467685 -0.14419457968955435 0.4023585427918327 25 1596.0 10199.0 -10.021393979460617 -0.35685409322692563
26 386.52741979021346 110.39455796442604 0.5140111943208623 0.16322488792920564 -0.054181908485480546 25 1514.0 9483.0 -9.942364376398105 -0.4311094391954518
27 342.5869632946099 111.6459783432 0.6146320075972302 -0.5542974005923388 0.24999105819574968 25 1133.0 5233.0 -9.296876836849163 -0.04468935016124864
28 322.3845949223601 113.38008076240321 0.4459221832819463 -0.2518056428931113 0.17221947045833358 25 1184.0 8379.0 -9.807980476051668 -0.2025731443905679
29 758.6283257389515 116.8583144030237 0.6661193740903958 0.7046821754967185 0.0063036999554064175 25 1319.0 6209.0 -9.482554149614957 -0.14795745484530323
30 98.03579642596438 120.49842524044861 0.6213356149806228 -0.01421279349127938 0.2527745670463288 25 1341.0 7789.0 -9.7287042595988 -0.11850505906058598
31 69.13206778477257 121.89953454185235 0.4733451494587998 -0.7013211905218242 0.19382152394411908 25 1259.0 10559.0 -10.059056974697517 -0.0694874103438876
32 310.0043889801257 129.63902867650904 0.4979582094985252 -0.37916468485456956 0.08095844176207094 25 1194.0 5885.0 -9.424366167948634 -0.24904808878554172
33 799.8607686859079 134.5718176420595 0.6062452066084522 -0.7984084354350437 0.1000217004006767 25 895.0 -74.0 nan -0.07951444607263493
34 376.39498097200266 142.28747170758945 0.4610761755135106 -0.43860980358178236 -0.09633371712340927 25 2015.0 17064.0 -10.580202106103432 -0.5999957829163372
35 604.6543548251466 142.0012490867952 0.3895881923979964 -0.30243621109966035 -0.010624647215048522 25 1532.0 14305.0 -10.388719655353205 -0.3765703938049987
36 219.4549124865493 142.82590069712472 0.6992105249506798 -0.5052260930926586 -0.1753391102473989 25 1299.0 7127.0 -9.632266896992384 -0.0821698293455484
37 471.19739501365564 147.14186560012718 0.48463060543227987 0.6654957121171833 0.3775446485027307 25 1107.0 8015.0 -9.759758816725409 -0.016045624813547557
38 483.6336693388468 158.1764189524503 0.6951331276749558 0.7039390046754677 -0.0008559863185470316 25 1300.0 6571.0 -9.544078667976288 -0.02922575758190962
39 131.60315806961253 159.10809167499025 0.4337947488098419 -0.5637817261189457 -0.3959318266209888 25 1380.0 12787.0 -10.266921662942014 -0.18240514172191102
40 238.8667540917519 162.20649922061824 0.6228689626513593 0.15328463088595937 0.4436410214247803 25 2034.0 15120.0 -10.44887947791297 -0.44568950853549205
41 119.80181595825037 189.79890712459226 0.49814625095820764 -0.24497777070374818 -0.3282751792889751 25 2587.0 27498.0 -11.098252769071076 -0.6274928550674834
42 380.15946371710515 201.00112896485288 0.5109610942185465 -0.24438615131116706 -0.13625063403308701 25 1930.0 14181.0 -10.37926714255644 -0.5702013037627034
43 521.766607397997 205.06729186490293 0.4217583912525477 -0.5591953632498612 -0.4720716972016428 25 1092.0 5428.0 -9.336599597469249 -0.24584122911089137
44 622.1963221335889 205.36207832167534 0.3275761603616716 0.2563634224337616 -0.14778169520821433 25 1074.0 9011.0 -9.886932474224292 -0.17831727777558012
45 329.4646190013322 212.17741570357032 0.37335676393791173 0.6832000306614612 0.15394895651967028 25 1909.0 21306.0 -10.821254806713148 -0.5292693551314913
46 707.5651000018718 216.16590923503665 0.5030519692287247 -0.0692599481735529 -0.03691560433541731 25 1189.0 6687.0 -9.563078307999751 -0.18719839986016412
47 435.3536685892167 222.35785480526175 0.5014381291838153 0.6152659397653952 -0.2286112913093206 25 1270.0 9182.0 -9.907343221075005 -0.11090438721623869
48 189.2165627014064 224.6671869697525 0.44548264650185815 0.37929794084473695 0.10766943369609999 25 1588.0 13445.0 -10.3214020163983 -0.3686830131163935
49 691.9976452754006 226.29779659429548 0.6536377141583487 -0.9321648396136173 0.09738510420496746 25 1172.0 6121.0 -9.46705594874797 -0.02493456677186493
50 419.5851687703406 237.36337274319794 0.55842536949391 0.21730839006187064 0.2464711209876335 25 1572.0 8531.0 -9.82749985489038 -0.41663475216131385
51 3.7730400798268917 240.21448438175284 0.49068956035446326 -0.935911965978058 0.15142603500397062 25 1468.0 15330.0 -10.463855387135938 -0.050850511866840815
52 629.6169994218934 240.58667075362916 0.43278552516860436 -0.37024745068149345 0.1156249060897396 25 1554.0 12724.0 -10.261559151088315 -0.39126043371334746
53 326.21867760833504 247.90642776491208 0.42010617807766315 -0.10637971987929344 -0.0419264136558528 25 1885.0 17947.0 -10.634979657030428 -0.5076862895629798
54 52.178533132516016 249.33831533779008 0.3873315439878574 -0.5535113201951772 -0.4726399317631856 25 1094.0 9420.0 -9.935127256982193 -0.027403425397257968
55 330.1327982625615 257.3108330430821 0.3838912262167223 0.4898920841684775 0.5606024072914755 25 812.0 3520.0 -8.866356658695327 -0.029969322311053752
56 290.302948995263 260.0348500490196 0.43090553886001354 -0.9308450532431372 -0.12412577390545435 25 1444.0 11841.0 -10.183470952787946 -0.35176221763014726
57 253.94527085795426 268.39300682950966 0.44733930430141355 -0.25984471333033465 0.0683484404771565 25 1260.0 11451.0 -10.147108536671903 -0.10018386840198712
58 94.58710215524965 273.7820442350208 0.447864050516104 -0.20297507423348907 -0.01637274965623374 25 1533.0 16220.0 -10.525127124687844 -0.22914748766606458
59 647.7033054253213 274.585002453966 0.41055870189236604 -0.7961924561198515 -0.4967097185198447 25 1404.0 13144.0 -10.296818876067512 -0.27670125271049767
60 291.282838532431 282.2548585726514 0.49707481532222536 0.1634509558266255 -0.40807787564422077 25 1161.0 5738.0 -9.39690135977495 -0.19094507344301986
61 275.1482834048756 309.7360885916118 0.6503033563507639 -0.11056784901819976 -0.43339758600245065 25 1370.0 7817.0 -9.732600279892795 -0.15011067648608112
62 14.71313771706525 312.83823940421075 0.5058378961959548 0.26184638860088494 -0.05282665234030871 25 2010.0 24646.0 -10.979366110362701 -0.1934691042854466
63 394.959894454828 316.2108276025359 0.43793960818010097 -0.2752209945399711 0.010865405218170303 25 2678.0 31964.0 -11.261652804986236 -0.6378792979653568
64 345.52429947793524 316.8625928340374 0.584310902843946 0.4157571335879813 0.1381361756676842 25 1462.0 11613.0 -10.162361065096544 -0.10838598439474367
65 292.2376059442467 321.1022596738461 0.4387551010796563 0.49649398134425826 0.19579484075777925 25 2373.0 23312.0 -10.918948836064787 -0.6730986102331972
66 343.01458624291894 324.54803262444494 0.5236296349589638 -0.3502908743486726 0.4671993008645229 25 1195.0 8147.0 -9.777494290776607 -0.11063797738964133
67 151.30152149801668 332.30147198260545 0.4652261716366703 0.12009180817280261 0.2227418656229088 25 1970.0 17682.0 -10.618828465583922 -0.5151915153476251
68 127.03012885881503 336.10195319901203 0.676916292532729 -0.17985601263489584 0.007951520921808482 25 1513.0 3301.0 -8.796613810825779 -0.3788756861824615
69 334.88747847077605 339.3350635984694 0.5336182687214586 0.013850027355877696 0.1576501306876007 25 2074.0 17088.0 -10.581728088371156 -0.5341668285118947
70 140.97442504914014 342.49580367679926 0.5406634722415983 -0.3128260823921474 0.0691485111852739 25 1641.0 13570.0 -10.331449619149343 -0.30743034557694193
71 585.4379418724346 344.28603478143464 0.4976664651322241 0.4076603038542697 -0.06797770022608204 25 979.0 2423.0 -8.460883535343765 -0.14559078749584917
72 501.7703305067481 351.80368868521583 0.5780083187042817 0.44103090729622135 0.7913299712011052 25 1912.0 15834.0 -10.498976601509234 -0.36465044030406313
73 787.791520133108 355.80345411804876 0.690523869757579 0.6089145527244667 -0.14219978505794995 25 1494.0 8122.0 -9.774157462885046 -0.18123902016576696
74 197.91059001407874 359.1001108286768 0.5193860239204015 -0.12179700334584541 0.055454223008406564 25 2164.0 17576.0 -10.612300109781135 -0.6387130691223475
75 189.62733477651372 361.20007542136705 0.5032283493262751 -0.33983166923795516 0.20992417258922305 25 1058.0 7580.0 -9.699173014080134 -0.0117231191994897
76 123.17390076413876 363.7536972975955 0.6447784987494031 0.3699614226494278 0.5636859055548861 25 1348.0 8206.0 -9.785328781577235 -0.08815951729398579
77 595.3810441740685 365.43068098095574 0.48807549653855153 -0.021934550855860054 0.17917005076947443 25 1214.0 7572.0 -9.698026513229397 -0.19777456797280002
78 439.6123901888829 370.2940634142474 0.35633614876831055 0.8503865514566494 0.052899835147598814 25 1138.0 8797.0 -9.860836479926956 -0.20785781933717076
79 516.1563412444044 370.93267464682714 0.5049008484209968 0.8350115230500498 0.48179616775960044 25 1138.0 7193.0 -9.642275150751965 -0.13081033405456086
80 272.76964423236853 372.69113268951827 0.504464648037439 -0.2521926586887301 -0.15909439741693976 25 1093.0 6363.0 -9.50915480809056 -0.12678725849457037
81 229.20663233552654 379.9761240796999 0.44199075433295326 -0.12109490470706188 -0.08556400017657348 25 2295.0 21968.0 -10.854476299731699 -0.6722771999985675
82 524.4476195706412 383.22521286447943 0.481790937196414 0.422798227255209 0.3719103114349547 25 1044.0 6160.0 -9.473951780411063 -0.06691855206975893
83 91.14067679318462 383.9532862336702 0.5652097387864471 -0.11191777090298635 -0.001748591255141826 25 1378.0 11475.0 -10.149381735523246 -0.038344532877247914
84 315.5255353513246 388.9566203583334 0.5387576871332752 0.25977700174697294 -0.11119995849889307 25 1341.0 9143.0 -9.90272179941974 -0.1893226715524535
85 546.7634529600512 393.8017086502295 0.4188403616698177 -0.12332930422348354 -0.37786121508587817 25 1158.0 9233.0 -9.913357088901556 -0.13341317734287458
86 802.5481994095414 395.29406178149003 0.3687378046668696 -0.33718351016134995 -0.2764759138089671 25 1437.0 13763.0 -10.346782774690029 -0.37448633895121597
87 612.479780060554 396.0859683660234 0.5385907978811217 0.38682816810685183 0.10636534737253243 25 1517.0 16604.0 -10.550531811766204 -0.0468828407059671
88 757.0825549121616 396.8495634088319 0.5029734173526865 -0.20234843221551552 0.25870742247118816 25 1324.0 10092.0 -10.009943104613843 -0.1292361976613465
89 209.71815132567872 400.5347543595429 0.36018450102656296 -0.016933153350526087 -0.05622174956926615 25 1200.0 10034.0 -10.003685241729332 -0.25298269995040285
90 807.2131349934426 415.0585616306959 0.6597376678025846 -0.05625074886675639 0.5999552848129351 25 1201.0 3624.0 -8.89797047251194 -0.10731906581769207
91 308.0935437681552 420.7774821424938 0.5255536545807235 -0.27739265380987366 -0.009916440884581993 25 1523.0 10827.0 -10.086270341947925 -0.28821475132476965
92 540.233671323543 430.78669654458025 0.5041765770480077 0.024090715033533494 0.8643797402963598 25 1737.0 14761.0 -10.422789450589287 -0.3967067001442427
93 97.87715620527442 432.0307736429094 0.5130181767806817 0.1500199059475632 0.11350690489115041 25 1875.0 12693.0 -10.258910700127393 -0.5608066144545856
94 737.6297184109518 438.3832044925554 0.5402880230322932 -0.3547008725277304 -0.6151543388303448 25 1784.0 17637.0 -10.61606178727186 -0.26523850816578687
95 128.16990265894447 439.44802684133737 0.4509956917459945 -0.8459162578777074 -0.09452382819397792 25 1165.0 10794.0 -10.082956034322986 -0.04575190292836176
96 659.7619279933996 441.6755226060806 0.4573071883856323 -0.64581565934741 -0.33677418950733257 25 1142.0 7901.0 -9.74420515449105 -0.08096169954907874
97 385.5153077318199 443.54135456478787 0.3600285224160507 0.08277935926643266 0.2020159621233093 25 1127.0 7758.0 -9.724374438160094 -0.252021136841972
98 720.6420953740997 447.9577428660758 0.43794956080030495 0.4498998585509563 0.09306438956272249 25 1700.0 16115.0 -10.518075774620883 -0.4053053249400141
99 434.1981036637269 450.856179867838 0.6199874822667919 -0.3520887201402898 -0.3434712277879133 25 1179.0 3398.0 -8.828058436332567 -0.1699151623229381
100 6.207508321999831 455.73294940048413 0.43469488465678646 0.07097055796157895 -0.08575767253228891 25 1558.0 17996.0 -10.637939961233823 -0.13116782109647004
101 796.6276483053882 463.4622033484539 0.38491230066250026 -0.138635384414841 0.012478043786394286 25 1508.0 15104.0 -10.447729942384985 -0.36460085167085754
102 803.5630277176118 472.4614945889622 0.4716838257178209 -0.4534949787036639 -0.11058128138856294 25 1138.0 8670.0 -9.845047743690525 -0.12437309835438823
