test_CNN/outputs/tables/02425_b58831m0s0_sources.ecsv
# %ECSV 1.0
# ---
# datatype:
# - {name: id, datatype: int64}
# - {name: x_centroid, datatype: float64}
# - {name: y_centroid, datatype: float64}
# - {name: sharpness, datatype: float64}
# - {name: roundness1, datatype: float64}
# - {name: roundness2, datatype: float64}
# - {name: n_pixels, datatype: int64}
# - {name: peak, datatype: float64}
# - {name: flux, datatype: float64}
# - {name: mag, datatype: float64}
# - {name: daofind_mag, datatype: float64}
# meta: !!omap
# - {date: '2026-06-03 17:09:49 Eastern Daylight Time'}
# - version: {Python: 3.11.15, astropy: 7.2.0, bottleneck: 1.6.0, gwcs: 1.0.3, matplotlib: 3.10.9, numpy: 2.4.6, photutils: 3.0.0, scipy: 1.17.1,
#     skimage: 0.26.0}
# schema: astropy-2.0
id x_centroid y_centroid sharpness roundness1 roundness2 n_pixels peak flux mag daofind_mag
1 386.7892331525446 4.707498735123313 0.491723099720369 0.207112806106749 -0.28915192969659786 25 1567.0 13585.0 -10.332649106884775 -0.23766871244737836
2 491.26388211147423 7.069320054066503 0.5652776886911453 0.2348366600591474 0.5125624929852067 25 1245.0 7262.0 -9.652640611442184 -0.08786715516559926
3 52.94055151705302 13.174893116847212 0.41578356566040736 -0.43431274488304034 0.4326117429308571 25 1877.0 18151.0 -10.64725139195902 -0.4549378636134689
4 61.86131173582962 14.15168384016991 0.6718412232361062 -0.09416843383131754 -0.4481505238244239 25 1396.0 8039.0 -9.763005071655797 -0.06201171310964787
5 379.64600139038987 17.087886986016855 0.44374810681877785 -0.669327199258306 -0.28635861992966055 25 1217.0 7305.0 -9.659050550675788 -0.19188075237160845
6 132.28669872090762 19.600609957071136 0.47789153062398304 -0.2100521080010646 -0.3425290934093514 25 1729.0 14963.0 -10.437546689841572 -0.38853854521114106
7 310.9652174492172 20.132693775044242 0.5924144419054557 -0.819941255094767 0.03145241457350141 25 1257.0 6491.0 -9.53077902282781 -0.09548553923741716
8 185.2661440402315 22.636800540294615 0.5547334797502483 -0.028387279860711215 0.17330913384330035 25 1191.0 5861.0 -9.419929303454047 -0.03714578670934052
9 155.8660458416707 24.3053454602182 0.5690000542909662 0.024447994103552525 0.2213235141333889 25 2203.0 14371.0 -10.393717473462122 -0.6132788838157919
10 47.64272252072027 24.71165034056664 0.7322920370810241 -0.6128963146615196 -0.5542584825992037 25 1322.0 8240.0 -9.78981802924279 -0.008191756200635981
11 790.131031447395 29.564031131027374 0.593325202891049 -0.48325731332561933 -0.0025928996241698747 25 1468.0 11256.0 -10.128460211066724 -0.08760890750495708
12 379.5269571377683 34.22521218470387 0.37308365680228706 -0.11479347415309857 0.21360580530351314 25 1445.0 12785.0 -10.266751830905886 -0.3331839509037677
13 747.8261939602722 40.082130003901995 0.49878307655756543 0.1406098345543417 -0.06779424660145185 25 2013.0 22096.0 -10.860784153086389 -0.3097273386725252
14 234.0802980477227 44.250185040391585 0.5561987397246703 -0.7250685418563674 0.16407667398741846 25 1670.0 10568.0 -10.059982011516178 -0.364513000028143
15 449.1322505299481 43.74509462856253 0.5338320133158383 0.24233677063041428 0.14618685981318358 25 1795.0 12880.0 -10.274789657559483 -0.39379034012147734
16 28.58762374429745 47.86741288318319 0.3721805206278899 0.613487394664616 0.29303506903125165 25 1568.0 17052.0 -10.579438309937736 -0.24249945940629547
17 374.62442655047084 50.605528561612545 0.46060932172055563 -0.4085470865335537 -0.11993840331494662 25 1451.0 11907.0 -10.189505884067065 -0.2402067415831832
18 308.243294642978 53.42804589854018 0.5502596373994051 0.5992825904013426 0.0946031821633156 25 1656.0 14444.0 -10.39921869938697 -0.20073173623905707
19 156.94097639822166 54.456252132461124 0.48573201629619794 -0.7035454450609719 -0.0950586579828815 25 1299.0 11804.0 -10.180073002069804 -0.026849812266767595
20 49.59725329871487 59.85394477567317 0.3587832632987968 0.33832884482326464 0.0675342981878101 25 1178.0 10834.0 -10.08697207812796 -0.10506929920380215
21 518.1655193858708 64.68824274248192 0.3593783394899249 -0.7857902495052088 0.05294915343961674 25 1600.0 17324.0 -10.596620437644512 -0.27259793175321734
22 136.94097845575993 68.22234356114254 0.5626910504292917 0.20742049470472176 -0.030691409600550966 25 1230.0 6392.0 -9.514091915764837 -0.06389206521937701
23 763.1640444943536 69.89019898229411 0.5009742150199834 -0.30267610214037316 -0.12054975018013643 25 2105.0 18520.0 -10.66910245586479 -0.4830974885017369
24 391.2318566024661 72.0450300263682 0.5195747655881363 -0.27836432529427935 -0.5558674310989885 25 1135.0 4992.0 -9.245686441685919 -0.14965050569489993
25 631.3794201916579 72.23035022113406 0.4768756580272932 -0.4450228315902762 -0.053511851538943805 25 1797.0 15271.0 -10.459668692880413 -0.4278491142973574
26 22.191264322574938 75.95668122885888 0.5809790702761339 0.38982498056828635 0.1920058400211131 25 1487.0 10638.0 -10.067149964961404 -0.15053200071152992
27 299.11920307265257 78.05662154637814 0.3683384048113559 0.8706751929958848 0.3145939324747632 25 1064.0 7678.0 -9.713120269453466 -0.1335705354138343
28 404.79878810274323 78.73220092196587 0.6125255702855009 0.38409141442297773 0.4874465341955976 25 2018.0 17033.0 -10.578227866045873 -0.34142242012589386
29 162.5754763239785 83.10421440271526 0.3789771448309861 0.426322253258674 -0.11253089143422948 25 1558.0 16534.0 -10.545944833229381 -0.2529183641342416
30 615.3008892136476 84.55328621824636 0.3586102661767489 -0.4289787280777626 -0.17936679337087855 25 1139.0 9667.0 -9.96322929648222 -0.11822785166674976
31 257.19921718071004 86.14662461358478 0.49990255401683603 0.01851059826720608 0.2766186245772442 25 1821.0 13409.0 -10.318490976941517 -0.49476002582638984
32 438.980872938105 85.67000881463018 0.5724282468870109 -0.18505778509308632 0.39606191214710157 25 1667.0 12523.0 -10.244270951454075 -0.2759678163217214
33 500.0131323051411 89.28490417855535 0.43121457488576265 -0.09261385511822237 0.3471714041301928 25 1756.0 15355.0 -10.46562455194772 -0.38698072873505934
34 703.0040362949493 96.92306923691022 0.5007457089307863 -0.8332239493782329 -0.6178678056503919 25 1451.0 12109.0 -10.207770697986838 -0.1650925199006119
35 215.31854476212484 110.51944158068034 0.4095008912369994 -0.5469911313778496 -0.1661416938241928 25 1566.0 16008.0 -10.510842689070387 -0.20865411778042162
36 833.00997719895 109.16608741322219 0.32430091686508333 0.6559879604710541 0.985386791707999 25 2115.0 31979.0 -11.262162197519274 -0.2358688212460317
37 762.3012599361763 111.83086029874882 0.5310039082611586 -0.8174252245389858 0.12134730540937239 25 1086.0 1405.0 -7.869190810602746 -0.19396903504303123
38 43.69821629724263 113.88995711044011 0.653437807933739 -0.3732579026425178 -0.5965106721044262 25 1602.0 10743.0 -10.077813939328912 -0.195926960269297
39 432.844593111788 124.16557096082313 0.502042749717088 0.45063454728493496 0.010031356252929651 25 1541.0 11570.0 -10.158333397379373 -0.25593021810859423
40 181.8791020598221 128.01565237427798 0.6538239768653107 -0.5347045107973871 -0.07693995564057844 25 1612.0 7906.0 -9.74489202501738 -0.2828110215590922
41 686.2800451872953 129.45687718681842 0.400928571114516 0.5432221091023655 -0.1544194455246259 25 1189.0 10284.0 -10.030405169927057 -0.03580224345567895
42 65.56747890298756 135.37460633822556 0.4284256872127651 -0.06414306376783714 -0.13485081965737508 25 1516.0 10543.0 -10.057410516294983 -0.40236980921472987
43 292.9703295358213 136.8313916014134 0.4693192422367254 0.5606295173824047 0.06517433497177096 25 2064.0 19802.0 -10.74177264043901 -0.4408633434131248
44 474.1330939188588 141.4307231459259 0.4131496338575041 0.056565220690538924 0.08881192065126715 25 2023.0 20283.0 -10.76783047663945 -0.49888564236116506
45 571.5573508086752 141.8519280228974 0.4421354846189355 -0.853540831781991 -0.12188703608199941 25 2131.0 22306.0 -10.871054244661062 -0.5088211892352296
46 310.2992829001101 144.44666762642223 0.4232150988002096 -0.7676653598185031 0.23080782218162457 25 1148.0 10400.0 -10.042583348246952 -0.03837022339631274
47 391.15693329042693 143.23808415001164 0.48227726779954505 0.7299732137306683 0.36608077452045634 25 1730.0 16456.0 -10.540810696716669 -0.28372409827783
48 8.121557656487179 155.33997129658067 0.6259941870814402 0.050848692067391385 0.13446499196532236 25 1730.0 12626.0 -10.253164462478336 -0.2415574399812217
49 18.83499293584145 155.21669262165403 0.5697245249654256 -0.5216336134565835 -0.5056149018129538 25 1733.0 16741.0 -10.559453490999534 -0.16891935736016722
50 155.10964221325122 158.7991732323887 0.49716425162199984 -0.3337590414813488 -0.001977740115064589 25 1310.0 10520.0 -10.055039349544302 -0.007438347514593355
51 49.71507360129195 167.29568887068746 0.34263693109116317 0.765403894676155 0.06571337730827242 25 1059.0 8916.0 -9.8754251495205 -0.06262065946834877
52 268.7772868903907 179.78143472710732 0.5050458107392604 0.15075753252915255 -0.09898214991877265 25 1316.0 9646.0 -9.96086814396466 -0.13820175923325884
53 25.390032938620532 193.02599965868075 0.4735514807371603 0.20973181173857947 -0.1667785632046361 25 1372.0 10507.0 -10.053696830643819 -0.18514901145467247
54 812.2062972831636 212.0695239561508 0.4740934783155685 -0.8799036960012284 -0.18422441322080635 25 1167.0 6939.0 -9.603242218725704 -0.13786143533670187
55 179.0296790680265 221.26898914634077 0.661240120600033 -0.9509477488890705 -0.5720190565743822 25 1171.0 4949.0 -9.23629363452789 -0.015210000103711898
56 71.32119688807805 229.6187939226915 0.6079467954852084 -0.10253942530260973 0.03655971274198114 25 1734.0 12630.0 -10.253508376388327 -0.21005459381150304
57 490.1743657755676 229.7086584513475 0.4837967954679079 -0.22589526153044026 0.10664711827449921 25 1224.0 9402.0 -9.933050617130585 -0.08048978141240404
58 64.07449265420958 236.03853800871127 0.5274255861843662 -0.28186725698788495 0.0034711252822031266 25 1498.0 10795.0 -10.083056616675623 -0.19788361614398892
59 378.19120747955907 247.29475781597668 0.3355398834824478 -0.5387255341614622 0.17958253784023107 25 1563.0 17006.0 -10.57650543685133 -0.3155105017115087
60 200.53823464258377 250.33059116040718 0.49554233109946194 -0.21993371693397834 -0.0013615765147781296 25 1327.0 8653.0 -9.842916759287583 -0.20878108763825745
61 360.1238153703959 255.3670210602473 0.5516761927669843 -0.6298073387906359 0.10833154819674903 25 1376.0 8099.0 -9.771078497415015 -0.23918590805369488
62 590.7662198245858 263.7704357021645 0.73250919316225 0.07153642271518221 -0.05051609752693822 25 1518.0 8206.0 -9.785328781577235 -0.11384094722007637
63 374.79346104000604 268.60943346330714 0.6225798381834671 -0.3309796973334861 -0.1411242641451014 25 1567.0 13999.0 -10.365242533839673 -0.008860160991919282
64 155.1771118177847 270.3024156227135 0.44559652157203494 0.6929175348082542 -0.0453270059054086 25 1726.0 15156.0 -10.45146149150739 -0.38157545748068317
65 544.9410107465047 271.88338945742066 0.4579727950837755 -0.879776569462361 0.28881067604562405 25 1358.0 10019.0 -10.002060941514014 -0.26040512517495906
66 434.35640524772754 277.7396316834034 0.35234591117982195 -0.18336893427225548 -0.757245847199679 25 1199.0 12008.0 -10.198676698088034 -0.09742312175733053
67 698.8711998977251 283.04115012511846 0.5760307897262225 0.19765092223857952 0.4177073476965442 25 1463.0 8922.0 -9.876155547263995 -0.19671526013972296
68 37.74962843202589 290.1666766100999 0.5684697376242561 -0.6028731290895118 -0.21981862589421433 25 1843.0 13820.0 -10.35127010759545 -0.3655719821424594
69 689.3045484636141 295.6841059066861 0.46015795457627845 -0.23918412323276067 -0.6758097080654255 25 1454.0 13307.0 -10.310200392199249 -0.147958892124174
70 57.091527386976274 297.07965258880176 0.486627193135045 0.7177391045468118 -0.14387996243846202 25 2545.0 34911.0 -11.357405722598452 -0.27948842670194374
71 789.7568753999585 299.1778570975992 0.35071179214957987 -0.3881730889646519 0.035840393363173746 25 1086.0 8288.0 -9.796124356002894 -0.13525561427546723
72 87.63685301541429 302.7073327151536 0.48346467372784374 -0.25451900760465757 0.15806758979691404 25 1510.0 13126.0 -10.29533099980226 -0.20984021581314372
73 220.27190627074583 310.3949670194107 0.5268413982528656 -0.2197550936946437 0.018135954708417362 25 2224.0 21171.0 -10.814353430384491 -0.4706721560760253
74 821.397596073015 319.1350941144419 0.5025016938481621 0.3487156135137214 0.08653829634548309 25 1683.0 13804.0 -10.350012376548623 -0.2805878934038913
75 8.444227187654759 322.5338855867119 0.538975648943954 -0.4523213462338934 -0.1325320231606123 25 1447.0 11221.0 -10.125078905921004 -0.1415904738407069
76 108.5467421312007 331.17041610716296 0.46786423626171997 0.10740041994183405 -0.04079247322243591 25 1790.0 17520.0 -10.608835254580155 -0.2872254268150113
77 268.4064865980861 338.7424352711107 0.4876173509095927 -0.1407657235809075 -0.07668659817170685 25 1522.0 14289.0 -10.387504590578132 -0.1531273737112571
78 192.85121180214995 343.59950108449334 0.5591184602278344 0.37723657165994984 0.010334943064319303 25 1301.0 10385.0 -10.041016252177794 -0.029660846221030587
79 244.32078350705962 350.38862205965717 0.39136898933166875 0.6253750027233981 0.3239701223478928 25 1468.0 15291.0 -10.461089720770927 -0.13867950444621993
80 602.9022222596775 354.0736107643286 0.5783903996769135 -0.4033495458904963 -0.15898142172288657 25 1698.0 12998.0 -10.284691331577632 -0.262139695107435
81 271.50630690723915 360.3980549129413 0.43422062836062053 0.8626677290100953 -0.2268743917586337 25 1188.0 10344.0 -10.036721279680844 -0.03801253164838868
82 78.49509646771966 364.6299255437484 0.45479082317106695 -0.3739250430511197 -0.05994943682479338 25 2079.0 28239.0 -11.127123283519225 -0.12909166460642543
83 111.7126340051351 385.7946849099577 0.4214543048948293 -0.16507133097819898 0.011728080472003256 25 1255.0 10062.0 -10.006710782474324 -0.13188422301622016
84 712.919726849908 385.9418130340805 0.5750377940322028 -0.3146792162739632 -0.6120081709999772 25 1331.0 9226.0 -9.91253362568062 -0.057589934454373784
85 220.0019569907931 387.27635084073535 0.4474428793880903 0.5392851021349482 -0.026323618538762576 25 2244.0 22255.0 -10.868568996546353 -0.5924248111219111
86 304.4830289801298 396.0731156725969 0.6240152048553181 -0.3217898635234194 -0.12502968321906918 25 1652.0 13127.0 -10.295413713107811 -0.11278687777814017
87 615.6047269828356 398.8976859598748 0.6469811870284058 0.26313831771354396 -0.1480258364570609 25 2561.0 36582.0 -11.40816861351391 -0.06389462449216951
88 299.78331044132733 402.9163002335131 0.5090482514380794 -0.43778571969589336 0.015794001638654544 25 1369.0 10300.0 -10.03209306176293 -0.14944820901366562
89 472.83509023765185 402.3431355093915 0.5609624577582147 0.7403222655192551 0.06845620259565634 25 1869.0 16058.0 -10.514228633948763 -0.3196058836857022
90 61.29924159215197 420.3697786124285 0.38368786317577996 -0.4754023911535401 -0.48838455227362315 25 1216.0 12871.0 -10.274030725771148 -0.018551692414964096
91 696.8261398024719 425.5887277873443 0.43147172666403666 -0.3229763230728696 -0.05747925375438358 25 2097.0 21689.0 -10.840598821887305 -0.47365406568156326
92 264.1660866955124 427.84899136355745 0.3857968944626964 -0.6250607032298596 -0.6584213932236359 25 2254.0 25873.0 -11.032116971279905 -0.5167084683090895
93 133.19086066707374 437.5881014356474 0.46138562824419044 0.03221656754249197 0.22351792935097753 25 1799.0 19448.0 -10.722187364588198 -0.21098684438489307
94 750.1475099439235 437.60161002563694 0.4891719998329734 0.29553581971077614 -0.02941189793045512 25 1780.0 16607.0 -10.550727964162888 -0.35232899333072143
95 561.5883494685025 449.54496644124174 0.4187070761339787 -0.34876905443243383 -0.05065283926203702 25 1569.0 14475.0 -10.401546430998685 -0.3227725159011495
96 362.1226014359055 449.66741453915927 0.5875255453544251 -0.48559064942550545 0.3222583345348522 25 1359.0 9430.0 -9.936279231843322 -0.011755637090346126
97 366.9137315988682 463.6473966747552 0.33038336214603004 -0.06935150330561064 0.6299252638082192 25 2201.0 35061.0 -11.36206074689932 -0.10775629649315582
98 266.9679071732177 466.1299605330292 0.4804614785628947 -0.09697102397455144 -0.20041506973751863 25 1820.0 25292.0 -11.007457932852951 -0.031582772452607356
99 726.6061205977257 478.05222733387484 0.44761711266182747 -0.354878796683526 -0.38802334364706703 25 1747.0 18313.0 -10.656898738515297 -0.2702082666239688
100 194.77443195474717 487.20662856577127 0.4041815797002004 -0.4820899405205589 -0.34132111990198094 25 2817.0 35376.0 -11.371771813086598 -0.6355592451902132
101 185.92582669471574 493.05429945661854 0.5380242585369668 0.7278501474034993 -0.07089262102300589 25 1381.0 12635.0 -10.253938115639833 -0.01864924149539147
