test_CNN/outputs/tables/02425_b58831m0s0_sources.ecsv
# %ECSV 1.0
# ---
# datatype:
# - {name: id, datatype: int64}
# - {name: x_centroid, datatype: float64}
# - {name: y_centroid, datatype: float64}
# - {name: sharpness, datatype: float64}
# - {name: roundness1, datatype: float64}
# - {name: roundness2, datatype: float64}
# - {name: n_pixels, datatype: int64}
# - {name: peak, datatype: float64}
# - {name: flux, datatype: float64}
# - {name: mag, datatype: float64}
# - {name: daofind_mag, datatype: float64}
# meta: !!omap
# - {date: '2026-06-03 17:09:49 Eastern Daylight Time'}
# - version: {Python: 3.11.15, astropy: 7.2.0, bottleneck: 1.6.0, gwcs: 1.0.3, matplotlib: 3.10.9, numpy: 2.4.6, photutils: 3.0.0, scipy: 1.17.1,
#     skimage: 0.26.0}
# schema: astropy-2.0
id x_centroid y_centroid sharpness roundness1 roundness2 n_pixels peak flux mag daofind_mag
[from data line 102]
103 678.8246006723269 498.93114709881706 0.42713064962448727 -0.9690186236559166 -0.12364339238234939 25 1750.0 16821.0 -10.564629527045392 -0.3452756496939161
104 588.218613722218 508.01024372455936 0.44603122662110045 0.09659439145272064 -0.07295286340591933 25 1585.0 15181.0 -10.45325095066705 -0.22570755469891543
105 796.6206701212949 515.4371648184543 0.5792578247504786 -0.18214952486413913 0.1950434691511441 25 1541.0 14059.0 -10.36988607732705 -0.062448871069529614
106 145.2725803903924 520.4669266818835 0.3531623453932626 -0.0774983668139919 0.00402765884063984 25 1198.0 11862.0 -10.18539479924329 -0.08179902744841121
107 336.1366239899196 528.1103070155489 0.49109828451964327 -0.30545662168052307 -0.015754040211202327 25 1644.0 12662.0 -10.256255772963632 -0.336160564513709
108 312.85964497856406 532.7530762193145 0.5704571473170289 0.7998600896257074 0.059105766003065024 25 1564.0 15135.0 -10.44995606323148 -0.009751302913850679
109 307.18390739996215 539.706320691071 0.5762408966760776 -0.010985750079206073 0.34440156961268276 25 2119.0 22799.0 -10.894789496447824 -0.24693054964112185
110 490.19285240870215 546.4445258686727 0.5129920067913578 -0.5545047931506895 0.11444569275711317 25 2023.0 25543.0 -11.018179758447262 -0.1538908470806554
111 238.03071148547295 548.1102516109597 0.43712045603067035 -0.7417255242994254 -0.5782002266406945 25 2319.0 25305.0 -11.008015854112017 -0.5414819443754703
112 23.415345603088916 552.2791588646869 0.4096616412232975 -0.021379744369785018 0.08536116474121995 25 1196.0 7789.0 -9.7287042595988 -0.2392395808437065
113 469.6974279775618 559.3620890546698 0.4516453856466702 0.5692446101389728 0.10782099078175972 25 1190.0 7578.0 -9.698886502347436 -0.1407273199489696
114 511.7774496566221 569.8610179793035 0.5638564351924719 -0.41647187624234944 -0.6307115490841847 25 1319.0 8692.0 -9.847799294121218 -0.03388309995027804
115 673.6267884858132 579.8410798632452 0.6092751655794731 0.024812489166623403 0.0029455161707116033 25 2276.0 20930.0 -10.801923070846716 -0.41829218569170623
116 94.3863231483725 585.3655488692272 0.42809423825435067 -0.43320880780532084 -0.17564190934536797 25 1832.0 18480.0 -10.66675491721022 -0.3515813032241021
117 256.60624663179453 592.7423558392672 0.5684628130294351 -0.41626285470692653 -0.36033577157379504 25 1609.0 8421.0 -9.813409168385254 -0.33549838731005316
118 527.4013272439689 595.746652779157 0.5496108661058685 -0.6723592660581068 -0.39148959934319044 25 1365.0 10819.0 -10.085467801983633 -0.04816401211936312
119 606.8595424526959 599.2541216254648 0.5869713142710965 0.392283640483809 0.4226889675075532 25 1800.0 13549.0 -10.329768106935965 -0.34047562622368877
120 581.8248870667002 603.3234007704925 0.5691106454575748 -0.30375521245183434 -0.5378708553865242 25 2007.0 15978.0 -10.508806042056463 -0.3995837865075261
121 478.0657530954825 610.567230282849 0.6107169737282078 0.2833419226838879 0.2556569247538765 25 1284.0 7060.0 -9.62201175262951 -0.04168560262655104
122 177.95458340479573 623.597606207684 0.45781860278779796 0.012083037071934793 0.07147361363988508 25 1104.0 7321.0 -9.661426017133575 -0.023469283606393644
123 296.1387064234328 623.2898545211501 0.3944105104305706 0.2054108866454087 -0.8673715375352595 25 2566.0 37438.0 -11.433281599887115 -0.3159984269042905
124 771.0232967281873 638.3156761159271 0.45915606124074965 0.4993293719440015 0.549480353538778 25 1533.0 17428.0 -10.60311887815929 -0.003928733244537709
125 99.6050799349173 642.3666582785447 0.6359653037125582 0.39299320956808087 -0.3310348091544167 25 1474.0 11041.0 -10.10752102469988 -0.0076038777325498595
126 755.8738339235341 653.3873776524695 0.4486409179976979 -0.20689095358956328 -0.15322759481181858 25 1598.0 12619.0 -10.252562350881737 -0.3278670255541091
127 723.4562068543669 664.8007605179602 0.5249926702136078 -0.4797549275421561 -0.29295396854736205 25 1880.0 15238.0 -10.45731992309248 -0.42999286292105743
128 542.5627366566641 671.935059792742 0.45811080920018193 -0.36150652044146553 0.11311286815951456 25 1879.0 19985.0 -10.75176038149031 -0.2782327848656873
129 789.6370510558633 684.5067142687692 0.4456318470184273 -0.20538128461892266 -0.21832619532225586 25 1745.0 16055.0 -10.514025774756304 -0.3517145309543432
130 109.7886677836979 701.1738726396479 0.4588018627061609 -0.8334558539712312 0.1610246576384882 25 2356.0 25804.0 -11.029217583055031 -0.4914651005383827
131 366.9507175044228 703.1067182957092 0.47407159297951407 0.5874476016162327 -0.1573088458966722 25 1475.0 11788.0 -10.178600317944719 -0.22032608534424508
132 267.32654903891296 706.2873935706525 0.4544345557528763 -0.4748615396577405 -0.5293613067872897 25 1702.0 15255.0 -10.458530529946064 -0.3310274263536975
133 439.34063184180604 712.0541829203477 0.4550628232800532 -0.01859533362805333 0.04692874187390472 25 1827.0 15996.0 -10.510028488653711 -0.4091235770392664
134 58.76232524384457 721.3379707726385 0.5012579367806552 -0.22635664195550043 -0.19449385804381084 25 1927.0 21872.0 -10.849721243059367 -0.16270093812641634
135 828.5167099303753 727.4328640581313 0.34559253007430124 -0.2891518092882304 0.22072807770791614 25 1163.0 8842.0 -9.866376276424639 -0.18038667456921273
136 149.6470711000251 733.8919120828831 0.4605376825568601 0.545862879025733 -0.016149486996153643 25 1177.0 7862.0 -9.738832598710177 -0.06833295127987052
137 296.61519969468367 744.8539288853782 0.5249861396696056 0.43753407890377854 -0.5419219574419613 25 1874.0 18309.0 -10.656661561690639 -0.21677130900791874
138 252.37251383162265 753.1409942958323 0.5576797859341229 -0.24875406622056997 -0.3118591852450215 25 1677.0 15303.0 -10.461941445627122 -0.14852805041587436
139 579.0024452380777 773.296151409523 0.4850041800755522 0.11981753239160507 0.3612794774499036 25 1184.0 7329.0 -9.662611804232748 -0.097151455088338
140 569.1170418889823 774.5564413762895 0.4110233859513336 -0.41954549508701083 -0.05769082379986818 25 1804.0 23022.0 -10.9053576239549 -0.13398761318962701
141 86.42462080133289 778.70851285671 0.4384554845491473 0.4090389914466364 0.053461449353434935 25 2017.0 22206.0 -10.866175838696888 -0.3333876112002981
142 400.1235270132839 782.5697802489165 0.5408994776616504 0.4009252957450097 0.12992346618655498 25 1289.0 7910.0 -9.745441208744191 -0.07257643631129289
143 19.726621111981547 790.0343816643424 0.3865367788434447 0.516839563953357 -0.0812090318840322 25 1181.0 6882.0 -9.594286670712279 -0.2514374552494677
144 306.8165937992268 790.8111995869263 0.41817557085840495 0.33580954601866175 0.58624963460769 25 1915.0 23991.0 -10.950120876842313 -0.20514526542616762
145 459.25563045100955 792.2405500539564 0.3752065839514151 -0.5786880328556008 -0.1766950977473839 25 1181.0 10458.0 -10.048621593734094 -0.05561457539550392
146 526.7399394158211 800.0058258362914 0.5608362788959323 0.07530495662105824 -0.7001449384430443 25 1568.0 13057.0 -10.28960851028204 -0.14959459649127013
147 36.2909130107718 806.8544800641515 0.5624470151713056 -0.45034341640971903 0.08042099406762307 25 1401.0 9218.0 -9.911591759471253 -0.10838465313708878
148 182.92694090201482 813.3460557253228 0.42750962005667 0.851026089867369 0.21714201710288983 25 1509.0 17288.0 -10.594361884687961 -0.032967556241442715
149 450.8975569301175 813.4156101837077 0.4759319649021644 0.2746757473272863 -0.045121482240905245 25 1758.0 14029.0 -10.367566788055578 -0.4054409692625699
150 736.8378689546807 815.4593264924731 0.3738618823342736 0.5918291225550164 0.3097359782793111 25 1675.0 18935.0 -10.693163273642112 -0.2395002873389141
151 820.6670443895637 830.3267459834397 0.48754336156139705 -0.2997659465031471 -0.021476156202174107 25 1583.0 15882.0 -10.50226297921248 -0.12102255274994231
152 532.2691878510564 831.1335283863506 0.5058976585851397 0.20093042405211436 -0.18335332089918122 25 1303.0 10402.0 -10.042792123597033 -0.08288980506655422
