test_CNN/outputs/tables/02452_mf20174m0s0_sources.ecsv
# %ECSV 1.0
# ---
# datatype:
# - {name: id, datatype: int64}
# - {name: x_centroid, datatype: float64}
# - {name: y_centroid, datatype: float64}
# - {name: sharpness, datatype: float64}
# - {name: roundness1, datatype: float64}
# - {name: roundness2, datatype: float64}
# - {name: n_pixels, datatype: int64}
# - {name: peak, datatype: float64}
# - {name: flux, datatype: float64}
# - {name: mag, datatype: float64}
# - {name: daofind_mag, datatype: float64}
# meta: !!omap
# - {date: '2026-06-03 17:09:53 Eastern Daylight Time'}
# - version: {Python: 3.11.15, astropy: 7.2.0, bottleneck: 1.6.0, gwcs: 1.0.3, matplotlib: 3.10.9, numpy: 2.4.6, photutils: 3.0.0, scipy: 1.17.1,
#     skimage: 0.26.0}
# schema: astropy-2.0
id x_centroid y_centroid sharpness roundness1 roundness2 n_pixels peak flux mag daofind_mag
1 267.3649547350261 43.48319350268137 0.46662738128662823 0.003996391608239287 0.07533882296595705 25 1554.0 13112.0 -10.294172351406106 -0.3653556119093543
2 633.6919172480266 73.28758791945616 0.47032965002287264 0.26054362774318035 0.11335799195262208 25 1671.0 16178.0 -10.52231207770066 -0.2672233281896571
3 699.7617491335236 92.67876557609861 0.545674196334164 0.29410372155227804 -0.43625734656958864 25 1170.0 5799.0 -9.408382771870539 -0.0823963501722566
4 421.21743141728393 127.46535355135535 0.4994784391259401 -0.4176827118814621 -0.4345501335762189 25 1712.0 19033.0 -10.698768119004392 -0.1311426087879965
5 190.3548449064542 130.55419274495415 0.424178622333941 -0.8116371529329466 -0.4149998163153326 25 1163.0 10571.0 -10.060290182066927 -0.060486578217088666
6 342.1767227175163 169.49182164675983 0.5797701457790003 0.41668386008343594 0.04639986342040458 25 1126.0 6526.0 -9.53661767362964 -0.04848853162075322
7 429.63890727261503 216.69507839830587 0.5559630812519748 0.8866219071087813 0.6093208181724855 25 1732.0 17583.0 -10.612732440253204 -0.1894901813614604
8 84.54713419549236 234.5443437768893 0.40454376073384946 0.16787045771523249 -0.19658663482205413 25 1499.0 13899.0 -10.357458887307045 -0.3175453463064826
9 110.73644176791171 237.75692027764987 0.5484008993495164 -0.58818349796082 0.022191879605797507 25 1929.0 18159.0 -10.647729821580537 -0.344155181331336
10 690.2144648584032 274.71747548864175 0.45278896474458546 -0.18713176062917258 0.12151555042739105 25 1479.0 11192.0 -10.122269253709428 -0.32723748782812967
11 221.13209922149784 315.16520613797644 0.42984996365717565 0.366811748344482 -0.25423800134316044 25 2069.0 25101.0 -10.999227559263435 -0.3627667197248615
12 197.61442495676465 330.8414620839599 0.3912665190115237 0.05915765582403249 -0.09657769688486845 25 1070.0 9091.0 -9.896529144412199 -0.11203701389971013
13 598.0829653680485 355.173355768608 0.513119767364533 0.27453112284799164 0.2734339512329074 25 1177.0 8762.0 -9.856508122105392 -0.032612614305723854
14 419.4359621707999 370.8263131774971 0.5243015611875869 0.8722805350525379 0.8762010788146212 25 1654.0 18423.0 -10.663400880254576 -0.06437672636000066
15 192.6303157336083 375.65569873320436 0.4258721092500302 0.6550745011120953 0.1694242547006889 25 1381.0 14353.0 -10.392356712130564 -0.12274292485682696
16 457.42324266423515 394.5519209600089 0.5856596033997377 0.07627088807266512 0.2831937991943834 25 1324.0 8515.0 -9.825461630746549 -0.20190691081114706
17 68.83237891486802 399.7938076709657 0.5894183939770561 0.18234102905019656 0.2853973821729982 25 1410.0 9667.0 -9.96322929648222 -0.13682869521069596
18 23.483612235707223 424.02253262833324 0.5643645689101497 0.024037442375100616 0.17564374816145126 25 1429.0 8947.0 -9.879193593358252 -0.24396826962067106
19 116.6107020351286 451.2445995004691 0.535536137551542 -0.16984501013416586 0.7023993066029159 25 1149.0 8305.0 -9.798349091968534 -0.037835281122109175
20 240.75982574187 462.9794270445518 0.5711349351430564 0.008354144092670275 0.4540119078610706 25 1058.0 5420.0 -9.334998216345967 -0.0479180003790919
21 428.87106700180965 467.04781296952444 0.48008909534785277 0.3957249538553213 -0.306290654832234 25 1241.0 8206.0 -9.785328781577235 -0.18538509878876022
22 650.0755052846602 471.6140150050254 0.4037137600055284 -0.37338020083155643 -0.0009967630796373875 25 852.0 4080.0 -9.0266504077247 -0.04582485689482817
23 656.1375841047346 485.8265106464214 0.41306886834341716 0.3934629930297265 0.05435754915981886 25 2417.0 36761.0 -11.413468292188806 -0.27941814100793944
24 611.0568077083099 496.8870957993238 0.4167136715043708 -0.4812802023518667 -0.5486546274261044 25 1679.0 13147.0 -10.297066657333225 -0.5331606828734895
25 402.2109257681051 501.65214115717407 0.4704969816751226 -0.08271250624330964 0.5316976574544849 25 1176.0 8550.0 -9.829915286820432 -0.1248471733252258
26 292.8847080196494 507.6549068266737 0.47476475966024917 0.5070331083836299 0.04163280765821383 25 1204.0 9644.0 -9.96064300426354 -0.10649828241713818
27 172.01155463821107 545.1082549326991 0.5440336921670028 0.2602918059840393 0.0702107135313477 25 1710.0 16686.0 -10.555880598119508 -0.2466660590788246
28 661.184171451125 580.6093140323998 0.4709540968507083 0.07185044651436928 0.2013692633771367 25 1454.0 14960.0 -10.437328983821105 -0.07234916000256075
29 415.32847781164975 608.0919152647981 0.6897471372431387 -0.5389473051779885 -0.15318962168149244 25 1264.0 7108.0 -9.62936854783316 -0.010857816068761754
30 109.10503154545606 636.4909084129564 0.5614320279471218 0.38586425905522326 -0.009204668810243958 25 1443.0 13249.0 -10.30545775023467 -0.06652185468207093
31 158.8691088219247 636.0405759009167 0.4862008062422177 0.2136078730277332 0.2989390557713998 25 1291.0 10557.0 -10.058851303887135 -0.15187662806549296
32 302.6396693082451 718.4046733011332 0.3872828357664651 -0.6469080302751256 -0.49869277740672935 25 1921.0 22681.0 -10.889155496463525 -0.4235701205292672
33 708.7969056283692 724.7090080621134 0.4437477767211426 0.8730916729375721 0.28912751330827713 25 1740.0 19781.0 -10.740620607372334 -0.19660443038586256
34 450.0455668106218 831.793126199973 0.5034395851826852 -0.6345250266509067 -0.27598870544002885 25 2061.0 19098.0 -10.702469722511616 -0.47995969792304366
