test_CNN/outputs/tables/02504_mf20382m0s0_sources.ecsv
# %ECSV 1.0
# ---
# datatype:
# - {name: id, datatype: int64}
# - {name: x_centroid, datatype: float64}
# - {name: y_centroid, datatype: float64}
# - {name: sharpness, datatype: float64}
# - {name: roundness1, datatype: float64}
# - {name: roundness2, datatype: float64}
# - {name: n_pixels, datatype: int64}
# - {name: peak, datatype: float64}
# - {name: flux, datatype: float64}
# - {name: mag, datatype: float64}
# - {name: daofind_mag, datatype: float64}
# meta: !!omap
# - {date: '2026-06-03 17:10:00 Eastern Daylight Time'}
# - version: {Python: 3.11.15, astropy: 7.2.0, bottleneck: 1.6.0, gwcs: 1.0.3, matplotlib: 3.10.9, numpy: 2.4.6, photutils: 3.0.0, scipy: 1.17.1,
#     skimage: 0.26.0}
# schema: astropy-2.0
id x_centroid y_centroid sharpness roundness1 roundness2 n_pixels peak flux mag daofind_mag
1 84.71964857119151 26.606242981097026 0.41325035634294033 0.6666466472831482 0.3003177731316912 25 2090.0 21917.0 -10.851952769077931 -0.9986117622720962
2 332.2853676686191 27.040561182303964 0.4516375527466287 -0.6784189183660894 0.14156702024578696 25 910.0 7324.0 -9.661870839074147 -0.3104297164698837
3 347.9242431254402 35.094450583231584 0.5322050838826294 -0.08626023565995714 0.4470547475444384 25 2062.0 36319.0 -11.400334705593107 -0.015206154257943763
4 152.89525193583657 38.555730542557235 0.49625536415605337 -0.11620465593011849 0.6560007033696195 25 625.0 3221.0 -8.769976812049228 -0.02087698947691869
5 332.3951854159966 127.07776670497391 0.53284947611019 0.2114587505565619 -0.018567163882677647 25 1326.0 14334.0 -10.390918500333804 -0.31357543574810487
6 85.62918819871196 145.36520427072648 0.4591101649625792 -0.27862070415043055 -0.35339886504871293 25 729.0 5613.0 -9.37298760554918 -0.027632208457959807
7 416.0152039460657 151.51145134829645 0.4797479202332584 -0.3293249503868539 0.4213314526328629 25 776.0 5368.0 -9.324531267902339 -0.15165827610086421
8 378.8892353846938 195.5674070851841 0.46403813035394853 0.10855595272096556 -0.04421139725762809 25 2357.0 26601.0 -11.062244907961 -0.9882774468909188
9 275.5435369560111 222.91482433041693 0.5950743681348635 -0.21524790787439887 0.19910986385533494 25 1525.0 12011.0 -10.198947917425327 -0.6338348382169126
10 150.07455255009805 225.2018739539087 0.5561035285566127 -0.02969523935641416 0.49499852679627393 25 2107.0 30378.0 -11.206397944426211 -0.5332613950669219
11 238.24843455076484 236.6610762931408 0.5552132304948955 -0.6546262019643694 0.08085883802620501 25 1537.0 14818.0 -10.426973976115978 -0.6004929809843628
12 832.1513917119931 249.89662558331545 0.2997494472829527 -0.732906036278551 -0.12599033687459177 25 957.0 14041.0 -10.368495098369138 -0.026122922590183267
13 399.3538911114805 253.40033538569097 0.5460280212181126 0.034249551178244186 0.20897336086192833 25 810.0 5915.0 -9.429886872409872 -0.037575811439189206
14 409.1324470091788 254.96027993012197 0.45630736030997965 -0.6749024727139978 0.041562422297880104 25 699.0 4508.0 -9.134959768435172 -0.05550866882009471
15 134.2192249550302 294.6120808305424 0.4191334115110731 -0.6818287313113733 -0.01866332843702283 25 1917.0 21443.0 -10.828213863967523 -0.8610662902069555
16 285.78470942221014 310.6548672588155 0.5030634279751748 -0.41843817631051505 0.45212922831286184 25 845.0 5710.0 -9.391590270614621 -0.19094609762699746
17 441.16240773603664 311.21816639318746 0.6523918553683895 -0.32278654485297764 0.5668006008619522 25 977.0 4575.0 -9.150977746006168 -0.2973174575378249
18 118.37609957211616 349.1765372958903 0.5800020994875204 -0.13475059833887748 0.3454375233303113 25 821.0 4700.0 -9.180244644839293 -0.12074173086974654
19 405.43980981571224 350.41434063428585 0.6196266288850357 -0.7854209496977296 0.05135439831226962 25 1219.0 10346.0 -10.03693118518266 -0.29277051521454084
20 797.6777752133046 356.777988018052 0.39376360087706014 -0.4864180521003718 -0.18814457274848828 25 3100.0 47164.0 -11.684026576737237 -0.9840759113704154
21 229.34107522415735 367.86999821731456 0.4927640695420008 0.2471686989086082 0.36656660344041403 25 865.0 6998.0 -9.612434845367218 -0.182639544378353
22 93.14695429063093 368.857800776249 0.5391711298059475 0.00909630086898682 0.3793525437907376 25 897.0 7240.0 -9.649346415492868 -0.09590106543160057
23 246.32879711288504 369.69305765290017 0.4982240350683301 0.10402553842876358 0.18327534238656953 25 2001.0 20086.0 -10.757233645891262 -0.8637069625842875
24 272.7842458040215 371.31114554588817 0.5537028373969143 -0.4118465131932329 0.29948883054761394 25 1076.0 6598.0 -9.548530778023313 -0.4150405434254688
25 681.4389864723329 375.2027557339184 0.5376173231140704 -0.22416739476316597 0.19792037630049716 25 764.0 4649.0 -9.168398865457718 -0.085958894900809
26 374.8518236975572 399.36515297412507 0.4302173804329454 -0.002695006288464219 -0.1089838436676976 25 917.0 7539.0 -9.693284358280597 -0.2952150317258601
27 779.7471022990056 408.41995593967545 0.39157946271661487 -0.48903494326155206 0.1969238695392334 25 2565.0 52249.0 -11.795194957118596 -0.022355059044981276
28 746.0418749145618 412.2332113485153 0.5995582041619014 -0.5336557852598276 0.4895021706096677 25 770.0 4098.0 -9.03142988516294 -0.04446532336843566
29 168.24075543851396 424.10741370397193 0.5112476273787823 0.5023188973098225 0.11066226023339543 25 950.0 8336.0 -9.802394264888623 -0.20190226367768002
30 826.8423982050837 493.89090846161616 0.5168606950447806 -0.3210008938834225 -0.018446823086646035 25 2123.0 21981.0 -10.85511861564667 -0.8706504326396171
31 759.3917785773684 500.45778895924224 0.39655911395293897 0.6258332625188535 0.41636074520287353 25 2375.0 34773.0 -11.353105401373211 -0.8076613092741716
32 351.7900473598086 511.3832484421879 0.4245385925914015 -0.1415672538272002 -0.04667541758299086 25 2454.0 47729.0 -11.696955838218592 -0.05033698631846612
33 33.31249768834648 555.1381755949892 0.4007970567689662 -0.11680549056376807 -0.04898318962344617 25 2026.0 36013.0 -11.39114825255186 -0.19333378381769875
34 230.70765244139898 568.6487253852702 0.5489174375158713 -0.5468315209461119 0.33983440129524667 25 2524.0 48293.0 -11.709710462402128 -0.008836780149390626
35 653.0774181829966 572.0795627363987 0.4141481863150949 -0.13244719815091704 0.2974008229780496 25 962.0 8637.0 -9.840907298994361 -0.3167177732464258
36 483.38784401054426 629.5643061871444 0.5650222587026205 -0.6137496668002703 0.18101103375926342 25 1333.0 10312.0 -10.033357260863367 -0.5254669791301796
37 519.7943079568754 644.9111171436267 0.4863145803365377 -0.3931853855182608 0.16729833055046675 25 1520.0 14721.0 -10.419843281751444 -0.6277440996087063
38 428.0627101175813 649.7388511785318 0.624841681014039 -0.40872308933526846 0.26669315069896155 25 1027.0 6517.0 -9.535119302488999 -0.3054633259969195
39 278.87234946781604 651.7042408374261 0.40277830908656975 0.045090697430337626 0.009943987293429 25 1230.0 10198.0 -10.021287519078637 -0.6268945860985726
40 814.7791595301536 672.3077774870645 0.5043358265435088 0.0074556562661223895 0.4772108897809471 25 2012.0 20291.0 -10.768258627166913 -0.8664316937569972
41 203.05645402251076 677.232997449327 0.5570998745675965 0.03928461104061854 0.20823153735041547 25 743.0 5088.0 -9.266367756600895 -0.029432818677021036
42 809.4122854056985 689.7814446937659 0.41745651118908095 -0.9038224066990411 0.12491962098587661 25 1381.0 12328.0 -10.227231564275908 -0.7291973510480275
43 145.36165220157517 706.4130328333167 0.3977386810378955 -0.5211076708032406 -0.5383509902171986 25 1694.0 30394.0 -11.206969647831645 -0.06244647311188678
44 170.7095445000908 723.2066713758991 0.5675285205382659 -0.6820309708216397 -0.02032527353938131 25 1690.0 12290.0 -10.223879707216135 -0.8616112132213481
45 760.2689656786163 769.554034240462 0.45030086251850165 -0.6407384805993654 -0.28303302368338423 25 865.0 6946.0 -9.60433694743686 -0.1906692641004458
46 347.0282442230747 800.873688141477 0.46522147067626424 -0.23744070230690123 0.09790394813934493 25 1774.0 13195.0 -10.301023486390172 -1.0278735441819447
47 355.29629746207615 830.496121813251 0.6422257911592015 -0.23058470114725452 -0.0076440372638003065 25 1114.0 8489.0 -9.822141333954777 -0.30057467947122335
