test_CNN/outputs/tables/02527_mf20429m0s0_sources.ecsv
# %ECSV 1.0
# ---
# datatype:
# - {name: id, datatype: int64}
# - {name: x_centroid, datatype: float64}
# - {name: y_centroid, datatype: float64}
# - {name: sharpness, datatype: float64}
# - {name: roundness1, datatype: float64}
# - {name: roundness2, datatype: float64}
# - {name: n_pixels, datatype: int64}
# - {name: peak, datatype: float64}
# - {name: flux, datatype: float64}
# - {name: mag, datatype: float64}
# - {name: daofind_mag, datatype: float64}
# meta: !!omap
# - {date: '2026-06-03 17:10:03 Eastern Daylight Time'}
# - version: {Python: 3.11.15, astropy: 7.2.0, bottleneck: 1.6.0, gwcs: 1.0.3, matplotlib: 3.10.9, numpy: 2.4.6, photutils: 3.0.0, scipy: 1.17.1,
#     skimage: 0.26.0}
# schema: astropy-2.0
id x_centroid y_centroid sharpness roundness1 roundness2 n_pixels peak flux mag daofind_mag
1 787.1729764166967 1.392259455985224 0.35703506587307615 0.07391598248690197 -0.3952024447982634 25 1822.0 24163.0 -10.957877134740437 -0.06413237849209562
2 144.43842131142236 20.9614539589892 0.44192380578511514 0.04339687803896198 -0.08782767098444255 25 2369.0 26886.0 -11.073815485741719 -0.3690392857643585
3 285.56428571242293 46.98424870383846 0.4529508050500183 -0.3176746526313078 -0.3039221201208836 25 1415.0 11687.0 -10.169257610100164 -0.09142588764899513
4 523.3260710142296 78.7870295559019 0.4504424555459331 0.3804345169676626 0.23758059948131302 25 1483.0 14255.0 -10.384918054113697 -0.04388669802754618
5 542.1951395059382 87.17907601220455 0.3767063109915285 0.5061846964510219 0.9577242356329146 25 2586.0 41326.0 -11.540558428399237 -0.05138564914158066
6 294.57487600916267 159.29764562637854 0.3418406702052289 -0.17242825286048388 -0.005384841109997885 25 2955.0 51268.0 -11.77461593910979 -0.013186783710064938
7 214.92317145488963 169.75503233867488 0.45746968913827174 -0.6294564455626176 0.014647063093353048 25 1651.0 17120.0 -10.583759400852838 -0.02643448306663332
8 49.938003072025545 248.1257677342441 0.40176085445587695 0.46078042241702516 -0.14580583510449974 25 1478.0 14966.0 -10.43776435221754 -0.06893237871541445
9 188.00430071799627 341.9835640302893 0.42556611661616495 0.06674517303966675 0.3530318251222202 25 1378.0 12894.0 -10.275969164687718 -0.0038887936526145195
10 372.80785095004353 370.3967309500218 0.4217302164270552 -0.9518810847779258 -0.11851396890386537 25 2392.0 32112.0 -11.266668387858525 -0.21954764537356522
11 506.2147685519178 385.3933104472423 0.4148710977866452 0.13117836734213917 0.7276138512156616 25 1744.0 18754.0 -10.682734779180008 -0.12388124749648136
12 486.0947498552813 420.371571559127 0.4689910585655089 -0.7142178569297719 -0.5756088765319398 25 1840.0 17504.0 -10.607843261633343 -0.2304505158105215
13 648.1767281540151 440.8447878830596 0.4410360811671473 -0.26137150564109596 0.1818623330701394 25 1529.0 10651.0 -10.068475961712425 -0.2518290224109677
14 330.04115581058306 452.83420965171024 0.41608201114743487 0.013262206657855772 -0.5911526507336373 25 2219.0 28831.0 -11.149649265262063 -0.10868930501559487
15 14.477827039020665 471.1972056594583 0.4839572967147277 -0.769424743468568 -0.5236487513326668 25 1966.0 24191.0 -10.959134553656396 -0.09535150073900246
16 606.8202801730936 474.94880221339884 0.5213095514636328 0.42563991042228433 0.12049140502461965 25 1265.0 6267.0 -9.492649236749926 -0.10882475155234697
17 394.0358699741632 488.113182030639 0.4222212211513587 0.3608296297679372 0.48056237319611994 25 1809.0 18966.0 -10.694939365558058 -0.18014673872235065
18 57.89460408405932 536.5620828918318 0.4716664588773889 0.4028313104135241 -0.03660400201334444 25 1935.0 21574.0 -10.834826685991644 -0.1699763141855856
19 474.66402601072684 553.213476640254 0.40563791886213013 -0.7740695361927414 -0.44221978585028954 25 1182.0 6362.0 -9.50898416192836 -0.10237496552490648
20 250.9517021006664 555.3667839022739 0.36861395849511086 -0.041063275127417864 0.08709757397074301 25 1994.0 22576.0 -10.884117491025682 -0.27079700550095326
21 18.103668515464463 626.9930894654655 0.4100305252743701 -0.15254955629189595 -0.17126007746094854 25 1514.0 16318.0 -10.531667321983559 -0.03316801425459462
22 291.0981450681715 631.0152217387812 0.39377498707390524 -0.4343542632931653 -0.036828702268603374 25 1639.0 14884.0 -10.431799153373742 -0.31063315973699
23 60.52462412381323 638.1997162626803 0.3934788248472741 -0.25884908629985864 -0.309443693602725 25 2011.0 25277.0 -11.006813821102707 -0.18486546550262722
24 569.1119517211324 650.8573307030075 0.4153989703130857 0.2873165605418359 0.215510218011819 25 2370.0 29626.0 -11.179182546250228 -0.2279780054855815
25 512.5561981018261 685.2325576215278 0.5256310828681794 -0.18812860136589923 -0.2943843525845314 25 1448.0 9814.0 -9.979615134112242 -0.06489304732096063
26 396.63889326131 685.4231440494855 0.6127996598454322 0.9385947729002282 0.17574452932144202 25 1669.0 13706.0 -10.34227681870344 -0.030062136730873795
27 73.05469285619293 771.1447709754184 0.5275621171103103 -0.3705343952210884 0.06055463018912664 25 1897.0 15670.0 -10.487672491171477 -0.3085258191728719
