test_CNN/outputs/tables/02533_b59749m0s0_sources.ecsv
# %ECSV 1.0
# ---
# datatype:
# - {name: id, datatype: int64}
# - {name: x_centroid, datatype: float64}
# - {name: y_centroid, datatype: float64}
# - {name: sharpness, datatype: float64}
# - {name: roundness1, datatype: float64}
# - {name: roundness2, datatype: float64}
# - {name: n_pixels, datatype: int64}
# - {name: peak, datatype: float64}
# - {name: flux, datatype: float64}
# - {name: mag, datatype: float64}
# - {name: daofind_mag, datatype: float64}
# meta: !!omap
# - {date: '2026-06-03 17:10:04 Eastern Daylight Time'}
# - version: {Python: 3.11.15, astropy: 7.2.0, bottleneck: 1.6.0, gwcs: 1.0.3, matplotlib: 3.10.9, numpy: 2.4.6, photutils: 3.0.0, scipy: 1.17.1,
#     skimage: 0.26.0}
# schema: astropy-2.0
id x_centroid y_centroid sharpness roundness1 roundness2 n_pixels peak flux mag daofind_mag
[from data line 204]
205 756.3041480061473 728.4745328661576 0.38661048133083453 0.7330391402925549 -0.03898982931528132 25 4162.0 62768.0 -11.994345726963651 -1.105036438012272
206 618.8729419915662 729.4720794236927 0.49724767468364106 -0.03874661347529087 -0.07989939707663289 25 2000.0 18834.0 -10.687356415209216 -0.6913114422207602
207 309.95414742193253 739.5251293617418 0.48674541355886464 0.40002730576040585 0.33581377144894187 25 1464.0 19179.0 -10.707064897883818 -0.06135052191282107
208 562.5720940904721 739.7463340137738 0.5380409750889285 -0.10336504816756492 -0.40800123714567876 25 3365.0 62878.0 -11.996246798434871 -0.25466934594683943
209 681.8552109264081 739.0858128537782 0.4600443638728147 -0.5602654348042504 -0.5273419912912051 25 2661.0 27590.0 -11.101879251197964 -0.9837624829235252
210 485.56384480965295 746.7897344549577 0.6239990758679811 -0.9890268619093732 -0.4549109566069148 25 1043.0 6712.0 -9.567129869551609 -0.08066096563803894
211 831.7781955243968 746.6265779716724 0.4355419613573235 0.4995184982393152 -0.012847924543102502 25 1370.0 11400.0 -10.142262128341182 -0.4866264008668813
212 51.79984604958843 751.6656582957646 0.4207693083891191 -0.43534364034745104 0.17569352041726838 25 2305.0 41735.0 -11.551251044593155 -0.0978652547452315
213 685.1708380885729 757.6445021396748 0.45513616005353275 0.013453553383317702 0.08652528737261628 25 867.0 6505.0 -9.533118252244012 -0.01087351310890499
214 210.17973891803445 762.0953950484436 0.5373659552530613 0.1770140577164656 0.2751156564019544 25 1067.0 10669.0 -10.070309287822102 -0.003459647875787534
215 729.6386643076557 767.4889965304634 0.6182090410008519 0.8953724543537888 0.36126937803361614 25 870.0 3828.0 -8.957429822762016 -0.020604244813737464
216 799.8689552991542 772.045103761661 0.48950250492976943 0.19947892806053058 -0.04174619639977848 25 1324.0 8954.0 -9.880042725118566 -0.48346297706119284
217 470.9130447214445 772.6142263354774 0.5398446187106403 0.05658344777212504 -0.31877487958443007 25 1267.0 11880.0 -10.187041101612937 -0.24179878745763356
218 602.2720790737937 789.9676876244536 0.48538864196470705 -0.18505185612653963 -0.13062074342952304 25 918.0 6549.0 -9.540437476072004 -0.09652814695464614
219 571.6779951494694 793.8803375146211 0.46912832214592 -0.2791280828308206 -0.10559163348894157 25 2302.0 23330.0 -10.91978684698438 -0.8430495535115378
220 507.9220547026681 797.8675101607434 0.44322363801756726 -0.9003539957870388 -0.5221690126755191 25 839.0 7534.0 -9.692564039668122 -0.054538943625964176
221 455.18409145957935 803.1441395179362 0.5006764095002504 0.6925571912202998 0.039785824932246396 25 928.0 7254.0 -9.651443878111039 -0.0682376191925609
222 40.75807356651586 810.0946737579792 0.5601633178407499 -0.04175240370183953 -0.1328129553662854 25 845.0 3599.0 -8.890454616632278 -0.07682992900775654
223 195.53990637880085 809.7608745683116 0.46824896083643985 0.052034582307303054 -0.18243279210508054 25 1607.0 12445.0 -10.23748725236153 -0.6251933378632448
224 829.6788528761243 822.6925450585105 0.6270720163634792 -0.284841325719219 0.5227854611578546 25 992.0 5637.0 -9.37762008705047 -0.004723378569553116
225 664.0217670828791 829.6941675112004 0.5512320190496256 -0.3221251714816075 0.1520329255464643 25 1715.0 19592.0 -10.730196930291644 -0.3642967055351881
226 831.0877559912576 830.1105780995825 0.4610951030921294 0.8490539280495942 0.3398618248325801 25 1287.0 13405.0 -10.318167045797246 -0.30568944190238445
