test_CNN/outputs/tables/02533_b59749m0s0_sources.ecsv
# %ECSV 1.0
# ---
# datatype:
# - {name: id, datatype: int64}
# - {name: x_centroid, datatype: float64}
# - {name: y_centroid, datatype: float64}
# - {name: sharpness, datatype: float64}
# - {name: roundness1, datatype: float64}
# - {name: roundness2, datatype: float64}
# - {name: n_pixels, datatype: int64}
# - {name: peak, datatype: float64}
# - {name: flux, datatype: float64}
# - {name: mag, datatype: float64}
# - {name: daofind_mag, datatype: float64}
# meta: !!omap
# - {date: '2026-06-03 17:10:04 Eastern Daylight Time'}
# - version: {Python: 3.11.15, astropy: 7.2.0, bottleneck: 1.6.0, gwcs: 1.0.3, matplotlib: 3.10.9, numpy: 2.4.6, photutils: 3.0.0, scipy: 1.17.1,
#     skimage: 0.26.0}
# schema: astropy-2.0
id x_centroid y_centroid sharpness roundness1 roundness2 n_pixels peak flux mag daofind_mag
[from data line 103]
104 806.6708435850693 359.4340563649243 0.39558622049413333 -0.9592268678984248 -0.25784425327062394 25 1293.0 17859.0 -10.629642843178539 -0.10028699142752207
105 833.5447911988944 358.6953491788577 0.6753720802535098 0.6958317838139817 0.4882320588208145 25 1042.0 5117.0 -9.272538542430294 -0.11117638013668885
106 264.28824120709606 372.8457846298679 0.40994390228279454 -0.5855464873128619 -0.2854356883966614 25 1090.0 13195.0 -10.301023486390172 -0.04706062367512746
107 422.1286997126474 374.71479342956223 0.6167447135973799 0.2204689162728468 -0.47486218688430804 25 1672.0 23087.0 -10.908418757358715 -0.016633293315993072
108 213.02920551533538 376.7388199465449 0.6343701813996213 0.11829605384705956 -0.1563958365230816 25 906.0 3149.0 -8.74543165159136 -0.034879835039422116
109 515.5112151448219 384.4794828199664 0.4428803855955862 -0.37499956696534875 -0.5367383995479548 25 951.0 7050.0 -9.620472792478497 -0.13254896473555314
110 332.83202251552655 385.9862140934567 0.4588335028322386 0.5679324158602326 0.13119711681183957 25 1061.0 10769.0 -10.080438442403407 -0.03954513422068485
111 124.50306388565738 390.88606562385263 0.6060609755134371 -0.394086331737797 -0.26447675494630174 25 1585.0 13899.0 -10.357458887307045 -0.4071475887282484
112 762.760572057571 393.53970355402475 0.6992223556151116 0.7501089586613814 0.5122832518389424 25 1237.0 8302.0 -9.797956822606253 -0.18823600664793463
113 800.9290909021679 394.04406421606626 0.6879394129540957 0.07317062674537952 0.09859314655173544 25 1232.0 5280.0 -9.30658480633453 -0.29233266071329633
114 554.9004684862897 403.34949602138187 0.5479825911416933 -0.985175799326995 -0.3885117342747351 25 2794.0 22982.0 -10.903469550781493 -1.0883002055679327
115 771.57755826278 407.5520787694491 0.5591682233292492 0.2098761330681417 0.269440729473032 25 2876.0 55693.0 -11.864501531362666 -0.005740915007776365
116 67.81031336856451 408.0765426766358 0.4077107343608274 -0.5079516193363054 -0.05851013744122889 25 1433.0 19603.0 -10.73080634978729 -0.16817819543903714
117 759.7033911442863 410.7388565935563 0.4801709653865909 -0.062474502483269925 -0.15183328525820847 25 1262.0 12216.0 -10.217322560120913 -0.2372664096674694
118 715.6247145261108 414.1151936108097 0.44300219433156207 0.780372297283155 -0.18210715231099323 25 3040.0 59813.0 -11.941988963929083 -0.035340333305066966
119 755.682645866798 422.00880877211506 0.4439427971672524 -0.7095745162052959 -0.24835353439118343 25 841.0 6545.0 -9.539774127216937 -0.0984116785915836
120 719.6928226526911 424.5910961612798 0.5984902805404844 0.4442448381479052 0.32563178100265 25 3001.0 55839.0 -11.867344080163715 -0.12690861334103068
121 787.6856882601537 429.48900990070354 0.6026513942209377 -0.24534244346702744 -0.252121535698371 25 2446.0 39069.0 -11.479580738195061 -0.35207826892041577
122 481.6387460402156 434.6311116434522 0.6361894388389532 -0.9795851460014556 -0.4637369689519137 25 986.0 5787.0 -9.406133705908868 -0.052850893576593595
123 62.485205047398644 437.8582724078877 0.5890294920016321 -0.009664046861648313 -0.7745049667630258 25 973.0 6638.0 -9.555093120181462 -0.11060783710811925
124 823.1606183561044 441.4707960113893 0.606598222310513 -0.13340834042367863 0.677198318364799 25 1732.0 24312.0 -10.964551717679715 -0.06323809337585157
125 37.93523918987451 443.5113973295759 0.5129104032566397 -0.06643768457733873 0.2220347603852541 25 937.0 6662.0 -9.559011570887895 -0.008485779771478906
126 672.5873632491864 444.20393296510116 0.44117850272471304 0.5973625385566036 0.37829206093026624 25 929.0 7280.0 -9.655328448282592 -0.12016926692467117
127 795.812963742335 446.8911748512193 0.48424928336530854 0.28331650770425787 0.12256362157900991 25 949.0 6369.0 -9.510178122214153 -0.17818062218498149
128 570.634456212821 450.1429844266183 0.5792167536531989 -0.22711439121479576 -0.38861087771990427 25 1271.0 7548.0 -9.694579728732235 -0.3853375844064868
129 403.76386265938544 449.9118340689244 0.42313122575514645 0.1714740946517604 0.33648978825616765 25 1873.0 31145.0 -11.233470838025399 -0.020589386795609184
130 820.2155559634148 450.89991727438877 0.5734988814505008 0.2215869182135021 0.26304693463797524 25 1023.0 5413.0 -9.333595067727654 -0.19726808112057415
131 462.73282970491294 460.22515024573715 0.3933879024611661 0.023012089353667827 -0.04212785641506332 25 5696.0 126658.0 -12.75658156498734 -0.03941998812408111
132 330.25896154703474 463.032601126881 0.567336786518481 -0.5915784160525898 -0.8841167706375759 25 4921.0 50109.0 -11.749789339583423 -1.4743548632689873
133 780.0912532903568 464.66536415530214 0.4878399965272385 -0.8018728839984695 0.41098459730337045 25 1511.0 12659.0 -10.255998499662457 -0.5015668316700586
134 361.1495824028222 468.0822864607605 0.37260149881193466 -0.7749028660827477 -0.10414482775304677 25 2087.0 37022.0 -11.421149691194966 -0.14699536955435222
135 115.6389394031272 470.31848770495174 0.5596573617197522 -0.3347621036968909 -0.2172200404026627 25 1761.0 25108.0 -10.999530299946683 -0.15692326313466548
136 478.20955106851227 468.56752743431105 0.41259829232287176 -0.2590905926043312 -0.1606523364074844 25 5599.0 123895.0 -12.732634450035684 -0.09402019207583463
137 332.64439732666034 478.53812850709824 0.6097565678878039 0.20478194211257464 0.35759704217987315 25 1410.0 16470.0 -10.541733997924386 -0.06051518434915935
138 345.76216907292707 492.6773577904073 0.36244150087625876 -0.40072841207742027 -0.4913313916599592 25 1819.0 31840.0 -11.257432647664078 -0.023075760305269262
139 467.4732791529668 494.50492757841823 0.5839639770839002 -0.652101501121436 -0.27883391245947375 25 3852.0 39435.0 -11.48970461290511 -1.2351554677497656
140 750.8074748210346 494.03854335104984 0.49491815181906296 -0.23719809259301658 -0.004946419750247784 25 1656.0 22067.0 -10.859358237525235 -0.26253469754033637
141 660.8708903886902 493.547262759235 0.4730833410058008 0.05448519228322016 0.08997728736195966 25 4598.0 97995.0 -12.478009793113733 -0.10073193099816008
142 737.2310633680268 494.90255124541426 0.537084833541375 -0.13913755977307507 -0.47161318551371906 25 1378.0 17401.0 -10.60143551754596 -0.052189751120422456
143 796.8231495560489 495.14174528228796 0.5512039547071491 0.11470872967041836 0.05536403258150361 25 749.0 1848.0 -8.16675491721022 -0.03081537581518238
144 241.0312659741257 498.62616741162725 0.500817826083767 0.21044462283530554 -0.22654841214365518 25 2111.0 32676.0 -11.285572218468973 -0.26193704310520916
145 24.721847653328 498.5632653293695 0.6043388253601261 0.48802057343963995 0.35569112976546113 25 1873.0 29219.0 -11.164163371063324 -0.033688614719986104
146 341.8541138344308 508.12927717499 0.34412462869110094 -0.061592697741942 0.13160487876986465 25 3697.0 80393.0 -12.263045588484252 -0.00416265108244964
147 91.17976300850722 510.166411566958 0.4671518872795859 -0.9816463007497733 -0.24622592578751226 25 759.0 4302.0 -9.084176015128609 -0.03125019024968035
148 285.43355082700987 511.8317259912509 0.485655518905567 -0.11162899971082338 0.27627085219903447 25 1752.0 26700.0 -11.066278153411437 -0.10616077315373147
149 108.75459720059635 519.4129883287524 0.4135641802483602 -0.7576845331244928 -0.3448013440691236 25 1016.0 10482.0 -10.051110388416436 -0.04043361769993421
150 765.0787114176347 521.2158114452301 0.5456528934898639 0.2556591564151035 -0.012275090364276809 25 920.0 5989.0 -9.443385782710521 -0.01370205502157454
151 75.27048031195763 527.1405921589726 0.5790265900307555 -0.7026088573470841 -0.6990664507850203 25 1435.0 16815.0 -10.564242179126635 -0.005665606682255032
152 196.1295122978096 527.0880727465835 0.5304005513452994 -0.9204320501302512 -0.10392930932625011 25 1451.0 15120.0 -10.44887947791297 -0.2747870009080088
153 698.9615369749457 528.1145330711144 0.5562507565641545 -0.5838378085501811 -0.3725460343634835 25 1447.0 17204.0 -10.589073584705135 -0.16036850206813055
154 64.88756835905099 529.688001294621 0.4571481858669984 -0.007194304867601102 -0.5417347034832358 25 1570.0 23760.0 -10.93961609077289 -0.13569262499077914
155 771.9107936445638 528.8186080948282 0.4278319038602023 -0.8489579538085801 0.065219886867884 25 832.0 5918.0 -9.430437402061536 -0.11831402446661705
156 439.5271768891395 533.6846388623193 0.5454821178967593 0.22827308890124082 -0.09140691614411982 25 1515.0 11795.0 -10.179244863054036 -0.4827932983317099
157 95.64687737383423 535.0772646477697 0.5675583045548034 -0.11724532484320438 -0.4259525603405761 25 1201.0 9622.0 -9.958163381416364 -0.1608833052692747
158 566.2916097574458 537.1245717073436 0.7176631621799541 -0.03931846420046611 0.2354026373594777 25 1322.0 10758.0 -10.079328849864567 -0.07794708947889531
159 128.09053351070224 540.6788489054194 0.46506766975840236 -0.9237162198065574 -0.47037183176054004 25 908.0 6977.0 -9.60917180744786 -0.07750795516915332
160 777.8436969816782 555.7105510404856 0.6692009295051478 0.1054906064231442 0.988921386040764 25 994.0 5376.0 -9.326148150114422 -0.003531916428806548
161 755.5910376613272 559.0032777358041 0.47593700575805614 -0.6670588819347761 0.13275539698274655 25 1143.0 10121.0 -10.013058562145341 -0.2620366640470807
162 616.9906561567402 561.257493792215 0.5239028551805349 0.14707786010208204 -0.02061538293454235 25 1149.0 9497.0 -9.943966095009628 -0.15556809904958296
163 820.9037197132807 562.5423206229601 0.4689487183823927 0.9072804818166909 0.24201282911396163 25 902.0 7192.0 -9.642124196812931 -0.0071941800841837916
164 143.75523188733268 573.8895245545812 0.48936840182347263 0.8780159209774148 0.17887350830051132 25 899.0 7307.0 -9.659347768363043 -0.007978011383025509
165 730.9593915788073 582.9469103048261 0.5445416522175796 -0.08302258120466134 0.08614461817856978 25 1384.0 11224.0 -10.125369145050758 -0.4343584320026373
166 822.0747028037316 591.0393845122952 0.5164720483833779 -0.06603257540881677 0.17390877905766805 25 906.0 5984.0 -9.442478962141012 -0.02997722824999938
167 750.2424146989882 591.9727958554694 0.5193832237923719 0.4834028281762539 -0.4898580609900528 25 1248.0 12555.0 -10.247041792622353 -0.179951127234836
168 546.7914920654495 599.1581406968061 0.5041015969263711 -0.4527887748112116 0.3721106659224869 25 1586.0 23519.0 -10.92854713027528 -0.017044120437635032
169 76.93060009419648 602.0643686962975 0.5944823088346597 -0.7401739424844346 -0.5105239008837386 25 976.0 6761.0 -9.575027339840295 -0.028061524221336884
170 819.989281666569 612.1224750143606 0.4689765324096576 -0.0826808466383253 -0.044619422857979846 25 938.0 6972.0 -9.60839344609489 -0.10933693751577786
171 174.91278563135447 612.7128029974945 0.5349903481307308 -0.5046611671221387 -0.32631111203094787 25 938.0 5167.0 -9.283096153864154 -0.08445973178056392
172 642.7150834681954 613.7222832018601 0.5804694356573125 -0.2544955819943488 0.28767312064571093 25 3937.0 37120.0 -11.42401991886706 -1.321495822238494
173 754.0489678541519 613.4391580006728 0.5295556145999921 -0.431286818291712 -0.33762321425802433 25 1355.0 16740.0 -10.559388634143103 -0.15976651485357127
174 18.992826681608662 614.5511118506087 0.5086568850828389 -0.5232563747712736 -0.1529849548183581 25 1153.0 9859.0 -9.984582166534965 -0.19749305644264997
175 108.15604798011307 615.6171422289386 0.42065464113087375 0.0804474073814104 -0.27128130912039716 25 1765.0 16672.0 -10.554969254048576 -0.7246974755904421
176 764.124358821571 617.9671543766322 0.3741961192381028 0.9452467543535125 -0.43916958829594904 25 1482.0 23038.0 -10.906111934852635 -0.12376249547355742
177 740.1244449139012 624.2280088386709 0.5123467030555989 -0.5410014846526837 0.41771817238486325 25 914.0 7461.0 -9.681992599973997 -0.015198927534874515
178 165.56481858606065 627.6617402828082 0.43729126289949133 0.8328111534575866 0.7235677480678261 25 2496.0 46543.0 -11.66963593241412 -0.08667227632494795
179 539.3170000804429 634.2328077438608 0.6204551583699909 -0.8255887507050023 -0.08934322007057924 25 1189.0 7075.0 -9.624316110490819 -0.25698207620062596
180 154.15393921160518 639.8574365460133 0.431892718879536 0.04919911493365321 -0.36419078101913055 25 4414.0 60463.0 -11.953724229545884 -1.325924534730054
181 419.27139210891806 638.4600030188569 0.3782733146726677 -0.9581698719329126 -0.5320478524317109 25 2912.0 58387.0 -11.915790403023019 -0.09112245281633831
182 481.59329594220833 639.9334016612922 0.4644768411941555 -0.373930095319846 -0.06887820100181093 25 1008.0 9138.0 -9.902127884299215 -0.10330764397660085
183 732.4967836794598 642.5912163919926 0.4580837661995063 -0.13468893793691747 0.09221273167400826 25 851.0 5240.0 -9.298328217459316 -0.11870545197986442
184 826.3473995679417 646.2112414193307 0.32908753358976456 -0.1481846524688045 -0.020578789201922302 25 996.0 11429.0 -10.145020581788506 -0.11843492520667978
185 606.5992137718165 653.2087685078266 0.42929155501446475 0.12082771609328403 0.43668737175484085 25 1834.0 18800.0 -10.6853946231592 -0.6969474736608536
186 778.0972004272271 658.3489374171045 0.6440001064911015 -0.11826915458569132 0.018732294065532985 25 1150.0 8697.0 -9.84842367518665 -0.05936147044416266
187 291.4864815170598 660.8558416058344 0.42487173291722363 -0.11777295607484359 0.17058049411120085 25 1280.0 17104.0 -10.582744219661757 -0.0890765078366006
188 829.2543987847549 662.0194786731184 0.43720302600051053 -0.5269685473236448 0.09499006143888415 25 1609.0 27009.0 -11.078771262160442 -0.12271770605625877
189 810.489379836807 667.0914458664469 0.4047001032621437 -0.38783878751491174 -0.37655929964672796 25 871.0 6342.0 -9.505565594227676 -0.08988319633738662
190 535.457642216597 669.5498385876643 0.3896980892124074 -0.05437401472058814 -0.10261345662183992 25 3119.0 63297.0 -12.003457817131828 -0.030419074815906822
191 269.8009346597397 672.3822207107619 0.39893921936033677 0.020020422457269278 -0.13502971762935673 25 2132.0 17554.0 -10.61094023505143 -1.0548758717214564
192 213.96749400580276 684.1307734283882 0.673737286920306 -0.453917203380868 0.22550542911337745 25 1084.0 6446.0 -9.523225752940789 -0.12722446014302527
193 833.1521573290389 685.4884869206484 0.5187093596545687 0.24736672931936485 0.7539021292591764 25 980.0 8685.0 -9.846924556957793 -0.05222102336434557
194 759.8935621063606 688.2416395222673 0.38201754255181336 0.6545379881669795 0.37132558172847374 25 696.0 4071.0 -9.024252755948499 -0.03313300292823046
195 18.470798256078194 694.0081611574512 0.40812312056099903 -0.46656030231169054 -0.6705782145588459 25 900.0 7545.0 -9.694148110279022 -0.13796346676990873
196 83.89627561380786 709.2490589317156 0.38553224189050406 0.5790381883317074 0.40125817919700263 25 4157.0 90436.0 -12.390853362944227 -0.028170998546082196
197 35.119079262128835 710.7747317178273 0.4195017375193016 0.5868267263167493 0.48188304659783165 25 1051.0 11940.0 -10.192510816983376 -0.05331919378455323
198 619.8795825586895 710.5660041150011 0.6415239741381896 0.4821758687236915 -0.33748889083516714 25 1252.0 9164.0 -9.9052127012934 -0.16831527720122183
199 147.28983634833244 713.7725505056486 0.42404136578787277 -0.5669197591200669 0.7722051472522936 25 3029.0 61770.0 -11.976944003344235 -0.02795525925694494
200 759.1722479184006 716.2320065916219 0.46148651936297697 0.32657099029307246 0.034199844010510745 25 754.0 3850.0 -8.96365182377125 -0.030087342667006918
201 635.1877712894167 716.737701557527 0.44508344988497855 -0.10549438783045662 0.1646302594713417 25 1469.0 11247.0 -10.127591737853033 -0.6501371290846627
202 410.2294628621807 722.4460220888019 0.3991705887039346 -0.5376695494852048 -0.21527252471608946 25 1450.0 13455.0 -10.322209255249433 -0.5724859248715357
203 244.54144404246915 723.9684094957219 0.6023765366694415 0.2768215566763594 0.020823644233424927 25 921.0 5035.0 -9.254998687224091 -0.004468323387111154
