test_CNN/outputs/tables/02533_b59749m0s0_sources.ecsv
# %ECSV 1.0
# ---
# datatype:
# - {name: id, datatype: int64}
# - {name: x_centroid, datatype: float64}
# - {name: y_centroid, datatype: float64}
# - {name: sharpness, datatype: float64}
# - {name: roundness1, datatype: float64}
# - {name: roundness2, datatype: float64}
# - {name: n_pixels, datatype: int64}
# - {name: peak, datatype: float64}
# - {name: flux, datatype: float64}
# - {name: mag, datatype: float64}
# - {name: daofind_mag, datatype: float64}
# meta: !!omap
# - {date: '2026-06-03 17:10:04 Eastern Daylight Time'}
# - version: {Python: 3.11.15, astropy: 7.2.0, bottleneck: 1.6.0, gwcs: 1.0.3, matplotlib: 3.10.9, numpy: 2.4.6, photutils: 3.0.0, scipy: 1.17.1,
#     skimage: 0.26.0}
# schema: astropy-2.0
id x_centroid y_centroid sharpness roundness1 roundness2 n_pixels peak flux mag daofind_mag
1 49.09421168657076 1.1275987551652271 0.3504838229480985 -0.04809185928484713 -0.1770108079492199 25 1439.0 16662.0 -10.554317825334753 -0.3914075691811877
2 690.4547011733071 1.4393024045188407 0.3366175109438763 -0.24803178978727106 -0.6751709404988594 25 1606.0 22464.0 -10.878717726124279 -0.37075751595047546
3 485.1480499935675 4.1102833494930735 0.4277631751859987 -0.7594285334963484 -0.2164018591525155 25 942.0 8456.0 -9.817912435748426 -0.09155231850212678
4 312.28997157888875 6.6255290680023045 0.43751401372508925 -0.6326359639680376 0.0392095642262545 25 4863.0 104823.0 -12.551141462276423 -0.20132429811353542
5 791.8594909302822 7.642821943288645 0.4133779100958464 -0.3440059754659742 0.09664369327529494 25 933.0 8318.0 -9.800047290072287 -0.14224424130582528
6 45.94333152654255 12.229978776804298 0.5956495579600963 0.9220169188026277 -0.41940821151795044 25 1209.0 8971.0 -9.882102141689254 -0.18485138697686812
7 286.2698955073546 11.902691536931851 0.7825562136765121 -0.779244839943589 -0.6634211908450385 25 1893.0 11579.0 -10.159177634826795 -0.494288801958747
8 209.93753731784997 13.41241961700243 0.46873026121980366 -0.5983538565187757 -0.5742323659711549 25 1225.0 15901.0 -10.503561093949777 -0.01937680259709941
9 788.176208610764 14.820094867890798 0.5733096796747468 -0.571611889963166 0.18816560101416113 25 1282.0 10503.0 -10.053283413711737 -0.3074225383709869
10 814.3547057142125 23.14620647264717 0.6507217934173462 0.41731531756621687 -0.24240370192814756 25 1677.0 23717.0 -10.937649383964532 -0.0001296474576809193
11 831.5585191671091 23.312832622892564 0.33072024173321796 0.4239068936275624 0.42622940197431447 25 3587.0 65300.0 -12.037282953187685 -0.6906727820393714
12 96.39003649777702 34.65163258184552 0.6209479277327716 0.056486702369825566 -0.3886223585702783 25 1672.0 21039.0 -10.807562734046112 -0.22451018233044706
13 786.8270343075882 40.09589386795588 0.7040631022723516 0.2562777723492829 -0.17372782409403897 25 1248.0 8981.0 -9.883311740972964 -0.12777205959806004
14 213.71814274363035 44.864736062118226 0.6261402473376618 -0.36473277029041695 -0.6484145829785313 25 1327.0 13721.0 -10.343464410834926 -0.0012164718053251028
15 118.27788574791352 46.539598470335726 0.6542013663100137 0.13265388030133568 -0.41613367907289384 25 1018.0 6246.0 -9.489004949735449 -0.035045808284270764
16 372.58493287310785 45.615679120702715 0.5042063122055942 -0.6641863132711748 -0.247069948551234 25 896.0 4817.0 -9.206941615786086 -0.183636839564305
17 741.4206543041952 46.04580386197975 0.5121841750539002 0.26200617105945984 -0.32532161826206374 25 1305.0 15701.0 -10.489818283993062 -0.15485271541798026
18 84.59796760536443 49.122635839686424 0.42806772144246097 -0.7879889543588994 0.5007211955655295 25 3442.0 48102.0 -11.70540783495258 -1.0240292618315407
19 714.0727522044349 50.34998562657644 0.8204492171433986 -0.8489771143418013 -0.4909843017267856 25 1143.0 6927.0 -9.601362969092097 -0.059392493596279614
20 788.2299870131872 51.42137550406124 0.547839860006922 -0.30140911654213903 -0.3011407787169407 25 1108.0 9507.0 -9.945108734774909 -0.07220864247633522
21 145.4142803679334 54.36657954058594 0.4990428021324613 -0.037539567989324875 -0.2449483036485367 25 2318.0 39917.0 -11.502894735070136 -0.1317938539769266
22 814.1777349653241 55.11053358657343 0.5877958958260434 -0.534202073251462 0.29760812651646845 25 974.0 4782.0 -9.19902392944939 -0.16493017413454208
23 117.20942483965676 60.22263726980295 0.3590125896643206 0.042866412283124614 -0.5756846281764181 25 1156.0 16988.0 -10.575355630796606 -0.00873335501846888
24 827.8440031352025 59.73410635621686 0.5685011444338303 0.19165718204099405 0.4671955169030915 25 1415.0 11676.0 -10.168235215789942 -0.30949644434392876
25 340.0827483230961 61.661022047258065 0.45675495398069005 -0.49183642018625884 -0.6469153686999349 25 1205.0 14838.0 -10.428438416862353 -0.008378906365734132
26 294.6882381275069 76.77023090531083 0.4597401072621469 0.47161145109245567 0.7783707306906315 25 2152.0 36641.0 -11.409918294623505 -0.07142644669436506
27 493.1202495355734 79.43081558627605 0.5475804386649815 -0.7473043199261322 -0.07461674372838123 25 824.0 4991.0 -9.245468924665305 -0.03418671552274175
28 739.2975469095761 81.20080391663109 0.6751492475584696 -0.07555322000012493 -0.1970541958351366 25 1459.0 5534.0 -9.357597887012334 -0.5143283092299489
29 391.3361229910365 83.76488804592552 0.5337605030853595 0.014243842221649353 0.3418776618692849 25 1085.0 9649.0 -9.961205766005657 -0.014080117163175084
30 415.44033077624334 84.56127187087179 0.47259622000301227 -0.854398814695122 -0.21774379442368108 25 911.0 6489.0 -9.530444435396884 -0.05289071128680923
31 828.1777727697944 84.37037692624034 0.5886476886321331 -0.5727006690994126 0.6544827951294152 25 1026.0 5221.0 -9.29438423302679 -0.1362412326197688
32 92.86323683601168 90.1245014455252 0.7034139481527717 -0.8398265891994757 -0.32349424503347457 25 1130.0 5810.0 -9.410440330975828 -0.1401132601318973
33 134.18059761629343 92.31487223785652 0.3748047060884194 -0.22050650415303386 0.25690430738651376 25 6122.0 138174.0 -12.851065825416901 -0.08690842334145611
34 284.28622426370384 95.96265376890575 0.46413533180287786 0.20729596248195895 -0.1798857545171267 25 1179.0 14574.0 -10.408946912971935 -0.00812260636163062
35 779.8744543593632 97.15125108175167 0.44893496616108186 0.17214137734766 -0.02451986549610769 25 1628.0 24999.0 -10.994806591363291 -0.20841552735440763
36 437.39053696409616 107.13526545632196 0.5794214437594654 -0.6108896687333824 -0.3831926615202323 25 868.0 4178.0 -9.052421089110725 -0.010134313871935662
37 725.3159285848151 108.83239195363817 0.5454233432145091 0.42562550297995455 -0.47500939985205193 25 1062.0 8475.0 -9.8203492671878 -0.023019480269721063
38 487.3185731984505 117.83296151674465 0.4601299931748358 -0.5827473674006424 -0.3673788676297819 25 1522.0 17920.0 -10.633345013315266 -0.27830569376309205
39 749.0390443889107 126.74113543806791 0.539526314034817 0.5165927450519987 0.19234576640059223 25 954.0 3421.0 -8.835382685462656 -0.2804613805296492
40 833.3379154818375 125.62546307605548 0.2266566300567171 0.7738587900048943 0.7889924213795928 25 1074.0 15674.0 -10.48794960607976 -0.1808186156702006
41 469.89706973746985 143.30805674617164 0.556796115638015 -0.39719954471589114 -0.0011127887347989682 25 1208.0 10691.0 -10.072545823866204 -0.13830860671127276
42 787.2091705391784 144.28004332081116 0.5437515440315168 -0.8940637425384224 -0.10226139006822477 25 1421.0 13309.0 -10.310363562654135 -0.2627393061104593
43 136.88664530158556 144.92604359587392 0.6641390441713565 0.024605966783174706 -0.11578627499003366 25 947.0 3600.0 -8.890756251918218 -0.07185801157295152
44 771.1500674745272 149.92538794963966 0.7258335971649389 -0.0026462023613075245 -0.08878843516883032 25 1006.0 4182.0 -9.053460071204132 -0.05528956622008119
45 728.963918747861 154.10628043145857 0.5537410082445275 -0.3320404427704637 0.16132100243177988 25 1004.0 5547.0 -9.360145414697088 -0.16319690384836638
46 576.3363528124539 158.51348947014193 0.632826136615647 0.05189490374891262 -0.6284717259897314 25 1583.0 19671.0 -10.734566095965445 -0.007224135648444794
47 794.2772823674879 162.9491415918988 0.3916346498483527 0.2021245848796212 -0.5114226771635207 25 3469.0 70879.0 -12.126293954140717 -0.10809237017648213
48 70.12397327676693 170.47904345991998 0.5497805267740643 0.2279229471279131 0.36802349012250235 25 1425.0 16162.0 -10.521237756074592 -0.18506581651823567
49 790.675520416297 178.95523783654633 0.4839628332043021 -0.7152481106200865 -0.5571342096217172 25 2353.0 41870.0 -11.554757402228075 -0.16843466946117405
50 39.29563231365532 186.31599838026187 0.6053730738345438 0.24334633248902535 0.14391254120075725 25 2235.0 18334.0 -10.658143067535166 -0.7693913535653858
51 300.1126521487406 196.68667423186037 0.5609696430735529 -0.33737567138487173 0.48206357421382645 25 1790.0 27001.0 -11.07844962210484 -0.04297738264797353
52 265.86385167833254 195.3574948861851 0.6051491812304836 -0.32127001918811754 -0.15458145983627652 25 2925.0 53051.0 -11.811733936681462 -0.17095822101130953
53 771.6024722028651 194.51174950410092 0.34443485016439807 0.7446727820638785 0.5211381469797729 25 4453.0 90893.0 -12.396326094786673 -0.5109584817104638
54 830.2789872143338 197.82981984451675 0.42845543178451334 0.16620415076138764 -0.561716380338225 25 2292.0 39692.0 -11.496757456708586 -0.19095367383688544
55 787.7446696143053 203.95597511931342 0.4844554854835592 -0.8350135306810655 -0.4866508903605708 25 2213.0 35374.0 -11.371710428707512 -0.2499810815106043
56 507.12803014238847 208.51580497775362 0.48721866770173194 -0.65361445224248 -0.018267753666546784 25 3250.0 33116.0 -11.300094684802177 -1.1948713440605627
57 174.21094097273573 215.33199770495673 0.49135047815061306 0.31603606246378313 0.4220674269090056 25 1738.0 19378.0 -10.718272378924931 -0.491701928903883
58 477.4666869803565 217.01843203873412 0.609541713747358 0.5342643028728875 -0.6792807748804909 25 971.0 6284.0 -9.49559044091984 -0.03138466648647738
59 165.1278090195496 220.2903821665 0.43644323892806414 -0.5652188502818338 -0.981335967897903 25 1293.0 16172.0 -10.521909331654092 -0.11764513313806678
60 148.79661625707766 222.29686076314462 0.4816827680438595 -0.3802880635454906 -0.282088880609647 25 4248.0 90623.0 -12.39309608760836 -0.023168706542458697
61 194.78835265498785 221.90193376204016 0.5494269659573172 0.04902783899570045 -0.33129640891436424 25 1436.0 11002.0 -10.103679101534368 -0.4315708693913914
62 58.60015324547692 223.18135204469442 0.5191509911830777 0.11684283819848389 -0.6562455836037386 25 1600.0 22383.0 -10.874795736773153 -0.11213267203831795
63 41.87791612594574 224.67811752652673 0.5328184663982978 0.2083282768588674 0.18559579916535757 25 969.0 6569.0 -9.543748154669396 -0.08624546505833318
64 345.1585320828599 225.52394945958596 0.676079443392968 0.4357710176145477 0.12512450761422775 25 1237.0 8553.0 -9.830296180072807 -0.15588985725158774
65 26.89817628224645 230.09969289669368 0.5376980965017334 -0.10818707935133257 -0.003507480102622762 25 1336.0 15009.0 -10.440879394007679 -0.15074915760735103
66 165.23078913179194 234.7138095608687 0.3188082592294051 -0.4815470505603184 -0.3611366716687179 25 4773.0 104976.0 -12.552725051033061 -0.08246052101041354
67 75.20859237210819 237.9875048019707 0.4992293886409918 0.1885379739266539 -0.09462744211601792 25 1072.0 10588.0 -10.062034831573277 -0.051755772201599215
68 36.44388093735726 238.71176481758684 0.38742330418389204 0.03840203085590312 -0.43862630231664296 25 2136.0 40943.0 -11.530449153443946 -0.018784344275882017
69 302.6436602744981 244.27967972376024 0.438885490974545 -0.6159250619049448 -0.24074854556682512 25 1690.0 27409.0 -11.094732977173784 -0.028747264888472606
70 145.84855749092154 247.46891810589563 0.39664711910069195 -0.8552341602465255 -0.38515780085182516 25 2458.0 44820.0 -11.628679630497608 -0.16931639938917523
71 724.3738805326577 251.98243826277957 0.6563788196896605 0.08314377859419797 -0.20136512329456424 25 895.0 4161.0 -9.047994289482368 -0.02160387600750681
72 2.6698952985723516 252.8537767498756 0.5678478256954652 -0.5316089966639244 -0.2209319774511971 25 843.0 3929.0 -8.985705072029514 -0.015563108563248792
73 829.114774936261 254.73482321658847 0.4665935543479984 0.8792524970697203 0.334395542506764 25 839.0 3607.0 -8.892865355795909 -0.17406031280482012
74 126.21910242932228 260.8319846396025 0.5318771495165577 0.03982528275326334 0.016557966665480556 25 903.0 6452.0 -9.52423589679231 -0.012116655802057348
75 376.8984806221478 261.99207542036976 0.40553211647402543 -0.36297288503366065 0.3318396930179688 25 1262.0 11505.0 -10.152216557511656 -0.34991280910327444
76 723.2428743713498 261.84171850882245 0.5144348693753263 0.4671113652361297 -0.019779888208105827 25 782.0 4572.0 -9.15026555430811 -0.022078388693782217
77 793.4335924120167 266.1275373228362 0.4646753050682041 -0.5009298286570584 0.08990865982976352 25 1969.0 31175.0 -11.23451615537645 -0.21432902998168926
78 488.3465522735094 267.2461167759939 0.6191524482655277 -0.4431042646754697 -0.6093386637183057 25 1213.0 6377.0 -9.511541042468139 -0.27416990568803545
79 801.8776264110143 266.9990119689946 0.4597789156576283 -0.11906977556005759 0.44944245009762956 25 1163.0 11377.0 -10.140069395215905 -0.20623258682470397
80 748.2695989289551 271.0651079304066 0.5089057722447881 0.6409820837798426 0.3684306347577174 25 3337.0 64710.0 -12.02742849955552 -0.10720832780253318
81 810.4858054014018 269.91523510246105 0.4683486060086106 0.2061106795029746 -0.03658524022967446 25 934.0 5994.0 -9.444291846524065 -0.2439451852859278
82 24.030210463818026 280.8768522880301 0.49747366810817245 0.06801324450062264 -0.2891864358842305 25 1372.0 11496.0 -10.151366887815422 -0.37583701462999486
83 296.3172081057775 280.31332431418963 0.4263791870084235 -0.10505236542082742 0.16870122272283436 25 4089.0 64595.0 -12.025497256425437 -1.0056436581908208
84 543.0355578764913 289.9511548095543 0.4364947946581129 -0.9034318141315971 0.025399121499465008 25 1480.0 22009.0 -10.85650077603943 -0.020101112556274253
85 782.9467419519328 290.094376191551 0.614630713022139 -0.7557447438543714 -0.04706575249887879 25 840.0 4418.0 -9.113064278838541 -0.0064275390259068595
86 184.2027839717799 294.1817883402317 0.5719303611412798 0.19265563514661616 -0.12713332652450077 25 1266.0 11905.0 -10.189323499352248 -0.106077386242909
87 281.7921665917692 296.4484994498464 0.5679735553992088 -0.8010997218818359 -0.13506720760233265 25 1501.0 13635.0 -10.336637855694121 -0.375554591974076
88 22.938620143938593 296.7863270452897 0.3705047991651815 -0.5215375840904171 -0.7678517053425851 25 1027.0 11174.0 -10.120521667560364 -0.202477758398075
89 667.7923498631055 301.4435595689024 0.4151021624167476 0.26242299184396767 0.11017202916400393 25 935.0 5887.0 -9.424735089530422 -0.28523881149247177
90 190.76972217695896 303.7084132443203 0.5403014092306884 0.2809772296845895 0.3031784424295832 25 1607.0 17725.0 -10.621465609637761 -0.29981335973827455
91 126.04858482590386 320.7221330962792 0.7522956652052806 -0.15633549969678726 -0.0026369212891018726 25 1019.0 3586.0 -8.88652571306541 -0.03876689082939136
92 34.27528527261631 329.34626658260123 0.48262624535135895 0.19261295483610252 0.26857195951062 25 859.0 6025.0 -9.449892628117265 -0.0003209076826051138
93 631.1431481036736 329.91557515858995 0.5079113659604312 -0.3481364798146924 -0.26182015791083413 25 2554.0 19356.0 -10.717039033591467 -1.0852081038001875
94 514.169466129907 330.47341400624174 0.5611840889293844 -0.5339018293132154 -0.04855559676749595 25 1862.0 17896.0 -10.631889927721435 -0.5233259433010391
95 2.619085494636048 341.00936125996157 0.5366717214293268 0.15265242188724415 -0.08711198831364128 25 1167.0 9632.0 -9.959291184784373 -0.19844117111205886
96 236.4425037078069 340.97197617637704 0.5937915374588641 -0.19092949579512764 -0.33324222752051175 25 1121.0 5478.0 -9.346555069794857 -0.27154027375355466
97 833.1433418311188 341.47306375698946 0.5795831210102615 -0.4564086086917631 0.16439153688061298 25 1410.0 7555.0 -9.69558617168761 -0.5519098016162779
98 622.9971067942768 341.6918545538203 0.47265276908324316 -0.9309445107677162 -0.2312340974917918 25 1522.0 11297.0 -10.132407821888759 -0.6340737026771343
99 808.1673013026059 341.5304390770914 0.6575216978697657 0.5158560951978267 0.37618462596352287 25 1174.0 5351.0 -9.321087377435637 -0.23831841441401727
100 763.424600751034 344.5189893222535 0.5828711042710446 0.6515014669820535 0.4314041784117478 25 1724.0 23969.0 -10.949124788511202 -0.06619828798512904
101 41.785811995669015 346.6696498108275 0.41794358522971764 0.4899076928972095 -0.13581809588207702 25 1140.0 12076.0 -10.20480776087765 -0.1892006676803636
102 730.3569501205071 349.8361269372059 0.4625069985544622 -0.49046759364668685 -0.8782664839065588 25 4304.0 90148.0 -12.387390240053183 -0.17935999632204624
