test_CNN/outputs/tables/02569_mf20633m0s0_sources.ecsv
# %ECSV 1.0
# ---
# datatype:
# - {name: id, datatype: int64}
# - {name: x_centroid, datatype: float64}
# - {name: y_centroid, datatype: float64}
# - {name: sharpness, datatype: float64}
# - {name: roundness1, datatype: float64}
# - {name: roundness2, datatype: float64}
# - {name: n_pixels, datatype: int64}
# - {name: peak, datatype: float64}
# - {name: flux, datatype: float64}
# - {name: mag, datatype: float64}
# - {name: daofind_mag, datatype: float64}
# meta: !!omap
# - {date: '2026-06-03 17:10:09 Eastern Daylight Time'}
# - version: {Python: 3.11.15, astropy: 7.2.0, bottleneck: 1.6.0, gwcs: 1.0.3, matplotlib: 3.10.9, numpy: 2.4.6, photutils: 3.0.0, scipy: 1.17.1,
#     skimage: 0.26.0}
# schema: astropy-2.0
id x_centroid y_centroid sharpness roundness1 roundness2 n_pixels peak flux mag daofind_mag
1 350.73667441497923 4.662164752260135 0.48042815964452046 0.3824063867421308 0.08364580963840777 25 130.0 857.0 -7.3324520548079954 -0.299220596659205
2 182.26956852766824 6.550803383258075 0.7136342994351936 0.1519879093406317 0.21310131395483842 25 562.0 3971.0 -8.997249717659708 -1.5204267417494122
3 291.2166784736786 10.699031572645962 0.43658856349847175 -0.7609480980424169 0.43810560981204416 25 396.0 5817.0 -9.41174765949592 -0.8687780668337143
4 110.00265497224352 11.835213358414942 0.7507958290863913 -0.5687890479498752 -0.09496310685084743 25 196.0 1186.0 -7.685211722570609 -0.41806345867469513
5 37.89158734953881 13.379698158140961 0.6538055110796782 0.9699680834304454 0.4214758699863464 25 173.0 1271.0 -7.7603638763850205 -0.3222746269324694
6 470.3015289086298 12.771533142337026 0.42519511229301826 0.6671364249260601 0.10859903496164248 25 466.0 5829.0 -9.413985138298614 -1.2535168529767629
7 681.2211489794349 13.49676109111332 0.7676917183266687 0.06343950425381424 -0.1012393849250214 25 172.0 1083.0 -7.586571141563301 -0.2187895054810362
8 741.4419543768134 14.034223586818763 0.4205540375039698 0.38263878130416995 -0.025372458795657776 25 142.0 1363.0 -7.836239639586684 -0.2396831263873184
9 709.769790144093 15.87294282959751 0.4751077186815228 -0.10274769774791766 0.5025028882085512 25 131.0 1167.0 -7.667677140113426 -0.11849412551268436
10 528.0241566237574 18.881139100287108 0.38950676340885626 -0.2585364487136923 0.0012873022608434887 25 137.0 1599.0 -8.009621159365587 -0.11848286665076324
11 154.36055746100757 19.429217022659664 0.4533792807751159 0.16415847853153814 -0.43579461239100864 25 114.0 914.0 -7.402365489334578 -0.11927738399184273
12 381.9452269723604 19.19216539575385 0.6457180367526596 -0.0650639125319342 -0.10084717947284304 25 225.0 1430.0 -7.888340093662655 -0.6730961691362622
13 74.78950817770865 19.590827466780414 0.4457823712308189 0.727301504858825 -0.012388579508106243 25 514.0 5718.0 -9.393110377554926 -1.4573328321242165
14 270.50742569291714 21.602846866509882 0.42902520622484563 -0.2555010688868344 0.07869818166797293 25 152.0 1511.0 -7.9481611608475635 -0.29434964327992275
15 786.2280275476953 20.849089676946424 0.37115251909728564 0.03151338558432239 0.11702464733024473 25 244.0 2635.0 -8.551951548871413 -0.8018500725686899
16 361.78536271796764 23.82529654178415 0.4945949303619286 -0.311826551401442 0.41248913490361366 25 210.0 2388.0 -8.445085806143329 -0.3850989894169463
17 96.2012075962273 26.261197784494342 0.36857939766242787 0.7899992590362567 -0.01619129178789985 25 384.0 5223.0 -9.294800064592485 -1.062491368941266
18 231.2240456449908 29.107495971762226 0.39915934915992585 -0.23063792931679297 0.3517653448923434 25 196.0 2317.0 -8.41231508447494 -0.4102007059169639
19 197.15070220608035 29.710619936622354 0.5531725765666667 -0.022426179862781483 0.3520392654028847 25 126.0 705.0 -7.120472792478497 -0.13909749164680277
20 152.97153990489576 31.001899337887853 0.7040978549406832 0.4068546178343185 -0.07906368499585978 25 208.0 1324.0 -7.8047199627592025 -0.4911355402574976
21 9.874832267115597 50.179924734893746 0.49017848498295347 -0.40666734327985005 -0.11454661309518964 25 150.0 1022.0 -7.523627239496735 -0.37363106827731685
22 555.5104301805651 61.08092829756046 0.42761186635170195 -0.29523090955514286 -0.008784416179678445 25 170.0 2000.0 -8.252574989159953 -0.2563486785757242
23 119.01322194552355 79.48382637429741 0.5711590516560201 -0.5576961516252908 0.3417778357890473 25 431.0 7134.0 -9.63333276250584 -0.6305836350438615
24 678.3327497831407 80.14040193006527 0.472439895219448 -0.26517460126614933 0.15658136907828069 25 370.0 4054.0 -9.019709360892476 -1.0954393848468782
25 807.3939295009113 83.48302994005323 0.43678499559534656 0.17015550082860303 0.0021884360203027315 25 227.0 3073.0 -8.718906400640945 -0.347423978832428
26 111.06362419811003 85.11788557835499 0.4261742544654193 -0.1361139490125591 -0.0604856939050934 25 712.0 14624.0 -10.41266544597439 -0.5551230659509632
27 466.3896469749697 88.75280574963436 0.520383953723663 0.003326399985863966 -0.07614525645463634 25 373.0 3919.0 -8.982938158695257 -1.0634213117186673
28 505.4100260585753 88.86882127745798 0.41752164313084744 0.3811490277750446 -0.1555309858037879 25 160.0 1414.0 -7.876123523652202 -0.42074065513800396
29 29.529808086673988 91.86775299540157 0.40030414184186924 -0.128624233215146 0.4659927368188875 25 128.0 1450.0 -7.903420005587437 -0.11239905603049735
30 129.85218671372192 91.59447998314411 0.38034135138976644 -0.3584546115025856 -0.3983325386503615 25 977.0 22300.0 -10.870762157620401 -0.1844915793503839
31 696.842478676844 94.01740813583751 0.5381388911255793 0.10716686306299636 -0.025041728548947314 25 156.0 1656.0 -8.047650831122153 -0.008103666639510627
32 305.65622875601883 104.84016986864678 0.5063280482792315 0.3721467841012832 0.06098117286434131 25 152.0 1166.0 -7.666746376057488 -0.32659416131112595
33 207.5793005556792 109.8597941108793 0.5933581216332526 0.14902583614499548 -0.2067044996165752 25 167.0 1413.0 -7.875355404621397 -0.3009842859640776
34 325.0074788287696 112.88265160274301 0.5279666117366527 -0.019903188161757665 0.03990549127722885 25 150.0 877.0 -7.357498983415102 -0.474047691633877
35 444.6647103482714 117.94011511790343 0.5488150986578463 0.11449524214608989 -0.06322825910849228 25 150.0 1022.0 -7.523627239496735 -0.2970708357530663
36 163.56382342942376 125.54972152845718 0.7187621365752834 0.5789955176611904 0.24656490538774334 25 282.0 2447.0 -8.471584923379472 -0.6398428186678068
37 191.31773223377982 124.05576930433939 0.7823119173008124 -0.015917408889405377 0.22319018900643692 25 149.0 988.0 -7.486892361469071 -0.07308333533869113
38 220.23012853980347 125.5530076096909 0.5334616447254873 0.4893088676648682 0.03340953230023803 25 134.0 1083.0 -7.586571141563301 -0.16068201237706023
39 62.952277065465076 129.74355304860768 0.5640827658117109 0.052544648867947734 0.22811865588302002 25 148.0 1500.0 -7.940228147639203 -0.12024464403927076
40 238.2060387289281 129.4050630567674 0.5046065882518285 0.6208440174337873 -0.31012174122586356 25 253.0 2796.0 -8.61634291768411 -0.6496521523271254
41 385.84151244442273 130.54436635725278 0.493371340251492 -0.39457906787840713 0.16332071111354143 25 166.0 1670.0 -8.05679117786896 -0.21145918671892247
42 171.27247126554727 132.1761129809805 0.584873434948714 0.3342303385024109 0.023340056793425035 25 333.0 2915.0 -8.661596397737583 -0.9872062071498025
43 511.8227646548459 132.19194782785155 0.3988586355487663 -0.2999344185566039 -0.1876512914926183 25 186.0 1652.0 -8.045025107460908 -0.6384452236048127
44 135.25109491314984 136.60488898220538 0.37849772275256727 -0.01673780245508648 0.3463554045578201 25 1026.0 14139.0 -10.376046736198246 -2.0444006906668903
45 417.90893091169806 137.02478499861456 0.46970678532740073 -0.730728567599803 -0.46416011599700396 25 222.0 2466.0 -8.479982680649282 -0.46606887802101765
46 471.1845795565391 137.56399536797684 0.45831139381291935 -0.35470831773866296 -0.24442274060464192 25 122.0 1217.0 -7.713226445575162 -0.009594393122443378
47 49.86094088947468 137.8061733097925 0.4381615078434162 -0.015769983430961556 -0.4470538401527221 25 516.0 10905.0 -10.094064174786798 -0.0008636699210996821
48 33.94088236752536 139.57697081339575 0.5290077386155776 -0.0600168930211528 -0.28324849795513435 25 485.0 9941.0 -9.993575184493679 -0.06426631883974883
49 229.58488843572613 141.80611829403927 0.45877406472696375 -0.31359095823529753 -0.17866281954086655 25 312.0 2960.0 -8.678229277647347 -1.0558645176624168
50 205.1819346248264 144.69648925951847 0.5766468361175339 0.22440844749067015 0.24068161773634872 25 366.0 3478.0 -8.853323944166734 -1.0192862339730542
51 411.1970402398093 151.3538030810903 0.4700468426680014 0.28406775296092446 -0.2606074878979923 25 205.0 1939.0 -8.218944522696765 -0.5837739624050035
52 435.9377053798597 151.12891192249816 0.4376960045290904 -0.7762632631036421 -0.24339258532700447 25 472.0 5944.0 -9.435197001881297 -1.2121305166225496
53 313.1093799610569 153.20536403371796 0.4274017699890076 -0.9067843207674888 -0.3745058679381036 25 216.0 2774.0 -8.607766141843165 -0.42620094339201525
54 291.9465429926106 158.790674797162 0.7184366597660038 -0.8123722107365197 -0.09883190987919391 25 203.0 1459.0 -7.9101382297336285 -0.42973643589260413
55 324.41133984208216 159.29820946341923 0.42687526174458 0.30598082271697763 -0.7435768413284859 25 245.0 3194.0 -8.76083727950616 -0.47223551066721686
56 362.9939051517433 160.68380777345965 0.42109491591694526 0.5612369243396417 0.2972867048722379 25 386.0 5461.0 -9.343180441338859 -0.8778798744375931
57 211.85092064466775 165.219689847041 0.44138723840816785 -0.11379448018490405 0.39563946671704786 25 442.0 5131.0 -9.275505036638462 -1.2512272585504354
58 405.8824005430478 167.9860196230604 0.40970011554059516 0.16732789449060584 0.15717675047795673 25 395.0 5922.0 -9.431171007633202 -0.8127658800740865
59 636.7384934205879 178.67200246503424 0.5646779065628458 -0.07599199786282827 -0.14328887932341539 25 173.0 2174.0 -8.34314884937569 -0.005228119537129383
60 281.14120045609405 179.66903953934158 0.46206516350239885 -0.09355487719070525 -0.3154165676505906 25 184.0 2293.0 -8.401010136824848 -0.20321886766078773
61 615.8517620725557 185.07361443891878 0.4280474505559895 -0.08751040548702167 0.041530467508296295 25 249.0 3334.0 -8.807413988729966 -0.4804284161977389
62 155.46283099525647 187.6047353748377 0.4601091068507888 -0.09572158528907493 0.02775897832296487 25 832.0 10306.0 -10.032725345312642 -1.8276343202390952
63 222.68338810661825 189.04990640410665 0.5059841135258889 -0.5070210800858 -0.12877906437523087 25 126.0 1224.0 -7.719453544523855 -0.05013213718070396
64 772.0093039349943 190.3275604522985 0.4025049221555605 0.08602938214635862 -0.2044160117371394 25 591.0 11569.0 -10.158239552683801 -0.6150771529044472
65 20.753943554130476 194.5212350979369 0.41989880976140986 -0.3319294524412483 0.3636487550109023 25 738.0 8891.0 -9.87237652561387 -1.8119330209586093
66 221.00964516935935 199.03028562082912 0.5232669669679234 0.4320628627575796 -0.43084169587840454 25 161.0 1705.0 -8.07931095832129 -0.15374415812126727
67 199.5349965908309 202.56561179215743 0.3515087939841119 -0.28235482033366743 -0.21560427527544945 25 163.0 1920.0 -8.208253071758874 -0.4287348951589412
68 550.9939757452037 202.06433999001808 0.4211229690228103 -0.9351083199483706 0.04567111382284022 25 236.0 2795.0 -8.615954530556104 -0.5825592655180583
69 728.50955490778 203.90666491548322 0.5211541949061342 0.4930640606804191 -0.11064195359814227 25 175.0 2038.0 -8.27301044917602 -0.17277622324830963
70 532.9372154945643 205.74007514849475 0.5955727710219691 -0.07636699356837319 -0.10086298766961008 25 700.0 6426.0 -9.519851803038748 -1.7492816554263593
71 456.7353339553269 208.2041808388436 0.37951438464184084 0.42821338657824715 0.4041318835117715 25 153.0 2167.0 -8.339647278299545 -0.048658651627930594
72 178.9498951892705 209.17203279263964 0.5395122513145669 -0.8546656142596266 -0.5845823229238618 25 144.0 1382.0 -7.851270107595449 -0.11315480565703703
73 260.51676359269436 210.62273125440834 0.43573938040312504 0.23605922282344094 0.31419414151902714 25 642.0 8667.0 -9.844671991409648 -1.4790311398359277
74 159.39124698875736 212.75602198138253 0.4765553261382552 0.22258834943467468 -0.15152282269473333 25 315.0 4161.0 -9.047994289482368 -0.6930380849091746
75 61.02056981113578 214.55309071101712 0.5786504541286761 -0.6077694788838715 -0.5324268360776033 25 183.0 2292.0 -8.40053653323838 -0.06036215562774756
76 450.7873172327319 216.44270148270226 0.41015335847123247 0.34629343635792326 0.36856168730196665 25 278.0 3999.0 -9.004878510333803 -0.5703584959445513
77 437.32189758630955 224.55760840536564 0.42938232257397224 -0.307456861239186 0.001872896133468385 25 242.0 3069.0 -8.717492221079556 -0.5396622662121416
78 806.034428359521 230.14691828834788 0.44049934408331204 0.20845398405793453 0.23785868310744135 25 343.0 4427.0 -9.115273804947119 -0.8522167619650465
79 228.2393855603275 234.5294848799844 0.4434658594321751 0.7182714415366056 0.5306153729572206 25 189.0 2143.0 -8.327555427604572 -0.3540832938246563
80 88.02544923353572 234.97186067904684 0.6433306359180762 -0.33481169993091053 -0.012723381147871759 25 338.0 2490.0 -8.490498367739342 -1.0295836242787968
81 147.1020605244426 234.70176905931388 0.32574929272546227 0.00794811863110366 -0.9946959750590758 25 727.0 16546.0 -10.54673254997839 -0.0030518737066999447
82 185.6597285104562 235.39498334194474 0.42477906997822507 0.4671274373597756 0.06517561484935579 25 288.0 3150.0 -8.745776384474 -0.9144347518332958
83 304.62089528267484 235.09919815460296 0.5058177147949995 0.4260051879577596 -0.07113773159287608 25 108.0 675.0 -7.073259432077562 -0.1129362938479943
84 13.974733733677741 238.44197289405759 0.3750983851380103 -0.8361925300181227 0.2487019285948423 25 362.0 5010.0 -9.249594314668116 -0.9908602255405285
85 255.2504980259994 238.53370786429522 0.4210129005255513 0.4671142777276403 0.11823880362830518 25 275.0 2489.0 -8.490062241521484 -1.0134324159451316
86 278.00386431516733 242.58616696902237 0.4726721538129732 -0.4763898195802531 0.11559457863425056 25 138.0 1540.0 -7.968801802091158 -0.041352990373892035
87 679.8672064796372 244.47168855127362 0.5028926319493431 0.5418359035711302 0.2918072695498496 25 390.0 6268.0 -9.492822469491381 -0.5403856142456547
88 415.8542364184684 245.30321259513133 0.6840239657681092 -0.16775677506299416 0.34012633194537983 25 178.0 1375.0 -7.845756745415704 -0.23204748805617464
89 39.02784082035882 247.805964173578 0.4259676279882977 -0.37935453486270965 -0.057576790329134195 25 245.0 2594.0 -8.534924929370153 -0.7773074394792141
90 14.321778901241673 249.83820131545232 0.5749137729787425 -0.5466673793184081 -0.12043695744411753 25 205.0 2478.0 -8.485253255100112 -0.17010729863798651
91 587.9994419719561 255.13753403075552 0.4307602285369337 -0.5448355263331475 0.13525710789148782 25 482.0 7295.0 -9.657563240573676 -1.0016425400233475
92 771.0547658954587 256.3705574811421 0.4763210939951939 -0.3530840376714159 0.3696802564990886 25 177.0 1903.0 -8.198596970717551 -0.2668009040448731
93 267.16717816441655 258.5627452450704 0.5889104249329958 0.31458711887536767 0.4149852946752867 25 543.0 4282.0 -9.07911665739605 -1.581562225469046
94 636.5755906405756 259.48355533303385 0.4430724318482478 -0.36867142521027235 -0.0068987035089031 25 206.0 2685.0 -8.572360725088936 -0.30195319115965824
95 68.96953794260423 260.41745565273243 0.4777831634129424 0.8690296602792347 0.22462203484957044 25 226.0 2685.0 -8.572360725088936 -0.4608183668559398
96 314.23368437360347 259.95125064926697 0.5990505126388329 0.15382475163325568 0.014362046118016334 25 161.0 1200.0 -7.697953115119062 -0.3186264095079985
97 785.4532095012431 260.39764826576084 0.4342183211303582 -0.702429530951853 -0.25579031978416317 25 306.0 4470.0 -9.125768807829841 -0.5169610976157369
98 754.2916690033466 261.07535573055486 0.40568469711263133 -0.06897777046602635 0.16634530930219174 25 146.0 1723.0 -8.090713193620072 -0.14362466462873685
99 289.22287261769435 264.1518625118722 0.44620967423163294 -0.3396228880665439 -0.07841432727383059 25 268.0 3534.0 -8.870666362926864 -0.6198457373636339
100 797.1718503539101 264.9479039785265 0.3478352365329496 -0.11017585284436864 -0.04216535029435204 25 521.0 9148.0 -9.903315389836777 -0.8135414680795585
101 275.1199443960617 265.88259073202113 0.5211829493836843 0.025313288412719615 -0.08000818417558056 25 254.0 2570.0 -8.524832808328236 -0.7013401056327506
102 356.2043273334062 266.5360613431947 0.38538696445361953 -0.622539167054515 -0.41744329625671023 25 207.0 2796.0 -8.61634291768411 -0.39223137742130043
103 562.004304036386 267.0371268196465 0.5555579119258697 -0.07408301808129597 0.244106139307507 25 234.0 2627.0 -8.548650181965176 -0.4999140570786554
