test_CNN/outputs/tables/02569_mf20633m0s0_sources.ecsv
# %ECSV 1.0
# ---
# datatype:
# - {name: id, datatype: int64}
# - {name: x_centroid, datatype: float64}
# - {name: y_centroid, datatype: float64}
# - {name: sharpness, datatype: float64}
# - {name: roundness1, datatype: float64}
# - {name: roundness2, datatype: float64}
# - {name: n_pixels, datatype: int64}
# - {name: peak, datatype: float64}
# - {name: flux, datatype: float64}
# - {name: mag, datatype: float64}
# - {name: daofind_mag, datatype: float64}
# meta: !!omap
# - {date: '2026-06-03 17:10:09 Eastern Daylight Time'}
# - version: {Python: 3.11.15, astropy: 7.2.0, bottleneck: 1.6.0, gwcs: 1.0.3, matplotlib: 3.10.9, numpy: 2.4.6, photutils: 3.0.0, scipy: 1.17.1,
#     skimage: 0.26.0}
# schema: astropy-2.0
id x_centroid y_centroid sharpness roundness1 roundness2 n_pixels peak flux mag daofind_mag
[from data line 207]
208 737.3389148867432 580.9039386077582 0.5053905632661834 -0.31568277980958515 -0.28723323048644606 25 171.0 1859.0 -8.173198474429746 -0.2300926568199017
209 359.3693715054515 581.7317506794759 0.4329149112620702 0.9221658032421034 0.06534604414858992 25 254.0 3214.0 -8.767614681068315 -0.6385310076201024
210 574.9954064261902 580.7702824009681 0.49835576498344747 0.15551884250932885 0.034612810713220955 25 146.0 1120.0 -7.623045056675454 -0.29851075748282935
211 181.146084482453 584.3783653783461 0.46926335306349387 -0.5682072880973723 -0.1415627746776856 25 123.0 1071.0 -7.57447367707964 -0.15269314903098433
212 221.90140879518535 585.5168278334459 0.5107865686191283 -0.24234518651566037 0.5009139814978482 25 155.0 1628.0 -8.029136001382955 -0.102322709896017
213 553.5481739393483 587.3735906303737 0.4466205746336643 -0.618803435733892 -0.8313894176252142 25 190.0 2880.0 -8.648481219398077 -0.026381279182620624
214 26.412094206327545 587.4841225249579 0.43782911627845283 -0.11614586093912865 -0.47790455879296956 25 154.0 1891.0 -8.1917288221126 -0.1031719478569954
215 421.7811549849509 591.3116464571729 0.45432833093242503 -0.2788923596928889 -0.011486792749976783 25 151.0 1283.0 -7.770566640937321 -0.3229783530587335
216 90.40457756626483 597.5946993019677 0.3994495302081117 0.8882112715537784 0.2917847465079888 25 222.0 2819.0 -8.625237689679006 -0.514741065521656
217 785.6029594031137 597.5807934006431 0.5082978061445977 -0.3274647979090099 0.12903611339653953 25 528.0 5901.0 -9.427314036597497 -1.3874356715119551
218 284.30430262478984 610.8600693109247 0.4715185614571157 -0.24059858791026725 0.4475327842202422 25 353.0 4900.0 -9.225490200071285 -0.7369144495178254
219 499.7317249417311 612.3821999939826 0.47159611300348175 -0.37561635632133367 -0.0803308192245715 25 296.0 3294.0 -8.794308987084339 -0.8128646830896257
220 67.26564466264563 612.9573756863158 0.4828318566488439 0.40139545409577454 -0.11297629222018227 25 147.0 1605.0 -8.013687591852229 -0.0669194428013454
221 83.74546184544721 615.9041848740671 0.6005915452851501 0.11899583965932822 0.031020882380456284 25 488.0 3939.0 -8.988464952022854 -1.4447362400780885
222 102.31974955698675 617.8322381719399 0.48078734015298014 -0.06855285128650064 -0.15691583365256773 25 253.0 2718.0 -8.58562363099119 -0.6602136559904379
223 211.05356508222144 621.5508810692694 0.5499618234561252 0.29608443613659546 0.14172998755550753 25 136.0 1151.0 -7.652688309074479 -0.08113987677075664
224 344.34592552871936 626.2680936932231 0.5108608534504416 -0.01654134359386404 0.25101256517165166 25 221.0 2638.0 -8.553186978025867 -0.40023637386866173
225 393.37196030506493 627.2463761238022 0.6325082061466546 -0.4488735421334851 0.21469201450018457 25 165.0 1701.0 -8.076760784031423 -0.021484223735754
226 24.613021183577874 630.0465866259004 0.4653972886897849 0.06745223194158581 -0.3457305740653227 25 155.0 1697.0 -8.07420460579419 -0.25990991533263463
227 130.45003296400643 633.3090136658403 0.4831430741251357 -0.14673950549427453 0.11702172924824648 25 251.0 2628.0 -8.549063402219359 -0.72393011403245
228 545.0523504686606 635.0714844205692 0.5419853268099142 -0.16770830119135835 -0.06562819594850203 25 139.0 1362.0 -7.835442768941916 -0.015290575706263194
229 145.7074278928421 641.6994381618874 0.6734916924912651 -0.4941651992277751 0.1614008473688819 25 168.0 1494.0 -7.93587649369845 -0.19880290863676722
230 776.5552660797113 643.6218021578605 0.3668751935272886 -0.04568444245254145 0.06359646434245825 25 312.0 4589.0 -9.154295144236649 -0.6687742706105613
231 285.9367013671408 645.4650021863406 0.5214112803157956 0.0236350524362256 -0.31481268603921886 25 310.0 3953.0 -8.992317035857427 -0.6380168221383129
232 246.3701636638717 646.8993056804751 0.4085422863190506 0.2576310258896806 0.3516158122072643 25 145.0 1512.0 -7.9488794779129694 -0.1920943607499292
233 112.21427073641179 648.1498091357597 0.6095052862787197 0.25164123289332246 -0.057567593854960394 25 159.0 1413.0 -7.875355404621397 -0.16456145041825915
234 276.8172783945326 647.2373046354089 0.4667036757877709 -0.27011517357927567 0.26758217455571215 25 412.0 5238.0 -9.297913735223034 -1.0212735304190488
235 364.1093317653146 649.009599871868 0.4999748550881541 0.757478141678249 0.00011547777498000612 25 173.0 2118.0 -8.314814889428666 -0.14256707937118718
236 10.585407040592123 650.2137041593203 0.4009111989365067 0.06723587489453076 0.1352053882626189 25 1003.0 17805.0 -10.626354945025682 -1.4923916333657172
237 195.77811144632838 651.1838788273228 0.42636717350168285 -0.5437939546937486 -0.17712975348595097 25 123.0 1244.0 -7.737050950887 -0.10551044734063583
238 386.61169321212026 658.7543383990939 0.5065200797243794 -0.592873543156016 -0.05544890498605632 25 289.0 3841.0 -8.961110767912942 -0.5262983968727735
239 266.2359544443431 660.0660749377832 0.5327952463796305 -0.6139191053290711 -0.3365393033632586 25 301.0 2439.0 -8.468029500784326 -1.017333825230234
240 442.5504687434637 659.8016830244271 0.4529384957880495 -0.15396998792729236 0.036815653064626294 25 216.0 2520.0 -8.50350135195386 -0.5096350019658249
241 570.695702863937 663.1589600725567 0.580979367753491 0.12223053699141465 -0.2180008845323144 25 233.0 2055.0 -8.28202956553022 -0.6435266165059395
242 484.2730357841543 669.0555961849722 0.4648420671067678 0.5902203331561378 -0.5076351901807039 25 386.0 5092.0 -9.267220987454044 -0.9392753561833355
243 318.045956476218 670.6935038427973 0.7197726587676752 -0.11615471529027488 -0.05986825892497499 25 175.0 1073.0 -7.576499304914877 -0.3274933626666687
244 211.76104946767646 673.0328631244845 0.39045231709735906 -0.6599395798288452 0.125289030607143 25 207.0 2799.0 -8.617507246165406 -0.39400137067269997
245 259.75547137959234 675.0336433239303 0.4441580522483086 0.2567536028263573 -0.39940544653104026 25 297.0 3356.0 -8.814554880391656 -0.8231149445295798
246 425.6987993158735 675.6952440073397 0.46285136365923923 -0.6201885095401642 -0.015082684351264098 25 287.0 3699.0 -8.920210828288486 -0.7040046559399153
247 329.106564121314 677.7063219895498 0.3823084891814317 0.38936174006329205 0.06823324736964627 25 301.0 3995.0 -9.003791959125026 -0.8557946310991853
248 461.50490226112277 681.2930512657996 0.6146317963517446 -0.22559964331280974 -0.7453206681945872 25 221.0 2652.0 -8.55893379933184 -0.30993219255835164
249 141.91916584516474 681.8302551099939 0.5865702881318401 -0.2601180780507347 -0.06932601067959372 25 140.0 1148.0 -7.649854720154887 -0.10105162789389617
250 416.98451971818884 682.3068974778009 0.4674925899495979 -0.731061899206182 -0.36373224505187324 25 231.0 2786.0 -8.612452780219861 -0.5223138305725363
251 203.79090197172872 688.7162968570931 0.42045349845304847 0.03884186392761651 -0.7108589821785815 25 434.0 6820.0 -9.584460936641197 -0.8461250394272818
252 138.68051340499622 693.0612373739582 0.5186661290739076 -0.3108419980754564 -0.11534660406422717 25 707.0 6134.0 -9.469359429116167 -1.9200522346391011
253 200.11417718044257 694.5846879177516 0.48784555191214973 -0.5888130141841679 -0.3856647295813226 25 406.0 5615.0 -9.373374401493692 -0.9028098285330872
254 38.41168882707602 699.8898642900416 0.524465663227896 -0.9568319643289855 -0.2446092243216651 25 272.0 2760.0 -8.602272705163044 -0.7672444312396915
255 65.92661817380575 700.0713304753926 0.5377025555002132 0.1382726298827836 0.07942583947742672 25 172.0 1832.0 -8.157313673329579 -0.22050935849178627
256 115.66328014191387 702.0387671691639 0.4492583848242849 -0.6949054501112917 -0.05933299794436882 25 121.0 1188.0 -7.687041101612937 -0.09197920443007712
257 195.88488451208792 706.0429935430518 0.465508344361568 0.5174934771710696 -0.12714583953501607 25 398.0 4137.0 -9.04171380223878 -1.2242796345299807
258 386.27389828715377 706.7205545228281 0.6577407057524172 -0.27497871327377116 0.27019383014836656 25 219.0 1694.0 -8.07228351498672 -0.5179125299835394
259 248.41113274718538 708.4835213314827 0.6812011064864251 -0.3872421504972252 -0.4125596654400707 25 188.0 1660.0 -8.050270220100138 -0.2547418083392751
260 177.10596167774304 708.7305600237331 0.5332765390172409 -0.4638669923671882 -0.35668923257590157 25 122.0 1111.0 -7.614285147352168 -0.0014450045538988215
261 750.5020123201523 710.4691804478445 0.46566556816017646 0.9769325997132073 0.17103536713267165 25 141.0 1534.0 -7.964563399032405 -0.05151903229370987
262 377.61532081791324 712.8422534605259 0.3852187968641252 -0.6477793729576866 0.06088132510460471 25 228.0 2985.0 -8.68736083866347 -0.5769615866894956
263 95.83089240869003 715.4080068995107 0.5705360946723591 -0.007943190557516978 -0.9342631845570308 25 555.0 11652.0 -10.166001189889073 -0.033740970445824636
264 365.9485262481278 716.3524323229217 0.6537267220196613 -0.03513828458991667 -0.22387004025133198 25 350.0 4288.0 -9.080636941711784 -0.7202971322350211
265 172.61983206567893 717.7641911039176 0.8482234984781732 0.05486288380772218 -0.28298901852962105 25 145.0 689.0 -7.095548054769064 -0.1323368553026602
266 185.08717958391392 718.6874415363205 0.5059966225956465 0.009807725789565114 0.6775088061768715 25 326.0 3699.0 -8.920210828288486 -0.823440691793409
267 220.83217800352352 719.7567488448615 0.5256413650648465 -0.06239092438728375 -0.3052231528994127 25 208.0 1931.0 -8.214455684448488 -0.5413520128264053
268 430.8847518550814 720.8443170954374 0.553593761471995 -0.7307847703319785 -0.1418682417420554 25 221.0 1967.0 -8.234510899798341 -0.5706201684775877
269 254.5879231176257 725.286688043888 0.5268069528819104 0.681164651079734 -0.033857293380331825 25 217.0 2502.0 -8.495718263393503 -0.36284665992770276
270 308.8586591290443 733.6447306134908 0.4775401125723069 0.49754219143468964 0.4850905624675004 25 236.0 2808.0 -8.62099275864442 -0.5089723664205077
271 1.2885646696996638 733.867701551018 0.21763179687156828 0.6549007802695679 0.8008082250165717 25 190.0 3345.0 -8.810990305259605 -0.052727941815647085
272 33.11224453596602 736.5957402550598 0.4893768986045178 -0.5001223582475935 -0.7812045881374409 25 693.0 14576.0 -10.409095899072307 -0.3261225756101829
273 17.438112566060973 738.51865916062 0.4668042381027515 0.1997623479208125 -0.17928464343329614 25 695.0 14954.0 -10.43689344077665 -0.19213995924240668
274 485.5875516660126 740.192707238964 0.6314371916823652 -0.6205177575894633 -0.3397326690508472 25 179.0 1376.0 -7.846546084748731 -0.3405379352759942
275 730.1524121133759 745.7998980660766 0.3367940910293099 -0.1873802998488939 -0.511687915344999 25 163.0 2202.0 -8.357043286589333 -0.11888963263025074
276 288.73616350484747 750.0832392365257 0.49787713919459436 -0.059952867246749406 -0.38707936154564626 25 131.0 1267.0 -7.756941537208604 -0.08842928417026821
277 48.119461549421274 762.7337338200512 0.5388249212315257 -0.10752942222864272 0.22860811031787823 25 159.0 1710.0 -8.082490275980383 -0.12683502295020302
278 468.89004519514305 764.9987855726447 0.40643562729462823 -0.48388601480184346 -0.054611017726813364 25 287.0 4154.0 -9.0461662304977 -0.5119507969980213
279 215.23918098327172 766.5431664485102 0.5037145133968481 0.31352120001848627 0.43357361419730894 25 265.0 3197.0 -8.76185659067922 -0.5421870787002907
280 754.4752747471135 765.7463072444184 0.38109386936127987 -0.6139261987645688 0.2623672184921214 25 289.0 4430.0 -9.116009315557674 -0.5483693545783439
281 378.86815980652045 767.4550220229231 0.5275944926200147 0.03292072557299421 0.3641347581783516 25 209.0 1922.0 -8.209383458331317 -0.5701905201160685
282 248.26170207961144 770.2252936891989 0.417304599028518 0.6472942405735639 0.12600743321851354 25 538.0 6026.0 -9.450072818343346 -1.557699126902698
283 472.64278646140065 778.1046968694556 0.43590257998812 0.34111426838418113 -0.11182860531434738 25 315.0 3841.0 -8.961110767912942 -0.8442660199997045
284 104.63853814777273 786.2501055104351 0.5003215678008999 -0.3295215887508643 0.21085434496062994 25 172.0 1793.0 -8.133950723905457 -0.2633277589389126
285 818.5862485066043 785.8652004843896 0.402603235449128 -0.513581096791367 -0.2474101614412545 25 202.0 2603.0 -8.538685420273088 -0.36861496839196817
286 411.80853788552025 792.0497944597461 0.42795670116077894 0.4427224055714223 0.1423365106877895 25 273.0 3305.0 -8.797928659554147 -0.7236002306073973
287 328.92108574608346 794.1720731269813 0.5074104366627928 -0.053591403079030625 -0.11498100207972847 25 158.0 1423.0 -7.88301225021071 -0.2767013869670015
288 395.1828901234986 795.1768476543396 0.5252183742108038 0.9630150805686868 0.879665685873581 25 256.0 3489.0 -8.856752423620277 -0.3406735434058284
289 816.2429684261303 797.3635801285461 0.4748744447822861 -0.10209216333608309 0.2284811521965161 25 267.0 2688.0 -8.573573160954469 -0.7963948023683632
290 185.79078547053737 802.2318960770722 0.6302261020533354 0.11095722533327276 -0.2349953940716225 25 154.0 1310.0 -7.7931782391394115 -0.08893316038325057
291 124.14859104712372 803.8815186493969 0.4903242276348779 -0.27998986471301035 0.17009873696448713 25 172.0 1887.0 -8.189429750412328 -0.22434407404151593
292 373.914185446474 803.662768646127 0.45351361237285914 0.21498271535597488 -0.05742751978061472 25 350.0 4387.0 -9.105419086012363 -0.9124525728155513
293 86.64205611525165 806.6378698031641 0.5435609536776658 -0.7721935092528678 -0.22974564037265333 25 291.0 3448.0 -8.843918142881687 -0.6361587088393668
294 409.652762694219 819.8205119444153 0.5478969415621441 0.21654377618187415 -0.1273465459365346 25 137.0 1412.0 -7.874586741789463 -0.012900967372199942
295 195.35101662939437 821.2660980097226 0.5070691589351265 -0.07741833894026084 0.0640490619850026 25 164.0 1885.0 -8.18827838635453 -0.1376099188158436
296 40.273062104129885 822.5947724758394 0.43445683869527596 0.7429685679449993 -0.012899130713064163 25 441.0 5928.0 -9.432270487428179 -1.1101016023526613
297 243.66737041533412 821.8693560192685 0.5025125492301169 0.20833300688530368 -0.325918472742764 25 191.0 1838.0 -8.160863767625232 -0.5167662367029551
298 602.4761851213052 823.7960971834642 0.4702658762465253 0.16831810570923034 0.6207954699135566 25 226.0 3329.0 -8.805784487891668 -0.12541552967368727
299 295.0902905095261 828.6664751387734 0.5126655809551648 0.5040152611575766 0.09380231298881096 25 123.0 765.0 -7.209153587884044 -0.2989243777328791
300 375.0508365162957 829.5275119532959 0.536809707320828 0.45693270814348247 0.9457250900776939 25 296.0 3991.0 -9.002704319460058 -0.5030141661581905
