test_CNN/outputs/tables/02569_mf20633m0s0_sources.ecsv
# %ECSV 1.0
# ---
# datatype:
# - {name: id, datatype: int64}
# - {name: x_centroid, datatype: float64}
# - {name: y_centroid, datatype: float64}
# - {name: sharpness, datatype: float64}
# - {name: roundness1, datatype: float64}
# - {name: roundness2, datatype: float64}
# - {name: n_pixels, datatype: int64}
# - {name: peak, datatype: float64}
# - {name: flux, datatype: float64}
# - {name: mag, datatype: float64}
# - {name: daofind_mag, datatype: float64}
# meta: !!omap
# - {date: '2026-06-03 17:10:09 Eastern Daylight Time'}
# - version: {Python: 3.11.15, astropy: 7.2.0, bottleneck: 1.6.0, gwcs: 1.0.3, matplotlib: 3.10.9, numpy: 2.4.6, photutils: 3.0.0, scipy: 1.17.1,
#     skimage: 0.26.0}
# schema: astropy-2.0
id x_centroid y_centroid sharpness roundness1 roundness2 n_pixels peak flux mag daofind_mag
[from data line 104]
105 505.38080887609993 268.87333553520483 0.6350874050917327 -0.34851373202519315 -0.12379556875178582 25 195.0 1744.0 -8.103866201491371 -0.32134886595548445
106 145.54055839875352 271.36350461701727 0.517918367449935 0.05321686057945639 -0.23974348861527595 25 197.0 1768.0 -8.118705651692636 -0.5505562274295852
107 303.1000032390152 272.32351512427834 0.4491724081732818 -0.46623818776138604 0.05378701922773288 25 260.0 3698.0 -8.919917267057885 -0.4641925519514129
108 346.77505310191344 274.6656946817972 0.41587738344807745 -0.7305503590421912 -0.5231284787174 25 234.0 3484.0 -8.855195365839064 -0.2933754848360969
109 242.21946377524554 275.62808039151173 0.47258231284141405 0.48979882667409214 -0.3184669953142654 25 180.0 1732.0 -8.096369719203318 -0.4355790096756742
110 182.00181451313819 279.8437104252224 0.6922943414204913 -0.1300463544346257 -0.09558278471120198 25 344.0 2487.0 -8.48918946317484 -1.0081050997994563
111 391.23821447627034 286.281023802445 0.47464259166080464 0.2556973377802509 -0.1032148275888768 25 472.0 6234.0 -9.486916994852052 -1.1411831771107726
112 411.17898369223497 287.16574489391854 0.43400938998153077 0.66533323684215 0.661880547398276 25 391.0 5131.0 -9.275505036638462 -0.9769598340551147
113 640.6472891424146 286.3840790726383 0.41840464194662064 0.020435042043265336 0.37883311783468143 25 221.0 3096.0 -8.727002380027137 -0.2606670651827433
114 327.33306182126915 291.3690696431751 0.4443582405642386 -0.8981569246249188 -0.7924848496157713 25 406.0 5856.0 -9.419002670125838 -0.8450446861217018
115 385.36349413114965 296.0109674059954 0.47560548500087657 0.06391898417671976 -0.004121391565733051 25 299.0 4447.0 -9.120167823622337 -0.5114375901717424
116 166.58062002121727 297.2193758583647 0.4310327843064316 0.11399309363309316 -0.1865454660574667 25 264.0 3399.0 -8.828377911457649 -0.5786852924838151
117 393.97070624725563 297.7290832983135 0.44512943486719037 0.6213313868591497 0.9483177088599554 25 211.0 2975.0 -8.683717425161422 -0.25038555355505726
118 315.4937441188705 300.77228361843 0.3683213435340983 0.015738118761253982 0.15750218805419094 25 417.0 6539.0 -9.53877834340691 -0.9645163936360958
119 40.3769228693063 300.7875555141822 0.4286587545992268 0.053112261794615985 0.1687839651495181 25 155.0 1731.0 -8.095742669688486 -0.2440793800251756
120 150.63677928324557 301.68674144106984 0.39854494404463425 0.4114173946037986 -0.02193080062541167 25 165.0 1965.0 -8.233406386778613 -0.24598847029713455
121 750.0357404023772 306.56429264713165 0.4091117712713494 -0.07944746012044128 0.05061277664631747 25 113.0 1190.0 -7.688867403481327 -0.04971596428794274
122 115.77474914081648 316.18007023612813 0.3930596686196113 -0.32805341870011745 0.1257837226618072 25 149.0 1850.0 -8.167929321007534 -0.17795002028178847
123 391.6155670018805 318.2917710261654 0.41959842009606574 0.011519599989613107 -0.9929722354282702 25 205.0 3320.0 -8.802845209260092 -0.06295617237335233
124 304.8484294748754 320.27099408149525 0.3651719128727509 -0.3621337348307974 0.4410561791406107 25 208.0 2979.0 -8.68517625803761 -0.21546133076982024
125 360.37732969837407 321.73586001602706 0.46473508937328334 -0.8378697179661911 -0.8825065737279888 25 186.0 2488.0 -8.489625940046952 -0.0865490365621767
126 205.38755729164106 327.09641993305894 0.4079225116757708 -0.39256690916871917 -0.2624795150550059 25 229.0 2741.0 -8.594772588848747 -0.5481617474168142
127 474.6096207612393 326.95761294716135 0.47334710315817663 -0.17742982483382427 0.130332472147054 25 387.0 4558.0 -9.146935802110892 -1.083598284754433
128 252.3540648224184 334.59057716338924 0.4699803602395203 0.9694817005339995 -0.05976599192378221 25 398.0 5557.0 -9.362100991963448 -0.8458973508969962
129 55.90243485710042 337.93311422836797 0.5568953103475726 0.34202038040415217 0.22402391526278537 25 415.0 3471.0 -8.85113653417853 -1.3084041585838966
130 400.94020414921795 340.3687407829793 0.4648988121079691 -0.3486582114454254 -0.0803111309736692 25 439.0 5353.0 -9.32149310845858 -1.171853024240603
131 79.50762341516982 340.94009004123444 0.5133113311468765 0.46497626041706536 0.07363766534287383 25 565.0 5758.0 -9.400679151355158 -1.5652201039162639
132 328.6500751798208 342.9021203604679 0.536736778435585 -0.25525997765485076 -0.2561861253286954 25 280.0 2511.0 -8.499616781782306 -0.8663719766017691
133 472.7096765071204 342.937628378731 0.5361241696081639 -0.6581563529798066 -0.3536843340658196 25 322.0 3245.0 -8.77803675284097 -0.9615655680697804
134 159.58982267512954 352.4597656508459 0.551032836713917 0.18679316352398936 -0.5906508993784562 25 200.0 2726.0 -8.588814628746636 -0.11345920197626523
135 812.145309299446 355.504214183589 0.5431965880552676 0.05971381844029644 0.6327041116778488 25 225.0 2691.0 -8.574784244409386 -0.31029387348065307
136 169.85265065732568 358.5579723936005 0.4888258729514979 -0.09562508958733956 -0.17035406904721426 25 195.0 2287.0 -8.398165411516871 -0.4155431225415676
137 425.76954157551154 358.8566872394419 0.4227408765271329 -0.08106388785053306 -0.07255181685482973 25 136.0 1369.0 -7.841008620334975 -0.16708192811611183
138 298.20322371424317 362.8916704546839 0.4311726267697798 -0.4643874973022427 0.448147541114281 25 283.0 3624.0 -8.89797047251194 -0.6893949488568978
139 696.9117735652037 362.6297804326684 0.3924847614788402 -0.19116297537790075 -0.25860648317101803 25 535.0 8364.0 -9.806035060364085 -1.078492330937986
140 610.7445332687543 370.9722215342885 0.559365179746911 -0.6754381425528768 -0.0005833801227147678 25 370.0 4306.0 -9.085185063718672 -0.897107189579053
141 203.8766044152739 376.89653969388564 0.500485418239515 0.5126101332568431 0.14757861732370894 25 132.0 1359.0 -7.833048641831236 -0.036547661677861124
142 558.6182127506669 378.1022927736626 0.597632194769181 -0.792044796844515 -0.28844194087525366 25 125.0 832.0 -7.30030831572681 -0.03615732516070326
143 290.1823388026139 379.3159552238406 0.44854423394339865 -0.057963515101476355 -0.18492207786568782 25 331.0 3354.0 -8.813907645675167 -1.0766804373301397
144 34.72375980131237 380.4648607358966 0.5953628148628841 0.427211552126444 -0.17786321211698078 25 167.0 1136.0 -7.6384458284375 -0.3598014660564204
145 799.6599198353794 383.4424878699429 0.46529452530999127 -0.362213002170325 -0.04150730868384533 25 289.0 3534.0 -8.870666362926864 -0.7124163192674815
146 501.7623771005123 384.29876607289793 0.48831896932411273 -0.36810001221197114 -0.2595513143771063 25 479.0 6587.0 -9.546719158603786 -1.0595468079123678
147 351.092207954138 388.00582268537835 0.40177972957400815 0.44251434050338334 0.465464964131011 25 235.0 3289.0 -8.792659683706637 -0.36690185676433834
148 432.298632218845 392.48965503037863 0.5286519245619196 -0.024611698571001123 -0.8067860045231728 25 366.0 6751.0 -9.57342026997205 -0.14997226637417713
149 157.37180420414478 393.0161347122267 0.5740490022574172 -0.2779985150603688 -0.3161120158411858 25 120.0 1029.0 -7.5310384369060825 -0.004191150025947616
150 68.38573216125741 396.7225758583324 0.5345239889487194 -0.4526566744549695 0.12359474851975778 25 251.0 2521.0 -8.503932114191116 -0.658145712288688
151 220.37510292622824 396.74536294435677 0.6429274583945307 0.1580637606735395 0.01540918267036287 25 194.0 1185.0 -7.684295875865307 -0.5335234551187656
152 804.5405118126309 400.9406458468044 0.44619931766727067 0.4483598072431319 -0.05241709668664562 25 224.0 2775.0 -8.608157468646738 -0.48952564820008376
153 234.9968019509649 404.7095222733248 0.5511651583364472 0.5216403906802712 -0.07958087915690111 25 110.0 736.0 -7.167194535843747 -0.01971699170848737
154 378.2043735830944 411.4677901043851 0.4993073000087766 0.6917171139539581 -0.1301344109064049 25 312.0 3155.0 -8.747498408950383 -0.9802963696891338
155 508.1306060277109 416.6636510721016 0.4406595923991379 -0.031246136751379314 -0.23527252527370102 25 158.0 2107.0 -8.30916133902025 -0.08224566799665908
156 86.4169813634904 418.03791167156385 0.45270428963866843 -0.2551138145480568 -0.15953576377117784 25 232.0 2708.0 -8.581621650032767 -0.5650182022731784
157 314.25214524060266 418.6062223347304 0.46218393882592507 0.4522504803319227 0.6129583324597662 25 268.0 3827.0 -8.957146155561249 -0.44494902545842424
158 230.81772206289764 419.5479390949535 0.42306349629809875 -0.06980590623193934 0.21871022238142948 25 229.0 2332.0 -8.419321365217442 -0.7017871642527079
159 762.2823684507789 422.93285054319625 0.39473789935734005 0.22322380752702095 -0.021845025251447745 25 176.0 2335.0 -8.420717212255328 -0.14743355067166183
160 460.5617260388812 424.44835061082773 0.5298690945283859 0.619184421708599 -0.16486176965841828 25 170.0 1649.0 -8.043051639111297 -0.30714698365411636
161 587.8004970572391 430.9358555421104 0.5457547667147843 -0.5194311623124412 -0.21348517404994496 25 137.0 1290.0 -7.776474275748122 -0.038314276135377155
162 140.59793466652516 435.2688054434618 0.39869085196396487 0.06897266776831557 0.20845713179857298 25 210.0 2510.0 -8.499184303702595 -0.5225589577410034
163 345.1472528331053 435.5560143666364 0.41633252504287205 0.4660533351540757 0.11434528634351586 25 203.0 2204.0 -8.358028975449368 -0.5990856056890184
164 129.24999796983965 440.46642481259505 0.48234000507587466 0.14069494732890367 0.025515100000242576 25 969.0 9943.0 -9.993793598536811 -2.173745019471517
165 204.81197674283953 439.8256276329523 0.5859049532200389 0.6239204772639948 0.5819719688553053 25 151.0 1271.0 -7.7603638763850205 -0.17565730438139437
166 326.9005635752753 439.3868766004214 0.43155894165012865 0.30151379389982536 0.003961273321578244 25 658.0 10293.0 -10.031354931939589 -1.2987445661847024
167 306.2731620463645 447.1219283517719 0.49670448840319636 -0.542668019380418 -0.9854387927027182 25 256.0 3434.0 -8.839500727062244 -0.43074772418034807
168 22.357607376895277 449.3461910546271 0.39469161281121695 0.313516819957098 -0.11936870147018122 25 222.0 2377.0 -8.440072954320451 -0.6913203543903651
169 675.3193369487527 452.452087936146 0.49388593807451153 -0.4625284062431369 0.08444980527000072 25 232.0 3024.0 -8.701454467072923 -0.3750442252871884
170 57.089027599302874 456.0983227495588 0.35993479832938174 0.0382812872626179 -0.1618278168261365 25 399.0 6769.0 -9.576311285243147 -0.7164265587961403
171 382.5904983913608 459.45544471741033 0.5362534790024297 -0.4093732187506674 0.004640175910776693 25 133.0 1078.0 -7.5815469021268 -0.12958079164018274
172 548.9772331393754 467.0571088249447 0.5288883587518457 -0.15068743613266586 -0.035930785232422824 25 788.0 7007.0 -9.613830293733939 -1.9990618670140925
173 717.582981453645 471.26301422419135 0.5052532675080054 0.1530887707792504 -0.0011989591778147997 25 207.0 2408.0 -8.454141206464467 -0.3817198946995275
174 635.8746840263133 472.0410192073542 0.5022345831451865 -0.0622422804955276 -0.06164180008526184 25 141.0 1337.0 -7.815328518154962 -0.11138065490584129
175 42.46134351139649 473.0331731345946 0.3999668534935055 -0.8579870723490985 0.060258305096297135 25 340.0 4352.0 -9.09672221672531 -0.9797825224681468
176 146.03226724280213 472.97903408987054 0.5055521037709979 0.27122200833040916 0.29361612361790795 25 195.0 1647.0 -8.041733997924386 -0.5947270517835134
177 385.2209343921984 474.8190765418515 0.4721107041308002 -0.09493857399721267 -0.07714567039407629 25 197.0 2123.0 -8.317374985414997 -0.4418955238320945
178 220.59786196553293 479.189728740865 0.4444845915375271 0.3713583548789987 0.4874765962999546 25 395.0 5287.0 -9.30802327601278 -0.9208166489594698
179 353.7403895543287 486.75653768198873 0.4670164585627154 0.2405071262987012 -0.027385039734857647 25 251.0 2711.0 -8.582823793951214 -0.7001176074120783
180 464.62497980716086 490.1656122383366 0.42029314668457785 -0.49185330165885266 -0.48035413447707426 25 440.0 5148.0 -9.279096345580873 -1.2688478081679744
181 76.94067197967009 492.120668318509 0.7200758519222304 -0.0582679262316645 0.08048900319149202 25 152.0 981.0 -7.479172518449872 -0.16220235196895913
182 319.3892116945134 495.158446536317 0.38528112644389434 -0.8987821575900135 -0.7365500442095153 25 322.0 5010.0 -9.249594314668116 -0.6801649245582325
183 753.7868900577374 494.9382605443182 0.5247573385413581 0.022676664021838343 0.31098620608389876 25 183.0 2038.0 -8.27301044917602 -0.24020357448737623
184 399.62181259513966 495.81221053486433 0.5344751899154117 -0.2802844521184193 -0.3713160562711912 25 245.0 2058.0 -8.283613426066035 -0.783015511758552
185 208.71943410858736 506.59400232849026 0.4569989654325574 0.1253067268360648 -0.4162423511166827 25 174.0 1619.0 -8.023117121883434 -0.4958479207498387
186 22.61338527065683 510.26666395551126 0.4266027723221376 -0.537159570235965 -0.09872753417101261 25 303.0 3486.0 -8.855818456934937 -0.9112840148359884
187 486.61423367051265 511.2748391898305 0.47504395425407797 -0.43964281840338343 -0.12598288529839216 25 203.0 2240.0 -8.375620045835406 -0.37397110002998013
188 674.8546894063697 510.5564063737056 0.4122718560558402 0.7500786902190203 0.5171083663379615 25 290.0 4514.0 -9.136403886854358 -0.41504687726714906
189 59.980823326855834 511.49454244705487 0.34879416794929874 0.3500058903539879 -0.15466455909829296 25 3451.0 67291.0 -12.069892455815829 -2.5384835559110384
190 741.4518787319494 519.1989575874615 0.5615798633738458 -0.4277671171722511 0.10304320240638083 25 255.0 2806.0 -8.620219166730852 -0.5318911484038448
191 444.28734175706563 522.7040745921256 0.4699323097310106 0.3104219998808289 0.17855798747468732 25 310.0 3483.0 -8.854883686145591 -0.8696044794491564
192 347.07036554947115 526.5543940546323 0.5848322900711064 -0.22932410139675866 0.3197503886639573 25 163.0 1759.0 -8.113164598643653 -0.07276677515981247
193 790.9272553247358 529.7780780341656 0.3697943770455738 -0.17548446160059988 0.24716025628053095 25 314.0 4804.0 -9.20400749682717 -0.6042488768764614
194 360.86355455995005 532.9205892197116 0.49854966822118124 0.24687998533662284 -0.0012779059276064966 25 150.0 1538.0 -7.967390838663531 -0.15214070431774232
195 407.8027908863762 532.6774278034916 0.5223587672208214 0.6666298999097869 0.2676289351149292 25 138.0 1387.0 -7.855191152683211 -0.022516455755822732
196 374.8743792984844 535.9946771916918 0.496002888809014 0.07852616742304346 0.05878816253478488 25 182.0 2118.0 -8.314814889428666 -0.19450941054032142
197 455.15771117765985 535.4475510424405 0.5280635955059173 0.046994316947998584 0.4116411054812133 25 196.0 2146.0 -8.32907429407483 -0.3306794703538265
198 728.9036566854855 545.9698297276143 0.4630402286669646 -0.05077121658602238 0.44785019130004045 25 203.0 2534.0 -8.509516526368557 -0.347404011164148
199 377.90974439154286 546.6816402701205 0.47822274220302596 0.5800526924178823 0.273447617793738 25 173.0 1732.0 -8.096369719203318 -0.3273670735134893
200 400.4106131801956 548.7954436675437 0.6381852252379189 -0.6435376384172017 -0.043312220781487214 25 202.0 2078.0 -8.294113858052896 -0.32125653270695465
201 152.51062983364193 552.4320692254936 0.4144967986666841 -0.28697776063957176 -0.010332208943722686 25 113.0 1093.0 -7.596550404874257 -0.030318885468359476
202 348.15759152281896 553.4015882578819 0.3803428203421238 0.18349789423740134 0.6867665717008532 25 312.0 5041.0 -9.256291743595376 -0.4171934917207943
203 449.79430949445754 571.8214212576131 0.39197036204817326 -0.028163626694818727 -0.20582951898893148 25 280.0 4204.0 -9.059156768390512 -0.49769842664449054
204 639.9726304353896 571.7934108154907 0.44232583493690625 -0.6082418171341551 0.5134263453433796 25 348.0 5604.0 -9.371245316534342 -0.5168172755243462
205 530.875952938711 575.0406104703753 0.6340539654875035 -0.24027775878300806 -0.6608901124960012 25 443.0 4300.0 -9.083671138948967 -1.1671239942378282
206 464.27081168682776 577.9614911552013 0.463276276606287 0.0654947751084115 0.49851579050582456 25 181.0 2315.0 -8.41137748838493 -0.16663459404471842
