test_CNN/outputs/tables/02637_mf21617m0s0_sources.ecsv
# %ECSV 1.0
# ---
# datatype:
# - {name: id, datatype: int64}
# - {name: x_centroid, datatype: float64}
# - {name: y_centroid, datatype: float64}
# - {name: sharpness, datatype: float64}
# - {name: roundness1, datatype: float64}
# - {name: roundness2, datatype: float64}
# - {name: n_pixels, datatype: int64}
# - {name: peak, datatype: float64}
# - {name: flux, datatype: float64}
# - {name: mag, datatype: float64}
# - {name: daofind_mag, datatype: float64}
# meta: !!omap
# - {date: '2026-06-03 17:10:18 Eastern Daylight Time'}
# - version: {Python: 3.11.15, astropy: 7.2.0, bottleneck: 1.6.0, gwcs: 1.0.3, matplotlib: 3.10.9, numpy: 2.4.6, photutils: 3.0.0, scipy: 1.17.1,
#     skimage: 0.26.0}
# schema: astropy-2.0
id x_centroid y_centroid sharpness roundness1 roundness2 n_pixels peak flux mag daofind_mag
1 105.1679352886923 6.015121475660687 0.5280632941397659 -0.3266869836836863 0.2900578848833348 25 1321.0 9453.0 -9.938924144734155 -0.16201051534898592
2 588.4994165082096 43.30049338845952 0.42613421556817155 -0.030247665440621962 0.1022987950832438 25 1169.0 11530.0 -10.15457326823675 -0.00965137915175015
3 301.7990362938487 57.46612755552857 0.4778999133297649 -0.41534081524186456 0.12688274426143614 25 1214.0 9373.0 -9.929696542565665 -0.17115832220578636
4 747.1348365922482 62.95049263770473 0.5341037318792106 0.21423667908352392 0.33245219433512063 25 1605.0 13451.0 -10.321886431726723 -0.3324256988552913
5 509.2100777978773 63.16700018228201 0.5332341027455458 0.34946754086691567 0.24500745937912535 25 1561.0 12443.0 -10.237312752810405 -0.30443236900655113
6 403.6679037323982 299.1182276951954 0.5175039008992479 -0.07063932024454 0.08698954039262496 25 1503.0 13427.0 -10.319947472292272 -0.2451139655302262
7 54.77694939223186 303.2831972531514 0.4593809715347455 0.06562618424469364 0.14354833541099585 25 1728.0 18713.0 -10.680358543977626 -0.29156502593748396
8 367.81034781950325 316.51636437492215 0.42591001351344493 -0.12454955546293334 0.14088178211705163 25 1662.0 18039.0 -10.640531146412904 -0.3521747250059103
9 312.2421288396072 333.1996404149936 0.38133132748551224 0.8705520159089785 0.02440784848648101 25 992.0 7552.0 -9.695154953225032 -0.0734469603640499
10 299.2304395663854 350.90444545483285 0.44370048595339484 -0.3243554417777837 0.022511588915188695 25 1325.0 14641.0 -10.413926851582252 -0.007467058915609151
11 830.0398641054613 447.94334061641166 0.48674408521655915 -0.5507004001444836 -0.48492527399398033 25 990.0 6627.0 -9.553292426477743 -0.01902419495080654
12 807.5462871811148 456.94570473930446 0.48658490599594095 -0.17316092070233194 -0.41692844976475824 25 1340.0 12731.0 -10.262156295352693 -0.09116154431675669
13 824.8969826109712 486.9047045966419 0.5429365152739718 0.029285356925944517 -0.08345632812339374 25 1431.0 12491.0 -10.241493020894733 -0.09807584041749111
14 439.28034931178587 516.7422227477285 0.4620786980650674 -0.12212361087063359 0.17428497405875473 25 1924.0 20792.0 -10.79474066623239 -0.3828487303837621
15 654.2162156865994 659.2008149384117 0.6835171730042384 -0.7016795792127568 -0.08847688733781955 25 1133.0 4950.0 -9.236512997333922 -0.007230200118194441
16 630.6291918267542 665.0769438858954 0.42030984364035645 0.6849535615857634 0.32898164916653544 25 1207.0 11846.0 -10.183929320762314 -0.07505387845794532
17 266.61686663137067 677.1638739164363 0.5680951999727895 -0.11353301708539668 -0.1560822562557587 25 1810.0 17000.0 -10.576122303445686 -0.300491908796336
18 396.3977301135978 689.0148903494686 0.4622900639453044 -0.45135060232009505 0.043899990381341236 25 1094.0 9090.0 -9.896409708054918 -0.001894154845684766
19 54.64157098799138 692.3605073539135 0.3857103043521115 0.4671242848246894 0.1299480724679925 25 1125.0 10588.0 -10.062034831573277 -0.07140281819410105
20 1.5226078128516498 735.1612162725928 0.3029390541338937 0.4084635124389003 0.88573882037808 25 2027.0 34880.0 -11.356441190651323 -0.029934280270384486
21 367.7698687704723 752.7856913815203 0.4517603500769123 -0.059668483335586366 -0.0010735531623471274 25 1043.0 6614.0 -9.55116047644421 -0.10015861977117091
22 716.4353415759513 757.8823618213577 0.39008934956319935 -0.1531650651922473 -0.09175561510247751 25 1559.0 15791.0 -10.496024083844404 -0.3995535147535998
23 358.86174336411915 787.3954243544397 0.3990590502259641 0.7733176225478545 0.45947573508968875 25 1102.0 10134.0 -10.01445224988663 -0.03758637547997079
24 587.8175701507466 787.9874227864968 0.465378509895488 -0.08242960516641654 0.216243390632193 25 1027.0 6672.0 -9.560640094074206 -0.1257055848302106
25 833.3316313148125 833.2579623981449 0.24275194927228472 -0.08116079492314465 -0.058646918957644276 25 929.0 9725.0 -9.969724024994363 -0.10454848591519075
