test_CNN/outputs/tables/02636_mf21615m0s0_sources.ecsv
# %ECSV 1.0
# ---
# datatype:
# - {name: id, datatype: int64}
# - {name: x_centroid, datatype: float64}
# - {name: y_centroid, datatype: float64}
# - {name: sharpness, datatype: float64}
# - {name: roundness1, datatype: float64}
# - {name: roundness2, datatype: float64}
# - {name: n_pixels, datatype: int64}
# - {name: peak, datatype: float64}
# - {name: flux, datatype: float64}
# - {name: mag, datatype: float64}
# - {name: daofind_mag, datatype: float64}
# meta: !!omap
# - {date: '2026-06-03 17:10:18 Eastern Daylight Time'}
# - version: {Python: 3.11.15, astropy: 7.2.0, bottleneck: 1.6.0, gwcs: 1.0.3, matplotlib: 3.10.9, numpy: 2.4.6, photutils: 3.0.0, scipy: 1.17.1,
#     skimage: 0.26.0}
# schema: astropy-2.0
id x_centroid y_centroid sharpness roundness1 roundness2 n_pixels peak flux mag daofind_mag
1 557.2438874127666 43.14758206746714 0.5666861533960946 0.3846296615153206 -0.4914337784958472 25 1258.0 9601.0 -9.955791174230162 -0.08782420912270056
2 625.1127710770024 94.60105368096488 0.7227927659501245 0.20901024707523783 0.3204552506584636 25 1278.0 5397.0 -9.330381045163033 -0.10504251690665176
3 55.915566663424904 120.7288539101064 0.42439484431634583 0.29745764823789905 -0.226730618774317 25 1745.0 17552.0 -10.61081652557659 -0.41862628782814915
4 74.29425632429798 158.93805634813504 0.4009917677383542 0.17049211940626038 0.06574359592693402 25 1368.0 9430.0 -9.936279231843322 -0.42603127220454
5 687.4532956207827 194.9432902920693 0.5936827785531602 0.3655448123399459 -0.001446047657566091 25 1432.0 8982.0 -9.88343262681674 -0.2684367676994082
6 797.9488783654825 253.30549132763028 0.5069909904888736 0.11259628983156955 0.18076693734434773 25 1225.0 7076.0 -9.624469560594214 -0.23945177665175219
7 807.8733524725102 290.6173090027926 0.42779986475344206 0.07786805770581502 0.31161184888582044 25 1142.0 8134.0 -9.775760420171423 -0.21705497063817744
8 125.23293123061444 297.33940395711676 0.49124124880647774 0.29562310463603264 0.31271892837236925 25 2193.0 25285.0 -11.007157394921407 -0.397219838262124
9 11.726240531676694 374.0196115154515 0.4678327936502352 0.05361835181153979 -0.1603656002148343 25 1418.0 9704.0 -9.967376969646292 -0.399877307225208
10 698.3345726118068 397.48145106241924 0.4191908913082726 0.2552031689897259 -0.13620958841947314 25 1893.0 18869.0 -10.689372211197988 -0.5186328317021512
11 80.66551721077447 402.2779115492957 0.5519346284665193 -0.280201316959062 0.31767737561659554 25 1324.0 10733.0 -10.076802823401154 -0.07587786112581701
12 753.884119184489 448.59834423197276 0.49805487112267766 -0.4753347936022302 -0.44550022826053426 25 1365.0 10016.0 -10.001735789665887 -0.22446004402281833
13 453.1009114759582 599.4669617305395 0.516798746325619 0.6467674690199973 0.12025981935246581 25 1054.0 5166.0 -9.282886004593246 -0.10040491685695997
14 700.8243901224834 637.5020168951764 0.4414479596475941 0.3539777324627549 -0.06182249311843021 25 1271.0 13341.0 -10.312970960421492 -0.05678900521078674
15 574.4268065783442 637.4110261448685 0.5831945779520447 0.7853225372429125 0.07419538592771828 25 1346.0 9761.0 -9.973735781931772 -0.08942374053299598
16 770.6870806624518 689.8308590818762 0.675818982897665 0.10333848075161069 -0.02824774694411575 25 1501.0 10134.0 -10.01445224988663 -0.14440368579634505
17 650.211912399218 700.0292028554056 0.3963701385948909 -0.022837164482143516 0.05547992221027837 25 1544.0 17270.0 -10.593230843918647 -0.304180497730473
18 33.53326374272475 716.8030484023471 0.5458960729261695 -0.18998470782062452 -0.27202979784111253 25 690.0 -2586.0 nan -0.03697733191379675
19 210.02815872018877 788.5580357305078 0.4249237640496406 0.3295760707335543 0.4344817645175957 25 1079.0 6752.0 -9.573581084043996 -0.15676099042144273
20 433.3701459462621 827.4364438193791 0.5076352444978144 -0.09943006598512338 -0.095545780934043 25 1441.0 13354.0 -10.31402842974366 -0.15671186137319645
