test_CNN/outputs/tables/02645_mf21629m0s0_sources.ecsv
# %ECSV 1.0
# ---
# datatype:
# - {name: id, datatype: int64}
# - {name: x_centroid, datatype: float64}
# - {name: y_centroid, datatype: float64}
# - {name: sharpness, datatype: float64}
# - {name: roundness1, datatype: float64}
# - {name: roundness2, datatype: float64}
# - {name: n_pixels, datatype: int64}
# - {name: peak, datatype: float64}
# - {name: flux, datatype: float64}
# - {name: mag, datatype: float64}
# - {name: daofind_mag, datatype: float64}
# meta: !!omap
# - {date: '2026-06-03 17:10:19 Eastern Daylight Time'}
# - version: {Python: 3.11.15, astropy: 7.2.0, bottleneck: 1.6.0, gwcs: 1.0.3, matplotlib: 3.10.9, numpy: 2.4.6, photutils: 3.0.0, scipy: 1.17.1,
#     skimage: 0.26.0}
# schema: astropy-2.0
id x_centroid y_centroid sharpness roundness1 roundness2 n_pixels peak flux mag daofind_mag
1 514.624162340077 20.57836024087574 0.43710053059684734 -0.2527969201239805 -0.30432534469604583 25 1012.0 6247.0 -9.489178764865054 -0.0179296182498264
2 130.72933855965647 26.532581065847783 0.5690627467065748 0.6040132560393185 0.22091645222238482 25 1905.0 19932.0 -10.748877196247548 -0.20479642548595908
3 624.6161144397227 37.08616461887997 0.4839520666743726 0.24108325336014044 -0.07698144783624804 25 1279.0 9670.0 -9.963566185207505 -0.1447064343082684
4 727.9767418104765 46.35693080171159 0.5455430129876874 -0.4141503539716168 0.1570582847668309 25 1685.0 12816.0 -10.269381246850406 -0.33534558664598785
5 756.226357968325 50.85371807048557 0.559049364280624 0.05226245351777691 -0.12160736183649608 25 1499.0 10760.0 -10.079530678325925 -0.252578714071456
6 525.569291096299 54.36057329793464 0.5093608466070665 -0.19901597392549622 -0.13209555530047834 25 1681.0 15611.0 -10.483576809317114 -0.2853073299161371
7 229.42477758871368 78.89573647545798 0.4509527272419664 -0.23478118496022615 -0.025530736755905246 25 1101.0 8525.0 -9.826735969161339 -0.07466323975907904
8 534.251657183814 124.39817774174075 0.4439951991217888 0.29327450262190535 0.3041713347543523 25 1188.0 10277.0 -10.029665891319311 -0.03927626075859266
9 602.8299303388166 150.622506650376 0.4479522966376852 -0.16173853371913252 -0.04630333868435858 25 1203.0 9336.0 -9.925402107593284 -0.17224596403866418
10 507.51442290200237 166.1278944988015 0.4301990930346526 -0.6662167655516443 -0.16398521537012764 25 1092.0 9840.0 -9.982487746078354 -0.00926193951292255
11 706.8280622809777 174.0289358909744 0.4124138401595117 0.44002651106703017 -0.5026551853841104 25 2306.0 27722.0 -11.107061397969096 -0.5275488592476341
12 272.71597054343124 290.5391932221889 0.4306913775598033 0.3863542256230103 0.541027642570714 25 1749.0 17516.0 -10.60858734130022 -0.3449428094175413
13 101.12540675938251 313.13354709570785 0.4508047884490357 -0.6027327372437824 0.15909886424638275 25 1338.0 13977.0 -10.363534912919707 -0.07204852421978115
14 273.74284262505716 322.919761852321 0.5563266067402676 -0.39484680940616634 -0.05635968524102395 25 1869.0 13908.0 -10.358161705028053 -0.45262830745026417
15 357.56806636861705 383.703562313715 0.6060104067804588 -0.25879994827763647 0.004087045204277862 25 1420.0 8565.0 -9.831818418253825 -0.16286872832557286
16 484.9215188692931 390.79061767745645 0.6321549664790093 -0.5460240715590601 -0.24193727442554297 25 1146.0 4681.0 -9.175846602818606 -0.026860099965452328
17 378.2439116602764 404.9834361457866 0.507366142036722 -0.2911252142423372 -0.06223974777651768 25 1499.0 8686.0 -9.847049562565525 -0.37822710597302767
18 160.29926001542216 411.8195874307422 0.6080910290777886 0.05643853429236623 -0.1389605795326567 25 1647.0 12699.0 -10.259423807984183 -0.28026797319530083
19 296.1621667751199 432.03367273013407 0.5379219269800233 -0.14274402851204482 0.30327991566743434 25 1494.0 15082.0 -10.446147341130503 -0.08326997785427177
20 370.88611481008303 437.69794373563514 0.5331777298038705 0.2706084621479246 0.49379668227009244 25 1407.0 10557.0 -10.058851303887135 -0.12498115552087309
21 297.822382004909 447.19085779561976 0.41808642695685433 0.19582333771975607 0.03277979041269767 25 2358.0 27598.0 -11.10219402577573 -0.5106840525511556
22 200.2560183243207 466.8102465521379 0.479988051684707 -0.36318999374162125 -0.286179010009882 25 1586.0 13238.0 -10.304555941880462 -0.3353119288657429
23 488.4291548123139 467.75085172728325 0.5913333294189319 0.43502613096432063 -0.12239171144414583 25 1840.0 15393.0 -10.468308173437617 -0.32991666930646835
24 800.4321033335755 473.1259154685285 0.5798710427068046 -0.2806492602265016 -0.12289797660397557 25 1835.0 14491.0 -10.402745891127312 -0.38938918371530373
25 147.840764149224 479.46609813283135 0.49748377937180777 0.27267191695695586 0.4858154588953601 25 1410.0 12319.0 -10.226438638055503 -0.13415938982416004
26 262.2060771517711 490.7507173962238 0.5311190325013281 -0.2002600872785948 0.05039072823998555 25 1586.0 9159.0 -9.90462014754581 -0.40318668521947537
27 683.0326010181142 511.61976346436444 0.46385280411656754 -0.2763129771925294 -0.7737162870718433 25 1110.0 9331.0 -9.924820473570291 -0.016700192248958603
28 803.0651613506311 517.5039653292661 0.4183604993068067 -0.46867788717286507 0.1819411434576846 25 989.0 6347.0 -9.50642124578489 -0.051548931592828584
29 203.99184433366287 554.5878428378271 0.5087661847495604 -0.5041986265575704 0.15355061762583536 25 1475.0 10732.0 -10.076701659999754 -0.2822400512360391
30 484.07843960085904 566.4219369070679 0.4435356871809204 -0.17653647003552134 0.22531899512203346 25 1580.0 13179.0 -10.299706144962457 -0.35972961512431767
31 247.18620536967467 619.5462466951202 0.6576477654858104 -0.21469936711236348 -0.69965800925362 25 1160.0 4948.0 -9.236074227392708 -0.011128215722694264
32 645.2881000829788 653.2630885684989 0.5680209938458067 0.14285412304909909 -0.32431814032696055 25 1643.0 9204.0 -9.909941524991515 -0.4299570168528572
33 519.2511236219847 679.2689152902611 0.4821913492875942 -0.3292180573318588 -0.2805396916382498 25 2002.0 18231.0 -10.652026227667445 -0.4832654712302653
34 631.0526508200172 710.6761388303373 0.5502680764236189 0.5430555951557143 0.19182201706579988 25 1356.0 8573.0 -9.832832059316836 -0.17582312756113047
35 826.9845830519128 728.9436387097295 0.6498918010487668 -0.2046904904963549 -0.6561346962861188 25 1109.0 3252.0 -8.780376342305075 -0.06444559423009295
36 486.37792063810014 740.2463658111051 0.40142423067437877 -0.1849711905783091 -0.3633833706702924 25 2055.0 19420.0 -10.720623063929967 -0.629227050272037
37 375.16260723975034 741.5104519861515 0.535006246514859 -0.7246747659473027 -0.31482616119369 25 1380.0 12646.0 -10.254882943692998 -0.054190697806580285
38 16.662956228794993 790.9678957183214 0.553251482737335 -0.05753502171953123 -0.3040809237366982 25 1119.0 6524.0 -9.536284880920595 -0.04942527335674288
39 631.4026460218809 816.8386580863702 0.39607765416844604 -0.9631535356071866 -0.4908933303872431 25 1064.0 8377.0 -9.807721288605999 -0.043241670170783245
40 452.2409973594602 825.128269998155 0.5185273556655954 -0.13082831437193002 0.7279896935980236 25 2493.0 26962.0 -11.076880260899646 -0.4818292070152897
