test_CNN/outputs/tables/02668_mf21707m0s0_sources.ecsv
# %ECSV 1.0
# ---
# datatype:
# - {name: id, datatype: int64}
# - {name: x_centroid, datatype: float64}
# - {name: y_centroid, datatype: float64}
# - {name: sharpness, datatype: float64}
# - {name: roundness1, datatype: float64}
# - {name: roundness2, datatype: float64}
# - {name: n_pixels, datatype: int64}
# - {name: peak, datatype: float64}
# - {name: flux, datatype: float64}
# - {name: mag, datatype: float64}
# - {name: daofind_mag, datatype: float64}
# meta: !!omap
# - {date: '2026-06-03 17:10:21 Eastern Daylight Time'}
# - version: {Python: 3.11.15, astropy: 7.2.0, bottleneck: 1.6.0, gwcs: 1.0.3, matplotlib: 3.10.9, numpy: 2.4.6, photutils: 3.0.0, scipy: 1.17.1,
#     skimage: 0.26.0}
# schema: astropy-2.0
id x_centroid y_centroid sharpness roundness1 roundness2 n_pixels peak flux mag daofind_mag
1 29.496961786142176 6.580768214551547 0.5948608465013425 -0.4288580927051364 0.13846420255184283 25 1693.0 10403.0 -10.042896496219537 -0.09370387763361278
2 656.7949601663697 19.854370917256755 0.4411181590051417 -0.39367310230893093 -0.14225540390231695 25 2091.0 20730.0 -10.791498255234654 -0.2794668593535625
3 380.11067082977627 20.844482607624972 0.41038472175925633 -0.8027213684710335 -0.03788340426872204 25 1446.0 10396.0 -10.042165677072436 -0.13897964423527887
4 156.58439851509073 29.998536578122412 0.49530555729920034 -0.28563019717039795 -0.058449984847065366 25 1844.0 14937.0 -10.435658452487804 -0.19780345064602167
5 76.42815706091653 103.81047763145288 0.5976481626548037 0.5199233521690683 -0.13934023796187645 25 1625.0 9759.0 -9.973513295003789 -0.1113347053793346
6 344.8126044711077 135.28620886085386 0.49291990475494163 -0.5986444937810583 -0.08128337034382811 25 1959.0 13932.0 -10.360033664465496 -0.39675417474012664
7 363.81545141124445 135.27572191931313 0.5148805528883972 -0.23143742824603744 0.12466367333098799 25 2125.0 18567.0 -10.67185434353119 -0.3445780703072182
8 248.2059590304824 163.33913507251555 0.4607191525730479 -0.6344517193921341 0.29272241298963014 25 2889.0 29896.0 -11.189032712103952 -0.5734129837620895
9 579.1872378447134 187.51670999508517 0.4326404536040899 0.402129092584588 0.015519444569326525 25 1855.0 16700.0 -10.55679117786896 -0.25350300173059737
10 684.708880024274 192.1703337156606 0.4047800215192416 -0.3748413244293765 -0.45619629264008466 25 1735.0 16581.0 -10.549026798253593 -0.22534032604519677
11 35.40945753584522 218.48241217864802 0.47985205144779536 -0.1578817294596907 -0.049329811822825295 25 1350.0 5679.0 -9.385679671708647 -0.16462193268707886
12 77.8212737714458 303.2722107782109 0.5052102941464454 -0.23559858262416858 -0.02472074099289818 25 2057.0 14137.0 -10.375893144996297 -0.45079928831448224
13 753.8915674965781 313.06963866949076 0.40206170869228824 -0.1853370922361339 0.015636551020724046 25 2045.0 19362.0 -10.717375539468872 -0.4057943640302506
14 106.67044383191208 338.63299688645765 0.60239790367303 -0.4077734708253024 0.22805650175563857 25 1504.0 6601.0 -9.549024331878963 -0.09462379299940156
15 233.46062582354983 430.3755159251143 0.4934052979997686 0.057849916015255014 0.25422065662927473 25 2362.0 21472.0 -10.829681246222245 -0.40712982107852014
16 832.7311924447499 438.60116813920285 0.2623670040231851 0.7597663141053739 0.9560098454593793 25 2435.0 40663.0 -11.522998541226215 -0.042734302980864516
17 721.351048450932 448.7854523038401 0.4568442155689508 -0.4525389093975897 -0.4993631864204227 25 2983.0 28636.0 -11.14228088436449 -0.6302877530885198
18 263.8844895084115 499.5378187851548 0.4659198568027709 -0.15334132780546256 -0.06719380882497332 25 1703.0 14389.0 -10.395076531475851 -0.06671042779434237
19 645.9722948296787 499.7658526517342 0.5057000039980243 -0.22683953937860815 -0.11516436625687591 25 2585.0 36529.0 -11.40659445835443 -0.052694478998705566
20 696.9601291253729 502.0086589020146 0.3517724719087707 -0.5163287890450716 0.35248537228459087 25 4308.0 77806.0 -12.227532722114876 -0.2494984317256831
21 124.57136176124743 509.1465787080121 0.43077907177857855 -0.4496949183080354 -0.3832066298385957 25 1469.0 10424.0 -10.045086006761322 -0.1367307066213465
22 717.9319211652095 567.2708199143951 0.46566324221109506 -0.4549424762653822 -0.10998518673719442 25 2289.0 19121.0 -10.703776503731639 -0.46025932530494373
23 745.9904891669921 647.3144751587577 0.48346139687913275 0.07306071323195155 -0.4894294753254581 25 1843.0 17130.0 -10.584393407413778 -0.10724068100726188
24 251.01890722702083 705.282409005989 0.5748659815334899 0.074553132243247 -0.11094552378626461 25 1638.0 9331.0 -9.924820473570291 -0.19642318423078095
25 238.1607460172041 754.8836624058162 0.5678700587396803 0.3524285536266105 -0.0748286554448021 25 1631.0 9928.0 -9.992154421226683 -0.08656094464718747
26 9.737671378289718 761.6184485705705 0.5309839314152542 0.32708259944984375 0.1172800257586873 25 1976.0 13138.0 -10.29632314382935 -0.34302574198705404
27 151.00743829090374 771.341601518481 0.46980080751590825 0.502726255631666 0.00925721631629015 25 1674.0 12977.0 -10.282935761585904 -0.23703111417752318
28 714.8612965756702 781.6758430833794 0.5400463421957081 -0.6190617723472749 0.1676547521512139 25 1814.0 12927.0 -10.278744372020075 -0.24144198453530993
