test_CNN/outputs/tables/02665_mf21703m0s0_sources.ecsv
# %ECSV 1.0
# ---
# datatype:
# - {name: id, datatype: int64}
# - {name: x_centroid, datatype: float64}
# - {name: y_centroid, datatype: float64}
# - {name: sharpness, datatype: float64}
# - {name: roundness1, datatype: float64}
# - {name: roundness2, datatype: float64}
# - {name: n_pixels, datatype: int64}
# - {name: peak, datatype: float64}
# - {name: flux, datatype: float64}
# - {name: mag, datatype: float64}
# - {name: daofind_mag, datatype: float64}
# meta: !!omap
# - {date: '2026-06-03 17:10:21 Eastern Daylight Time'}
# - version: {Python: 3.11.15, astropy: 7.2.0, bottleneck: 1.6.0, gwcs: 1.0.3, matplotlib: 3.10.9, numpy: 2.4.6, photutils: 3.0.0, scipy: 1.17.1,
#     skimage: 0.26.0}
# schema: astropy-2.0
id x_centroid y_centroid sharpness roundness1 roundness2 n_pixels peak flux mag daofind_mag
1 690.4372957104864 38.5181342840779 0.45646607887457213 0.4603330091350293 0.31982438307688565 25 2227.0 30979.0 -11.227668486633233 -0.2848279722623883
2 299.5399401323451 101.0093149835798 0.5829356300854854 -0.042160144154886434 0.327068589983584 25 1618.0 15045.0 -10.443480480190248 -0.18649987510313648
3 554.5211696639395 147.6218971605994 0.5537430333512076 -0.5549625698641623 -0.05899779042494934 25 1219.0 9578.0 -9.953187081766472 -0.04214930199327684
4 138.94789373214473 161.54420657310467 0.49915796183050687 0.2848642565302538 -0.16206547460789442 25 1661.0 17475.0 -10.606042961044297 -0.20794924827683564
5 503.91925903508184 167.7100911411029 0.5184577546685801 -0.07166273960409705 -0.04467725326764523 25 1386.0 9757.0 -9.973290762474878 -0.31771727366253766
6 607.8698512366526 173.38913335245763 0.41593703419861777 -0.12009798045769911 0.16266774543895282 25 1311.0 12925.0 -10.27857637941495 -0.08976250902567756
7 734.9301463626805 297.2412517409348 0.4194615243048439 0.22226181683606105 0.03646641045559741 25 1247.0 13423.0 -10.319623975469094 -0.029049819826607506
8 22.438838722827096 342.85367928258665 0.6030301632521466 0.5400144076087228 -0.03150015516354288 25 1405.0 9309.0 -9.92225757575957 -0.24507236423850132
9 253.72115028128 385.53202368749743 0.5011633865484062 0.4866918818547939 0.16177897047200238 25 1248.0 9058.0 -9.892580790867346 -0.21124506891537861
10 346.3856293127411 393.4616431108374 0.6047829791340529 0.17719814093284883 -0.16906422595401754 25 1450.0 8025.0 -9.761112602692275 -0.2881337623974323
11 502.4804151091897 400.6756077935724 0.4910127265306521 0.05833995707113409 0.23827578839954025 25 1264.0 11302.0 -10.1328882574047 -0.043749105516151146
12 626.9525254483075 471.0558828472987 0.4045140081089016 -0.5455546197933744 -0.7230531301602515 25 713.0 2102.0 -8.306581779230559 -0.04199406693728246
13 180.87892244795356 526.5445320183636 0.5287451565649253 0.5116093146904414 0.456856559750685 25 1583.0 13507.0 -10.326397249660035 -0.29977404586834133
14 597.7535373794911 581.346083463423 0.5037016084051094 -0.3762092575473682 -0.2924641188409461 25 1063.0 6807.0 -9.582389376511497 -0.08926783842716676
15 89.03437653037764 608.9384984983635 0.3979703923327877 0.656170217692784 -0.30414243256177687 25 1859.0 21364.0 -10.824206423242748 -0.45152377552277967
16 204.19503774006714 649.390714059317 0.47375719279166534 -0.5054172266316878 0.503237947979607 25 2029.0 25192.0 -11.00315661907122 -0.29334112653983957
17 590.1590999112133 650.590652557126 0.50723568265133 -0.24603233760497642 0.5033930882608637 25 1218.0 9823.0 -9.980610360116929 -0.06570144894791732
18 568.1358067982895 652.6458033628909 0.3825991772662358 -0.4416376888358886 -0.03781559198676771 25 1093.0 9139.0 -9.902246693316652 -0.1405116669809815
19 522.6274086725956 692.7958444913193 0.4061880319634033 0.2918452870844519 -0.22127802993984017 25 1095.0 8665.0 -9.844421417624838 -0.11736431766836142
20 98.78554282935126 766.3014614537154 0.4974755341431189 -0.24555724029533677 -0.03792345858874722 25 1460.0 12499.0 -10.24218817014922 -0.2965437058992234
21 620.9454789722328 778.4671342835384 0.5341699718132561 0.4371935504520072 0.30406852299412945 25 1206.0 7992.0 -9.756638688044815 -0.14311874571465685
22 308.59574772303307 799.7839800446612 0.545387977765585 -0.1232949579285057 -0.457543468050475 25 1304.0 12320.0 -10.226526769571016 -0.068522300981656
23 494.3735594335971 801.1884515191485 0.419127168479681 0.32453818756417896 -0.3152355634447843 25 2060.0 23455.0 -10.925588593207943 -0.5171955653185676
24 442.70998273624366 808.0798858334965 0.47295014094897975 0.07269996022980665 -0.10490744252843512 25 2061.0 22123.0 -10.862110048342801 -0.4890729360343158
25 189.96446255764621 822.1945654494218 0.5694755993829159 0.5689995550623658 0.20895195681617418 25 1226.0 5948.0 -9.435927399624791 -0.19725852825253254
26 334.66658866804835 830.1837794153535 0.38924612372534234 -0.28100766830828033 -0.10990840758072841 25 1362.0 14079.0 -10.371429522330393 -0.26604816060871994
