test_CNN/outputs/tables/02664_mf21701m0s0_sources.ecsv
# %ECSV 1.0
# ---
# datatype:
# - {name: id, datatype: int64}
# - {name: x_centroid, datatype: float64}
# - {name: y_centroid, datatype: float64}
# - {name: sharpness, datatype: float64}
# - {name: roundness1, datatype: float64}
# - {name: roundness2, datatype: float64}
# - {name: n_pixels, datatype: int64}
# - {name: peak, datatype: float64}
# - {name: flux, datatype: float64}
# - {name: mag, datatype: float64}
# - {name: daofind_mag, datatype: float64}
# meta: !!omap
# - {date: '2026-06-03 17:10:21 Eastern Daylight Time'}
# - version: {Python: 3.11.15, astropy: 7.2.0, bottleneck: 1.6.0, gwcs: 1.0.3, matplotlib: 3.10.9, numpy: 2.4.6, photutils: 3.0.0, scipy: 1.17.1,
#     skimage: 0.26.0}
# schema: astropy-2.0
id x_centroid y_centroid sharpness roundness1 roundness2 n_pixels peak flux mag daofind_mag
1 62.02381064836398 19.480088675665822 0.43007289741628396 0.8776649713299954 0.34654561799777706 25 1944.0 23376.0 -10.921925496475552 -0.4831839539856637
2 29.04811711995549 92.31702978965562 0.4007493994215072 -0.4169357728611082 0.13473161342352266 25 918.0 5610.0 -9.372407153140404 -0.1518358392439342
3 67.3774357028097 91.80168416990284 0.4452863447744602 -0.3240173954138981 -0.4221967515050354 25 1070.0 8767.0 -9.857127516385843 -0.12370172358457777
4 96.11128650626068 93.31955584630437 0.48103402450717003 -0.489546077549111 -0.3369650259568005 25 1541.0 19239.0 -10.710456236592254 -0.18873965818826643
5 441.17592391132115 115.97744117393019 0.5086512308859512 -0.5340653406336905 -0.1805352106951578 25 1616.0 17017.0 -10.57720749714398 -0.27838548121961804
6 329.9575117233645 133.64723017078236 0.501464492399437 0.770100524743619 -0.2902990575038323 25 1001.0 6492.0 -9.530946277885485 -0.059700422402680156
7 204.2635978473588 144.73083206166325 0.4450849348094023 0.11526236990157088 0.03681351132079409 25 1991.0 27099.0 -11.082383162380209 -0.31416602824456774
8 281.42289906700876 157.82067642498234 0.5423940562956235 0.45131208304183 0.02053968020029553 25 1252.0 9618.0 -9.957711931844472 -0.20295498792083363
9 66.34517361499674 163.3059801880184 0.44925234156200694 -0.26244859756311506 -0.1274632087348378 25 1077.0 8589.0 -9.834856506853152 -0.09546552771823223
10 375.006558700851 191.6179238679848 0.5321060024646451 0.2037256586206842 -0.14205674576140176 25 1779.0 16040.0 -10.513010909870362 -0.4968617474668607
11 214.0703556817273 214.9840913002956 0.680156140479281 -0.46394798527924075 -0.026855573774895492 25 1290.0 5815.0 -9.411374297661169 -0.2155377615872438
12 543.9658492439839 243.15993914767932 0.44690013129277745 -0.4562817359015708 -0.18837542775208774 25 1739.0 18435.0 -10.664107854855338 -0.41156574197193196
13 354.07925510039945 274.92811782705184 0.4380518998270365 -0.26670889597889336 -0.25280410299225325 25 1970.0 20108.0 -10.758422191390093 -0.6099339675745794
14 68.0126624336796 317.1020200243822 0.3990322264047218 0.4789095841733133 0.15598821401144047 25 1040.0 8463.0 -9.818810852187571 -0.15595807840062012
15 246.5546809453641 322.08249130955306 0.44534371760532654 0.30479185335311615 0.15100567938515685 25 1053.0 8138.0 -9.776294213793166 -0.1379273536886991
16 61.39130436448336 330.08945222505974 0.6071382177262098 -0.21710758776780867 -0.4341838338232696 25 1006.0 4023.0 -9.011375081428154 -0.10361699384211094
17 304.8621148613385 333.85508578756236 0.4305028167074846 -0.3349399128307809 -0.014843996138528381 25 1691.0 18087.0 -10.643416346462537 -0.44206863253591655
18 26.039568482082124 391.3187954743567 0.5378601122291237 -0.4727329744633266 -0.2424873631607452 25 1252.0 11143.0 -10.117505326296264 -0.10943681777182498
19 805.0419177900862 420.03107326389073 0.39353922647090944 0.13151251745717402 0.09241143245921855 25 2001.0 27929.0 -11.115138465079868 -0.34437729596506617
20 143.76176632004237 426.7740523889785 0.5248100254052573 0.48977952164390076 0.1294900861126899 25 1650.0 15971.0 -10.508330274204265 -0.3456843251863923
21 31.1290185333343 438.4865505016848 0.43685969636315936 -0.6486943305735381 0.15283741898338782 25 888.0 3464.0 -8.848944708363272 -0.20772242544826705
22 79.84462098224107 452.9694749501768 0.5738333674799686 -0.20522165324327835 0.4926510071022082 25 1201.0 10012.0 -10.001302102340464 -0.00745548197315676
23 180.17932017049205 452.76913173825506 0.6821047961432801 0.6509636564780935 0.27616784427498386 25 1101.0 5219.0 -9.293968242138652 -0.05460531595562652
24 586.4283131983046 458.58262855472617 0.4249674658552196 0.07359620239052028 -0.052126307582147376 25 2498.0 44806.0 -11.628340436357732 -0.003381015908054338
25 634.1432639680194 472.823908132878 0.41039413221514415 -0.44699553004064096 0.05382537918787821 25 1918.0 24538.0 -10.974597905313185 -0.4325425458226587
26 142.05067797984546 483.8402447234172 0.5562738450083988 -0.28042886829591346 -0.40718742665210117 25 1193.0 10031.0 -10.003360576029003 -0.023833172176590853
27 239.75586505181087 491.2554174015069 0.5648193502099712 -0.5661591857888111 -0.03733162789554208 25 1128.0 7631.0 -9.70645363388613 -0.1433809320555779
28 155.19472487276568 510.95926523187785 0.639049515605177 0.19795673105882097 -0.02002611396967988 25 1070.0 5543.0 -9.359362196481154 -0.04713001481791036
29 371.13295886260033 514.4610720981798 0.48205268466979423 -0.1196629492561628 -0.14631440690391237 25 1042.0 6971.0 -9.608237706841269 -0.1455393002260218
30 317.14774941474985 531.2815978486371 0.5144072760673752 -0.47105081282394473 -0.672698453985026 25 1660.0 19739.0 -10.73831286760676 -0.2383041143965403
31 537.6963560831965 549.2295311173667 0.5159164384712778 0.02815498912327833 -0.09591788889516148 25 1217.0 9598.0 -9.955451863991007 -0.17565081657394155
32 641.5552591080009 568.2310962613014 0.5162026908848873 -0.32840359493224447 -0.2045553797715409 25 1290.0 13313.0 -10.310689830015844 -0.05408573599798144
33 61.24940109743281 570.4829285511265 0.5385738978056902 0.4434124207895014 -0.4036546631528827 25 1405.0 10115.0 -10.01241471776706 -0.3079930650374374
34 356.77844985489605 577.8041178698973 0.4205631138343178 0.26503180223913986 -0.4218313908837076 25 959.0 5339.0 -9.318649802144773 -0.2472731697916902
35 191.69142228430508 588.6273809874675 0.5303489210340978 -0.014220690730544988 -0.42846535556310417 25 980.0 3149.0 -8.74543165159136 -0.18636202776441402
36 31.380683922505007 619.0518591165879 0.6320406543553093 0.3848453420134986 -0.3848442697545596 25 1048.0 6516.0 -9.53495268909118 -0.04004646370596286
37 122.82276412235852 624.9738536867667 0.663813368487469 0.7454072781821789 -0.14488558446370936 25 950.0 2581.0 -8.529470011359672 -0.00870605628832128
38 591.186256761893 703.5416563552723 0.5180620647280705 -0.32068436042443865 -0.3520784806677329 25 1342.0 14358.0 -10.392734872492701 -0.03167985736543681
39 388.58666727611825 713.0987263462237 0.45422040154835897 -0.6248159190640898 -0.6341465256018912 25 696.0 2058.0 -8.283613426066035 -0.024098492637096534
40 165.3812333027676 741.4923326052283 0.7034665611873699 0.02044180837995251 0.029658749710566187 25 1318.0 8461.0 -9.818554237626048 -0.1332029042608758
41 418.7249457410214 770.8905082978885 0.4844107462905145 0.37888266453092423 -0.02371761682922171 25 1485.0 12714.0 -10.260705517736096 -0.39582724753794807
42 190.7779111880086 791.2319510498775 0.5192209883815013 0.11737842407252541 0.1628987155542793 25 1563.0 14277.0 -10.38659239879605 -0.30996538424179815
43 685.1479020396755 793.2476609139181 0.3962958115049648 -0.20260526342255292 0.5421204095747802 25 1578.0 22585.0 -10.884550237243534 -0.06531795169881995
44 322.51432302389225 797.0823656890019 0.3832324927901829 0.6124226193981505 -0.4136222205104856 25 2930.0 48959.0 -11.724581346632714 -0.4791262169843976
45 819.459042008365 832.0781444433842 0.4211875374032301 0.44572263291266906 0.09104054259210399 25 1810.0 24985.0 -10.994198384446515 -0.20762412077761216
