test_CNN/outputs/tables/02674_mf21719m0s0_sources.ecsv
# %ECSV 1.0
# ---
# datatype:
# - {name: id, datatype: int64}
# - {name: x_centroid, datatype: float64}
# - {name: y_centroid, datatype: float64}
# - {name: sharpness, datatype: float64}
# - {name: roundness1, datatype: float64}
# - {name: roundness2, datatype: float64}
# - {name: n_pixels, datatype: int64}
# - {name: peak, datatype: float64}
# - {name: flux, datatype: float64}
# - {name: mag, datatype: float64}
# - {name: daofind_mag, datatype: float64}
# meta: !!omap
# - {date: '2026-06-03 17:10:22 Eastern Daylight Time'}
# - version: {Python: 3.11.15, astropy: 7.2.0, bottleneck: 1.6.0, gwcs: 1.0.3, matplotlib: 3.10.9, numpy: 2.4.6, photutils: 3.0.0, scipy: 1.17.1,
#     skimage: 0.26.0}
# schema: astropy-2.0
id x_centroid y_centroid sharpness roundness1 roundness2 n_pixels peak flux mag daofind_mag
1 124.8193248328793 19.776089350879346 0.48909900214638835 -0.04969341647162666 0.034259118791411636 25 1627.0 9949.0 -9.994448577164011 -0.4737170987617465
2 180.29098400197938 25.821259325520355 0.4012554393314429 -0.34380526489223084 -0.09124705792698622 25 1640.0 16434.0 -10.539358206594011 -0.3253692351859849
3 348.28718029242486 85.8745628326587 0.4610005876267973 -0.2854873932080961 -0.25677936127015505 25 1560.0 13725.0 -10.343780882805325 -0.2554303826364403
4 631.7528200240332 112.19363809914003 0.4189203347982393 -0.26125598369062986 -0.3408538860263726 25 1268.0 13453.0 -10.322047855486275 -0.02852442482533642
5 543.0812088257497 119.94563939723024 0.42308999640474654 0.4058097779962292 0.29541876821696345 25 892.0 3645.0 -8.904243831634984 -0.0478416116983671
6 220.64845480652153 155.08277415045444 0.41172560343747827 -0.6671806888531647 -0.5271301727719759 25 1946.0 22211.0 -10.866420280286672 -0.40233045216913066
7 400.0028340745807 179.75654093851617 0.4897675295776123 0.40049581401128087 -0.23698120843018028 25 1324.0 12069.0 -10.204178218227309 -0.049153783594292476
8 60.404151350630414 188.4488494253338 0.46449694288061133 0.1542673834307465 -0.30428122201833424 25 1271.0 11789.0 -10.178692419247295 -0.030491285939444963
9 30.710021533958443 241.6721448284286 0.6349316404563281 0.14613769157895096 0.13994804000288916 25 1518.0 13345.0 -10.313296445308817 -0.0469043178999537
10 79.12161521933093 244.9051146510265 0.6263030035066627 0.35403377281906123 0.03062271788068767 25 1349.0 7734.0 -9.721010419342615 -0.06540932166266673
11 237.04624997065625 302.2777455384137 0.49358435431209396 0.19627121443199508 -0.09647755863137818 25 1073.0 6488.0 -9.53027710300775 -0.07265496735338273
12 347.9400569979712 334.3294928414736 0.4432152416585631 0.8526205247101777 0.31035657423886204 25 1269.0 11027.0 -10.1061434364358 -0.08647204747373263
13 302.7683682091809 335.70211149633644 0.5327341840994692 0.6378808113666679 -0.17576604293598033 25 1088.0 5410.0 -9.332993162766423 -0.08228227093270607
14 78.30009584004696 391.3360318046754 0.5182961013444148 0.07706930233646297 -0.04384526746329685 25 1715.0 14631.0 -10.413185025778072 -0.29403411096960247
15 651.4370796849893 426.04586144910195 0.6271731752850462 0.7742210686933798 -0.09216459392578757 25 1785.0 14039.0 -10.368340435091845 -0.3005483086605619
16 142.96603480384644 465.00752873018337 0.4793755165204327 -0.7342573278949786 -0.5106157886996819 25 2668.0 29063.0 -11.158351104756948 -0.632166837662541
17 114.71904023631784 465.7664648635687 0.47570529892497154 -0.3615622834206705 -0.09726494294555552 25 1045.0 6550.0 -9.540603249979458 -0.03548792440497144
18 261.34363683136866 510.9933390262274 0.4655597278863194 0.8009725549914846 0.07319544883454968 25 1003.0 5956.0 -9.437386722700346 -0.030245327526955162
19 391.0499335366844 551.4765979596517 0.39323731245150606 0.15775742228767584 0.26340288124814165 25 1202.0 10491.0 -10.052042217572268 -0.11496708251352547
20 194.0648156459652 645.540713348052 0.39744827239258596 0.5866370552004506 0.23250328283128163 25 1942.0 18416.0 -10.66298826571429 -0.55023995639407
21 169.77166594643197 723.7274699313513 0.6558750772913047 0.8961127798606671 0.4164159920624916 25 1364.0 9074.0 -9.894496937324995 -0.04010295816436859
22 32.52907054869887 725.3935455340294 0.45178546164938366 0.2749720320923762 0.2575810291393376 25 1966.0 27330.0 -11.091599079231651 -0.20406749646124117
23 30.14100572381653 798.9507863338532 0.4755041980444773 0.1715187116034021 -0.044456255081850554 25 1752.0 14519.0 -10.404841763114451 -0.46539202091015025
