test_CNN/outputs/tables/02673_mf21717m0s0_sources.ecsv
# %ECSV 1.0
# ---
# datatype:
# - {name: id, datatype: int64}
# - {name: x_centroid, datatype: float64}
# - {name: y_centroid, datatype: float64}
# - {name: sharpness, datatype: float64}
# - {name: roundness1, datatype: float64}
# - {name: roundness2, datatype: float64}
# - {name: n_pixels, datatype: int64}
# - {name: peak, datatype: float64}
# - {name: flux, datatype: float64}
# - {name: mag, datatype: float64}
# - {name: daofind_mag, datatype: float64}
# meta: !!omap
# - {date: '2026-06-03 17:10:22 Eastern Daylight Time'}
# - version: {Python: 3.11.15, astropy: 7.2.0, bottleneck: 1.6.0, gwcs: 1.0.3, matplotlib: 3.10.9, numpy: 2.4.6, photutils: 3.0.0, scipy: 1.17.1,
#     skimage: 0.26.0}
# schema: astropy-2.0
id x_centroid y_centroid sharpness roundness1 roundness2 n_pixels peak flux mag daofind_mag
1 19.231844955762565 59.1878098309065 0.39972368911228046 -0.30500634107560326 -0.3397828820513893 25 1124.0 9706.0 -9.967600717448168 -0.07099814249815094
2 679.803972164638 92.15583170133726 0.5267679586233275 0.3102350368054224 0.46675523435803945 25 1257.0 4501.0 -9.133272532346197 -0.3041336233131685
3 420.3467737066284 124.16140596022207 0.7041723292690953 -0.19777292290575796 -0.10471386001036351 25 1492.0 5210.0 -9.292094308248812 -0.2601931841578203
4 236.11534746533815 125.12198370857244 0.7024001072235797 0.669948665677449 0.11628587985616529 25 1404.0 7281.0 -9.655477577628993 -0.10219086012954681
5 152.700523624348 147.97119864219556 0.42725245554070185 -0.1595212615579118 -0.29260301606117856 25 1458.0 13660.0 -10.338626748363783 -0.1693992201919302
6 130.90675906724712 214.57918543569232 0.46932575868369747 -0.16272396058539085 -0.6020307104252107 25 1298.0 12152.0 -10.211619402136824 -0.06546054329559328
7 98.44370762478071 228.60646466025472 0.39780716031141106 0.07795482302495707 -0.3007465596180839 25 1566.0 14478.0 -10.401771430731072 -0.34612092273626444
8 326.8348148717126 263.7779857687771 0.5322321506395211 0.456552021945948 0.20431435858904487 25 1286.0 4984.0 -9.243945084127782 -0.2582382271823968
9 666.8595129611076 267.36488594263494 0.47930250821383613 0.5131778163548462 -0.07808438335343264 25 1460.0 7959.0 -9.75214626175498 -0.3787881384857769
10 679.6876316677238 284.6482673230363 0.479390168384306 -0.018010894915165585 -0.008539173208106642 25 1645.0 13084.0 -10.29185133863236 -0.37755879021901284
11 400.3807237003018 288.7796807006589 0.5613800000663007 -0.40257998522633665 -0.5462216791980947 25 1224.0 7365.0 -9.667931877946623 -0.07416377706055777
12 294.9912878409769 322.6176975461276 0.5953803891626475 0.09062948798643324 0.004675507752852506 25 1123.0 5849.0 -9.417704053408306 -0.006820435949241484
13 154.32663035567379 407.1848609596032 0.6626886801075106 0.296163937818353 0.1220510430461324 25 1853.0 13065.0 -10.290273535158361 -0.3023924516157585
14 430.97195396142865 413.39656332589306 0.5321401401842938 0.4865096386068258 0.42449461387623105 25 1331.0 10505.0 -10.053490141854928 -0.0808504929428489
15 578.8859187686004 463.0047210974581 0.5014924345067421 -0.7791900628301488 0.2982468308932396 25 2139.0 20541.0 -10.781553956467453 -0.5055218353994134
16 352.92998157093393 485.63156030327025 0.5766267962965067 0.2776137052845786 -0.26228640715429813 25 1949.0 15175.0 -10.452821749368237 -0.4382123808933227
17 598.5057999651095 577.5433406099633 0.4236248918156737 0.5800536438018181 -0.10038698155615196 25 1927.0 19391.0 -10.719000515899879 -0.44296547799532604
18 215.9888013469365 582.7387709636672 0.47916110610811397 0.10160857307401541 0.526274747670827 25 1303.0 10834.0 -10.08697207812796 -0.10886408662289818
19 770.1824525443543 602.4967766813968 0.46216244770412823 -0.027379305263132387 0.190120266346547 25 1086.0 7164.0 -9.637888942942485 -0.03948666237572152
20 608.6950620818384 649.5545344903921 0.42640269915148293 -0.2639323050567846 0.10305340779425456 25 1057.0 7046.0 -9.61985659711306 -0.14703693632596979
21 214.95074790624517 675.2194832065849 0.4370932156967359 0.36788524221952656 0.37231945086926826 25 1526.0 15181.0 -10.45325095066705 -0.2082362999704754
22 771.0666422354648 732.5419662400258 0.4791853681480421 -0.8500014959623508 -0.22987134512359897 25 1161.0 8726.0 -9.852038021627003 -0.049746574217701504
23 252.9422742667676 761.9140138488675 0.5032485562866088 -0.016651765230463182 0.051864270109396475 25 1111.0 5275.0 -9.305556159924325 -0.145116110204417
24 284.5150633242283 773.8613433341225 0.5618013705825897 -0.2167272006057986 0.08997286505895476 25 1425.0 10238.0 -10.025537813035566 -0.11381177377257219
25 565.8771180709626 798.7379991830455 0.45523487385358385 -0.641435625526039 0.0693698101441339 25 1921.0 18408.0 -10.662516514151468 -0.49221096521175595
26 759.8207642143559 831.966275914144 0.6511170527629532 -0.5560361957621719 0.13180321410289578 25 1289.0 7504.0 -9.68823206342752 -0.03840979621500306
27 833.3793652326455 832.37732751078 0.6201470359516538 0.7407431408018413 0.891397386733154 25 1525.0 12386.0 -10.232327689183883 -0.0894513371623802
