test_CNN/outputs/tables/02671_mf21713m0s0_sources.ecsv
# %ECSV 1.0
# ---
# datatype:
# - {name: id, datatype: int64}
# - {name: x_centroid, datatype: float64}
# - {name: y_centroid, datatype: float64}
# - {name: sharpness, datatype: float64}
# - {name: roundness1, datatype: float64}
# - {name: roundness2, datatype: float64}
# - {name: n_pixels, datatype: int64}
# - {name: peak, datatype: float64}
# - {name: flux, datatype: float64}
# - {name: mag, datatype: float64}
# - {name: daofind_mag, datatype: float64}
# meta: !!omap
# - {date: '2026-06-03 17:10:22 Eastern Daylight Time'}
# - version: {Python: 3.11.15, astropy: 7.2.0, bottleneck: 1.6.0, gwcs: 1.0.3, matplotlib: 3.10.9, numpy: 2.4.6, photutils: 3.0.0, scipy: 1.17.1,
#     skimage: 0.26.0}
# schema: astropy-2.0
id x_centroid y_centroid sharpness roundness1 roundness2 n_pixels peak flux mag daofind_mag
1 461.1434585478291 20.291994342369552 0.46878194384577815 0.10287883211608159 0.044112670524122405 25 937.0 4651.0 -9.168865848778792 -0.1858779665017576
2 132.99464438930963 26.696251027475864 0.6265015574198908 -0.26174977346808187 -0.175281818400992 25 1343.0 8365.0 -9.806164863246034 -0.23675892284915348
3 305.93371661322664 66.37374727218213 0.42656728618258033 -0.5189089456869141 -0.08390948334094549 25 1454.0 13765.0 -10.346940539323374 -0.41659162664970306
4 573.44075195597 146.47273188616913 0.3822205809470188 0.1672887302219474 -0.0021150005476868613 25 1287.0 11235.0 -10.12643269188787 -0.34717323807842004
5 393.45808466167983 272.8006265886446 0.5392295092226087 0.21813756419792854 -0.13950042176365432 25 2154.0 30484.0 -11.210179882386553 -0.2287212350019308
6 373.1932017170741 284.3961644022779 0.439620917226922 0.4921267153967231 -0.05590286819104715 25 1239.0 13991.0 -10.36462189147636 -0.05045951557519597
7 430.78613567585097 297.6617742364952 0.5328216550633892 -0.25160053050843256 -0.3248700755329781 25 1300.0 9505.0 -9.944880303003655 -0.24865157576504404
8 692.3543950053161 304.9949814299186 0.6264145620377601 -0.3101234414277828 -0.1041111897589823 25 1326.0 5826.0 -9.413426200729122 -0.310646519428561
9 271.02747979034126 368.75559581300234 0.4044710384060602 -0.6573934430538803 0.027067507072330854 25 1771.0 19662.0 -10.734069229415049 -0.4918895503178277
10 185.4285111170817 380.0795289053366 0.6122774740967597 0.08509291538893396 0.09446512995428784 25 1138.0 5659.0 -9.38184923483832 -0.16055058215757867
11 180.0070624727006 418.2963672988625 0.4978836188413278 -0.9270584115416745 -0.22184201784543658 25 1402.0 10199.0 -10.021393979460617 -0.35213983245769
12 426.90242811894126 475.2855375015527 0.546129123701621 0.692912094318046 0.25381866569372546 25 1529.0 9721.0 -9.969277357825764 -0.48399276416528964
13 643.0860972598548 485.81783648473413 0.4102290682454187 0.7277152105147161 0.30486820616130217 25 1158.0 9821.0 -9.980389277606541 -0.24708599977905282
14 472.0412378354746 509.32506297318184 0.5873861155142566 -0.0635230328688571 0.42346312624442684 25 1017.0 5182.0 -9.286243521624515 -0.052076342878826086
15 525.8576707456353 547.5446330649446 0.416881760871265 0.7040445616613741 -0.08960896966851792 25 1102.0 6702.0 -9.565511058748132 -0.31750980106270965
16 679.721816884432 553.5449054202319 0.42019488952073447 0.20622544337333557 0.43000629328404066 25 1365.0 10298.0 -10.03188221872804 -0.4029976155656899
17 46.90749419549982 572.5443963604843 0.6149926445896844 0.4680052957183852 0.24873352689733555 25 1147.0 7140.0 -9.634245529440436 -0.0515532558306278
18 615.9061531726351 603.2938883560441 0.4147886779970702 0.7078970781681478 0.09901458249161782 25 1151.0 13052.0 -10.289192662789592 -0.0564070484392869
19 374.6909460126364 617.8476518294804 0.5239108291805563 0.6572559893492307 0.12329119521632595 25 933.0 2878.0 -8.647726974001467 -0.10694528437184421
20 773.0189595796495 636.78753614111 0.406177404046551 0.08634725850140136 -0.6023246063758078 25 2018.0 32178.0 -11.268897618366779 -0.07843905699497707
21 559.1903735110276 638.9827490958396 0.523124270712672 0.2251865272481408 -0.10750379767823919 25 1041.0 6453.0 -9.524404162767812 -0.09368475931270681
22 313.4359824569025 665.7552273289959 0.6580715376644506 0.3142169817146164 -0.01583084036428255 25 1221.0 6229.0 -9.486045827185352 -0.18536557551896257
23 64.64781342630933 673.7285658292416 0.6317326857689667 -0.7179046244014603 -0.024485550958851108 25 1142.0 5647.0 -9.379544469342198 -0.09669644615189628
24 416.7048639695439 676.9037299688173 0.5152523844275831 -0.4882560125088497 -0.1542895867190534 25 1249.0 7084.0 -9.625696381295093 -0.3581475245953589
25 472.8277714065213 705.8153812831574 0.7087669920372911 -0.582317450133822 0.031015352612044602 25 1168.0 3928.0 -8.98542869778728 -0.148948788942869
26 333.4397584455712 716.1094285822289 0.5227360561644593 0.09465532322858512 -0.07816591040143629 25 1788.0 14577.0 -10.409170384456672 -0.5153641553402845
27 32.138912938521955 756.4660699533523 0.462499103198279 -0.7359644184238499 0.12027420373043435 25 2068.0 24352.0 -10.966336587726197 -0.4749656493654891
28 30.134738756215267 793.6777114772091 0.6755753085453523 0.34975654966243136 0.5699732279514955 25 1172.0 6707.0 -9.566320765851628 -0.04417287708554495
29 320.4258074354274 808.4733621966143 0.3630931688759536 0.09906782685933638 0.2760666677259261 25 1142.0 11832.0 -10.18264540247209 -0.18459062182593444
30 37.276856336953266 809.0427956247775 0.6578107390934433 -0.33268268189848893 -0.20300650248279728 25 927.0 2269.0 -8.38958623971234 -0.0369789969361627
