test_CNN/outputs/tables/02670_mf21711m0s0_sources.ecsv
# %ECSV 1.0
# ---
# datatype:
# - {name: id, datatype: int64}
# - {name: x_centroid, datatype: float64}
# - {name: y_centroid, datatype: float64}
# - {name: sharpness, datatype: float64}
# - {name: roundness1, datatype: float64}
# - {name: roundness2, datatype: float64}
# - {name: n_pixels, datatype: int64}
# - {name: peak, datatype: float64}
# - {name: flux, datatype: float64}
# - {name: mag, datatype: float64}
# - {name: daofind_mag, datatype: float64}
# meta: !!omap
# - {date: '2026-06-03 17:10:22 Eastern Daylight Time'}
# - version: {Python: 3.11.15, astropy: 7.2.0, bottleneck: 1.6.0, gwcs: 1.0.3, matplotlib: 3.10.9, numpy: 2.4.6, photutils: 3.0.0, scipy: 1.17.1,
#     skimage: 0.26.0}
# schema: astropy-2.0
id x_centroid y_centroid sharpness roundness1 roundness2 n_pixels peak flux mag daofind_mag
1 148.58457374133496 15.994334481628872 0.5562493723003227 -0.4749876271824023 0.24324389554072773 25 1499.0 9024.0 -9.888497716598168 -0.2181518165265497
2 832.4487198039707 23.208446277045503 0.30547303881102356 0.388799534089513 0.8091534267375899 25 2528.0 43181.0 -11.58823173912783 -0.15692849777390128
3 65.27178844247905 70.28699086498933 0.5085166604907584 -0.46247197003561463 -0.4216351947706164 25 1850.0 15456.0 -10.472742772678545 -0.33773615805868895
4 17.849700292753937 73.84664101143545 0.4244336330164051 0.7003890717801509 0.22560845419665293 25 1687.0 15672.0 -10.4878110574667 -0.3157051044405445
5 574.7275050896653 106.96535720015791 0.5018512226009849 -0.22260971648842756 0.4468358523748352 25 1192.0 7151.0 -9.635916945102174 -0.05166146612190164
6 817.9786160833958 153.39153233088933 0.4225893358358578 -0.28192246812006794 -0.028194340617386654 25 954.0 3213.0 -8.767276813878794 -0.11076882463674056
7 343.0035111790025 192.8998195415269 0.4855747128257183 -0.149010156384054 -0.021201740064556444 25 1396.0 9038.0 -9.890180842487958 -0.2741891658210751
8 382.6148592754021 231.66878747640217 0.45558130853536716 -0.23151476470916715 0.15846274747120495 25 1462.0 15822.0 -10.498153450442695 -0.05735293978516186
9 621.5377109505333 313.47009487955035 0.5813469494805499 0.14747392648233962 0.10908190649705087 25 1731.0 10482.0 -10.051110388416436 -0.3135405133264644
10 735.1022797532316 376.33021038802804 0.41447252261293854 0.49359562849211946 0.1746266551934013 25 1024.0 5058.0 -9.259947062520965 -0.07462248615887321
11 647.845156516736 377.8123380707776 0.40983855674578895 0.08064581416910938 -0.15513400102538244 25 1413.0 15658.0 -10.486840721821737 -0.053354352715814624
12 135.0290543639192 403.1514004888944 0.5345035748230712 0.7609248883139619 0.06955358556963939 25 1365.0 11277.0 -10.130483951083686 -0.0011481377905771051
13 482.57797721277933 441.3539344140743 0.5178726316658816 -0.11922849579153037 0.5267188301000348 25 1563.0 14885.0 -10.431872097456857 -0.06949109654648637
14 260.0140727267357 448.4012033225974 0.4774711653575742 -0.5488353604508386 -0.1238346510601731 25 1543.0 10568.0 -10.059982011516178 -0.30830880731549465
15 603.7702603514249 459.1752910940768 0.43052775630844026 -0.8545664648176237 -0.13276331529027988 25 1589.0 13034.0 -10.287694291648952 -0.31234623057956157
16 437.0046413175469 538.7065666106631 0.5320117132064284 0.7332951706128596 0.4599873520043707 25 2135.0 21239.0 -10.817835162296445 -0.35460868867052736
17 614.3602630723034 538.8436228369952 0.522213711781258 0.3148144588020444 -0.13485334326926843 25 1641.0 12651.0 -10.255312139336315 -0.22003857681128625
18 28.30125203370004 635.4348967131774 0.4782923552960576 0.4029037795686909 -0.1380221227571134 25 1382.0 12527.0 -10.244617693558343 -0.03256257898454793
19 609.5939452886406 697.6958996462087 0.3652829748741552 -0.21319683379211674 0.09285338333474062 25 1187.0 9391.0 -9.931779601367666 -0.16462818391219655
20 90.90811029395024 705.5936735641421 0.47382739670586455 0.10085232755001934 0.27814577398073953 25 2673.0 38598.0 -11.466412004460029 -0.287501487799637
21 565.046629444645 761.300957870321 0.5040435591612624 -0.6705296023154643 -0.10262113958239313 25 1264.0 8963.0 -9.881133491057582 -0.011862602639858616
22 122.97007949472992 782.8037607618936 0.41280001819678563 -0.16400375494980773 0.20570955641357466 25 1568.0 17171.0 -10.586988970551607 -0.19541229758309336
