test_CNN/outputs/tables/02681_mf21748m0s0_sources.ecsv
# %ECSV 1.0
# ---
# datatype:
# - {name: id, datatype: int64}
# - {name: x_centroid, datatype: float64}
# - {name: y_centroid, datatype: float64}
# - {name: sharpness, datatype: float64}
# - {name: roundness1, datatype: float64}
# - {name: roundness2, datatype: float64}
# - {name: n_pixels, datatype: int64}
# - {name: peak, datatype: float64}
# - {name: flux, datatype: float64}
# - {name: mag, datatype: float64}
# - {name: daofind_mag, datatype: float64}
# meta: !!omap
# - {date: '2026-06-03 17:10:24 Eastern Daylight Time'}
# - version: {Python: 3.11.15, astropy: 7.2.0, bottleneck: 1.6.0, gwcs: 1.0.3, matplotlib: 3.10.9, numpy: 2.4.6, photutils: 3.0.0, scipy: 1.17.1,
#     skimage: 0.26.0}
# schema: astropy-2.0
id x_centroid y_centroid sharpness roundness1 roundness2 n_pixels peak flux mag daofind_mag
1 220.30158613559217 13.838104882824442 0.45226253489085144 -0.27717486331149377 -0.2815950784905158 25 1122.0 12121.0 -10.208846128075349 -0.11747114779421189
2 125.35121754457249 20.831846700581444 0.5221078028048395 0.025277035644231602 0.2333636812532097 25 1689.0 16591.0 -10.549681408308851 -0.5289586347226052
3 174.54041173490074 33.947068830144545 0.6751230702957778 -0.5974435175110143 -0.12902063196074687 25 1101.0 6484.0 -9.529607515441192 -0.17189391012848382
4 723.7673676563812 81.23900068650612 0.5309590529587248 0.031074881282715665 -0.14809145630944776 25 1471.0 12101.0 -10.207053152348324 -0.4740968202953447
5 279.1877636752222 113.3734696237061 0.42190832267106715 0.2097262454241364 -0.1550293188739259 25 832.0 6263.0 -9.491956029253268 -0.1039017175821258
6 646.1964202786198 119.66824353579533 0.5844539505753487 0.02201676351831683 0.48210282305454644 25 1062.0 9492.0 -9.943394323863254 -0.02394180828641168
7 114.38808807573317 142.73796589197204 0.4616357650327049 -0.04504971102772483 -0.5566790466930147 25 1050.0 11108.0 -10.11408967769555 -0.010527672246423139
8 112.23587536534556 179.41323918507575 0.4273400769918947 0.43285848289771117 0.10109569244052881 25 864.0 7830.0 -9.734404405144858 -0.04358880116717436
9 574.9975531225493 205.65620930318354 0.5701444894678688 -0.04060892791639339 -0.09055957900744632 25 847.0 4039.0 -9.015684632924971 -0.09674265979300338
10 514.2337425802025 230.60198140974046 0.538195660296646 0.3851374471068497 -0.11033767187868877 25 1304.0 10449.0 -10.047686822944746 -0.4038430715973471
11 797.2806251497879 248.17820569924223 0.5860100631928045 -0.17293226194683972 -0.4245138120139119 25 1297.0 10812.0 -10.08476509256672 -0.2804023793410646
12 329.88566688607585 471.376240145494 0.4095601807298681 -0.12625192991471224 -0.345001928438188 25 1137.0 11392.0 -10.141499940731952 -0.30103792407222535
13 1.1035473747025666 479.7404547362061 0.49318108916596937 0.16654014288956562 0.5007005632915178 25 927.0 6907.0 -9.598223640015368 -0.1311438925301659
14 362.1842536521504 487.42445812614454 0.5259743001143777 0.5887271495339322 0.2107634193607338 25 1191.0 7634.0 -9.7068803890327 -0.3797820093555253
15 757.0384895325567 498.2450119302521 0.6095277891050128 0.6113921910448775 -0.047256994482175185 25 1295.0 11099.0 -10.113209628487837 -0.25262083226654597
16 535.8048548098782 520.3447635584621 0.6462865469134992 -0.17382732797073716 -0.08935046506818074 25 1093.0 6441.0 -9.522383247889778 -0.17851763760339878
17 19.573802869034388 542.8523022252906 0.6226787153877189 0.04835032354292285 0.17858461241117604 25 1327.0 11918.0 -10.19050845272192 -0.2045999817271443
18 782.7411034933302 598.7764419524818 0.5894631472652868 -0.11858113411583489 0.21342267590823452 25 1007.0 7823.0 -9.733433325615062 -0.028393339713526474
19 550.740791083646 605.075127431436 0.5980482495674727 -0.1458455500443231 -0.11865261137357758 25 1386.0 12852.0 -10.2724267921987 -0.2448416659326501
20 822.8902114779069 608.7879169530778 0.7343471512479804 0.6236812555744716 0.45602831061068666 25 881.0 2306.0 -8.4071482573967 -0.046353879602203184
21 621.6331777305854 629.2784592460187 0.5570103021955541 -0.4161266415238891 -0.29301574281695725 25 1041.0 10166.0 -10.01787526341671 -0.010828610215475078
22 546.7382610527653 701.0807812083075 0.5282646363634168 0.04044115237783497 0.3555138342674002 25 747.0 3490.0 -8.85706356739795 -0.014361271117205596
23 122.32303766310835 706.6536414525781 0.4397345287868149 -0.5775678198268095 -0.28364910690685924 25 737.0 4626.0 -9.1630140710865 -0.029658475437594718
24 357.77669974651604 730.1816541363052 0.4071385022383868 -0.10432217683155595 -0.35709026330505145 25 1205.0 11189.0 -10.121978184621023 -0.39079954415576795
25 154.20118271988522 734.1857135225346 0.5856341365716591 0.5072442526944837 -0.12894950627831592 25 901.0 4773.0 -9.196978585915609 -0.11136990794531976
26 795.671636835419 743.485738858738 0.42304273080737365 0.9031146580846596 0.2711053763276387 25 818.0 7092.0 -9.6269218173222 -0.0508909542884744
27 396.7508827265009 773.2312586881585 0.4754364087225787 -0.07820188150212781 -0.03298746455498112 25 1275.0 11047.0 -10.108110885021208 -0.409336597009353
28 676.9929561491693 804.8356912621545 0.553563924524947 -0.784384533781503 -0.23780529613744578 25 1477.0 16768.0 -10.56120316325908 -0.2005294411021774
29 798.2642588112242 810.0008081142219 0.44177903725154655 0.09539155917648443 -0.08193819313629647 25 2092.0 25750.0 -11.026943083443024 -0.6336715310641039
30 387.52056222952086 833.598746149136 0.8712282543775893 -0.7100761943563699 -0.43140403828626644 25 1182.0 5242.0 -9.298742541526455 -0.11974277701656394
