test_CNN/outputs/tables/02692_mf21766m0s0_sources.ecsv
# %ECSV 1.0
# ---
# datatype:
# - {name: id, datatype: int64}
# - {name: x_centroid, datatype: float64}
# - {name: y_centroid, datatype: float64}
# - {name: sharpness, datatype: float64}
# - {name: roundness1, datatype: float64}
# - {name: roundness2, datatype: float64}
# - {name: n_pixels, datatype: int64}
# - {name: peak, datatype: float64}
# - {name: flux, datatype: float64}
# - {name: mag, datatype: float64}
# - {name: daofind_mag, datatype: float64}
# meta: !!omap
# - {date: '2026-06-03 17:10:25 Eastern Daylight Time'}
# - version: {Python: 3.11.15, astropy: 7.2.0, bottleneck: 1.6.0, gwcs: 1.0.3, matplotlib: 3.10.9, numpy: 2.4.6, photutils: 3.0.0, scipy: 1.17.1,
#     skimage: 0.26.0}
# schema: astropy-2.0
id x_centroid y_centroid sharpness roundness1 roundness2 n_pixels peak flux mag daofind_mag
1 720.2559240846007 30.83511546503521 0.42667179947103123 -0.15282713696769212 -0.09999013289292716 25 1046.0 3760.0 -8.937969612319153 -0.03845694927528916
2 771.6019578525486 220.28960122814706 0.4396379269601607 0.3984601530771391 0.15408827930751823 25 1496.0 14187.0 -10.379726421837724 -0.09728615286826936
3 264.05253235184654 296.697950584772 0.4388616658531293 0.4694361310893706 0.17217545388026806 25 1575.0 12189.0 -10.214920192615185 -0.24596321854733125
4 180.85243809890497 302.18974379831917 0.51743804578767 0.3400146461787389 0.12001885704925984 25 2219.0 22149.0 -10.863385307855317 -0.34283214766873904
5 407.6787638093448 309.3990373419003 0.4374425316507729 -0.08218342751306952 0.33422654147069253 25 2126.0 21726.0 -10.842449438001637 -0.42128018709298154
6 208.02372967154608 314.2304137393797 0.470726651183332 0.3082862043961236 0.3453899819132636 25 1210.0 8407.0 -9.811602618542906 -0.02918747519198611
7 659.677617564859 330.301492296008 0.4315262581342565 0.1560436371964036 0.1636391452594124 25 1335.0 10868.0 -10.090374074364632 -0.07551236242302345
8 549.4076975749323 363.2947136125685 0.47266129884961233 0.3417018327918388 -0.048649862186813476 25 2473.0 24478.0 -10.971939826121789 -0.4694203270317866
9 693.3146831837904 420.16536773441305 0.3947915131907279 0.25607161457141714 0.17155825405895636 25 1428.0 13768.0 -10.34717714329876 -0.11151238129895441
10 832.3941889429719 433.98642335413194 0.2604148396990148 0.23422131671563756 0.9013924145244476 25 2770.0 49928.0 -11.745860423932067 -0.09930654805299721
11 710.5731709332474 498.15754638509264 0.4808111718573879 -0.13642786777687574 -0.31711083808355095 25 1961.0 15638.0 -10.485453021984618 -0.4050847479482451
12 217.13853388972203 517.0434630437197 0.5245844384301901 0.5210964401508038 0.2098812358998481 25 2022.0 17333.0 -10.597184342544674 -0.32819797134718864
13 497.6943285126812 566.1755564228421 0.5416377542488576 -0.09258930796054934 -0.2619828103213886 25 1940.0 14756.0 -10.422421616386915 -0.32671483003153834
14 658.5412073834768 568.3964901109704 0.5107601271034643 0.6696735907481303 0.6592809772672424 25 2223.0 22862.0 -10.897785551037265 -0.3363221903551142
15 220.27390702044832 592.2832496711427 0.5569294660636728 0.5372261780172243 0.15129648325798448 25 1557.0 12157.0 -10.212066041743583 -0.04786515476769441
16 65.15080054733278 623.6753465182902 0.4874602126442299 0.01111915812234271 0.15585065726261346 25 1955.0 21604.0 -10.83633542152289 -0.15054338917375215
17 226.48770156423882 712.3163725940485 0.527524445521263 0.6051254905555303 -0.026797000824604802 25 2206.0 19327.0 -10.715411116633799 -0.3659384346360579
18 499.4848930414673 733.1104667781102 0.48791054335069317 0.3568185375658633 -0.2675817596363256 25 1702.0 13573.0 -10.331689622732405 -0.24550323946508798
19 749.2837793891383 742.6077942263504 0.3978308167513162 0.5971636958776453 -0.05907318544276989 25 2131.0 26232.0 -11.047078509153271 -0.28329341620725595
20 543.5748537821502 744.3985901598878 0.6226608304180885 -0.712700031216071 -0.045365811930924996 25 1595.0 9658.0 -9.96221800266082 -0.1232534799543977
21 303.7245453228004 757.0509003116352 0.37410747544305734 0.3156777662807248 0.049526984398208185 25 3647.0 56340.0 -11.877042106624387 -0.4761922524245532
22 513.759670454016 762.9878589942299 0.4256814907654072 -0.7579301265214058 -0.15528734298230568 25 1864.0 19364.0 -10.717487684922132 -0.274395792184714
23 134.8816428146194 783.4924853356613 0.511080245172948 0.1280914255421889 0.0946429835251945 25 1457.0 11846.0 -10.183929320762314 -0.0678242012645939
