test_CNN/outputs/tables/02703_mf21809m0s0_sources.ecsv
# %ECSV 1.0
# ---
# datatype:
# - {name: id, datatype: int64}
# - {name: x_centroid, datatype: float64}
# - {name: y_centroid, datatype: float64}
# - {name: sharpness, datatype: float64}
# - {name: roundness1, datatype: float64}
# - {name: roundness2, datatype: float64}
# - {name: n_pixels, datatype: int64}
# - {name: peak, datatype: float64}
# - {name: flux, datatype: float64}
# - {name: mag, datatype: float64}
# - {name: daofind_mag, datatype: float64}
# meta: !!omap
# - {date: '2026-06-03 17:10:26 Eastern Daylight Time'}
# - version: {Python: 3.11.15, astropy: 7.2.0, bottleneck: 1.6.0, gwcs: 1.0.3, matplotlib: 3.10.9, numpy: 2.4.6, photutils: 3.0.0, scipy: 1.17.1,
#     skimage: 0.26.0}
# schema: astropy-2.0
id x_centroid y_centroid sharpness roundness1 roundness2 n_pixels peak flux mag daofind_mag
1 201.58415929411206 43.00037589236037 0.4651903076702708 -0.20022161836745556 0.013932936235616322 25 1738.0 16921.0 -10.571065063667772 -0.15554810287003323
2 213.05497208617004 78.46811726196125 0.4071185853025849 -0.5416575305421047 0.11800923302925305 25 1259.0 9208.0 -9.910413276554339 -0.0430319042404564
3 555.1454324674177 94.29081810446269 0.39347388181998916 -0.9853036455269759 0.05182197011987113 25 1766.0 22228.0 -10.867250970283353 -0.007698083982612194
4 268.7602879555715 126.53058537992466 0.5616554099624522 -0.40885636177257995 0.157878603373812 25 1641.0 10158.0 -10.017020521231448 -0.17925804737105944
5 637.0763898011724 148.05260610557258 0.46306037909890385 -0.5376148567237965 -0.04764972335371098 25 1651.0 13450.0 -10.321805710846066 -0.19269573473889734
6 274.71005553920935 176.33326316281028 0.47528811451260716 -0.5060319463689094 -0.18277784116539517 25 1492.0 13198.0 -10.30127031006526 -0.02922640473772281
7 576.9484292672987 180.48363025103677 0.5059494414442594 0.02636108602896314 -0.34696265976839596 25 1975.0 20336.0 -10.770663833024832 -0.14073216965723281
8 364.8515948950958 223.90405572360396 0.4626798207012307 0.03640526609535646 -0.10304006860966766 25 2166.0 21920.0 -10.852101374530829 -0.28828359734875464
9 792.9535563947609 267.64036092890694 0.4707461800351088 0.6119122408403493 0.25664336140420774 25 2209.0 29091.0 -11.15939662582454 -0.04946326193016204
10 329.5679004662859 272.79629932081184 0.3870772161487905 -0.41158386178585493 -0.1844733732567138 25 1159.0 8060.0 -9.765837604512727 -0.078024366390755
11 0.6647141281491327 294.2597003918185 0.41116593469425095 -0.5381325597949379 -0.0301960714897123 25 1779.0 13755.0 -10.346151486814257 -0.42174612973218845
12 544.4288163178225 326.8807195730458 0.4888222874362863 -0.6438780945016117 0.16788305435850717 25 1533.0 13282.0 -10.308158689757063 -0.03723134874558909
13 123.16106474618084 333.16516516546966 0.5616251477706459 0.3064627283462772 0.12632077735751404 25 1667.0 12825.0 -10.270143434459635 -0.08385823593660993
14 537.6728535711896 335.78509193660204 0.37971956513151367 0.5047701821051969 0.39494973306237724 25 2558.0 36352.0 -11.401320774237265 -0.2428583412798979
15 399.73560799491685 341.97118029580014 0.47256221547905414 -0.3277797907440375 -0.39890827537896506 25 1828.0 20801.0 -10.795210535008161 -0.022619308852344977
16 423.7664054009922 350.22450344822585 0.4888097858071346 0.028426087574387675 0.3663676287296653 25 2186.0 26899.0 -11.074340337315082 -0.04439944855736627
17 502.7904826540893 351.51231462119955 0.489687152563099 0.1759117300731281 0.22875583848690498 25 2132.0 20185.0 -10.762571884365833 -0.28449406922843246
18 219.16659108651436 357.5509087636518 0.53393456659617 -0.5276967194361688 -0.03694957390379053 25 2072.0 21736.0 -10.842949063524586 -0.1753406738112817
19 307.93820998791085 375.95014393996735 0.46684730254828705 -0.7589548434787176 0.12177161480215176 25 1861.0 15516.0 -10.476949427320047 -0.3061569289340096
20 233.1883572993698 376.8842421384498 0.3877983559466331 -0.38765600442959175 -0.17421226206792337 25 1782.0 18261.0 -10.653811391181678 -0.2732183309808077
21 650.7377898956856 389.7611788000829 0.3949796960972343 -0.5070598332122389 0.4617431604033264 25 2057.0 25499.0 -11.016307872359622 -0.2389075483354285
22 618.5454703063972 412.57338089851237 0.404901658910768 -0.6690339603501784 -0.22152916195666758 25 1785.0 21283.0 -10.820082112583814 -0.08156664730070011
23 749.2472289553555 415.3856303307206 0.43782999268110695 -0.32584650572916973 -0.24119887748302193 25 1663.0 18545.0 -10.670567094161571 -0.016235248478768567
24 141.1833982545964 421.7017269734098 0.5121758848035893 -0.520788750853315 -0.18819919492625883 25 2061.0 15642.0 -10.485730703879932 -0.4123264052954078
25 175.26964264466665 421.52614769779103 0.4417653946347925 -0.2667338862259442 -0.2820970321290765 25 1640.0 17031.0 -10.57810037236269 -0.056420454401413245
26 521.3493413271734 422.5423558112996 0.3974303693543396 0.24820605633663473 0.032695801859327696 25 1831.0 23317.0 -10.919181681763583 -0.10721864058269968
27 476.7323236018875 429.5212633650673 0.4209990261896371 -0.28139061753237626 -0.022323158082892907 25 2119.0 23523.0 -10.92873177143975 -0.3352311890358366
28 207.63307930032482 435.1816886551052 0.4302800324763827 -0.9039183535201814 0.030917396552360824 25 1800.0 16930.0 -10.571642395272338 -0.25388325422423885
29 251.3806349501305 443.2842342206166 0.5084712529021956 -0.18850800567089374 0.10698298015892033 25 2086.0 20010.0 -10.753117721590527 -0.2665338484501231
30 615.8590837370809 469.21753478412853 0.40462475520452473 -0.06880194890725227 0.09226593433781677 25 1986.0 24175.0 -10.958416206887598 -0.16647859783958596
31 501.90826132825777 505.8845314753223 0.48800861051254124 0.19961028485090682 0.34352400992173504 25 1711.0 14619.0 -10.41229416525239 -0.19681866920455143
32 362.0062913258311 542.3887087463705 0.3968154699317483 -0.12417611466412046 -0.004826203988622531 25 2522.0 35501.0 -11.375601466325424 -0.16806573060879484
33 12.198774979008624 577.8875733560766 0.4941453641355383 -0.642198531229193 -0.561031186332242 25 2005.0 21074.0 -10.809367439287527 -0.16481483428088553
34 198.7586829962035 584.350931669738 0.4292919459028988 -0.6409901093058608 -0.023723330889146684 25 1891.0 18288.0 -10.655415532628016 -0.26128605914822933
35 311.6745068115421 584.4680611517932 0.3667112097023604 -0.2805953153770581 -0.2946858352028346 25 2540.0 34748.0 -11.352324532102374 -0.28719106357815477
36 98.16108199137504 591.1813778398737 0.48752209575590016 -0.0661649647636769 -0.28040069759515873 25 2579.0 34203.0 -11.335160500981349 -0.16971245828440418
37 30.59370571427449 596.9689785704031 0.41831808297077316 -0.9404915780871191 -0.5511151790474748 25 1865.0 19100.0 -10.702583418119318 -0.22370135060451873
38 196.08660369841576 623.6173237318042 0.43945115384458827 -0.4822379006464439 -0.15005737975395542 25 1600.0 14364.0 -10.393188491135088 -0.23730475318121147
39 400.45364994127647 673.9428135701935 0.4065046030448208 -0.2892269052559586 0.11335065691454792 25 1711.0 14473.0 -10.401396405268894 -0.2873662815099773
40 481.91535856706093 700.777247171999 0.4891935404919978 -0.29198267391277394 -0.23955849406568336 25 1659.0 15788.0 -10.495817794308696 -0.08756125685824998
41 368.74807655805296 702.6177335392123 0.45594436526251636 -0.8158292008308413 -0.21207365060572653 25 1792.0 18388.0 -10.66133623769568 -0.19523533490209016
42 220.41519282079724 723.4649708890017 0.48359592424728753 0.005265825582601473 0.38042927785146535 25 2384.0 22539.0 -10.882336608898552 -0.4550523623744896
43 518.5308761163146 723.5660117691039 0.5066092649670646 -0.026911279214951626 -0.0024097636317146637 25 1725.0 15627.0 -10.484689030380899 -0.0684611344749842
44 548.8677124842857 749.8558200629944 0.41567641731647315 0.055124800653928524 -0.09971452177618514 25 1848.0 22173.0 -10.864561142495496 -0.07687985958660343
45 399.3656041713808 778.6265546940341 0.42133285985400604 -0.7950803803062317 -0.20753276860019568 25 1446.0 13921.0 -10.3591760836754 -0.04664823412635767
