test_CNN/outputs/tables/02716_mf21887m0s0_sources.ecsv
# %ECSV 1.0
# ---
# datatype:
# - {name: id, datatype: int64}
# - {name: x_centroid, datatype: float64}
# - {name: y_centroid, datatype: float64}
# - {name: sharpness, datatype: float64}
# - {name: roundness1, datatype: float64}
# - {name: roundness2, datatype: float64}
# - {name: n_pixels, datatype: int64}
# - {name: peak, datatype: float64}
# - {name: flux, datatype: float64}
# - {name: mag, datatype: float64}
# - {name: daofind_mag, datatype: float64}
# meta: !!omap
# - {date: '2026-06-03 17:10:29 Eastern Daylight Time'}
# - version: {Python: 3.11.15, astropy: 7.2.0, bottleneck: 1.6.0, gwcs: 1.0.3, matplotlib: 3.10.9, numpy: 2.4.6, photutils: 3.0.0, scipy: 1.17.1,
#     skimage: 0.26.0}
# schema: astropy-2.0
id x_centroid y_centroid sharpness roundness1 roundness2 n_pixels peak flux mag daofind_mag
1 199.78893904268998 44.996733147235425 0.5540061728068624 0.09309717161139502 0.037383392575442015 25 1949.0 10345.0 -10.036826237504384 -0.10229647283927516
2 721.999017701216 55.31785878582849 0.4993474925446048 0.11763187089103982 0.3083013132808888 25 1942.0 13786.0 -10.34859568539542 -0.06274088640145592
3 65.99758661835207 99.58081629111935 0.5175867697605634 0.4991990867409303 0.17521446023348966 25 2035.0 12921.0 -10.278240316205656 -0.1344121058826684
4 306.87169124758213 131.54638765466413 0.4983913545563102 -0.4839365484156209 0.4442047070229699 25 2372.0 22436.0 -10.877363578343697 -0.08000380044567727
5 504.2602240820618 214.58208905024267 0.4208605569225588 -0.5347844914151673 0.06436889365890211 25 2549.0 28645.0 -11.142622066464078 -0.118272339526477
6 289.7491848656149 232.60414348548474 0.4461641302470272 0.2986069077300236 0.07977310676821446 25 2631.0 29717.0 -11.182512410668178 -0.08721551833873588
7 334.6896701083773 297.76975173332994 0.3668987540366351 -0.8267049077931239 0.2154128562925074 25 3324.0 44618.0 -11.623775247879927 -0.3016313409702554
8 394.5276031238734 323.0213394744579 0.4815413252318551 -0.24163625802892197 -0.2778069209396269 25 2291.0 21496.0 -10.830894133562781 -0.026215838472905536
9 467.95257107819003 415.4321654592527 0.4649011831746077 -0.26393314828313286 -0.19453357595363802 25 2254.0 22700.0 -10.890064642982807 -0.03576631972391491
10 430.52753859682633 494.7477321277775 0.4822193427698657 -0.3353546583756302 -0.4265999668687233 25 2020.0 11737.0 -10.173892761456738 -0.20521920716491657
11 713.8107458559527 502.0228903652283 0.4326114512621272 0.08255704588468986 0.13164812818457108 25 2243.0 24110.0 -10.955493025943635 -0.03674187288371296
12 303.5111994561474 509.0308633264308 0.4624310694577077 -0.7512073314811393 -0.1367973499665416 25 2284.0 20296.0 -10.768526135534186 -0.14385113635551094
13 601.1260867761051 524.0562944660886 0.409812550968204 -0.14178291081943137 -0.0047272447051592385 25 2874.0 28993.0 -11.155732888856328 -0.314849110072441
14 342.6501300573573 537.9981937893601 0.46368207662935734 -0.4424876750128837 -0.2483135598935527 25 1816.0 12623.0 -10.252906455537103 -0.0724692894738472
15 357.0593503707714 538.9815929232248 0.4694911163016561 -0.6600943362283823 0.10534964480114056 25 2451.0 26208.0 -11.046084700200812 -0.06785503796199768
16 13.992656264967184 539.8600335176088 0.40460104037091865 -0.058451788241456644 -0.56734352283835 25 1842.0 15018.0 -10.441530249979667 -0.09927723655088766
17 258.3414190053867 564.1226778052288 0.40324055230362915 -0.6196971785910311 -0.23741171804420913 25 2085.0 18680.0 -10.678442179735185 -0.17320010325220386
18 607.2815151248157 565.8809953075665 0.48084156251764265 -0.19539879186403758 0.29884614484508537 25 1898.0 11268.0 -10.12961709578434 -0.09917943501132026
19 219.47985774223045 587.8785786608016 0.4142560265701726 -0.4432748109373712 0.2326081755770646 25 2859.0 35234.0 -11.367404875006457 -0.23631574881878267
20 250.12198097421123 587.601766158454 0.425069310449732 0.2746194146579245 -0.1860495924060549 25 1752.0 13573.0 -10.331689622732405 -0.004756631972453862
21 384.4920618691601 594.3978172393997 0.4671415125058008 0.6297872707214169 0.16965560877619446 25 2634.0 28263.0 -11.128045646284484 -0.137401558146806
22 386.6973900679841 617.1380196541978 0.45141527419422667 -0.3143197898106735 0.24406236590802283 25 1945.0 15005.0 -10.440589999402178 -0.05185185831957644
23 52.56014296214809 623.3483969059254 0.5127953740716409 0.09274480355848497 0.08451955759235147 25 2346.0 22177.0 -10.864756991191362 -0.08542342250414627
24 34.2797067291022 688.1072029373612 0.44849418952992554 0.88390642858262 0.2751923860366357 25 3022.0 37299.0 -11.42924297092228 -0.13359645204299514
25 203.00801144233864 700.6339554540618 0.4497496834837866 -0.6411696839498803 -0.03394860552935108 25 1856.0 12097.0 -10.20669420162028 -0.1429592842591249
26 349.73522174103226 832.0511800569199 0.4990533827265975 0.5423493968992543 0.2801429291719961 25 2447.0 20960.0 -10.803478195779224 -0.25329371829901476
