test_CNN/outputs/tables/02779_mf23086m0s0_sources.ecsv
# %ECSV 1.0
# ---
# datatype:
# - {name: id, datatype: int64}
# - {name: x_centroid, datatype: float64}
# - {name: y_centroid, datatype: float64}
# - {name: sharpness, datatype: float64}
# - {name: roundness1, datatype: float64}
# - {name: roundness2, datatype: float64}
# - {name: n_pixels, datatype: int64}
# - {name: peak, datatype: float64}
# - {name: flux, datatype: float64}
# - {name: mag, datatype: float64}
# - {name: daofind_mag, datatype: float64}
# meta: !!omap
# - {date: '2026-06-03 17:10:39 Eastern Daylight Time'}
# - version: {Python: 3.11.15, astropy: 7.2.0, bottleneck: 1.6.0, gwcs: 1.0.3, matplotlib: 3.10.9, numpy: 2.4.6, photutils: 3.0.0, scipy: 1.17.1,
#     skimage: 0.26.0}
# schema: astropy-2.0
id x_centroid y_centroid sharpness roundness1 roundness2 n_pixels peak flux mag daofind_mag
1 661.2348825555719 22.715354582125588 0.42410590043333823 -0.7517739392263671 -0.04634180298983831 25 1234.0 11595.0 -10.160676882435016 -0.24174916933677826
2 504.0151077248482 26.823116325445945 0.4757598090217833 -0.5000160586240459 0.2284901418152336 25 1311.0 13661.0 -10.338706228339278 -0.12249261972994702
3 629.1261415274275 27.38910665771611 0.43463875071474534 -0.1051091008212318 0.28120672054640644 25 1129.0 10406.0 -10.043209553900045 -0.2034805549328719
4 305.83859240150423 27.86929369244778 0.41367717464287856 0.09344879028789209 0.0327890495053083 25 1343.0 16529.0 -10.545616449170756 -0.13542633407901256
5 507.29655533650833 37.23526173816521 0.4676985425531231 0.6438225814021792 0.2656921493682748 25 910.0 6960.0 -9.606523099026404 -0.0074959964722761145
6 92.32865226658889 48.4890286166892 0.48092720906460784 -0.5680485088180921 0.30584450701762184 25 1312.0 13640.0 -10.33703592580115 -0.1990151242451921
7 513.6713656027125 49.620437428847765 0.635673276399175 -0.5243413133959268 0.14891903696806041 25 976.0 5496.0 -9.350116810128736 -0.0029618450408370653
8 820.9936914023448 48.714831539699055 0.370296393627176 -0.8872102274537542 -0.30726709058211044 25 996.0 9992.0 -9.999131063415197 -0.08440126022953587
9 72.50516901752263 71.25986219044628 0.5180052740593288 0.9966372617225283 0.1917861514764656 25 1547.0 19390.0 -10.718944522696763 -0.10150487644526167
10 101.03916504333576 118.67969784250253 0.4193172188627771 -0.7263814219707047 0.3834758736049855 25 969.0 8441.0 -9.815984750674206 -0.06204122389435844
11 442.5849875332069 143.00131794426906 0.4239088320090557 -0.7982231241850039 0.10500566539725573 25 1814.0 19920.0 -10.748223335219201 -0.5094686357941263
12 652.5848336592804 143.75952276300353 0.5047867547443897 0.1778069017378022 0.47977942046184563 25 891.0 4520.0 -9.137846087028455 -0.05021770510089541
13 635.7098972662193 177.19661165173162 0.6578671990262065 -0.3154692423955975 0.2615070199618395 25 1031.0 5976.0 -9.441026472018356 -0.0025950900189855705
14 816.7811442911561 181.70827539251604 0.5432978906095471 0.05896523345837105 0.4124290576193912 25 884.0 3414.0 -8.833158791946786 -0.12028197189897032
15 556.3311424152522 246.93592378033824 0.47710773175401394 0.06577080887008112 -0.27932335181010726 25 1035.0 8931.0 -9.877250223415967 -0.04145086041999851
16 117.58698250712774 250.58819767442176 0.5277838363971966 -0.9213348377446281 0.4021546466500663 25 1142.0 11045.0 -10.107914300518635 -0.0013572305205797016
17 316.6973733996015 263.9077420985601 0.4278932295234174 0.09079234489366449 0.04358505530058559 25 1882.0 24476.0 -10.971851111311528 -0.38323146595696805
18 718.6922508508977 265.4813938632448 0.44417907512536814 -0.04775817574333844 0.43654438666720263 25 1836.0 19981.0 -10.751543049516455 -0.5451794480048678
19 549.2253747232085 270.43397026812045 0.46574447365211447 -0.17153365444372584 0.11209456458985406 25 1255.0 11250.0 -10.127881306118454 -0.23070041030256197
20 691.7418694454252 292.3646788660165 0.5284703218640826 0.3534603370471998 0.22611164303965 25 867.0 5280.0 -9.30658480633453 -0.012133480454759971
21 633.6278085684523 294.7863934568446 0.5447122459959353 0.7318101494067148 0.17993184243458415 25 901.0 4176.0 -9.051901224985514 -0.0795269289382324
22 77.8137614705251 298.27475031304226 0.47930983259632776 -0.8895475953532497 -0.12853941960797322 25 1746.0 21588.0 -10.83553102348294 -0.28289942223300174
23 458.4355129893749 307.2056599888353 0.44197097922579176 0.45956324606929794 0.20370166409993712 25 1517.0 18455.0 -10.66528512382919 -0.2355336847161479
24 255.29808838348387 328.4419040210521 0.43783794304523055 -0.49111737871746286 0.04353778314463313 25 1498.0 17233.0 -10.59090222003231 -0.274908611519157
25 483.0500220295242 357.2875647953573 0.370756828309627 0.06975557815980599 0.6425927782045077 25 2022.0 32501.0 -11.279741809201077 -0.17723574623209687
26 757.3594072421806 365.15423342796566 0.4895947794824873 0.30191757767286764 0.5225059831236705 25 1098.0 9016.0 -9.887534757595125 -0.12395416623446688
27 833.2207563076431 366.52958752137675 0.4199127259904024 0.2020292741735196 0.28397103649592187 25 1892.0 17058.0 -10.579820275185215 -0.7636315311755741
28 771.4847822610167 385.86553017619036 0.4775508373075219 -0.5091145840002534 0.047959990822174184 25 1300.0 10353.0 -10.037665535027873 -0.34776941005987716
29 73.05340252269669 388.1904090960276 0.4076690838109961 -0.36473488629847894 0.049485853719280805 25 1432.0 15726.0 -10.491545678325611 -0.28613129345467747
30 345.9226657989976 390.1165850670285 0.4994938770822146 0.6623514869251196 0.42841539928562267 25 1497.0 16158.0 -10.520969009487885 -0.23324450515479542
31 674.3488727195532 393.7923892972785 0.3911531310120789 0.13281341355060106 0.40994539225427107 25 1953.0 23945.0 -10.948037103446566 -0.5405618607533201
32 389.03745426152426 408.70959213869 0.39063888625882565 0.579788131254876 0.056366431794180064 25 892.0 6982.0 -9.6099496111954 -0.08000797849647748
33 592.1696343746921 408.23828936773265 0.5092848834656979 -0.7740197642314054 0.04575933896731243 25 1768.0 15159.0 -10.451676382394732 -0.5755936593434279
34 723.8113673370912 434.4027382905117 0.4492601783948539 -0.49878237016890653 -0.16119770506690376 25 1145.0 10649.0 -10.068272067588866 -0.14070600440743022
35 142.48373327814403 488.05747618753 0.46357417469448914 -0.6777806026817522 0.046477636870213994 25 1594.0 18875.0 -10.689717400753064 -0.2487371048804873
36 457.2554291692998 507.7619679495204 0.5219903087923976 -0.09567269044561223 0.414858891648434 25 1157.0 10028.0 -10.003035813215446 -0.09833421628889993
37 276.3611403583311 509.9048473302342 0.4862405460329435 -0.18771056624017118 -0.3191316865663565 25 1167.0 11700.0 -10.170464654365404 -0.02573129209966498
38 543.5491115132168 514.1060860452652 0.5503378167760384 -0.08223059063707201 0.026175941430088206 25 958.0 6346.0 -9.506250169410983 -0.00902180103757376
39 180.79355342991192 550.808276511179 0.4527015988954335 -0.2369168687315378 0.15232529409867465 25 2088.0 25146.0 -11.00117227804372 -0.5128323927337992
40 751.6993634091217 564.1873697917663 0.470097468121406 0.029026919912515884 0.3728210623667818 25 1425.0 12797.0 -10.267770424871385 -0.31804069996800405
41 313.07671903408067 587.5473908216256 0.4188835362944453 0.06388726139816567 -0.1713457260723615 25 1848.0 23007.0 -10.904649981223235 -0.3982241376569737
42 153.89720365134585 589.6809347243724 0.3922202440254998 -0.4455991413826351 -0.032367157910151045 25 1176.0 14082.0 -10.37166084995559 -0.11593577177137976
43 275.2929878273568 606.0766218133973 0.4513664932506692 -0.42940059833841915 -0.10472669432993 25 1775.0 23186.0 -10.913064578821558 -0.27934024366941723
44 696.7654698628604 606.848341917528 0.48117321708873545 0.5516575932536094 0.27723461968856444 25 885.0 4594.0 -9.155477477147517 -0.05533635642773641
45 796.1161061613938 606.92946495106 0.4725584708048939 -0.7737621454783042 0.25866505218560254 25 1173.0 13209.0 -10.302174850447972 -0.04398479401471819
46 820.6923089938066 615.8045090151353 0.47236835624287465 -0.22019259114900877 -0.17541195427390585 25 1946.0 17975.0 -10.6366722476373 -0.6638600028990598
47 479.05907469077204 618.5894265936323 0.40667236694894404 -0.5958189785942433 -0.12839987750892312 25 1021.0 8330.0 -9.801612503516969 -0.16988311007164963
48 340.6844960356509 629.9523954838949 0.4653304839372454 -0.4170638915966017 -0.17445032118491738 25 1712.0 19796.0 -10.741443612847796 -0.3835017798117679
49 655.4134156001404 634.6800478754408 0.40465885648862876 0.2742122076523933 0.29796379725440897 25 904.0 7818.0 -9.73273916524057 -0.004965462710723255
50 165.16669703274852 674.6245122743787 0.576940365197454 0.517975231113039 0.09753091112583609 25 1337.0 13781.0 -10.348201831796311 -0.02240872953746223
51 600.128725051108 673.9529756712218 0.5599326043526732 0.3182649918728996 0.3413165717114822 25 1651.0 15146.0 -10.450744881221485 -0.3624677877586144
52 403.5179702543825 694.3943742618374 0.5036173967168517 -0.01738521457804829 0.24535989349476678 25 1079.0 9666.0 -9.963116977007154 -0.07119891561606603
53 410.96905692623835 698.1779000932685 0.5646850188971316 -0.3770850779190647 0.14102250239021488 25 1329.0 10620.0 -10.065311291863626 -0.24342909472801816
54 582.844896366246 817.8346659498595 0.4555525591253862 -0.19190535329841907 0.600008394604457 25 1714.0 19306.0 -10.714230754635219 -0.36605445847721774
