test_CNN/outputs/tables/02777_mf23073m0s0_sources.ecsv
# %ECSV 1.0
# ---
# datatype:
# - {name: id, datatype: int64}
# - {name: x_centroid, datatype: float64}
# - {name: y_centroid, datatype: float64}
# - {name: sharpness, datatype: float64}
# - {name: roundness1, datatype: float64}
# - {name: roundness2, datatype: float64}
# - {name: n_pixels, datatype: int64}
# - {name: peak, datatype: float64}
# - {name: flux, datatype: float64}
# - {name: mag, datatype: float64}
# - {name: daofind_mag, datatype: float64}
# meta: !!omap
# - {date: '2026-06-03 17:10:38 Eastern Daylight Time'}
# - version: {Python: 3.11.15, astropy: 7.2.0, bottleneck: 1.6.0, gwcs: 1.0.3, matplotlib: 3.10.9, numpy: 2.4.6, photutils: 3.0.0, scipy: 1.17.1,
#     skimage: 0.26.0}
# schema: astropy-2.0
id x_centroid y_centroid sharpness roundness1 roundness2 n_pixels peak flux mag daofind_mag
1 814.9115005344469 22.60722545160518 0.4647561056871 0.5796290346549982 -0.7840582487295367 25 382.0 -5548.0 nan -0.06680452758859755
2 790.163473056498 32.484078757482315 0.5337309942487064 -0.026143949061705217 -0.029535990267623432 25 527.0 -9020.0 nan -0.0736454514441232
3 828.1573831155729 48.24373892361623 0.3740985903616109 0.37033193782812457 0.708135910760209 25 557.0 -2529.0 nan -0.07491760054044151
4 778.3674698233461 64.74236394139983 0.5187354149991839 -0.5132977115274846 0.9191072712228215 25 593.0 -3557.0 nan -0.08617910738584199
5 789.9546832470085 68.96205999813169 0.5316605190820314 -0.8649802894363585 0.23073731568761285 25 543.0 -5195.0 nan -0.128332203166908
6 823.3361989309274 87.51323394835138 0.6638421992148607 -0.05022029230996377 0.2771307556250897 25 720.0 -6151.0 nan -0.039934116768856234
7 785.1102434015264 99.14134049491147 0.49421018638729486 -0.3671252745258725 0.6039048093540453 25 446.0 -9427.0 nan -0.06747005521535548
8 821.1215477440336 107.13973122482146 0.4283859288818672 -0.07266878462587889 0.5191525092078042 25 724.0 -4454.0 nan -0.25859214703918826
9 831.0397660141219 111.46226580623868 0.5413996380917849 0.7412814429808463 0.7765771796342547 25 451.0 -9601.0 nan -0.06741545494495836
10 823.9984286993293 133.98931404372527 0.4466511389022833 0.7660784214594214 0.0954233494651949 25 142.0 -14481.0 nan -0.24850597609928612
11 816.1221003066692 144.07396811711072 0.4699799033123248 0.5330536573013174 -0.35052565301557104 25 588.0 -1336.0 nan -0.03350290532767333
12 825.0018424056805 159.58798945874818 0.6633494642968946 -0.9484181118235276 -0.37989627963714906 25 577.0 -8690.0 nan -0.04169194943991897
13 525.2834541507023 172.6018001927404 0.40690346010035056 0.09880800126420193 0.5284053511515295 25 1008.0 4569.0 -9.149552895139262 -0.06646215645811229
14 793.7915973261237 173.3458403962049 0.6366827923969337 -0.2514115706723472 0.18000033309519264 25 1017.0 -3559.0 nan -0.26807767711203073
15 827.3456678832197 181.00804478019975 0.5318774102463902 0.835885599200466 0.4025965889765994 25 625.0 -4431.0 nan -0.05503793123449185
16 825.9316479772535 187.33331658584214 0.5809618837592418 0.17179431224864197 0.8186685299168143 25 587.0 -8586.0 nan -0.08914733138379186
17 820.4623256854798 205.89546082974212 0.6517179244984201 0.25593900220905164 0.30676597594364924 25 818.0 -2444.0 nan -0.15557622484384534
18 824.9041671803302 233.25493401206003 0.5620025490792914 0.37797684892699907 0.7563101869926899 25 766.0 -5299.0 nan -0.22132163331289184
19 797.7697890423224 242.87219424720084 0.7989398460536479 0.4609705855080272 0.8354938872028345 25 622.0 -11931.0 nan -0.006857861914696104
20 818.372027641349 270.75230715818157 0.3829563040675608 0.42018804903284934 0.43533569267459266 25 337.0 -7794.0 nan -0.11150506189106857
21 817.6173987792988 279.775987326595 0.5119980504270605 0.03159280051238673 -0.7139660080976018 25 676.0 -5228.0 nan -0.19469853128762535
22 831.3793171884016 290.4183607708171 0.5041429394728036 0.40477370285954606 0.8947642488711465 25 426.0 -9436.0 nan -0.13797532077954633
23 803.907919432582 293.1016046978129 0.6564013679943335 -0.009371718754131066 0.04783892985579182 25 817.0 -5274.0 nan -0.10703017282449462
24 773.1308709534042 295.2348165205209 0.5413698344820754 0.5411497876365977 0.5338230557085085 25 490.0 -5673.0 nan -0.008898946004535564
25 171.15170014627407 297.64912919524664 0.4182802208006002 -0.12853911489388553 -0.24851710716833555 25 1480.0 17076.0 -10.580965365329773 -0.015709798123616177
26 827.9978722058605 302.30230972820516 0.5072010622226882 -0.5647497105021623 -0.4790812220882219 25 304.0 -10155.0 nan -0.032921393550750785
27 812.0388407549326 303.1223487690072 0.977631547965562 0.7447202534493069 0.5449918312203248 25 1282.0 -7374.0 nan -0.20327037012529553
28 794.2424308428489 322.5291565329983 0.43310115157769546 -0.5497842491300814 0.4805503625265 25 298.0 -7272.0 nan -0.0025000606705024866
29 823.1660020778492 323.480381285776 0.40580029934699224 0.0848615510822569 0.14187131141645176 25 125.0 -12877.0 nan -0.006860244198216487
30 369.5735162136889 333.9680126628187 0.4846031930585171 0.30230870604185983 0.05094421735140002 25 2002.0 21953.0 -10.853734693497572 -0.25920989805094896
31 793.6202788489908 366.0871097545042 0.5920809560549799 -0.043179408513824485 0.7844840843521297 25 109.0 -16790.0 nan -0.050638031412082604
32 354.0464732298707 379.2497837314031 0.48643756261312693 0.34507076213753946 0.024362425539772376 25 1561.0 14639.0 -10.413778526963885 -0.12542664965612174
33 806.8690376796382 386.31510930206616 0.44276674200726557 0.18394069615943953 -0.28175009798922507 25 491.0 -7993.0 nan -0.23640743869916087
34 815.0986595964046 390.7167067540795 0.49283560368288065 0.3782401526843555 0.44315169223320894 25 495.0 -9351.0 nan -0.14842358158904345
35 822.0394112792637 394.8626443818261 0.5785578032382457 -0.8694494060544895 -0.8587813695471831 25 521.0 -12684.0 nan -0.24833290430377683
36 792.2769005352911 408.28024482356204 0.47047230059925643 -0.06524591944733683 0.5259808294602397 25 368.0 -6482.0 nan -0.002050356502477452
37 801.8123443767371 424.3786492899146 0.5024746001623048 0.06322516306284974 0.7564874733920806 25 615.0 -5543.0 nan -0.17784392557029208
38 834.3946444303717 431.69865431537414 0.6842740590136341 0.49831980833393436 -0.503472864662326 25 786.0 -2570.0 nan -0.05424860713067056
39 816.163414604297 439.0074937732715 0.4235430261243361 0.6913069803589801 -0.040492812628844445 25 654.0 -5757.0 nan -0.15467800548078342
40 817.8417414577309 463.93104758956963 1.0743664266541995 0.9289303783872958 0.7633493458098173 25 1312.0 -5593.0 nan -0.10366018246619735
41 821.633065641903 483.84865039276616 0.6761099634415442 0.6186997343221249 0.03394727211904885 25 1048.0 -3026.0 nan -0.2372876870183868
42 814.8038061233984 494.404344065114 0.6846892973999773 0.09625833075749635 0.799124985495186 25 751.0 -6668.0 nan -0.0789067724651578
43 825.026110386421 511.5614788365149 0.49187210632099315 0.6871221213844662 0.8979891509322477 25 512.0 -4275.0 nan -0.022739502591024984
44 766.0573506468982 522.1940966391977 0.337129004310381 -0.08097336968648532 -0.1028197732063169 25 485.0 -2269.0 nan -0.09450617260943496
45 765.4551506926638 551.4455359871112 0.6637429906167206 0.0675657797137974 -0.18585866190900632 25 898.0 -5555.0 nan -0.25709730527898716
46 794.7349485443297 552.2410642096432 0.3980755691798162 -0.0462891170019299 0.425113850459455 25 620.0 -2379.0 nan -0.059530411864266546
47 828.3480964498709 558.7813199013251 0.4720107716345577 0.34712812562338363 0.32328331799938026 25 696.0 -5290.0 nan -0.2250595982595655
48 812.3432736690197 567.7152357049641 0.3629659026718711 -0.32996223944891934 0.835024641176218 25 391.0 -5835.0 nan -0.3047985004184983
49 815.9259467217872 578.500263803744 0.3776655325649831 -0.4200896492476776 0.7975570550521139 25 326.0 -8863.0 nan -0.10270867780761168
50 776.9701907487728 584.5696698116716 0.6758582610196008 -0.525213914973594 -0.113187777457654 25 902.0 -5251.0 nan -0.10495765937161738
51 813.0715804349328 600.1317226044648 0.5746046555760789 0.1263041401488789 0.5613235682160433 25 706.0 -6213.0 nan -0.02319604704468943
52 247.06369826779314 668.7469881469203 0.5357307814687936 0.37491604641288406 0.2820166850262329 25 1372.0 11055.0 -10.108896867286832 -0.004293461931574823
53 166.97047121783459 699.6064667958655 0.5613337288422 -0.01882771412033707 -0.09689021243045007 25 1597.0 13345.0 -10.313296445308817 -0.09962273040557286
54 787.4940392881384 769.7526522095079 0.4728869309575156 -0.01207688763777432 -0.6104021516530509 25 637.0 -1866.0 nan -0.014153592230181873
55 123.63205187553248 799.5382402039977 0.44977443235076087 -0.2960496419038914 0.2574372551789656 25 1758.0 21298.0 -10.82084705674882 -0.03732059044815604
