test_CNN/outputs/tables/02778_mf23081m0s0_sources.ecsv
# %ECSV 1.0
# ---
# datatype:
# - {name: id, datatype: int64}
# - {name: x_centroid, datatype: float64}
# - {name: y_centroid, datatype: float64}
# - {name: sharpness, datatype: float64}
# - {name: roundness1, datatype: float64}
# - {name: roundness2, datatype: float64}
# - {name: n_pixels, datatype: int64}
# - {name: peak, datatype: float64}
# - {name: flux, datatype: float64}
# - {name: mag, datatype: float64}
# - {name: daofind_mag, datatype: float64}
# meta: !!omap
# - {date: '2026-06-03 17:10:39 Eastern Daylight Time'}
# - version: {Python: 3.11.15, astropy: 7.2.0, bottleneck: 1.6.0, gwcs: 1.0.3, matplotlib: 3.10.9, numpy: 2.4.6, photutils: 3.0.0, scipy: 1.17.1,
#     skimage: 0.26.0}
# schema: astropy-2.0
id x_centroid y_centroid sharpness roundness1 roundness2 n_pixels peak flux mag daofind_mag
1 786.6922173743365 7.373912189261328 0.4728963404642973 0.924480441649993 0.2559204879483164 25 1279.0 11365.0 -10.138923600152474 -0.3705402820901339
2 673.8669838903928 23.05785711782096 0.6075263185431137 -0.03252747229584737 0.33147154816520114 25 1208.0 8961.0 -9.880891193309477 -0.19147107515123538
3 602.3835227802213 96.58268371612687 0.4787127195727571 -0.34839155846713565 0.0795721421809023 25 1794.0 17787.0 -10.625256762661566 -0.5767490572632314
4 342.5650370461611 102.25455596198366 0.47723278015417886 -0.36961280442316174 -0.024391908579986875 25 1119.0 8507.0 -9.824441082012255 -0.2412453457607117
5 617.0111804804934 129.54094685233272 0.5031831406157116 0.3651095891952531 0.5297653594257762 25 1759.0 16256.0 -10.527534226509562 -0.5742182040113323
6 602.4534649012518 139.42489924333347 0.44040076850825133 0.6473331192320985 0.35707712707016415 25 984.0 9583.0 -9.953753720370617 -0.03520835667256926
7 332.0952033315418 147.63077393789118 0.4022226574120054 0.1878733677325907 -0.2521682784634842 25 1890.0 24463.0 -10.971274288287198 -0.5046643178983727
8 635.6238100585325 166.46525170969156 0.5535290936098332 -0.581798382895977 0.3147883665384686 25 1052.0 7570.0 -9.697739698750182 -0.1074100223695788
9 178.3966613230085 169.16202711896395 0.42595788814949276 -0.2148196542784418 0.04930517313915556 25 1461.0 15086.0 -10.446435258449814 -0.40813157926663746
10 773.2448280325658 205.20157209159302 0.6014330782204498 0.11653005954371827 -0.12234714040345032 25 1079.0 8892.0 -9.872498635067382 -0.011159181413804065
11 56.89126583946967 223.55504117106955 0.4045151423205528 -0.08977943828809112 -0.4035933852902276 25 1815.0 25683.0 -11.024114379425512 -0.36067078570007094
12 583.0639383565228 230.43761172143465 0.38486429729031923 0.4855290890130514 0.17545443699275204 25 792.0 4507.0 -9.134718895177445 -0.19351703319931474
13 445.25770734021137 243.5721611230127 0.431337621222954 -0.09770525722779144 0.09575454376718898 25 1062.0 9252.0 -9.915589060246454 -0.1974919129696015
14 521.683248813165 245.0600543804887 0.6092953514144402 -0.31486056195074613 0.3437836314480865 25 1361.0 10827.0 -10.086270341947925 -0.2690184409318622
15 590.1977040961663 311.187598585802 0.4191972463360827 -0.21005348865893275 -0.054665985864713086 25 947.0 8343.0 -9.803305608959555 -0.14062911255179505
16 40.23349033075089 354.6154004154067 0.6066141973253555 -0.15281336188062464 -0.4692889030466026 25 1221.0 10453.0 -10.048102375989627 -0.06011439858550108
17 592.4558232011265 416.4577852047738 0.5050768692759333 -0.6533454751086986 0.4367547742225268 25 1147.0 9173.0 -9.906278483768991 -0.2682051342268793
18 491.1866622390904 447.70179868435326 0.5219383836497817 -0.8650927262557085 -0.2859079224443096 25 996.0 7075.0 -9.624316110490819 -0.10429928456157447
19 415.1224547740858 454.5722878135054 0.4346691751526269 0.3223677919973075 0.07071454189403387 25 805.0 6278.0 -9.49455327841006 -0.0006583171576916277
20 737.9401086766953 455.490661365896 0.6102375781685301 -0.027129085935218806 0.44080855932235286 25 950.0 3478.0 -8.853323944166734 -0.1607949731576323
21 571.3734159229903 477.87824250354083 0.4884680978392367 -0.26485301685893214 0.1155326146967751 25 1168.0 9835.0 -9.981935910638388 -0.2286028297967421
22 149.27645652200283 482.9963065551565 0.3830495446101657 0.02675096186170841 0.5228290696956807 25 1540.0 18011.0 -10.63884456556151 -0.3811987030365611
23 275.5266277593533 514.5420355826805 0.4686166656769202 -0.5538139027782676 -0.18069039594483652 25 1141.0 13643.0 -10.337274697829695 -0.012154214034383326
24 128.4903913222235 557.4738457064333 0.3930842165696673 -0.20532530107638008 0.05993213362005174 25 1033.0 9534.0 -9.94818786897756 -0.197971347395007
25 18.900638007833084 578.5618520897349 0.5292770321339401 -0.029636301420314207 -0.11420865956270315 25 1214.0 13524.0 -10.327762905234328 -0.001956791835651634
26 243.37285237024196 586.3588023281706 0.5028481531109227 0.0302094315328205 -0.19072961240991235 25 1265.0 9737.0 -9.971062925015758 -0.34869458838706835
27 107.29777080918359 604.3521066693413 0.5411321748907175 -0.15733443824253332 -0.34810019787513785 25 1283.0 10546.0 -10.057719417488613 -0.2819687106196016
28 768.5146456231538 658.3854626603927 0.5697923987973503 -0.07228504339133199 -0.10247184863928739 25 1011.0 6748.0 -9.57293768479272 -0.07358000844801837
29 511.521435759252 668.3365811058142 0.3981509283107104 -0.09378683112717658 0.06034540719498777 25 1533.0 15915.0 -10.504516607392556 -0.4888980904711316
30 250.95137657631344 685.4141400044495 0.4507629214814785 -0.4067987660648308 0.031397516101327294 25 823.0 6237.0 -9.48743936012783 -0.02922435481955349
31 823.1657495753982 689.9796414996039 0.5386626535031406 -0.7258766155891118 0.08893667484838765 25 861.0 4758.0 -9.193561094253118 -0.02370181914139194
32 384.86141320535336 704.5341350657752 0.5538542496026583 -0.9801559899787716 0.12061842860259456 25 951.0 5477.0 -9.346356852321962 -0.08065250020268393
33 585.351830454197 747.9299797793499 0.39841470683184343 0.18671845137599558 0.17561099657832835 25 870.0 7930.0 -9.748182968294008 -0.032220615090970114
34 629.5368643912383 792.4508320075582 0.4752392477982836 -0.8621553285313159 -0.28304527771304544 25 1018.0 9114.0 -9.899272560616074 -0.09366318585835114
35 252.49684953722058 820.3549760883326 0.5554078036795541 -0.5533369656817021 -0.17340855765065416 25 815.0 3243.0 -8.777367371682432 -0.019867450066732413
36 270.95688250956397 825.2236597005775 0.5000539799775624 -0.32399145581772604 0.13970675172757024 25 1241.0 12193.0 -10.2152764345033 -0.21248501776894105
