test_CNN/outputs/tables/02805_b62035m0s0_sources.ecsv
# %ECSV 1.0
# ---
# datatype:
# - {name: id, datatype: int64}
# - {name: x_centroid, datatype: float64}
# - {name: y_centroid, datatype: float64}
# - {name: sharpness, datatype: float64}
# - {name: roundness1, datatype: float64}
# - {name: roundness2, datatype: float64}
# - {name: n_pixels, datatype: int64}
# - {name: peak, datatype: float64}
# - {name: flux, datatype: float64}
# - {name: mag, datatype: float64}
# - {name: daofind_mag, datatype: float64}
# meta: !!omap
# - {date: '2026-06-03 17:10:43 Eastern Daylight Time'}
# - version: {Python: 3.11.15, astropy: 7.2.0, bottleneck: 1.6.0, gwcs: 1.0.3, matplotlib: 3.10.9, numpy: 2.4.6, photutils: 3.0.0, scipy: 1.17.1,
#     skimage: 0.26.0}
# schema: astropy-2.0
id x_centroid y_centroid sharpness roundness1 roundness2 n_pixels peak flux mag daofind_mag
1 493.1538305573494 29.26386627939452 0.3943496708685182 -0.09523744994025872 0.07224191313911686 25 1517.0 19130.0 -10.70428742506824 -0.10088361286226825
2 574.292170180083 38.089067567477116 0.35933309118762174 0.918306748507322 0.24248125433704423 25 823.0 3644.0 -8.903945920752403 -0.08972723823380538
3 517.5028634919759 43.791079720119356 0.47686773528609 -0.3037396138726787 0.45650640221292554 25 1158.0 9606.0 -9.956356455757359 -0.06360798654573976
4 547.6498705747248 45.84308213304117 0.5231190503189906 0.6639577283596881 0.05093372143993396 25 1216.0 9755.0 -9.973068184326342 -0.02223893871617448
5 567.42412901465 46.4712754634291 0.509733652340537 0.25782500665300834 0.21089980255131943 25 974.0 5382.0 -9.32735923356934 -0.0009373948869540998
6 794.3184391192651 54.43734459706761 0.5454324638485389 0.764166716262843 0.44879492296785645 25 1601.0 14538.0 -10.406261661302874 -0.2303922146395745
7 613.2099899039906 63.368149981212596 0.3745831167712093 0.49415360721991214 -0.05130421170827867 25 1019.0 9592.0 -9.954772925226981 -0.0021158026592917327
8 641.7460868436876 128.3189729603064 0.37184880847359414 0.4996667500721447 -0.5952970532871179 25 1790.0 26468.0 -11.056802814928893 -0.021143298373939294
9 752.4614839043293 206.8991172377608 0.40113732978247885 -0.7581546779213715 -0.4773256773281779 25 1679.0 23114.0 -10.909687772352578 -0.1050406899571831
10 709.9024127830763 293.19290009870696 0.38986937486432693 0.5459323642070288 -0.6834379457577215 25 1815.0 22872.0 -10.898260355874832 -0.27118438473807394
11 98.05443500265419 451.4241840605182 0.38991483647436537 -0.07469927333316458 -0.32636702675774376 25 1715.0 25509.0 -11.016733584490531 -0.003718218138695567
12 54.057527031622 764.8764023764928 0.4215710988529307 -0.9267605917099198 -0.5086858159868443 25 1325.0 13525.0 -10.327843184446516 -0.09444549423171753
13 154.03406920937678 788.9113458023179 0.46232712972151746 -0.1946667136998946 0.545667761103858 25 966.0 4848.0 -9.213906527895574 -0.09958712150806295
14 406.1955841425859 805.7916258712909 0.4638187871244075 -0.7875582517058651 0.01995666943908876 25 1207.0 10170.0 -10.01830238230686 -0.05315304694665873
15 132.81143509407948 809.7101772552822 0.44907484361191186 0.38491869765661324 0.07274301735176851 25 1299.0 9382.0 -9.930738571527849 -0.3095356794654888
16 264.3120000913288 812.2784604028161 0.5829369451510533 -0.48309288340919293 -0.20815040024047798 25 1185.0 4572.0 -9.15026555430811 -0.2297754338748077
17 539.9632424090332 813.3394191974426 0.4570197848590775 -0.7556397116141432 -0.17113210791500436 25 1346.0 12436.0 -10.236701783427886 -0.13412558496828553
18 293.6549234345607 817.8083479862129 0.5636636611388856 -0.033085861786652994 -0.07822739327402371 25 1354.0 8932.0 -9.877371785998502 -0.16315994924844202
19 339.0213797998723 817.986866808701 0.740286321741376 0.9125198245376785 0.4696877803571054 25 1391.0 6412.0 -9.517483784205268 -0.1356092205440439
20 833.4102102958797 832.4677515829668 0.2774602415681079 -0.10106725829599628 0.30047510113983456 25 1244.0 14075.0 -10.371121008808458 -0.1998794841912916
