test_CNN/outputs/tables/02806_mf23281m0s0_sources.ecsv
# %ECSV 1.0
# ---
# datatype:
# - {name: id, datatype: int64}
# - {name: x_centroid, datatype: float64}
# - {name: y_centroid, datatype: float64}
# - {name: sharpness, datatype: float64}
# - {name: roundness1, datatype: float64}
# - {name: roundness2, datatype: float64}
# - {name: n_pixels, datatype: int64}
# - {name: peak, datatype: float64}
# - {name: flux, datatype: float64}
# - {name: mag, datatype: float64}
# - {name: daofind_mag, datatype: float64}
# meta: !!omap
# - {date: '2026-06-03 17:10:43 Eastern Daylight Time'}
# - version: {Python: 3.11.15, astropy: 7.2.0, bottleneck: 1.6.0, gwcs: 1.0.3, matplotlib: 3.10.9, numpy: 2.4.6, photutils: 3.0.0, scipy: 1.17.1,
#     skimage: 0.26.0}
# schema: astropy-2.0
id x_centroid y_centroid sharpness roundness1 roundness2 n_pixels peak flux mag daofind_mag
1 283.17311112317236 6.077083326041039 0.5928900129664969 -0.3200197612246397 -0.05157241834254329 25 1292.0 7633.0 -9.706738155953992 -0.07556233653267727
2 50.9934583025888 8.374585103111096 0.44866749503637793 0.37206969394710976 0.0687556758218536 25 1764.0 20592.0 -10.78424632390078 -0.1596974667431711
3 369.71945975129694 12.323570097992251 0.3725620006212367 -0.5630226907215299 -0.21806497771995267 25 878.0 4440.0 -9.118457425286548 -0.011690100454625017
4 352.52075273120084 18.003027927826423 0.5174620904378734 -0.3942163083714065 -0.22607011800394702 25 1189.0 3777.0 -8.942867462068813 -0.15675649478264134
5 129.5904594083899 27.019190887404346 0.508391370485882 0.18855290437634428 0.12648027093139252 25 1194.0 6930.0 -9.601833086529517 -0.04031412342889989
6 289.8245312484779 29.03384344083977 0.39874819488130486 -0.763392208118927 0.0758880274679446 25 2335.0 24904.0 -10.990672769186148 -0.5720915671479166
7 502.89854105535 107.97854031541092 0.40407952375072226 0.038382373262126485 0.4265467481158638 25 1298.0 11400.0 -10.142262128341182 -0.1645637219301825
8 494.9136773477435 109.45647208736804 0.47591749513006415 -0.5480757855679801 -0.2212164472191302 25 1559.0 13544.0 -10.329367362752198 -0.17625973133387093
9 120.37199803275942 126.11519649270268 0.540285580057014 0.8898126197959977 0.7365506722071048 25 2248.0 20348.0 -10.771304322398292 -0.44233763327897585
10 12.610466527790166 132.9824406676997 0.4525647455437244 0.2638129256395885 0.44226763804239505 25 2039.0 16640.0 -10.552883304886763 -0.4636402640973303
11 278.9687248282162 133.51322642860117 0.37972799624558495 0.9665466722154081 0.29196051358462216 25 2906.0 39118.0 -11.480941605884016 -0.6135329963264594
12 368.064231732405 175.11238657933552 0.5393633946715956 0.3147649867627656 0.19929354815286407 25 1318.0 7645.0 -9.708443724370849 -0.10028805106699734
13 11.550054013540707 188.09359608033407 0.49310744434944165 0.17531950871643753 -0.16094105992214064 25 1263.0 8119.0 -9.773756353513539 -0.13927062053215045
14 365.7189962821671 189.2118201448334 0.4304161668902376 -0.46237944804604864 0.13988937343331795 25 1295.0 5696.0 -9.388924951572 -0.32926848482984966
15 301.0466828624705 197.45217178285205 0.4440988551946772 -0.6797393222548268 0.2064744401759864 25 2471.0 30183.0 -11.199406009299256 -0.5093202758551965
16 433.19548597713276 224.47865029878966 0.5393143581067 -0.21111620627957195 -0.5068226343786101 25 2028.0 21065.0 -10.808903658657167 -0.2306270465567362
17 241.036748275806 231.6916058473844 0.6309140078064766 -0.07358331372525857 0.25646262763642586 25 1358.0 5593.0 -9.36911204832062 -0.13274462287589256
18 241.55067161928886 240.88852523055849 0.5570874175116405 0.019829147717524708 -0.32189906222922626 25 1682.0 20297.0 -10.768579629299367 -0.009292168712630949
19 10.37580520435006 295.158946902889 0.4976255398310572 -0.4348045231631458 0.07502083107709524 25 2541.0 26272.0 -11.048732838598367 -0.5856870727690168
20 379.80088372534505 316.05607036269026 0.4576798067550755 -0.4686709148564653 0.16034098080964235 25 1452.0 9695.0 -9.966369533536811 -0.30794230115468446
21 262.5381140620494 316.7119256580454 0.45365786492845667 -0.09198402610163865 0.25208703809459176 25 1208.0 8657.0 -9.843418543793224 -0.09205049088604669
22 115.1560816820986 320.45967546962555 0.39644218705408324 -0.10458887902883253 -0.05665329276547005 25 1663.0 14330.0 -10.39061547599336 -0.4065544103462914
23 83.50494343156598 324.30802290407667 0.49083733360821363 0.37576371488973287 0.055407285865753816 25 1959.0 13671.0 -10.339500708255278 -0.5331042518253558
24 141.46544944239758 342.8066746256001 0.4535624214719078 0.09965156743000934 -0.2309306047378474 25 2475.0 24468.0 -10.971496179564413 -0.6278119990768043
25 183.68911561091073 353.5880877130718 0.5163044080417096 -0.009354348114145549 0.11703435202927442 25 2304.0 26476.0 -11.057130931040415 -0.33986651803127443
26 80.93085127898375 364.54012270640675 0.4501521789083968 -0.07929261626049344 -0.01981271574259713 25 1634.0 19340.0 -10.716141174367458 -0.12262509327434945
27 383.8348101236626 376.6471383330567 0.48723146674083484 0.10224564516399967 -0.27290839045238136 25 2327.0 20520.0 -10.780443391099446 -0.572660510913403
28 706.3890151353891 381.06501771661055 0.45243883938761764 0.06932490048809095 -0.09065689733160742 25 1285.0 9475.0 -9.941448046600275 -0.12353859599429903
29 137.9562107090814 392.2654677947474 0.45552711304104254 -0.7571892412319717 -0.3274036736685924 25 1614.0 12888.0 -10.275463818527903 -0.30145820448221067
30 324.2478950850966 407.27545721509597 0.47140089824624215 -0.5471903425423026 0.247829346652063 25 1609.0 15864.0 -10.501031752993114 -0.20652447030778423
31 608.9266845506957 413.4757273709449 0.4043292192048457 0.21261000665353025 0.35033879374607935 25 1910.0 25318.0 -11.008573488822408 -0.163752273520711
32 79.17611304331915 417.6848997750528 0.3838890641154844 0.27004228953218956 0.44378455350586954 25 2879.0 43378.0 -11.593173811047258 -0.33673316063226366
33 97.09112474178006 435.1683384772452 0.6111113976755511 -0.028838311766968317 -0.48607137593327315 25 1611.0 6983.0 -9.61010510510254 -0.361401482979099
34 400.7181920655724 436.9852886247236 0.5143906813410631 0.5324664546778329 -0.11271209763609488 25 2601.0 41441.0 -11.543575566724815 -0.1268660749700967
35 257.43564986665825 450.80772952941777 0.47487365820739386 -0.4084512805299122 -0.06681001873048412 25 2106.0 20872.0 -10.79891016523041 -0.40766991383807794
36 320.94560202878773 465.18994554749383 0.5516110024168961 -0.2498237670806089 0.2483360939215816 25 1180.0 4852.0 -9.214801980486339 -0.07366986678022455
37 2.004011244808124 475.8693738855792 0.5546513203998413 -0.4217116849549796 -0.17051852683126045 25 1771.0 14645.0 -10.414223440044044 -0.24441250862341488
38 426.77160187055637 492.2017749895388 0.46236201189387904 -0.023495848291712914 -0.2588563364907894 25 2850.0 29563.0 -11.176871258452465 -0.6661859645879127
39 236.02689930678562 499.14389156294993 0.4644737029489424 -0.13055200206023454 -0.753846657640104 25 3148.0 41440.0 -11.543549366842942 -0.532737127586209
40 453.64689930411015 532.9556707966616 0.4603227278464183 0.07302397560729766 -0.39827097424859087 25 1676.0 15034.0 -10.442686364775192 -0.25553892466790107
41 321.0259133153687 534.8240696518556 0.5602154127808274 0.49486758678462645 -0.05892934994512397 25 1313.0 8051.0 -9.764624566605796 -0.09237161409066191
42 90.99217406707268 537.6463361462966 0.5042936772261781 0.15162710110365857 -0.05922417507752483 25 1519.0 11720.0 -10.172319029205179 -0.19871115447076312
43 457.109374269501 550.5580241946777 0.4442665380744394 -0.8153496834466938 -0.15910009141568057 25 1054.0 5107.0 -9.27041464463885 -0.06807620453939194
44 445.5441850797939 566.1223846079588 0.4421027641147037 -0.6839363177508501 -0.4379827265552698 25 1928.0 14678.0 -10.416667208409025 -0.5571602999179268
45 129.6406772792229 598.6617932447698 0.5125401867336784 -0.09419637853049599 -0.35856174408865077 25 1314.0 11488.0 -10.150611067245563 -0.03148974186961152
46 321.6542647571472 602.0538029726721 0.4549949265681762 0.7302700273458923 0.06355076209994166 25 1265.0 8997.0 -9.885244301197973 -0.1424536572366725
47 344.9266697664455 604.0036121975835 0.48510207718386955 -0.0028342492727270875 -0.272389510024693 25 1106.0 4178.0 -9.052421089110725 -0.16971578988952912
48 51.47112685123609 606.9102943361236 0.7165787655774898 0.27722598232168744 0.4276266917580042 25 1586.0 7404.0 -9.673666025202166 -0.19604620967295913
49 154.1249265883772 635.987878997136 0.4044696361314479 -0.6209912977594366 -0.2096952471805611 25 1803.0 19574.0 -10.729198959957088 -0.31950482501194966
50 248.4779586760508 638.8807235293071 0.44458583221198394 0.6776813950037586 0.20850448056122797 25 1718.0 11004.0 -10.103876454294113 -0.5684116568365226
51 389.4949137194635 667.4717996579038 0.529397124138074 -0.15615427717038782 0.05384904292824475 25 1785.0 16887.0 -10.568881258449661 -0.17868695229370885
52 809.0652119058702 668.9647916268282 0.440496745713679 0.24693309181807765 0.3621410513083035 25 1197.0 9325.0 -9.924122101201814 -0.013811946951789788
53 371.6609060143905 676.7150271964643 0.4177508830483284 0.22658980541211327 -0.40120185254615115 25 1226.0 10732.0 -10.076701659999754 -0.05944397907272337
54 506.9365451825297 680.4578978145312 0.3969913043320689 0.5726637551413994 0.15780930613293748 25 2570.0 34326.0 -11.339057995373278 -0.42021144498558477
55 174.7982034023595 686.5871042383981 0.4149644355218394 0.9126461967214445 0.518673581904475 25 1258.0 7603.0 -9.702462476216883 -0.2730041882168656
56 249.74750557599572 692.8818382804277 0.48684725323511674 0.7462751959245464 -0.38195170781316823 25 1339.0 9311.0 -9.92249081662078 -0.13240691142979133
57 725.9084756520393 703.5760366075901 0.45727619082516346 -0.4581175257166012 -0.29612721440631257 25 1115.0 5965.0 -9.439026120015901 -0.04510024628202651
58 347.3682658918877 718.3669643252052 0.3968073584432412 -0.12076161057591703 0.05274066133800507 25 1220.0 10481.0 -10.051006802459694 -0.06447969383727757
59 377.4736872121971 726.3516779345188 0.513587243210572 0.6756862472361115 0.1889927537764336 25 1177.0 8129.0 -9.775092808882627 -0.0001667525653163312
60 166.30536875112404 734.5290061772135 0.5220531584137871 0.6227571797255698 -0.2360881912529087 25 1170.0 7463.0 -9.682283604050989 -0.026964128971959343
61 411.27845367286045 736.795458796596 0.555154779913349 -0.8786079184402966 -0.5665821030039353 25 1440.0 11483.0 -10.150138412062113 -0.036483053358181805
62 425.13832304932464 736.8383277885531 0.513013879724116 0.6901679259541805 -0.2619830595781103 25 1800.0 18606.0 -10.674132541552426 -0.23413141199915533
63 595.1191842971746 737.6853068816785 0.46127081263575803 -0.11943597447152593 0.19859289951531847 25 1450.0 13480.0 -10.324224730498253 -0.10124228703145631
64 32.53251192477314 749.6324839798672 0.4337408674965063 0.5861861826311178 0.09901899541067731 25 2084.0 28494.0 -11.136883549914154 -0.22408708161787771
65 165.6496953809806 750.1629848208704 0.6018452307988285 0.9664509497664378 0.0034695040707568383 25 1219.0 6150.0 -9.472187789438543 -0.05302113274128334
66 70.14247588910408 767.1089140649491 0.6250146160199574 -0.3969977821407224 -0.399585337777737 25 1750.0 12304.0 -10.225115806143389 -0.23106292101781067
67 477.2369075385614 797.928634657217 0.4910262751717885 0.15168578934625362 -0.28927237281705953 25 1321.0 9454.0 -9.939038994917237 -0.1586348367703366
68 236.79602121772763 801.2064350155098 0.5814634325508328 -0.8398380059921684 -0.2723225993494609 25 1477.0 11977.0 -10.195870123888394 -0.0007522921281763669
69 438.7738628437967 806.2308544125784 0.49014530470402595 -0.7803936124642733 -0.21157991001067725 25 1487.0 10715.0 -10.07498043844462 -0.21486563369581957
70 477.16748094931665 816.0338683609125 0.6600543392473682 -0.11189694564027722 -0.5203472799533723 25 2048.0 10568.0 -10.059982011516178 -0.4778776491840611
71 231.28844285821745 825.5675347324889 0.6430259580254177 0.1738637989873078 -0.14223061707331616 25 1148.0 1214.0 -7.710546716848096 -0.09667547232087084
