test_CNN/outputs/tables/02814_mf23327m0s0_sources.ecsv
# %ECSV 1.0
# ---
# datatype:
# - {name: id, datatype: int64}
# - {name: x_centroid, datatype: float64}
# - {name: y_centroid, datatype: float64}
# - {name: sharpness, datatype: float64}
# - {name: roundness1, datatype: float64}
# - {name: roundness2, datatype: float64}
# - {name: n_pixels, datatype: int64}
# - {name: peak, datatype: float64}
# - {name: flux, datatype: float64}
# - {name: mag, datatype: float64}
# - {name: daofind_mag, datatype: float64}
# meta: !!omap
# - {date: '2026-06-03 17:10:44 Eastern Daylight Time'}
# - version: {Python: 3.11.15, astropy: 7.2.0, bottleneck: 1.6.0, gwcs: 1.0.3, matplotlib: 3.10.9, numpy: 2.4.6, photutils: 3.0.0, scipy: 1.17.1,
#     skimage: 0.26.0}
# schema: astropy-2.0
id x_centroid y_centroid sharpness roundness1 roundness2 n_pixels peak flux mag daofind_mag
1 139.45221449093856 50.24515463120926 0.5906176102521855 -0.27888370591938316 -0.4713723511950589 25 1859.0 23893.0 -10.945676707740894 -0.08712556280621192
2 603.7389913016285 86.81933400829512 0.4244696825758478 0.08966056973878782 -0.29161716590792375 25 1790.0 23035.0 -10.905970541471746 -0.22936277020483603
3 248.15232417596275 136.76754611482227 0.40928295835102635 -0.34549517983550904 -0.3971459888754388 25 1361.0 16267.0 -10.528268666672387 -0.04774915328579257
4 91.60613448766378 144.86367411228986 0.37639151258518994 -0.3244816704286706 -0.28011288105182286 25 1542.0 21382.0 -10.825120813026157 -0.09008557497358045
5 702.5731329716693 190.89807328799427 0.5180246523772245 -0.06615119090491708 -0.04773523911937754 25 1304.0 11561.0 -10.157488502966167 -0.07788171870372887
6 820.4800904764998 234.11009865650337 0.49131544356183 0.18046559121590933 0.14233195285868055 25 1281.0 10042.0 -10.00455054259582 -0.18882896012997907
7 804.1788444494077 260.8663472389624 0.5291540049531258 -0.13022366069641705 -0.05196678171016002 25 1123.0 8666.0 -9.84454671174589 -0.03536797312961043
8 79.8919892409567 297.25915747040494 0.5218604063126485 -0.15761511170419343 0.18559123389521676 25 1573.0 13507.0 -10.326397249660035 -0.36623917389434146
9 30.40955004048428 307.9630123469312 0.5682125972632877 0.17402532338422602 0.15896291077810396 25 1234.0 10065.0 -10.007034448061683 -0.06597536053637182
10 26.739527528236415 323.1153818454454 0.6831175526710266 0.6078270186396809 0.16217661141930775 25 1207.0 7421.0 -9.6761560789723 -0.061636470609582474
11 738.4240903285624 329.1973635995858 0.42455549662515446 0.13367246033420557 -0.08545804364490782 25 1421.0 13272.0 -10.307340932540761 -0.286246530434876
12 90.9914685018378 340.5739687256883 0.5185200198373671 -0.5128018178959113 -0.5674497218667358 25 1416.0 11227.0 -10.125659306614489 -0.24558590434234012
13 636.2215242661023 351.69519065112337 0.4347131827340338 -0.4448031965570462 0.04796032539890513 25 2501.0 32842.0 -11.291073991894677 -0.555198898262869
14 404.1034981035055 355.60567324597804 0.40417074890130306 0.9038976077182056 0.48930376561695205 25 1632.0 20179.0 -10.762249100832161 -0.2321017513210728
15 480.0698959863938 392.29651174902455 0.4738442047082628 -0.04449530745977349 0.07935998616874747 25 1468.0 11621.0 -10.16310875296616 -0.3621619343857402
16 131.5401469330819 404.22407710281897 0.44856395791594356 -0.26601114732648273 -0.21975649293184535 25 1600.0 19042.0 -10.699281402052314 -0.21577110170359093
17 360.60849123019693 422.9164253013018 0.47171489043388476 0.06212718843489767 -0.4094641364782057 25 1608.0 17485.0 -10.606664091613158 -0.21302881217944597
18 131.1282393635958 473.19536506936504 0.5517551326415401 -0.5637431541775083 -0.032813099363009864 25 1063.0 6637.0 -9.554929544105107 -0.025558335029823215
19 350.35494280105183 476.6558647073323 0.47789019561475077 -0.23952117527336553 0.40740093504338265 25 2087.0 31903.0 -11.259578809695103 -0.10844869152209184
20 624.6341286736629 493.47017239459456 0.511254544460572 -0.9264797920310941 -0.20899435801220173 25 1247.0 9452.0 -9.938809282400829 -0.15677014758296998
21 832.9667532991442 514.6679302902379 0.34919114060676293 0.30236243324062456 0.1107924171023892 25 1225.0 12444.0 -10.237400006091663 -0.23933177023668578
22 810.18202048421 518.2805655858333 0.492037387446906 0.27730565442642385 -0.11184328885588182 25 1463.0 15208.0 -10.455180259643466 -0.15813064833808674
23 500.4786225540406 557.6944919783816 0.40075738644887726 0.11716183679870486 -0.20932332558064293 25 2183.0 32205.0 -11.269808258729825 -0.28921687499330195
24 89.19896279930765 579.4419249038546 0.423871477999943 -0.23153748802024973 0.2190244798494447 25 962.0 6614.0 -9.55116047644421 -0.0786305874537123
25 35.74650941101761 681.3276657088413 0.4263595438538318 -0.010567920417673198 0.8417046305542499 25 1278.0 12752.0 -10.263945760130094 -0.08311892376457275
26 48.30027062305122 720.0065028619739 0.5149956453304848 0.42946337809080204 -0.4748991497082285 25 1266.0 11226.0 -10.125562594709134 -0.11703201386740199
27 106.45216964138963 724.9473348823179 0.4307910498644019 -0.38484164905914636 -0.4251512492704533 25 2822.0 37173.0 -11.425569029243922 -0.6366730201902272
28 751.695010379967 796.1465333095912 0.4022149071939269 0.10349497089714484 0.08259908505141496 25 1369.0 14064.0 -10.370272144324241 -0.25098443955439914
29 30.116746019476977 819.7015641875945 0.7046562932792432 -0.10311343376252936 -0.34156924683565765 25 1251.0 5873.0 -9.422150002107392 -0.14706839503264565
30 91.13950745203469 828.8212118126429 0.5028008184531103 0.445030127653444 -0.09637433450542877 25 2499.0 42482.0 -11.570512386504001 -0.09328168640854076
