test_CNN/outputs/tables/02823_b62135m0s0_sources.ecsv
# %ECSV 1.0
# ---
# datatype:
# - {name: id, datatype: int64}
# - {name: x_centroid, datatype: float64}
# - {name: y_centroid, datatype: float64}
# - {name: sharpness, datatype: float64}
# - {name: roundness1, datatype: float64}
# - {name: roundness2, datatype: float64}
# - {name: n_pixels, datatype: int64}
# - {name: peak, datatype: float64}
# - {name: flux, datatype: float64}
# - {name: mag, datatype: float64}
# - {name: daofind_mag, datatype: float64}
# meta: !!omap
# - {date: '2026-06-03 17:10:46 Eastern Daylight Time'}
# - version: {Python: 3.11.15, astropy: 7.2.0, bottleneck: 1.6.0, gwcs: 1.0.3, matplotlib: 3.10.9, numpy: 2.4.6, photutils: 3.0.0, scipy: 1.17.1,
#     skimage: 0.26.0}
# schema: astropy-2.0
id x_centroid y_centroid sharpness roundness1 roundness2 n_pixels peak flux mag daofind_mag
1 501.85935530867323 16.874376768560623 0.6029363404842277 -0.037666444078298576 0.05064415052482945 25 2099.0 23108.0 -10.90940589717344 -0.3105877692656722
2 621.5861916122734 16.70492087052695 0.3567183900720776 0.2347229048506211 0.19887646858063177 25 1216.0 14289.0 -10.387504590578132 -0.02691625951648803
3 250.07821111024887 21.33340886382239 0.51607403495816 0.2790127947416725 -0.005989436964362643 25 1817.0 21049.0 -10.808078670286935 -0.2534942681255709
4 151.76546143002676 70.7021502894547 0.3551580671783329 0.7146433669361052 0.6544308973606475 25 1642.0 17272.0 -10.593356573315436 -0.41766940419492465
5 678.5645031443846 74.9659152120099 0.40621106212139035 0.6195934160778297 -0.03958964951916628 25 1688.0 20608.0 -10.785089614199295 -0.24960497163980108
6 409.21068001992364 86.01515948092143 0.49442776010134787 0.4041750422661326 0.23918739889642004 25 1656.0 18561.0 -10.671503426849158 -0.15034005290527883
7 443.9376699478655 114.18984530323145 0.40383337989989865 0.30773111266525777 0.16729486759240966 25 1963.0 21563.0 -10.834272957243181 -0.5104540722599372
8 711.736709454062 122.30839195676023 0.4978044255258361 -0.11821313520434829 0.2101247384169617 25 1392.0 12549.0 -10.246522798250732 -0.1770092274351368
9 610.2958764919979 126.76167047593313 0.4204203839830696 -0.2395022275974739 -0.33657610200620103 25 1408.0 16779.0 -10.561915185119776 -0.015946611618537467
10 150.99592284609648 154.27476515610152 0.42268988954090536 -0.6173216455916335 -0.8526664197580724 25 1933.0 27651.0 -11.104277105523915 -0.125592679084769
11 151.45102912726767 180.84755868050684 0.37338098446751966 0.7674990188867934 0.5099681010221775 25 1667.0 20698.0 -10.789820956525467 -0.29921207383084697
12 518.0628845977744 208.10727981540035 0.5541150659144451 0.4701901798077061 0.37056501669704883 25 1555.0 14442.0 -10.399068351646683 -0.1258487376032412
13 184.27459852654522 217.33268333754154 0.3558888689703013 0.28102253067516797 -0.4713718453281633 25 1680.0 22827.0 -10.896122097050533 -0.13529020733136635
14 797.5178597019238 224.48995555982498 0.40776021896756465 0.8253078951117455 0.23214359981709723 25 1484.0 16100.0 -10.517064690079625 -0.2316371907184711
15 124.14283519802308 245.69482293417622 0.47986452427355936 0.9689972872738457 0.44232995672550096 25 1155.0 9539.0 -9.948757121968503 -0.05619931773705868
16 546.2138205925526 261.4215973141644 0.6055395373463309 0.512997718475312 0.26273734681690436 25 1509.0 13778.0 -10.347965451040322 -0.11583696820065532
17 780.6677762577995 263.56788692316354 0.35834243289868506 0.3870528505782555 0.1616786086974244 25 1477.0 19689.0 -10.735559147441464 -0.07363823896972174
18 99.11240795956938 271.7180095805596 0.4999369492002477 0.29867814420801914 0.8279498069627762 25 1528.0 17150.0 -10.585660310946974 -0.11571957418433741
19 801.0185779555289 326.54941491926445 0.41552712001594777 0.8321865832649252 0.009348387089774228 25 1343.0 11848.0 -10.184112613782881 -0.27581011819695567
20 423.37204808552383 327.4740401191419 0.42312073179968246 0.9049153580561095 0.382331681883654 25 1477.0 18301.0 -10.656187052552353 -0.09232502653183193
21 34.25169820715127 328.1659896311935 0.475840810490035 0.28052486647289215 0.04106089754759413 25 1361.0 13660.0 -10.338626748363783 -0.016718533375416626
22 771.0880209125542 352.99854341635864 0.5005953466962475 0.3862164094474469 0.31154237101059473 25 1359.0 10428.0 -10.045502556240729 -0.2119390118999885
23 348.4513063106693 365.91607348967943 0.4639193725028321 0.2291716075267089 0.2087855578668448 25 1962.0 23684.0 -10.936137631024907 -0.26496726894450956
24 703.1326659323978 404.07959253324003 0.4969441805731469 0.6852230271628252 -0.007581394704014294 25 1121.0 7812.0 -9.731905586539542 -0.05945213383910759
25 750.4605584075571 431.1769319798297 0.4908745225261127 -0.4798537731392813 -0.2748730720844854 25 2015.0 25679.0 -11.023945268221594 -0.24655945892315767
26 832.4746843708248 435.26363566025947 0.258130682019062 0.6260880845686355 0.8625101778180025 25 2234.0 40161.0 -11.509511295269881 -0.09070707306134995
27 135.0158288005322 441.79614711526455 0.5336835129118505 0.6876309297448023 0.5594250210681165 25 1380.0 13493.0 -10.32527130090234 -0.022977067768896353
28 439.5730192930434 466.57145145898477 0.4832783391431086 0.6356415809450966 -0.2212279248787839 25 1627.0 19874.0 -10.74571321371021 -0.05535927949760269
29 572.3630805426955 483.48465028500135 0.4787260554218164 0.2955682059959716 -0.20752751586501916 25 1465.0 16122.0 -10.518547292042031 -0.07052732322182968
30 298.93862268922675 816.7174407634973 0.38047540586953815 0.3178419822427673 -0.7112446853731728 25 1839.0 28636.0 -11.14228088436449 -0.03600163242248538
