test_CNN/outputs/tables/02826_mf23413m0s0_sources.ecsv
# %ECSV 1.0
# ---
# datatype:
# - {name: id, datatype: int64}
# - {name: x_centroid, datatype: float64}
# - {name: y_centroid, datatype: float64}
# - {name: sharpness, datatype: float64}
# - {name: roundness1, datatype: float64}
# - {name: roundness2, datatype: float64}
# - {name: n_pixels, datatype: int64}
# - {name: peak, datatype: float64}
# - {name: flux, datatype: float64}
# - {name: mag, datatype: float64}
# - {name: daofind_mag, datatype: float64}
# meta: !!omap
# - {date: '2026-06-03 17:10:46 Eastern Daylight Time'}
# - version: {Python: 3.11.15, astropy: 7.2.0, bottleneck: 1.6.0, gwcs: 1.0.3, matplotlib: 3.10.9, numpy: 2.4.6, photutils: 3.0.0, scipy: 1.17.1,
#     skimage: 0.26.0}
# schema: astropy-2.0
id x_centroid y_centroid sharpness roundness1 roundness2 n_pixels peak flux mag daofind_mag
1 614.2515716104859 1.8898516109609735 0.37287469905872117 -0.2914802462169173 -0.34355024587906285 25 1620.0 24204.0 -10.959717860650976 -0.0530481350723637
2 240.7982428691301 118.79171962251156 0.3859700759773245 -0.08951106209678564 0.057181884047910705 25 1562.0 21846.0 -10.848429823293968 -0.06247612831448461
3 362.8324176748544 149.79108731653415 0.46218385838863274 0.3817366680504848 -0.09827282684803978 25 1686.0 21306.0 -10.821254806713148 -0.150092928950419
4 392.10452086486123 156.39453685178134 0.450044666754699 0.3972902734254865 -0.17485509082565356 25 1196.0 11263.0 -10.129135210283216 -0.06537277347190311
5 564.9367855204795 188.26145053101493 0.4957662198078881 0.5590651411925678 0.14956902374361727 25 1361.0 11454.0 -10.147392946943278 -0.23147452869878346
6 620.9203354112585 217.23552958144276 0.40947976570741995 -0.12445955492723774 -0.12144222750133028 25 1656.0 18594.0 -10.673432066557316 -0.2849609164387985
7 638.3549483847522 223.22629845974367 0.4130766875138316 -0.2718742072646761 -0.25830334210148903 25 1248.0 14141.0 -10.376200305675836 -0.015833066592701055
8 93.22545296968032 249.9425846493402 0.4086836730469485 0.09443671805360722 0.16344248366550568 25 1750.0 25088.0 -10.998665102510861 -0.0638859114305124
9 790.8185756374502 253.0668703925617 0.4987326944381692 0.7107358478705039 -0.23270041075708278 25 1196.0 10555.0 -10.058645594109187 -0.07013156935971575
10 581.2212815628808 328.08499406884687 0.4568683526184696 -0.18449539341287163 -0.1408822660775155 25 1592.0 17319.0 -10.596307030545733 -0.26184337103466504
11 767.7912468645761 397.93433989255817 0.3803364829792784 -0.2628073287701353 0.248933606592205 25 2377.0 41469.0 -11.544308906849988 -0.11242864888382742
12 425.27688014782336 460.04280719692713 0.4467737997947625 0.051302289236183345 0.08870873700965726 25 2049.0 26186.0 -11.04517290885415 -0.36582707884296606
13 748.369455927255 518.4233020453123 0.479792367896585 -0.14216890528719098 0.015167200420163418 25 1194.0 10575.0 -10.0607009401177 -0.07737671717920225
14 458.4685406320185 544.9604286069712 0.5411764066518825 -0.06611787268529812 -0.30911086597919357 25 1101.0 7632.0 -9.706595904240096 -0.03269662747252602
15 743.6605417955625 544.7153359497183 0.4477839529921619 0.37861145335901886 0.12545936003677902 25 1324.0 11301.0 -10.132792187307324 -0.2091387728135154
16 312.02900286754095 619.918064270804 0.45884754301926434 0.3852577187423022 0.09287675568693023 25 1547.0 17724.0 -10.621404353398935 -0.15647193442860308
17 731.5416081094993 628.8598767876272 0.45829795228833786 -0.0014631449136181776 -0.12284555051190797 25 1565.0 18318.0 -10.657195136705763 -0.1645961236982424
18 827.6920810550101 646.2792507185073 0.3953207770433336 -0.9080218856238962 -0.43543976138869245 25 2460.0 33827.0 -11.323158708538962 -0.5423891018965162
19 590.4130889861017 698.4355342109832 0.42509646060475414 0.2919175514310917 -0.1404699375398224 25 1598.0 19630.0 -10.732300749000014 -0.1978700436783688
20 673.4507657873238 801.8836801242979 0.49281644024261995 -0.4504151554293573 -0.18488622122302514 25 1474.0 15752.0 -10.493339257825154 -0.10175124230230244
21 766.8618948875406 806.6418548314507 0.534157454922177 0.42689856782730595 0.009075571505100454 25 1136.0 9664.0 -9.962892303192643 -0.008447386849312085
22 686.1548236049069 829.4770124218824 0.395580718359984 0.002760472494663467 0.43805409184302896 25 1003.0 8201.0 -9.784667029740598 -0.03769954463973904
