test_CNN/outputs/tables/02828_mf23441m0s0_sources.ecsv
# %ECSV 1.0
# ---
# datatype:
# - {name: id, datatype: int64}
# - {name: x_centroid, datatype: float64}
# - {name: y_centroid, datatype: float64}
# - {name: sharpness, datatype: float64}
# - {name: roundness1, datatype: float64}
# - {name: roundness2, datatype: float64}
# - {name: n_pixels, datatype: int64}
# - {name: peak, datatype: float64}
# - {name: flux, datatype: float64}
# - {name: mag, datatype: float64}
# - {name: daofind_mag, datatype: float64}
# meta: !!omap
# - {date: '2026-06-03 17:10:46 Eastern Daylight Time'}
# - version: {Python: 3.11.15, astropy: 7.2.0, bottleneck: 1.6.0, gwcs: 1.0.3, matplotlib: 3.10.9, numpy: 2.4.6, photutils: 3.0.0, scipy: 1.17.1,
#     skimage: 0.26.0}
# schema: astropy-2.0
id x_centroid y_centroid sharpness roundness1 roundness2 n_pixels peak flux mag daofind_mag
1 56.46154134452192 12.20974079445194 0.5260885892224645 0.7252799893989792 0.33617488052689537 25 1174.0 9939.0 -9.993356726504055 -0.06613734730480102
2 679.7859355899285 24.02061101817944 0.45615773460810394 0.5883943847959514 -0.4907879795749328 25 1616.0 17652.0 -10.616984796937887 -0.24677400836372643
3 586.1971741834243 29.052783982457075 0.5078042050782523 -0.12511400912223009 0.19332900846231035 25 1097.0 8569.0 -9.832325357076975 -0.0770999492663041
4 448.3886162825877 32.905452551142034 0.4274505246402559 -0.49877797945891195 -0.6561669274912607 25 1693.0 17023.0 -10.577590247866427 -0.4687469575348396
5 656.0607255444311 53.56510767683426 0.47384668866712254 0.06052932438662299 0.1431886175311349 25 1547.0 14845.0 -10.428950504830159 -0.3381180131360357
6 535.6549292263414 57.589719148336236 0.47767731290155024 0.5204607874319355 -0.02976749932008603 25 1057.0 7231.0 -9.647995903834694 -0.1382896201841251
7 169.97226824577626 71.15980999993235 0.49033693065819284 0.09520047579897357 0.1085321670223895 25 1026.0 6862.0 -9.591126784300387 -0.1052500619395861
8 346.225284667508 82.42491110967961 0.4333931560667906 0.42060038469632255 0.11725320181654651 25 2389.0 26018.0 -11.03818477338222 -0.7537541898356155
9 489.28332269857964 109.51743393600901 0.5018184709379392 0.6887921690362049 -0.22248899745443781 25 1342.0 12437.0 -10.236789085820469 -0.18688273496313418
10 29.524010101614934 115.671961184 0.4248572208771874 0.451666677916901 -0.23904940306616154 25 1315.0 14994.0 -10.439793766275233 -0.07108436039797021
11 679.3288100672988 129.39268531068848 0.6281893299236608 0.1713571363246836 -0.06212045698965031 25 1413.0 12289.0 -10.223791360562052 -0.052334318343887604
12 773.9824565877954 131.48205216252882 0.3770073751226248 -0.43223816587411523 0.1412712076206188 25 1048.0 9348.0 -9.926796759300473 -0.14209466701085835
13 718.0607082454275 161.5842405005684 0.4971744472087845 0.2483159059843733 -0.27755591619196013 25 893.0 4393.0 -9.1069030081633 -0.053452977386411256
14 166.12183320823092 186.27251620683018 0.665018888221246 0.31564297606641517 0.29223239470534507 25 1427.0 9452.0 -9.938809282400829 -0.2438791160451097
15 530.6615625146976 190.4243150434763 0.46525192161063506 -0.45511426914420106 -0.09816710985300509 25 1122.0 7233.0 -9.64829616274279 -0.25038213536165027
16 648.0409272522755 214.16718025729477 0.6937748014868297 0.5501622329676353 0.2824502082434637 25 1349.0 7877.0 -9.740902113673291 -0.14445287826863298
17 359.7069702943774 215.0960031234182 0.47685593090751044 0.22831821696364488 0.13162007010032425 25 1317.0 14275.0 -10.386440292294715 -0.05797190080720548
18 325.08741387282413 224.61466355484885 0.5410378257233125 0.14214556737757042 -0.015053255857516289 25 1546.0 14372.0 -10.393793021331529 -0.256918959666771
19 455.9059227655689 249.0847131456199 0.43860035279364185 0.407646293576463 -0.4094543582161096 25 1039.0 9033.0 -9.889580025581054 -0.021409535694642403
20 68.45594497414916 254.50643653698967 0.4300342903835432 -0.4439419742672268 0.13274900092066289 25 1311.0 15639.0 -10.485522449116704 -0.03628366043240918
21 116.63698738571836 263.79042228152383 0.4160255986890793 0.5271167984856127 0.3445259333948048 25 1772.0 23658.0 -10.934945068642168 -0.24381740800475282
22 505.3648465421553 263.62562390356953 0.41622651685570067 0.9439249302999184 0.1632091381995174 25 1507.0 19223.0 -10.709552914857648 -0.16507927632669983
23 414.8639598408127 270.8096973744034 0.4106330437719727 0.49284885105101617 0.327284212130836 25 1635.0 16205.0 -10.524122588420573 -0.45793088120094
24 415.80829982940014 297.77954381209304 0.4893252450396492 0.29154831816610893 0.18135669506979668 25 2190.0 25022.0 -10.995805049389693 -0.544967464795346
25 611.313712787273 298.59166474068763 0.48819837102347474 0.461365006446493 -0.12438226651210182 25 1237.0 12558.0 -10.247301196805825 -0.06622988939232285
26 625.4670084428744 316.2032820877076 0.46460875476850794 0.610899572907707 0.13445635307297465 25 1759.0 16857.0 -10.566950717036406 -0.4812771075776675
27 464.84069007294465 323.1333956191266 0.4865611751659263 -0.06993172663660706 0.018544143493110954 25 1377.0 13301.0 -10.30971073365002 -0.1700461215715972
28 283.64609769235926 328.59395213690954 0.4448972382393306 0.2717925781192369 -0.37401522817255467 25 1121.0 10518.0 -10.054832916193597 -0.09559332773605185
29 369.07541681695216 332.4332468401597 0.4303804222537162 0.9532866571708135 0.16626564832939053 25 2363.0 26210.0 -11.046167552366501 -0.7585230054726243
30 271.8935317325882 338.98902963850225 0.4674174330561564 0.06073679338436355 0.15779188238632147 25 1094.0 9632.0 -9.959291184784373 -0.09009818959164138
31 195.50137368849488 345.23190616956293 0.4439172981252439 0.5220437783335208 0.6929921154543559 25 1372.0 16083.0 -10.515917654862424 -0.06582765528589433
32 311.74079398946236 354.4582544364141 0.5719819199584967 -0.5063596379710447 0.00015279837169907652 25 1236.0 10243.0 -10.026067931792625 -0.06699480535976714
33 144.77148483444904 379.9828794207849 0.48840401005482587 0.19549007746466057 0.08804952732329203 25 1296.0 12179.0 -10.214029076179116 -0.16108955672819728
34 85.06169170712072 400.3077589179062 0.5703104958132795 -0.2833242774360779 -0.3638179564679211 25 1438.0 13791.0 -10.34898939617493 -0.09323313180483445
35 299.78496671896 434.3792248814685 0.3950019953065963 -0.68017162693931 0.15530646792549924 25 942.0 9587.0 -9.954206818428213 -0.01613191729173807
36 128.13022258277687 441.081191271319 0.6042220995308782 -0.3539025318008026 -0.07289968808172742 25 1382.0 11004.0 -10.103876454294113 -0.19353826601029173
37 49.64049474560877 458.2804344026083 0.5192329905367558 0.09418551262196918 0.22954565088797746 25 1134.0 10466.0 -10.049451826009117 -0.011581589857503594
38 282.24738941410817 491.8948415632205 0.4802928766670159 0.10020661552149258 -0.3335264685752987 25 2089.0 23365.0 -10.92141446340083 -0.4874991849069268
39 576.6618859639237 553.8417082306565 0.46375839738545616 -0.27024841096831814 -0.10867934481141964 25 1082.0 7869.0 -9.73979886327504 -0.16004269172856328
40 510.79914968873305 555.323126870287 0.4913169378747196 0.3462678477646712 0.07086269483652258 25 1291.0 12663.0 -10.256341517185177 -0.14616156808523537
41 146.5405224844891 563.7297320191091 0.45406764110271386 0.30445310001142545 -0.0837727492038769 25 1480.0 13189.0 -10.300529670642684 -0.3825309749306679
42 292.7836201724574 574.1217573970257 0.45904772868372323 0.3028156310546208 0.0901325600242702 25 1229.0 11609.0 -10.161987027988458 -0.15777754536192695
43 136.27431604821464 594.7700232168792 0.4996891296487091 -0.06076436816705358 -0.6306788485871185 25 1421.0 15064.0 -10.44485076752152 -0.13328007508992326
44 164.89827660302407 601.340899594221 0.4502968670359685 0.8718326219120618 0.1203481411335466 25 1089.0 9070.0 -9.894018217650238 -0.08399527008344596
45 360.16822183049385 617.3378851911889 0.5356602476276808 0.1436147366900631 -0.10577098014173981 25 1061.0 7544.0 -9.69400419932318 -0.042641116642940104
46 195.5587616223024 633.2496882967614 0.5163847731767376 0.24524172139417746 -0.03885274152646191 25 1219.0 10153.0 -10.016485965460342 -0.10602559912395021
47 656.0199498132373 635.6766012375291 0.5193006422096385 -0.19709491084191957 -0.13572986226275977 25 1273.0 9852.0 -9.983811007917664 -0.20029716045944476
48 824.9065470951515 639.4184284537722 0.47514491928436725 0.49697502196121235 0.17193532772465697 25 1338.0 14928.0 -10.435004066006062 -0.02983313320109407
49 157.24268194898826 658.3944484743039 0.3947135813308561 0.545870409869664 -0.3687410273479222 25 924.0 6106.0 -9.464391999906606 -0.12915395638297797
50 681.8861564401167 685.4951241078069 0.5298558168868814 -0.3996318485300283 -0.10118021512947067 25 1187.0 7881.0 -9.741453318764332 -0.18594950160519194
51 519.7472712596127 685.995200012202 0.37937572078722476 -0.052737266377371125 -0.4642820005594644 25 2386.0 32546.0 -11.281244050257808 -0.556501802418899
52 766.642613884626 719.2395441027946 0.39082010796345645 0.7777722544075559 0.7727296488880789 25 1523.0 18936.0 -10.693220612302564 -0.16958119307465763
53 238.80429426945253 722.2984317614349 0.489008105077193 0.265034743324517 0.049677761641123086 25 1042.0 8205.0 -9.78519646347278 -0.006872344347582955
54 208.04422813173588 730.4647766689421 0.5187213322743773 0.9765621780008837 0.5063776140771008 25 1261.0 10616.0 -10.064902274640948 -0.1614657886529099
55 250.0041588418201 732.2363543772132 0.42910660855931204 0.4951702908547759 0.3612891227690606 25 2377.0 30577.0 -11.213487183122531 -0.5424397533754695
56 387.84328741124403 738.8583256325409 0.49987711328191886 0.055210077603229595 -0.5532680275461225 25 1106.0 9419.0 -9.935011992243536 -0.03304120521157391
57 82.12893126589313 759.2608439846008 0.5543061299561444 0.6407608994126327 0.4014257243986385 25 1657.0 11164.0 -10.119549569541483 -0.48928977427662645
58 550.3582784283329 766.9058756469632 0.672145730110732 0.5243638325682412 0.03312094700209936 25 964.0 1775.0 -8.122995893477782 -0.06329882709277895
59 541.2711541638658 778.4508912175272 0.4585918654889283 0.5214999265456433 0.20231588446113918 25 857.0 5302.0 -9.311099308492686 -0.01807681567666746
60 420.0044598639856 818.3646917465621 0.6313907529142444 0.3319285104274864 -0.027548801334863645 25 1112.0 5293.0 -9.30925473497817 -0.07052346409730381
61 714.2868608958828 828.9473305525547 0.5159599525463153 -0.38423021975391913 -0.15089811287052407 25 1018.0 4827.0 -9.20919324704673 -0.11739989015167797
62 730.07911215049 833.6743694676528 0.699041379822034 -0.2977503089728731 -0.6044492504632659 25 1693.0 7524.0 -9.691121967195853 -0.4984464351011078
