test_CNN/outputs/tables/02830_mf23455m0s0_sources.ecsv
# %ECSV 1.0
# ---
# datatype:
# - {name: id, datatype: int64}
# - {name: x_centroid, datatype: float64}
# - {name: y_centroid, datatype: float64}
# - {name: sharpness, datatype: float64}
# - {name: roundness1, datatype: float64}
# - {name: roundness2, datatype: float64}
# - {name: n_pixels, datatype: int64}
# - {name: peak, datatype: float64}
# - {name: flux, datatype: float64}
# - {name: mag, datatype: float64}
# - {name: daofind_mag, datatype: float64}
# meta: !!omap
# - {date: '2026-06-03 17:10:47 Eastern Daylight Time'}
# - version: {Python: 3.11.15, astropy: 7.2.0, bottleneck: 1.6.0, gwcs: 1.0.3, matplotlib: 3.10.9, numpy: 2.4.6, photutils: 3.0.0, scipy: 1.17.1,
#     skimage: 0.26.0}
# schema: astropy-2.0
id x_centroid y_centroid sharpness roundness1 roundness2 n_pixels peak flux mag daofind_mag
1 422.64929768811805 4.8220851201273955 0.5017951169626401 -0.5912808392498373 -0.10578260834019683 25 1100.0 8178.0 -9.781617765545793 -0.016545594091527886
2 165.93194628322783 44.224096623862074 0.5026451652505178 0.8762743241841393 -0.1983562109553522 25 1099.0 6080.0 -9.459758948181838 -0.16263610883986948
3 558.305648655387 68.16569013531011 0.4298379990030425 -0.8228701128938495 -0.3408931325293348 25 1003.0 7895.0 -9.743380335860783 -0.01941740966198817
4 673.6653377001818 77.05776420598855 0.40247434798386544 0.34943242226468674 -0.38519774630919795 25 1539.0 19337.0 -10.715972743071296 -0.12014144078682085
5 492.04890856115077 78.19395589907175 0.5635323630539666 0.3404023759202197 0.08625986407133238 25 1619.0 12663.0 -10.256341517185177 -0.34934364782566757
6 163.9267995272612 85.320770237878 0.5873382664521952 0.17637206296398816 -0.6452926333923299 25 1289.0 9643.0 -9.960530416903584 -0.013861509732034578
7 29.688222185670874 110.12567978118348 0.4616710894890879 0.5501806446920938 -0.22615023213145488 25 1113.0 7050.0 -9.620472792478497 -0.12739489393793013
8 125.62746792901333 119.15416241907539 0.39974578291534474 -0.6941400072914767 -0.1856705833999829 25 947.0 6951.0 -9.605118221274095 -0.03658004493071931
9 334.5082944119518 122.55802496634004 0.4512319004522091 -0.16934185256630094 -0.28582114845156253 25 1849.0 17128.0 -10.584266635715956 -0.5221163163295455
10 287.55378729368823 125.89257275756758 0.46234169521054375 0.9220292371970166 -0.030386798009017963 25 2374.0 25519.0 -11.017159129767107 -0.5823315419408371
11 502.4559749223698 126.97951081939733 0.45344541615705386 0.8100868409921113 -0.43832788783739096 25 993.0 6406.0 -9.516467335819508 -0.07626974833697629
12 179.1483674308687 133.08867447297 0.5817975817187477 -0.7648932835177219 -0.40088648267893245 25 1076.0 4237.0 -9.067646160002473 -0.11018330344194223
13 235.5230100494827 134.65682308425068 0.5647247674505164 0.42392102132958165 0.019554585169048153 25 1560.0 11907.0 -10.189505884067065 -0.2867363556195037
14 626.339851209626 142.86740942450587 0.4708405616290336 -0.680649521558498 -0.27381098356617584 25 1856.0 17647.0 -10.616677214226758 -0.46014354557091575
15 427.8363373738662 156.51719028872256 0.419452674024671 0.4013344122277856 -0.11760957857054953 25 1334.0 11395.0 -10.141785823790986 -0.25864986054900824
16 196.62026959873873 179.48990764129442 0.39603161505900386 -0.4618263975306338 0.06778950315074532 25 1183.0 9148.0 -9.903315389836777 -0.3068453133072227
17 299.7816419120164 180.31891458483054 0.4297366113243589 0.2740074170863473 0.10262247833405819 25 1113.0 10446.0 -10.047375053752436 -0.025260963707976036
18 238.64497666361322 193.30096606897536 0.5055350446585911 -0.4958751421537699 -0.3137546303099739 25 1202.0 5866.0 -9.420855146611334 -0.23835367385701187
19 77.10143703167239 200.97834692401347 0.3932788189126111 0.1713192519755795 0.07921257359769827 25 1861.0 20182.0 -10.762410504594225 -0.4891732380286776
20 325.1255094610373 205.83593354799302 0.4487923593503058 -0.44533494130671675 0.15262455181949708 25 1422.0 15052.0 -10.443985524119569 -0.12528418309310563
21 692.009097298509 240.7662791640476 0.5392853831257295 -0.03649982901085923 0.12893469642948718 25 1145.0 8242.0 -9.790081525471424 -0.009825629999907907
22 471.58122429643134 241.82804909000674 0.5566302045586576 -0.32996167512782165 -0.6088287895391583 25 1361.0 5978.0 -9.441389776758154 -0.36682478249684985
23 337.4445095591101 250.63865821406486 0.49336606881620587 0.7624650579336233 0.3652963194025379 25 1470.0 10898.0 -10.093367008920225 -0.3695444750118997
24 132.10307052522384 251.42594065580172 0.6865161109712601 -0.07791176833818522 0.48324854472461454 25 1608.0 8898.0 -9.873231003530064 -0.3190554180948107
25 223.22010230142791 253.46118204814653 0.42770044335293433 -0.2283781809894856 -0.0355212316445839 25 1564.0 11972.0 -10.195416770420385 -0.47900127223664346
26 288.59598978897196 252.7552076012297 0.46325594679581905 0.5192234544809902 -0.19059594331916993 25 1257.0 10311.0 -10.03325196714222 -0.1969783963719088
27 81.2095143051942 256.76542743224735 0.4009179812312414 -0.780476099551155 -0.2574481536109805 25 1094.0 8614.0 -9.838012168566454 -0.16743339913359664
28 501.1682925260375 256.24590246573797 0.5265643697676703 -0.03458471432558709 0.4758656956113037 25 1291.0 9434.0 -9.936739679774208 -0.16722861665054725
29 253.04938368998748 275.92219413183733 0.5015118141488633 0.0674930788080045 0.05039567141794727 25 1341.0 10948.0 -10.098336971845214 -0.14712777826517295
30 366.0650547810289 292.60998701180324 0.5007847315128277 0.4104456623678991 -0.0064032559886067235 25 1076.0 7070.0 -9.62354853449225 -0.06091350612376412
31 443.2020358562263 294.25265480224687 0.43836201120110924 0.2743218749008923 -0.015729066847324634 25 1076.0 8222.0 -9.787443681110828 -0.10410676859215048
32 41.0778906186175 298.35185029139944 0.37552887611729363 0.30983448462504565 -0.5783902348552347 25 955.0 5695.0 -9.388734321037798 -0.15154539323130922
33 222.11877588444338 310.407167793153 0.4587195309693824 0.07820768982937401 -0.5537568212290178 25 1438.0 11495.0 -10.151272439013244 -0.31638437704473854
34 475.93349334671205 316.97088558293314 0.5390439153646112 -0.1760233021695462 0.2187896032500199 25 1378.0 7779.0 -9.727309428722535 -0.2943089098810072
35 448.2723993096746 318.9603411142491 0.6101507189696431 0.2749759152731178 0.10967549054570777 25 1218.0 5549.0 -9.360536812035415 -0.15239549393651367
36 38.629770977748926 327.8907466327171 0.5348765520185729 0.7715985523074315 0.028257994048978496 25 883.0 3801.0 -8.949744674007759 -0.01682564345138605
37 144.64194777690875 336.03285943118675 0.5368729823671478 -0.3757566073834155 0.1582866994930115 25 960.0 1647.0 -8.041733997924386 -0.14533155560227354
38 335.37242677134697 345.4607355370162 0.39172286362464165 -0.5166503198945805 -0.03154567647046407 25 1522.0 16284.0 -10.529402734268405 -0.25420738029444573
39 561.8109738481828 368.07965517378153 0.5288747395562612 0.2097620691457507 0.1620318592419132 25 1278.0 10922.0 -10.095755430498812 -0.09808046297956562
40 271.76609434466354 374.2544964931667 0.4655978933360843 0.7973133899971666 0.4517998248735655 25 1019.0 6069.0 -9.457792843726168 -0.13987343862647017
41 500.61237758779487 382.10526882820113 0.543846185763419 0.7501100358725252 -0.18717436052302588 25 2046.0 18251.0 -10.653216662746146 -0.44063714519998076
42 531.5192553226855 395.4761791137885 0.5902813339730438 -0.48582513226650736 -0.04351130387483501 25 1320.0 8360.0 -9.80551569359754 -0.17364100257953444
43 315.63665584186907 398.6994747436764 0.4924995916854112 0.7992890768486309 0.4119125332063815 25 1131.0 8568.0 -9.832198644559497 -0.024678049174814844
44 141.75411341707894 400.73027413515416 0.4935592522586701 -0.8020112207026459 -0.4088047836668671 25 1224.0 9354.0 -9.927493413931213 -0.08172988955616538
45 512.5831178814127 402.3790957477243 0.4857340840047159 0.319445796316717 -0.12684984588020176 25 1430.0 9919.0 -9.991169725654293 -0.3250989207353495
46 638.756600791487 404.8127001814598 0.5312086046409653 -0.3147598428367133 -0.40184198324791964 25 1459.0 11590.0 -10.16020858990899 -0.26284603813875357
47 691.9428165272253 419.3040102041693 0.43334952022138473 -0.862886530210298 -0.17745320961147718 25 2005.0 21182.0 -10.814917409253562 -0.46910324881908855
48 438.47328788228646 424.16615138785323 0.5031775967173502 0.4272089805990895 0.5651506419696323 25 864.0 2670.0 -8.566278153411439 -0.009761124230087353
49 85.26684558453238 442.9840899316871 0.4302892423649107 0.12670056853012476 -0.33269162615185477 25 1266.0 10658.0 -10.069189289762232 -0.12751621061753368
50 307.94781240487595 475.03282642949296 0.479436852249887 0.5943628703662143 -0.005860900533999487 25 1434.0 11198.0 -10.122851157897411 -0.2863049229682926
51 322.06673068076657 490.75804670161466 0.6352878768351927 0.03960912820215871 -0.0013143670981122014 25 1487.0 6790.0 -9.579674435701254 -0.35400634340891307
52 563.1303848971911 499.1038708605572 0.5354186694630773 0.8506733999150452 0.3101920473320903 25 1215.0 9152.0 -9.903790028622373 -0.0443349378078029
53 77.16019766438419 500.5028900412998 0.3574493358308672 0.2057947245584112 0.1324599895496374 25 893.0 5779.0 -9.404631736165959 -0.13622638201138937
54 200.93419801000394 510.21429332446223 0.40800590726135205 0.18944458720090457 -0.04596945541934152 25 1137.0 9591.0 -9.954659727478376 -0.164484377726931
55 51.94204825268983 515.6616933980403 0.5494457328713994 -0.32950790108924405 -0.02055904131902343 25 1651.0 13859.0 -10.354329736917853 -0.29396096496417234
56 241.03781959152877 536.3103717852728 0.4264709194661788 -0.21566399056191154 0.7590726525978367 25 923.0 7522.0 -9.69083332271595 -0.067132300062218
57 431.4282427246949 542.973835232895 0.5014060857533446 0.15132200100206022 -0.11903379126144423 25 1061.0 7547.0 -9.694435874978495 -0.014760180282071992
58 642.0482248560967 543.2624707743274 0.4994447817949325 -0.45667615686664914 0.24671420882561157 25 1096.0 6743.0 -9.5721328991916 -0.12251048149686264
59 453.44003500378625 551.5372718150546 0.4211064831426508 0.9393208706697357 0.214289430043671 25 2127.0 24554.0 -10.975305628766751 -0.4910559016345165
60 179.18030442489308 562.0129411081218 0.5434927769446656 -0.271542883507529 -0.10903690191798583 25 1656.0 11494.0 -10.151177981994197 -0.42824781203844553
61 209.40226862620358 571.8434522348313 0.43148845616654635 0.9736989521818517 -0.19834633583771227 25 1102.0 7506.0 -9.68852140019266 -0.13746456841213447
62 679.71538320939 576.7486750812743 0.5376682023567455 -0.7288815650083894 -0.5883313429732899 25 1055.0 5258.0 -9.302051454425861 -0.08453086178339703
63 673.1474060448031 592.2681620097774 0.4091661921653284 -0.05928052215903231 -0.33047940010638105 25 1076.0 5971.0 -9.440117677954449 -0.28043207860746433
64 106.94359323726769 592.8496060774519 0.5467861826595135 0.7417169804238707 -0.21637069797085676 25 2104.0 17288.0 -10.594361884687961 -0.5900683418827621
65 497.9437628316163 596.4863444024735 0.3924858798150118 -0.6239327053599809 -0.23253143072039417 25 743.0 2152.0 -8.332105667485878 -0.09183153121318044
66 459.5973082815741 597.8431584870323 0.4004072733006807 -0.8020324198514108 -0.148210839723325 25 2036.0 22063.0 -10.85916141247058 -0.5436465349244778
67 678.4711808724838 602.8020253622155 0.5074814416261865 -0.26816907503317217 -0.1512263695255695 25 956.0 4541.0 -9.142878754752417 -0.006204942922052496
68 274.20648890026933 611.1117898247393 0.3799937335766833 0.14615286105508585 -0.11523535536713678 25 1025.0 8206.0 -9.785328781577235 -0.09321449794407398
69 398.4703796394895 622.4543285102486 0.4110051132507139 0.7072212689898807 0.33046219449606035 25 1401.0 13855.0 -10.354016325295628 -0.20398547366359085
70 616.3650890001725 646.1020857517794 0.464682863412691 0.39544149164444303 -0.5348206556074849 25 891.0 4806.0 -9.204459416169703 -0.005273283688424713
71 10.91454836646995 649.802376679135 0.6012174733031032 0.07730485886080518 0.4971975306448513 25 1857.0 16007.0 -10.510774862351342 -0.3237085572866014
72 539.1650533632102 653.908923463103 0.4680528654242774 0.09203446801147443 0.07065718034303349 25 1414.0 11843.0 -10.183654323199587 -0.28198006525661323
73 510.8832676576215 655.4792766332085 0.5835732278595118 -0.6309498746201307 0.025769133449012025 25 1325.0 8369.0 -9.806683919646385 -0.1419472446477077
74 443.48870357508173 671.1968019911844 0.46195496212884124 0.3407161768479391 0.07654270135614867 25 1407.0 10983.0 -10.101802459002984 -0.2926626717521459
75 611.90312775931 672.7623310995389 0.48125508708463505 0.7906635740962304 -0.2624166791132407 25 1283.0 10276.0 -10.02956023898577 -0.18097251291642188
76 394.4448428530139 680.1455070559962 0.4025196420160666 0.3773538670649231 -0.04009120087479053 25 1032.0 4153.0 -9.045904827774695 -0.32672183455475523
77 324.0879669042789 685.8755423306944 0.39788535047150025 -0.5701255210497668 -0.5158159930675588 25 2214.0 23829.0 -10.942764543172634 -0.59662605010575
78 398.0228942085441 686.7623537217552 0.4708215248361029 0.6465160817115952 0.264198561154315 25 1419.0 10565.0 -10.05967375347083 -0.33708455736672754
79 646.1497900732669 687.7678346708716 0.4039205692130283 -0.8017967930943006 0.2700979287135205 25 1966.0 21597.0 -10.83598357070926 -0.511781425940386
80 118.4157315208303 693.9121354703366 0.5629613729623237 0.0971780712449914 0.1118695538459438 25 1309.0 8860.0 -9.868584304717627 -0.1704392231020152
81 681.7909586277191 712.9215845171839 0.49315572650269696 0.7396258390994389 -0.010274330171503476 25 1139.0 6885.0 -9.594759861482355 -0.1706608026018443
82 53.46859700610157 723.4574235709036 0.6662336851818716 0.19455589436872775 0.25327912402661884 25 1348.0 6355.0 -9.507788887225066 -0.20365924065260899
83 614.5691619749657 728.9315617738855 0.4318232390852661 -0.19409076871671976 -0.157186838023287 25 1180.0 9184.0 -9.907579687634746 -0.19752637522990193
84 456.5525289413705 760.7615559779988 0.6394490864548062 -0.09867258676512307 -0.07903265667022313 25 1860.0 16926.0 -10.571385841347524 -0.28920393667351435
85 202.9464619694012 763.4939474128605 0.5498559120411396 -0.2260879817458862 0.10816957999573407 25 1587.0 12335.0 -10.227847884564387 -0.31832923625939735
86 292.207825531548 770.9962764548646 0.4008736120037181 -0.006496593519237781 -0.7459529121676713 25 2263.0 25690.0 -11.024410260665864 -0.6328457207649673
87 393.36128461828133 783.5164641197484 0.400133894821784 0.629848535919181 0.05924791855994953 25 2431.0 29233.0 -11.164683466429002 -0.6159627505644538
88 526.8270325975969 784.987829416285 0.4068158448495165 0.17595197449545666 -0.16055376685048892 25 1128.0 7779.0 -9.727309428722535 -0.252356286868882
89 311.8205560181714 804.1574335362934 0.5362828182278091 -0.5645342901972681 0.29474183699432666 25 1544.0 15164.0 -10.452034439385994 -0.20861829826408593
90 358.17134900298095 814.7319452003308 0.5040540187398337 0.10057085872577838 0.0801140865542319 25 1829.0 14890.0 -10.432236744380441 -0.50125186030994
