test_CNN/outputs/tables/02835_mf23474m0s0_sources.ecsv
# %ECSV 1.0
# ---
# datatype:
# - {name: id, datatype: int64}
# - {name: x_centroid, datatype: float64}
# - {name: y_centroid, datatype: float64}
# - {name: sharpness, datatype: float64}
# - {name: roundness1, datatype: float64}
# - {name: roundness2, datatype: float64}
# - {name: n_pixels, datatype: int64}
# - {name: peak, datatype: float64}
# - {name: flux, datatype: float64}
# - {name: mag, datatype: float64}
# - {name: daofind_mag, datatype: float64}
# meta: !!omap
# - {date: '2026-06-03 17:10:47 Eastern Daylight Time'}
# - version: {Python: 3.11.15, astropy: 7.2.0, bottleneck: 1.6.0, gwcs: 1.0.3, matplotlib: 3.10.9, numpy: 2.4.6, photutils: 3.0.0, scipy: 1.17.1,
#     skimage: 0.26.0}
# schema: astropy-2.0
id x_centroid y_centroid sharpness roundness1 roundness2 n_pixels peak flux mag daofind_mag
1 84.71872896881787 4.5855353145955755 0.49621744797247497 0.19418002160795222 0.2599823040872601 25 1445.0 18196.0 -10.649939820394794 -0.11737247032755506
2 756.2840109673542 12.649969070233007 0.4688704051673389 -0.10933957233480347 0.9614073306044839 25 1602.0 22065.0 -10.859259829458027 -0.1925799365727918
3 136.25288418068217 64.28001583798698 0.43292082736486565 -0.1809188038541584 0.0933909365047298 25 1508.0 20253.0 -10.766223406771207 -0.19151664595679005
4 609.6182524852179 195.7414442081802 0.42131140801170774 -0.19569256532367726 0.3980058280231503 25 1468.0 19172.0 -10.706668550799376 -0.2439904326842945
5 688.2549443324574 253.95434461360315 0.45265293659016104 0.6181531386153978 -0.09581407560923128 25 958.0 9390.0 -9.931663980665277 -0.021685624629394187
6 823.1887836419938 254.5307590417717 0.49903117039253 -0.7852580529491988 0.12698115196212398 25 1182.0 13606.0 -10.334326166561372 -0.030025822761911774
7 697.0687787280368 268.1341251705283 0.38277665856515586 0.046442479332133066 0.02675278854624968 25 3335.0 60425.0 -11.953041647699221 -0.4780256145811515
8 776.2315614387602 324.31154226293916 0.45734256803894857 -0.12939135651358308 -0.02802916665107697 25 2186.0 29310.0 -11.167539546096087 -0.5763671720623199
9 238.6085200867406 404.8621044884016 0.3998530754265118 0.4892852092463226 0.015714025487734498 25 1427.0 20292.0 -10.768312134113415 -0.13008136911792287
10 812.982444732769 408.8630273996664 0.47470506759773456 -0.6132288828957421 -0.28085348404968613 25 1480.0 16774.0 -10.5615915967036 -0.32637043840514923
11 756.1802293322837 423.63486221226304 0.4785608627442022 0.13593390724106466 -0.20052744171442474 25 1048.0 10872.0 -10.090773609311094 -0.038608780334695614
12 633.6850220526559 436.1428027726508 0.4823112517196249 0.5447403005878295 -0.2539397388487294 25 1330.0 15715.0 -10.490785963383997 -0.1632848063506277
13 642.3312572647015 459.88585181376806 0.4035527018439516 0.5446377906197921 0.04635940865785049 25 1927.0 32804.0 -11.289817008060503 -0.08337057232614055
14 142.34841376297152 533.1625345338416 0.4125009876583538 -0.4617960789802726 -0.24294541579227483 25 2052.0 33329.0 -11.30705570831896 -0.22705346910231894
15 250.08729917646374 577.754146534457 0.40283340995101047 -0.49964758652015523 -0.23748556173203042 25 1864.0 26822.0 -11.071227895438795 -0.3715752947121725
16 89.20934919797884 579.7968816912991 0.39491741198018204 -0.007945559432790841 -0.10001643879214013 25 1970.0 33991.0 -11.328409853800505 -0.06839620355451442
17 781.6198661921526 583.6713269010602 0.45443043109320685 0.3321731244271348 0.03314446553948628 25 1012.0 10061.0 -10.0066028725001 -0.10456292228367907
18 129.34634766782293 586.934369216474 0.41634576544179436 -0.05516067928596444 0.09510672544898834 25 1511.0 19561.0 -10.728477632696018 -0.2576016961184807
19 663.9299049828218 596.6648314225947 0.47882245811615837 0.6743032919225584 0.11494214087370198 25 1075.0 10951.0 -10.098634447404342 -0.09410913883682469
20 736.0640569265971 596.3856232176305 0.4463797947136344 -0.6096104032609133 -0.2907086411447614 25 1159.0 12327.0 -10.227143489953834 -0.13982056294100406
21 573.0242107190647 618.2717159050757 0.4098913029068673 0.29040131615622844 -0.12454209860838757 25 1789.0 26942.0 -11.076074579499691 -0.25726164054020834
22 671.4275204776195 659.9812888142624 0.5065901449844298 0.027602408466612965 0.07147970706331135 25 1220.0 13194.0 -10.300941199361084 -0.14653203572197193
23 681.9019415124258 666.0999386019935 0.456881443475674 0.3718172180329861 0.18657759295323167 25 873.0 7369.0 -9.668521391306978 -0.01769161259615483
24 12.421023254076777 756.864982526908 0.46802356723417554 0.3106482538882638 -0.02567852555970958 25 1692.0 24095.0 -10.954817326593068 -0.2028638702382221
25 743.6310457464186 819.9834367533792 0.4301163117088957 0.32879073319166846 -0.2257331221689104 25 975.0 10232.0 -10.024901328676494 -0.004273789555976445
26 809.6049579218454 821.7510319227732 0.43112341698721457 0.9623011608388425 0.504582134820353 25 1552.0 22741.0 -10.892023895484947 -0.14128571543171406
