test_CNN/outputs/tables/02878_mf24531m0s0_sources.ecsv
# %ECSV 1.0
# ---
# datatype:
# - {name: id, datatype: int64}
# - {name: x_centroid, datatype: float64}
# - {name: y_centroid, datatype: float64}
# - {name: sharpness, datatype: float64}
# - {name: roundness1, datatype: float64}
# - {name: roundness2, datatype: float64}
# - {name: n_pixels, datatype: int64}
# - {name: peak, datatype: float64}
# - {name: flux, datatype: float64}
# - {name: mag, datatype: float64}
# - {name: daofind_mag, datatype: float64}
# meta: !!omap
# - {date: '2026-06-03 17:10:54 Eastern Daylight Time'}
# - version: {Python: 3.11.15, astropy: 7.2.0, bottleneck: 1.6.0, gwcs: 1.0.3, matplotlib: 3.10.9, numpy: 2.4.6, photutils: 3.0.0, scipy: 1.17.1,
#     skimage: 0.26.0}
# schema: astropy-2.0
id x_centroid y_centroid sharpness roundness1 roundness2 n_pixels peak flux mag daofind_mag
1 234.24997819227076 80.15210242866974 0.48724480816472737 -0.5190840131239876 0.05463243184709673 25 930.0 6531.0 -9.537449209401892 -0.04342666011349048
2 107.65787399397789 158.03323902409355 0.41913932802729115 -0.40449879457616295 -0.6373669457050356 25 1507.0 20501.0 -10.77943761408935 -0.07023199244778834
3 250.09127056455873 169.88321369478737 0.42208768673671915 -0.14269951598565245 0.4384608082528481 25 2081.0 34202.0 -11.335128756629187 -0.05754206011356029
4 702.3508245796712 194.46097837833625 0.47594288441960986 0.04274643935281607 0.20387999469354592 25 1151.0 8471.0 -9.819836704352948 -0.2391784808500325
5 550.7844222247832 201.08194901430326 0.5265054874662345 0.059360262838522505 0.1479577147185174 25 1253.0 8840.0 -9.866130662532683 -0.2690248012430704
6 329.45207232674727 251.23572307327015 0.3942692925334352 -0.7522596113022632 -0.10245014078523398 25 2836.0 45916.0 -11.65491011803092 -0.49954999915761
7 467.4271972998939 258.5172849046738 0.4591711468152221 -0.4412048216241726 -0.09125451183559617 25 1670.0 18338.0 -10.658379920983913 -0.3437267463806423
8 316.9260442566531 269.37374371726133 0.4658550409314655 0.33149024674100885 0.039877122784626524 25 2140.0 27407.0 -11.094653749488055 -0.4710667289578263
9 341.95190805671075 271.74245432980734 0.4095661358174228 -0.3819953238912022 0.33492691891044146 25 2526.0 35750.0 -11.38319011534275 -0.5956012481766305
10 536.686393601422 358.5909789981567 0.3863834001635985 -0.8569100095216794 -0.4924911842875352 25 2647.0 43249.0 -11.589940175484584 -0.41038670690183077
11 337.31916652527497 360.41358489078647 0.5276569314190411 -0.6510741035717493 -0.28250397751651307 25 1259.0 11763.0 -10.176295242549674 -0.12534586656013466
12 315.0002518914983 390.7679372696487 0.39755319549645274 0.01233836289158059 -0.6333619845302596 25 2127.0 32965.0 -11.295132700199304 -0.20932085475729445
13 249.83725399164663 398.31673117439243 0.42376957545600724 -0.46041467460772245 -0.044725641846792015 25 1600.0 20123.0 -10.759231817987793 -0.21805624166054594
14 308.8657987359839 436.0309732195027 0.40208041196656585 0.020592825226280843 0.09584585605631724 25 1683.0 19940.0 -10.749312884939092 -0.37264346636974166
15 487.36879841693286 516.3099940736072 0.4313527586422563 -0.047725118420254536 -0.1307116053340287 25 1627.0 23761.0 -10.939661785779515 -0.017437284817057613
16 812.7763535522934 536.6776637126344 0.5994419479068573 0.22761684882718095 -0.2899104518058084 25 1781.0 14955.0 -10.436966043418343 -0.4430274781451326
17 781.3349607258874 544.4004180414283 0.4735420294835501 -0.5630601796468263 0.15957794631338765 25 831.0 4088.0 -9.028777217816641 -0.03307859179891337
18 105.91471606546551 550.2857456550854 0.47599817337770156 -0.33717989759186884 0.17750904225931977 25 933.0 6444.0 -9.522888829367952 -0.039598691249087895
19 343.5921465435075 566.5338618010762 0.38700626994898685 0.3232731855896476 0.21064230907443177 25 1028.0 10433.0 -10.04602301845517 -0.03459094374559628
20 782.0193830177938 576.309386745556 0.46321100163830686 -0.6358064016206731 0.09628281217173178 25 1360.0 14319.0 -10.389781722714766 -0.167736521907674
21 492.73212272429345 579.4674157575448 0.45993410114346134 0.3481766984726961 0.09053476481937009 25 1093.0 10500.0 -10.052973247674846 -0.0743200067728955
22 677.4625383706084 595.0761316059647 0.4312567650144658 -0.9731696740550945 -0.5921442207350939 25 1983.0 20215.0 -10.764184364174232 -0.669095887668142
23 307.94713551350736 638.0639291756728 0.5247651220892726 -0.43986664014066007 0.09730954091072462 25 1628.0 15549.0 -10.479256158897986 -0.35949620500712276
24 41.27028833497568 679.6993245334806 0.4667651174782598 0.20384106417221667 0.20008456028558902 25 1178.0 11305.0 -10.133176416703446 -0.10337081266404648
25 234.5110105158907 713.9122275426017 0.41171815721827265 -0.3218908194565404 -0.3562739516337752 25 1925.0 21940.0 -10.85309155809673 -0.5513504173723918
26 563.4062398924153 721.0740538621764 0.5217677954211682 0.2915644313965183 0.0007196201161351372 25 1499.0 12911.0 -10.277399702812195 -0.3614578671347264
27 550.9688511434283 739.700713717242 0.5187640023847659 0.380245576608139 -0.1823146999046311 25 1684.0 23823.0 -10.942491126851683 -0.013897936122969053
28 48.00945766800833 748.0537578378429 0.3960484178534688 -0.21157881999347164 -0.5889797448950692 25 1997.0 31729.0 -11.25364096174129 -0.11320698008775089
29 276.1344822993138 802.3959019498043 0.5565040706269121 -0.24770037158856456 -0.08700973376480269 25 1309.0 9269.0 -9.917582205396755 -0.236256341012353
30 135.63456819849716 820.1674141784273 0.49681366575446356 0.026378664488589748 0.16084084766567908 25 1403.0 12589.0 -10.249978083861711 -0.32693534530198437
