test_CNN/outputs/tables/02887_mf24622m0s0_sources.ecsv
# %ECSV 1.0
# ---
# datatype:
# - {name: id, datatype: int64}
# - {name: x_centroid, datatype: float64}
# - {name: y_centroid, datatype: float64}
# - {name: sharpness, datatype: float64}
# - {name: roundness1, datatype: float64}
# - {name: roundness2, datatype: float64}
# - {name: n_pixels, datatype: int64}
# - {name: peak, datatype: float64}
# - {name: flux, datatype: float64}
# - {name: mag, datatype: float64}
# - {name: daofind_mag, datatype: float64}
# meta: !!omap
# - {date: '2026-06-03 17:10:56 Eastern Daylight Time'}
# - version: {Python: 3.11.15, astropy: 7.2.0, bottleneck: 1.6.0, gwcs: 1.0.3, matplotlib: 3.10.9, numpy: 2.4.6, photutils: 3.0.0, scipy: 1.17.1,
#     skimage: 0.26.0}
# schema: astropy-2.0
id x_centroid y_centroid sharpness roundness1 roundness2 n_pixels peak flux mag daofind_mag
1 451.0945643560846 19.25667371428276 0.45848261817449004 -0.7930451624121712 -0.5935253979068036 25 1146.0 14958.0 -10.437183822218543 -0.11646200346430749
2 37.23595941342957 25.497676408233435 0.4431735728822028 -0.24055321189467563 -0.034758255504871716 25 1204.0 13178.0 -10.299623758028794 -0.3726278014181517
3 99.45715914553821 53.999520690614766 0.510060293929836 -0.178217214443126 -0.0178921352438267 25 956.0 10126.0 -10.013594807627054 -0.07710873407181729
4 520.9161611735633 54.05852901174634 0.3940499206397677 -0.04040493460394038 0.09428201413892251 25 2288.0 40124.0 -11.50851055434891 -0.3373620910272434
5 773.2467291703324 113.60240143910394 0.4458184876987157 -0.06741273741750754 0.28560862833050293 25 1808.0 31680.0 -11.25196293229364 -0.051145284247682776
6 3.4247645339594293 170.16555572571858 0.4670253159249071 -0.4691568017061384 -0.035294700671806394 25 1359.0 15100.0 -10.447442368232924 -0.4461804704483497
7 139.49907421199455 183.69077560188546 0.4287722261172538 0.010021439194973353 0.18824600039391487 25 857.0 10222.0 -10.023839691548044 -0.008150142779627419
8 168.2641684155786 266.3010443695286 0.48292684265275027 0.0018408339905402907 -0.14952079790611766 25 1015.0 10185.0 -10.019902583340457 -0.2559733663178045
9 43.98164421088037 276.9002633615094 0.3917596549884573 -0.41687872588116515 -0.40298030923929157 25 914.0 10933.0 -10.096848370261872 -0.07815209716897839
10 167.7024650606945 298.8934600716229 0.6031042745640632 -0.8181455415726143 -0.6981720808400936 25 1147.0 8120.0 -9.773890073102939 -0.38793753564908967
11 500.3243618949474 307.02783049149235 0.4623061022307624 -0.6503600830153404 -0.2743994093768485 25 1029.0 10379.0 -10.040388779878636 -0.23478132292862897
12 288.54231352833716 332.56284310789516 0.3950700447806118 -0.5309101043767612 0.3798817448616141 25 2104.0 31197.0 -11.235282082314669 -0.6503883194555686
13 272.26114972885665 373.58807380873805 0.4048763330775092 -0.17812337500506883 -0.09118736829343285 25 1352.0 17356.0 -10.598624103642935 -0.38709505214925743
14 303.21133180015033 390.10954558759755 0.40356789141548643 -0.5253378687616472 -0.09352011790180068 25 2384.0 33896.0 -11.325371127482333 -0.8477578935010226
15 446.31460213085336 392.3312237419479 0.44539543401039766 -0.08320803660572305 -0.13063060920091754 25 1455.0 21494.0 -10.830793111352449 -0.1745513125212937
16 1.4966240262674484 413.14493562791074 0.5383903504164705 0.38959806989207774 0.31504777480496887 25 947.0 8886.0 -9.87176577226213 -0.10850085621487082
17 775.4485862626586 423.4644399436833 0.389398410089131 -0.09956024807146958 -0.017966850825749597 25 1783.0 31022.0 -11.229174483771661 -0.14004197384522124
18 257.7073689464693 427.9897455142039 0.42355206211607965 -0.20539419629575711 -0.13135399777072895 25 1178.0 15073.0 -10.44549924787015 -0.22063137797081162
19 12.95295135471144 447.6353660058755 0.37291325060483177 -0.06306866234948297 -0.14697624951329313 25 2806.0 49472.0 -11.735898669755532 -0.557854650614618
20 339.0381296375106 448.28000240028786 0.43586416960426444 0.013082288981596234 0.0386404092720101 25 2161.0 26486.0 -11.05754093678705 -0.8340657026978764
21 10.241604732217835 459.78065883689686 0.3887775118955455 0.22779933642752567 0.0775439949961825 25 1000.0 11624.0 -10.163389003224912 -0.2128572829073337
22 495.89732829876914 474.56547563550083 0.538685094245237 -0.21908690468733322 0.11730253051114635 25 1192.0 15092.0 -10.446866991322395 -0.08431955110287956
23 54.152478346783965 491.4903042979408 0.44417775660892556 -0.42248885822477567 -0.061919084480847625 25 1330.0 20622.0 -10.785826956302172 -0.07469440558806906
24 293.90713695223997 492.87684385608566 0.508592174727781 -0.45820751535469 0.11221213559769037 25 856.0 8706.0 -9.849546657053448 -0.025913576587466347
25 460.50114351965095 493.96634441386857 0.40225587132631835 0.2212946416083973 -0.000632332065174279 25 1225.0 18613.0 -10.674540943364558 -0.03338028441674938
26 459.66206184239695 502.4715075022801 0.4705101221637746 -0.4688363569936118 0.2894979687947343 25 1031.0 11669.0 -10.167584099605655 -0.15471977435748493
27 61.10795047516088 505.37120418273014 0.44576945258324185 0.3365230257984444 0.362313895197007 25 1568.0 22476.0 -10.879297558557155 -0.2939779416713324
28 228.2972158612065 523.9703864186932 0.49780581134119245 0.14201621949074664 -0.1773396124182973 25 1207.0 15406.0 -10.469224733812961 -0.0897107033277836
29 3.9833960943521243 538.5920289481431 0.43275071371888424 -0.38668633360782495 0.022253026402459356 25 1312.0 17157.0 -10.586103378165836 -0.24889811364393225
30 0.9798825269182821 569.4558235317372 0.38024163754504486 0.49974263728644047 0.484214941632265 25 1015.0 11141.0 -10.117310435575087 -0.31313531674286493
31 323.48645021636946 573.4141722881519 0.4853772633204523 -0.053882092557696395 0.2325247024876354 25 1026.0 12025.0 -10.200212712614674 -0.0422389461411128
32 164.34189642519445 586.2289423085382 0.5551026554828135 -0.3567176621056081 0.31315648039821936 25 1100.0 10873.0 -10.090873470079595 -0.20427528802025757
33 366.5088565726468 659.2421067938037 0.40449364342885213 -0.22549082883535795 -0.004642957492735697 25 885.0 10761.0 -10.079631578489073 -0.024335352392499773
34 66.92010964637659 679.6107016401805 0.4204296346269927 -0.351619147664874 0.0011297535296180747 25 1733.0 26152.0 -11.04376226893078 -0.36276504448987995
35 3.5984095045200535 680.90303338486 0.41234462983571374 -0.7922008823944515 -0.4321547233748797 25 1624.0 18960.0 -10.694595832505119 -0.7198185353995624
36 526.1463577912475 687.6203505271073 0.4582376648796359 0.12653821591881698 0.09670923959045985 25 1293.0 18497.0 -10.667753241399922 -0.06591784487827378
37 582.3209843829034 688.2542088458508 0.537691324828514 0.5719117271997421 -0.19413438724847246 25 987.0 10512.0 -10.054213380539263 -0.050358370485891826
38 340.6428811297802 722.7810277386591 0.4932589757763773 0.009019773470078355 -0.16869020204239576 25 1929.0 21239.0 -10.817835162296445 -0.8077858763727225
39 209.5606982520276 750.799000885481 0.5490513498261831 0.6547271852297895 -0.06712279283972618 25 709.0 4281.0 -9.078863069585774 -0.01280889080043477
40 225.15071727501 756.6799450826562 0.4693386940807824 -0.04144326151700539 -0.3020566759426566 25 1057.0 12097.0 -10.20669420162028 -0.20602651629962232
41 384.8381427472235 772.2317371731011 0.5244245948138418 -0.11879879062347404 0.3283451418574791 25 880.0 8423.0 -9.813667001728845 -0.005227333404884512
42 3.5608285525355026 796.612656943027 0.5025902136378245 0.09895594691523311 0.0862605287066278 25 1396.0 14239.0 -10.38369872505481 -0.4967982219834796
43 188.67942409074791 817.8814623715399 0.557825501062344 -0.4147458923753 0.3711198957236827 25 1051.0 8125.0 -9.77455842412728 -0.320921441274192
