test_CNN/outputs/tables/02892_mf24665m0s0_sources.ecsv
# %ECSV 1.0
# ---
# datatype:
# - {name: id, datatype: int64}
# - {name: x_centroid, datatype: float64}
# - {name: y_centroid, datatype: float64}
# - {name: sharpness, datatype: float64}
# - {name: roundness1, datatype: float64}
# - {name: roundness2, datatype: float64}
# - {name: n_pixels, datatype: int64}
# - {name: peak, datatype: float64}
# - {name: flux, datatype: float64}
# - {name: mag, datatype: float64}
# - {name: daofind_mag, datatype: float64}
# meta: !!omap
# - {date: '2026-06-03 17:10:56 Eastern Daylight Time'}
# - version: {Python: 3.11.15, astropy: 7.2.0, bottleneck: 1.6.0, gwcs: 1.0.3, matplotlib: 3.10.9, numpy: 2.4.6, photutils: 3.0.0, scipy: 1.17.1,
#     skimage: 0.26.0}
# schema: astropy-2.0
id x_centroid y_centroid sharpness roundness1 roundness2 n_pixels peak flux mag daofind_mag
1 485.6946847256657 14.261447499567037 0.4922479832983688 0.2877656036800092 0.08967794118924274 25 990.0 6846.0 -9.588592237004645 -0.03365565373887601
2 508.86066071480815 29.358576865510084 0.39804964805231596 -0.67433814617732 0.07198680034155713 25 1336.0 10534.0 -10.056483285053655 -0.41070645051378246
3 757.1961289922776 59.193134500075466 0.42164152501684266 0.1769331843039779 -0.035235329122416205 25 3927.0 75603.0 -12.196347572668213 -0.26036995297428317
4 165.410599074916 73.88397244357618 0.49336014814736834 0.22855354261094524 -0.20501973975691715 25 1801.0 22468.0 -10.878911038010262 -0.21129176744377087
5 329.8946694004789 75.5954742260454 0.3805614741737277 -0.4311191868509943 -0.2616707662505219 25 990.0 9566.0 -9.951825941339864 -0.04744102101569679
6 151.5946501061624 90.33872779811615 0.7159146591970814 0.035769142291206604 -0.022623818201969285 25 1124.0 4157.0 -9.046950061265537 -0.0018854439945651899
7 147.9230528405925 108.30446505199255 0.48322549119371694 0.5683946230758945 -0.10058359635190034 25 1769.0 18321.0 -10.657372936788821 -0.36601015783800867
8 438.0132155848701 123.56141454232267 0.4963781206887637 0.27211875511968847 -0.08081007464975493 25 1276.0 8264.0 -9.79297577127891 -0.29326348586790313
9 661.3598826219499 135.8918969535375 0.47482658636045855 0.35931793948462587 -0.2351483663788918 25 1911.0 24468.0 -10.971496179564413 -0.24653429003876848
10 497.3062674510992 170.25922627917956 0.4005947829762584 0.9113938981673171 -0.25032450018459224 25 1228.0 14040.0 -10.368417769484466 -0.03982172532466206
11 713.3862072845891 182.36339671962935 0.4321752472614617 0.36783275077373484 0.1561241863345967 25 973.0 8108.0 -9.772284350052429 -0.035184287109906544
12 642.1016123265737 184.36698411520578 0.4560650145435096 0.9953544511550625 0.053864425071811835 25 1978.0 24269.0 -10.962629704176635 -0.41109450755336163
13 281.002653486547 251.42290038431082 0.6441598836553392 -0.32343499178279683 0.0427688381339323 25 1676.0 11450.0 -10.147013716689768 -0.3757521469563996
14 419.0840543118332 308.76497236654444 0.5193725340568824 0.4631838618201093 0.13359805128353874 25 1177.0 8196.0 -9.784004874322893 -0.14400391402221024
15 831.8351666605049 308.58730864777596 0.4243050244448628 0.08780002507787597 0.048386842702860595 25 1676.0 20569.0 -10.783032945445033 -0.32316349775295045
16 196.64639327709193 329.02031788769756 0.5274828099918504 0.051562635635085924 -0.2623317684331562 25 1440.0 9877.0 -9.986562634421512 -0.3414013611844895
17 602.5905237396199 331.33604643223794 0.42936211584163764 -0.07619721673414487 -0.01542564525812654 25 1519.0 18117.0 -10.645215710819949 -0.15119951738251067
18 598.104008132099 348.3190708730933 0.44491257847346066 0.5289253000573941 -0.33543703112539436 25 1622.0 22732.0 -10.891594118431732 -0.05232459937183667
19 517.6118534903353 431.73677499222845 0.4435207645678979 0.14700094284932738 -0.16880374865167266 25 3000.0 46732.0 -11.674035920053665 -0.4518576933370006
20 197.27267964693738 559.5001146810828 0.4876447025035593 0.04030049619341068 -0.19363365721044212 25 977.0 4572.0 -9.15026555430811 -0.16003398616838552
21 130.3518451851339 566.7979474601888 0.6049032421911902 -0.37825671684959933 0.042811970992005136 25 2169.0 16271.0 -10.528535612694938 -0.6481744123092146
22 191.8561993979169 574.2051129006164 0.5920885845952697 -0.09380156030380278 0.11761143435841336 25 1060.0 4795.0 -9.201971528766705 -0.0939223132808025
23 339.3898138590672 578.1088785427504 0.4709712702492351 -0.3331253307989479 -0.14695866518745648 25 630.0 -958.0 nan -0.027530331280333015
24 527.7598212022446 608.8572941269368 0.39724417806973544 0.6494335358834835 -0.4329949110413127 25 2322.0 27942.0 -11.115643720790938 -0.6968769007859323
25 9.921726488443914 628.5140144432681 0.6639820493063853 -0.7438565087084159 0.24898108550825734 25 1293.0 9279.0 -9.918752936807104 -0.05401566897029545
26 59.58904078788825 631.2934865700009 0.44572533708076933 -0.42956318186627424 -0.18492803539798947 25 1044.0 8016.0 -9.759894271307926 -0.11886283411010638
27 476.3396753809276 669.7388063875547 0.41198267518484954 -0.6498761464250339 -0.3544683979980749 25 2113.0 26560.0 -11.060570176739951 -0.5164824812984109
28 660.023994238288 690.8458709964397 0.46048839373592054 -0.10738706534621485 0.018307415316021036 25 1195.0 12464.0 -10.239143600821222 -0.03320987184553891
29 235.93119967596002 692.0296722288927 0.4619594527205913 -0.560602459439231 0.10849609742164673 25 2856.0 31812.0 -11.256477434451796 -0.8136524694715115
30 203.1868782685208 785.9299842937752 0.45273879300290176 0.7727420549145028 0.09143873487951648 25 1158.0 11984.0 -10.19650450088848 -0.010361182061046602
31 460.60749418835513 797.8982498661408 0.3965323335798062 -0.13359118201236925 -0.20473508101691065 25 1592.0 22834.0 -10.896454991796285 -0.07043484423920236
32 6.2823097470271065 824.2623783046387 0.3513338217801155 0.46120186328347673 -0.37773893529201397 25 3169.0 60176.0 -11.948558290195809 -0.13459957176068005
33 133.4072417849958 825.2907150775139 0.5713145045100029 0.04239418901476571 -0.04739377617034171 25 1106.0 8171.0 -9.78068802624703 -0.014557075526176813
