test_CNN/outputs/tables/02905_mf24791m0s0_sources.ecsv
# %ECSV 1.0
# ---
# datatype:
# - {name: id, datatype: int64}
# - {name: x_centroid, datatype: float64}
# - {name: y_centroid, datatype: float64}
# - {name: sharpness, datatype: float64}
# - {name: roundness1, datatype: float64}
# - {name: roundness2, datatype: float64}
# - {name: n_pixels, datatype: int64}
# - {name: peak, datatype: float64}
# - {name: flux, datatype: float64}
# - {name: mag, datatype: float64}
# - {name: daofind_mag, datatype: float64}
# meta: !!omap
# - {date: '2026-06-03 17:10:58 Eastern Daylight Time'}
# - version: {Python: 3.11.15, astropy: 7.2.0, bottleneck: 1.6.0, gwcs: 1.0.3, matplotlib: 3.10.9, numpy: 2.4.6, photutils: 3.0.0, scipy: 1.17.1,
#     skimage: 0.26.0}
# schema: astropy-2.0
id x_centroid y_centroid sharpness roundness1 roundness2 n_pixels peak flux mag daofind_mag
1 382.0408512164236 41.13156203675902 0.5179692089680066 0.07027632194841399 0.20783579362674248 25 1270.0 10047.0 -10.005091005648822 -0.1465494818351578
2 282.4009467083038 83.76659069855982 0.5375630439047178 0.5562307432120942 0.028988319276835577 25 1841.0 22940.0 -10.90148353391312 -0.18778297927828597
3 223.9600185327116 110.29579282468526 0.610150996515092 -0.19362271746793006 -0.3723878859917342 25 1473.0 14528.0 -10.405514577942526 -0.07967681584590744
4 781.1853021673987 134.91964944923575 0.6147754970400292 0.04487236607414344 -0.11714466644540479 25 1144.0 5745.0 -9.39822508256076 -0.0630171732873824
5 144.69026868880422 274.6730014672761 0.44035072048928803 0.050416082332481606 0.15490251566349783 25 1368.0 14977.0 -10.438562074475806 -0.09580023065869733
6 644.0160485890601 278.7342042554838 0.6188889065366467 -0.1628040615497537 0.21251260041476217 25 1199.0 7928.0 -9.747909103693047 -0.028994442368454925
7 833.5220050501295 310.7912305039153 0.3949165608127853 -0.026404641904748463 0.40179679516469385 25 1376.0 11885.0 -10.187497965160496 -0.45601274967845407
8 411.6106452467581 341.31298483122794 0.5601624965194435 -0.24781295618443774 0.6044052456207741 25 1019.0 6246.0 -9.489004949735449 -0.06365603725284738
9 738.0668962558278 403.1476736430957 0.5267327776383258 -0.09115947040576589 -0.05007537832737832 25 1544.0 10898.0 -10.093367008920225 -0.4403135012182914
10 681.4302031778913 411.0893834847875 0.4185605262091538 0.9947496136211357 0.13435638892214222 25 2682.0 35813.0 -11.385101756793505 -0.6723423899957839
11 322.5966471092434 510.90683452258634 0.5229576814785806 -0.3678134030637522 -0.7248529105491999 25 1252.0 10063.0 -10.006818681724575 -0.20637314457261846
12 71.83065792544774 537.632077593455 0.655235713151121 0.5985415439982368 0.6081412599766443 25 1433.0 9681.0 -9.964800550308919 -0.1811584730048166
13 694.3998016731745 547.8016701340705 0.5179137142997214 0.2571178493295779 -0.1686905147783674 25 1662.0 15496.0 -10.475549019277636 -0.35444346037535834
14 717.7980854112371 601.1072891902413 0.5903258682674365 0.16027701490033008 -0.5943931916239212 25 1858.0 13908.0 -10.358161705028053 -0.5232991306387862
15 488.73568002001224 602.4347990100896 0.5131676106324558 -0.20472619029741815 0.026867123037226454 25 1831.0 15378.0 -10.467249641419718 -0.4963023173101929
16 799.1938701897373 612.2323446765765 0.5020470306004424 -0.4130354671304299 -0.017290208114997138 25 1119.0 8724.0 -9.851789142266657 -0.04859210885688484
17 223.71764425048224 636.0024728430403 0.5710355202642133 -0.7839996030954081 -0.4672337686822485 25 1831.0 12204.0 -10.216255497425923 -0.5493165190783311
18 580.9520497492289 656.7658723247038 0.4754896458992808 0.05440831815729815 0.2528674353858495 25 1257.0 11170.0 -10.120132932789023 -0.20545480113715414
19 263.45503276984044 678.3765102977093 0.42496524360713384 0.7060191151677494 0.43384137897636715 25 1151.0 11599.0 -10.161051371083985 -0.06026834928064426
20 356.8672829879447 681.58112084259 0.43684076299695435 -0.5727786774508374 -0.16741542784631383 25 1299.0 12253.0 -10.220606083778929 -0.19753494815885192
21 469.74279938301913 734.2002825295708 0.6130118389354977 -0.34865773908366565 0.19152906618295915 25 1549.0 12329.0 -10.22731963145402 -0.2622271806668091
22 403.5880650970383 756.3820681537825 0.4108743144191563 0.5601151533162256 0.23668263895587083 25 1572.0 15740.0 -10.492511820057615 -0.41799070641008856
