test_CNN/outputs/tables/02977_a20754m0s0_sources.ecsv
# %ECSV 1.0
# ---
# datatype:
# - {name: id, datatype: int64}
# - {name: x_centroid, datatype: float64}
# - {name: y_centroid, datatype: float64}
# - {name: sharpness, datatype: float64}
# - {name: roundness1, datatype: float64}
# - {name: roundness2, datatype: float64}
# - {name: n_pixels, datatype: int64}
# - {name: peak, datatype: float64}
# - {name: flux, datatype: float64}
# - {name: mag, datatype: float64}
# - {name: daofind_mag, datatype: float64}
# meta: !!omap
# - {date: '2026-06-03 17:11:10 Eastern Daylight Time'}
# - version: {Python: 3.11.15, astropy: 7.2.0, bottleneck: 1.6.0, gwcs: 1.0.3, matplotlib: 3.10.9, numpy: 2.4.6, photutils: 3.0.0, scipy: 1.17.1,
#     skimage: 0.26.0}
# schema: astropy-2.0
id x_centroid y_centroid sharpness roundness1 roundness2 n_pixels peak flux mag daofind_mag
1 393.06346784233676 0.3903943209776424 0.2796536293203109 -0.25835285439684164 0.3998534907390773 25 306.0 1284.0 -7.771412559332086 -0.0047974835940371155
2 607.0426740102539 7.760525860233454 0.4705113506778593 -0.17123397392099635 -0.7275595091719494 25 2895.0 45013.0 -11.633344896266873 -0.8877932625905975
3 304.7937297788811 7.636686285016236 0.4112157519953225 -0.29090160296858075 -0.6251118276539506 25 3039.0 44798.0 -11.628146563547118 -1.1893631042110728
4 602.753085675151 8.08409576613467 0.38397681069683237 -0.20034855446193595 -0.5410095332490514 25 3161.0 48665.0 -11.718041819278493 -1.178677598794474
5 128.6709732958937 15.149317361616921 0.7265493194076766 0.0347959925416234 0.28898196330546566 25 1101.0 3319.0 -8.80251813102151 -0.49552895289912435
6 298.04619812888046 25.640214170342276 0.9068603316799992 0.07645748161901782 0.184558378075308 25 1444.0 2560.0 -8.520599913279623 -0.6468734376073998
7 143.38358695420587 26.434540997613325 0.5908725725000515 -0.10245629648717197 0.36125153284863776 25 1411.0 8399.0 -9.810568953150295 -0.773773663862441
8 14.179243498988887 30.343987570689077 0.6024864786147976 0.07658224031973754 0.1398409396525846 25 461.0 -22.0 nan -0.04127650014838741
9 307.5574657280028 31.918068971236924 0.6211025314060942 -0.08716963598992582 -0.2697292831808584 25 2566.0 15180.0 -10.453179428898654 -1.3670012091077868
10 343.4862434905819 34.520876592019 0.507641785136653 -0.4940231082715038 -0.8527203049325776 25 2633.0 35398.0 -11.372446812303089 -0.9724742260114595
11 379.41750873072374 37.081494378522954 0.7056823660938947 0.8950913532727325 0.05726871067220093 25 789.0 2675.0 -8.568309465893119 -0.15592022233971514
12 324.5226994697101 39.59834067082641 0.5207664939038281 -0.27312671367887115 0.1466540989008816 25 2616.0 14357.0 -10.392659250956557 -1.5266401749311758
13 149.63615318971733 49.36511787081935 0.4409427874250181 -0.3534330937079787 -0.7821839167855344 25 1705.0 28022.0 -11.118747821839627 -0.1962799782697756
14 258.1239316355908 59.57081085533491 0.7632584711198969 -0.7151829379686842 0.6370973182124317 25 513.0 -682.0 nan -0.03232843262935535
15 330.0231329940146 61.61595814095504 0.4258743691853294 -0.2293533231575236 -0.6257107444680334 25 1815.0 28596.0 -11.140763220985201 -0.30009973896378883
16 360.93146192699726 61.02201979348831 0.710728647080953 0.8637689596646247 0.3604460444450585 25 696.0 1071.0 -7.57447367707964 -0.13715521978217984
17 792.0891985820272 60.959052858593594 0.5766708703213725 -0.037385034726515554 -0.1216588191722473 25 824.0 2977.0 -8.684447086616812 -0.3109919178963979
18 9.945695646362463 66.72508891133519 1.0235992744019724 0.8075451269383096 -0.009609567489877414 25 1204.0 1782.0 -8.12726924925214 -0.36310800481035405
19 394.8737683666803 67.60985787739907 0.6596770001814097 0.5703117112563363 0.49962301161317996 25 1150.0 3302.0 -8.796942672316938 -0.6695806569756373
20 368.441602722432 70.98273178323548 0.5140724431723536 0.007360092587715878 -0.0014805183862157097 25 1087.0 15526.0 -10.477648954568494 -0.01396004411451708
21 116.38337496846454 91.53467790342069 0.4270599031037997 -0.34280167391497074 0.07119475671989392 25 3074.0 61964.0 -11.980348613173692 -0.2724046191571258
22 207.42815105431177 91.03980359356301 1.0795956284210944 -0.4176658945186292 0.11454222544316615 25 1009.0 1724.0 -8.091343153721734 -0.10958138553916782
23 534.1010126078082 91.28560145857472 0.7605516981603735 0.11656365333542985 0.0250936193975631 25 831.0 100.0 -5.0 -0.2907336779554312
24 124.74282870599978 92.6788126116625 0.4521086045464436 0.5635462641969153 -0.16155249547653705 25 3001.0 59070.0 -11.928417427144451 -0.2587181907591427
25 795.1084627234093 104.02858528285992 0.35798808618125416 -0.06183750057198828 -0.8226512505918095 25 3130.0 58229.0 -11.91284832945987 -0.7053414596945405
26 790.684776498729 104.63620299300537 0.38359886537302096 -0.21023912750612433 -0.5045437007280955 25 3143.0 54737.0 -11.845702477791722 -0.8383588168226905
27 832.6632882835889 106.77322450669693 0.29633063157724415 0.0865030183587254 0.16750625991175797 25 2281.0 32766.0 -11.288558567297969 -0.9059892807145137
28 663.9648832008991 116.30227385599657 0.7766325562302706 0.31008310620107216 0.34352817592275897 25 932.0 1943.0 -8.221182001499457 -0.324116200726095
29 100.67093540300063 116.38959869871492 0.7031604773124084 0.2889782050747599 0.3488356707058154 25 774.0 1877.0 -8.183660681553365 -0.24948232691174593
30 616.3887059093463 119.89793273009259 0.7162991530793691 0.11079980342206229 0.3113827414471784 25 872.0 4551.0 -9.145267088765983 -0.17572662596499478
31 38.20897335070279 137.05807896451228 0.41679598321078204 -0.09635825450957194 -0.49535181516862364 25 3010.0 49066.0 -11.72695163625372 -0.9486405777655839
32 42.99509875101087 137.37975122998938 0.41416252552936916 0.3433484719430853 -0.5670809800755011 25 3009.0 51947.0 -11.788901179007942 -0.8119201386905472
33 780.9283415815387 162.5654995956597 0.41212137382433567 -0.42496257827902334 -0.6532075634700983 25 2927.0 49671.0 -11.74025725876147 -0.8021848928979619
34 434.5974709530868 164.68140663723824 0.5051429131914368 -0.19587205236116823 0.10877456103261414 25 1677.0 9782.0 -9.97606914621316 -1.0671552548479324
35 577.2855963826166 165.0683891449047 0.4362669720743879 -0.13525468585364803 -0.7979240224774828 25 1673.0 26579.0 -11.061346592885135 -0.07873669839626948
36 832.4928791380122 175.66781789439293 0.2885659192300584 0.013257693997020257 0.29690304559903513 25 2201.0 34121.0 -11.332554376880406 -0.7900325351212446
37 696.1691450162912 189.82607460792445 0.7240439626047762 -0.059015236879212576 0.09986646580567798 25 790.0 1298.0 -7.7831867311608764 -0.19664120599326512
38 765.5132516819044 190.84566164710154 0.4681532982646798 -0.7158768981091258 -0.7994710240464715 25 2587.0 38267.0 -11.457061040946986 -0.8600698371791469
39 220.41082679719696 196.3087458516345 0.4779019678120676 -0.3166321013120585 -0.6942601119990662 25 1192.0 13413.0 -10.318814811469235 -0.3574300221664173
40 541.4330267832121 216.0762391883175 0.6950929164707824 0.8097220722089613 -0.16994345566032457 25 861.0 2900.0 -8.65599499474739 -0.28473306699763845
41 156.01888851231828 232.9651031413807 0.4211053054730654 0.5311792473766125 -0.35191515631566156 25 3086.0 57363.0 -11.896579640530796 -0.6477904331969753
42 147.60841521360538 232.52520737828542 0.4461213912348365 -0.07630386544793112 -0.5219662424900046 25 2936.0 52145.0 -11.79303167948482 -0.6749786353831623
43 34.22422243146458 234.2801735428593 0.5763796623680821 -0.33390724156464063 -0.24662745148866197 25 1486.0 17894.0 -10.631768582518204 -0.41595617777760807
44 706.0033754711018 236.64543881713698 0.8235087450390358 0.129726222591533 0.3170964429382512 25 682.0 452.0 -6.637846087028455 -0.00045952058477803686
45 319.04346366670126 238.36494514355567 0.8866913781198 0.12397768945458282 0.28937899756970464 25 910.0 3663.0 -8.909592296661362 -0.05890761362906745
46 686.8314297224864 237.48086526371725 0.534667461099775 0.18053221998796015 0.04268770163563422 25 1820.0 11809.0 -10.180532806508456 -1.0907978354286503
47 234.03275645557827 242.28814626697988 0.5069639396568358 -0.047045721395842025 -0.9051596082563925 25 1585.0 19362.0 -10.717375539468872 -0.5429949440433319
48 345.75919805328084 245.43890706973013 0.43892555698265245 -0.5056314626708373 -0.8018656600858919 25 1614.0 22916.0 -10.900347033943937 -0.44049678941152853
49 147.67396746227703 249.35884651277493 0.5517556504428227 -0.6333767383643149 -0.15773764384496514 25 1835.0 14959.0 -10.437256405445815 -0.9606933659178497
50 22.834706146508267 253.76249113717657 0.7689023139283387 0.512154191120732 0.25059908333627234 25 1085.0 4116.0 -9.036188415225988 -0.4075760922194366
51 606.333692743795 274.64110006425705 0.4389960018607542 -0.7768773865504265 -0.9952555691513496 25 2476.0 36508.0 -11.405970104645265 -0.8183361813875035
52 458.39678441781933 286.7098316739381 0.74170506409227 -0.20655225078910472 -0.07522267820544848 25 1318.0 2022.0 -8.264452878137456 -0.7890230866704087
53 144.43072223895481 292.55272728707075 0.4575904353214054 -0.08682496763965855 -0.7574537240473604 25 2060.0 33747.0 -11.32058792874316 -0.25309352496948295
54 569.3482921367629 300.02834483822903 0.7957963452870362 -0.6820459765205856 -0.31465255410752363 25 820.0 1306.0 -7.789857942347638 -0.18510340847932366
55 488.8904347709116 315.9278612826301 0.8542167366350578 0.3487511451157578 0.20697135796164004 25 1215.0 3026.0 -8.70217230921792 -0.5003769699762546
56 373.19524080774727 325.9401382931298 0.8270763637616335 -0.22612312361734996 0.26380675629827977 25 1251.0 2340.0 -8.423039643525357 -0.5963533206266707
57 662.2264207768819 335.83360035094455 0.6775892467329134 0.2406156734635785 -0.10961002718810631 25 1553.0 5181.0 -9.286033980717804 -0.9215232029036974
58 325.07508973641137 337.06929332359675 0.7444229913954649 -0.6357157563384229 -0.3402515563101 25 1136.0 2825.0 -8.627546130388644 -0.5768033302010153
59 639.0266912589467 338.17652603128636 0.9449391019304015 -0.04602841936102928 0.13346913202466945 25 897.0 505.0 -6.758228445296654 -0.19509516078356415
60 490.0690027907723 341.8414186321476 0.9583314674290703 -0.9587301856225883 0.3192908846511745 25 916.0 2429.0 -8.463568787012827 -0.03731092958385507
61 4.215147441663753 344.15678543941164 0.6819435899495558 0.5203312865522772 0.0389062564762343 25 894.0 3389.0 -8.825178922093444 -0.2841896451045537
62 781.3422585453146 343.72854380909837 0.6005409406119406 -0.0052739408040440895 -0.2842384011796096 25 602.0 981.0 -7.479172518449872 -0.08323988338422902
63 204.72858377350397 348.03884399002163 0.7674427411616109 -0.05765813937685672 -0.19910458550334192 25 1370.0 4416.0 -9.112572661802856 -0.6580581999153462
64 710.5855543540487 348.53888277236643 0.460960374404222 -0.26401737194650604 -0.22528417466663955 25 3007.0 53045.0 -11.811611134365908 -0.7199638897297291
65 720.0030248590731 348.11568710316965 0.39607119551120124 0.7126071720484505 -0.39973697345795933 25 3152.0 61128.0 -11.965600466688054 -0.48477417724971655
66 688.2546082023424 351.9959418285746 0.683827330325967 -0.7316863792969629 -0.05419463612839612 25 621.0 1684.0 -8.065855217909077 -0.010745527509764173
67 136.1487724796446 354.22436881686593 0.7450901318853832 0.3553101758567243 -0.01743008153250456 25 867.0 1744.0 -8.103866201491371 -0.26149573998507675
68 24.871382706118748 358.7725115271967 0.673854630010398 0.26314981435966506 -0.04235058563698893 25 748.0 3957.0 -8.99341512566507 -0.0162237864574069
69 151.24404180606842 359.94191819996115 0.4474994615059283 -0.42904896143368293 -0.8846356024582246 25 2639.0 37855.0 -11.445308126300661 -0.9142124066922499
70 582.6726190431451 379.1914742935771 0.8187757814753799 -0.610561997503474 0.20476779632851058 25 779.0 1214.0 -7.710546716848096 -0.0946521165253101
71 413.48247552704913 393.3234406132745 0.4484354825956534 -0.20674846303413877 -0.4088274815558361 25 3020.0 50484.0 -11.757884395161554 -0.8257926984299353
72 419.9070768952025 393.3044793780709 0.3920673666527335 0.6200702034030909 -0.4194906165412442 25 3052.0 55344.0 -11.857676361675715 -0.7416382639100272
73 778.7650281495339 407.4924534401719 0.3869548964515966 -0.5481466097703126 -0.8846436836837976 25 3077.0 52859.0 -11.807797356949978 -0.8355921459744327
74 353.4213555490886 410.25449267161287 0.7384764455790915 -0.4806375396498367 0.43927106322340886 25 1280.0 8029.0 -9.761653644788812 -0.4503746024523527
75 577.4026633706964 414.9321582969468 0.5167918079750194 0.1714019735566709 -0.16386955049798346 25 2236.0 11990.0 -10.19704795774712 -1.3894088818403243
76 194.78398926966162 418.8556979744026 0.5809360042105141 -0.1409543607165251 0.0007625721560081856 25 752.0 3868.0 -8.96871616352741 -0.10811769610394928
77 102.97809181834593 425.2733100854728 0.7582552321593096 0.007780067197027309 0.36313454705359266 25 1286.0 3438.0 -8.840764680877584 -0.6635165467586055
78 46.40268000526683 440.20528513054904 0.6960328437050697 -0.4327938007002702 -0.206200814963147 25 1530.0 6800.0 -9.58127228176559 -0.8107748239778949
79 259.9426595167352 440.87578467097734 0.5500672134271808 -0.49988879265340563 -0.3070773943051542 25 1076.0 3274.0 -8.787696687689806 -0.7637202862804832
80 325.5473982144049 446.2384664364114 0.53478747802842 0.1897905482058823 -0.03463693307048214 25 817.0 4627.0 -9.163248748749742 -0.2758079490469035
81 288.97809876868064 456.86231694996394 0.8787531579346635 0.6803104076631058 0.3340464588740104 25 910.0 1411.0 -7.87381753438587 -0.2321873209767386
82 143.517454569809 463.01108288803806 0.5945238254128266 0.4328127219681736 -0.0003641002474546839 25 798.0 5496.0 -9.350116810128736 -0.09614099824562987
83 190.75162966280132 462.62551275814457 0.4957498096192982 0.007691509179300074 -0.16581528412571256 25 573.0 1621.0 -8.024457537121288 -0.08391964045138162
84 266.7024697312783 466.82764355760406 0.355536134076423 0.13109868841526817 -0.9406134561881196 25 978.0 13815.0 -10.350877223131326 -0.09704877333457372
85 462.68703518973666 467.2932594809122 0.3935076812592556 -0.20958781181617628 -0.05628404405786085 25 3277.0 60171.0 -11.948468073056588 -0.7404947144345296
86 473.3610277949608 467.54601833928757 0.4214926712994659 0.8086398156475357 -0.35231216726840575 25 2941.0 54675.0 -11.844471979274187 -0.6059562282481087
87 792.5861910899914 472.1898543627504 0.5607043391516436 0.10419588620744026 -0.14106965931085413 25 1025.0 5646.0 -9.379352184527251 -0.48367563492262255
88 680.9712609690494 474.89134970169863 0.8678301493033633 -0.12995005691662614 0.36738254984280505 25 1942.0 4017.0 -9.00975457932918 -1.0321598535852476
89 705.8236178197568 482.38867360863367 0.7831528788468024 -0.11472666097787002 0.37621158143838174 25 755.0 1422.0 -7.882248990984369 -0.12301385854029352
90 801.1311410656041 482.39825579746116 0.7251798133577758 0.010091449519471628 0.0016795247997418146 25 1341.0 3357.0 -8.814878353120031 -0.7320293245346035
91 661.5932195688746 488.1846663551757 0.38415056314480706 -0.483122283902085 -0.8208453328953874 25 3059.0 47251.0 -11.686027510414066 -1.102833390109335
92 80.34264665969259 490.9187516595844 0.7004828590209506 0.2089267806639191 -0.026088429256337187 25 789.0 3691.0 -8.917860112989143 -0.12890412895508713
93 193.9766331445428 496.1342708068913 0.5562357033254868 -0.7217369876556471 -0.1841677619239405 25 587.0 1719.0 -8.08818969171763 -0.09331743980291062
94 422.953934550782 496.2541582158507 0.6255242396331785 0.04447464086895426 0.10877510300596825 25 1073.0 3529.0 -8.869129145899922 -0.635371506027903
95 123.35159157537875 507.0642612452815 0.961453094903084 0.6371965340736621 -0.14082100935099626 25 891.0 1787.0 -8.13031138126411 -0.07590861397266205
96 306.42393925098725 509.2693226727617 0.8775399432785773 0.20397266122025426 -0.25855903947732 25 916.0 2165.0 -8.33864475172346 -0.12600518640836644
97 349.9182975890754 510.0521548164771 0.4281169280266586 -0.3672960902165625 -0.9104795839730307 25 2919.0 44953.0 -11.631896700683125 -0.9766111630720029
98 699.1563776045497 518.4162962999662 0.4791895519956012 0.31243835019499344 -0.6921280887221611 25 1447.0 22478.0 -10.879394167197585 -0.013352048762194162
99 103.97692799070386 528.6854919619099 0.8809997937315467 0.7750803901738708 0.30733249205214475 25 951.0 1622.0 -8.025127124687844 -0.23356741809611248
100 44.02361080692028 534.9053792847508 0.7128481649205469 0.2551486780165633 0.3212031817544845 25 1127.0 5427.0 -9.33639955394869 -0.41204904984292534
101 217.8433847990562 536.9897720216444 0.6952840028347848 -6.941403378322863e-05 0.08598674091945084 25 961.0 5701.0 -9.38987760251033 -0.21902979457920657
102 663.1374005946893 537.6584039879036 0.6950665202251677 -0.19471442152615953 0.4236777830270404 25 1193.0 7469.0 -9.683156148596817 -0.4221790443092168
103 308.78612891219404 544.9284522251143 0.4136560428418141 -0.4206821230273613 -0.9911400929210149 25 1758.0 25265.0 -11.006298256435622 -0.49762370047807847
