test_CNN/outputs/tables/02978_a20756m0s0_sources.ecsv
# %ECSV 1.0
# ---
# datatype:
# - {name: id, datatype: int64}
# - {name: x_centroid, datatype: float64}
# - {name: y_centroid, datatype: float64}
# - {name: sharpness, datatype: float64}
# - {name: roundness1, datatype: float64}
# - {name: roundness2, datatype: float64}
# - {name: n_pixels, datatype: int64}
# - {name: peak, datatype: float64}
# - {name: flux, datatype: float64}
# - {name: mag, datatype: float64}
# - {name: daofind_mag, datatype: float64}
# meta: !!omap
# - {date: '2026-06-03 17:11:10 Eastern Daylight Time'}
# - version: {Python: 3.11.15, astropy: 7.2.0, bottleneck: 1.6.0, gwcs: 1.0.3, matplotlib: 3.10.9, numpy: 2.4.6, photutils: 3.0.0, scipy: 1.17.1,
#     skimage: 0.26.0}
# schema: astropy-2.0
id x_centroid y_centroid sharpness roundness1 roundness2 n_pixels peak flux mag daofind_mag
[from data line 103]
104 57.79787888727155 588.2481462738581 0.470044007609511 0.6767723906209026 0.32383070562395144 25 962.0 6380.0 -9.512051696802907 -0.5032275340322039
105 26.983193463307433 596.6189992229544 0.929488398401733 -0.862514718276268 0.14307391533738104 25 841.0 67.0 -4.565187006752066 -0.1187139297014799
106 791.1315742825824 597.0770375157878 0.5703258672859708 -0.12195306900952746 -0.8886602401933715 25 1350.0 15578.0 -10.481279248758753 -0.2697644598970834
107 57.97739565755227 599.39866161592 1.0487683706948556 0.07582881808711969 -0.13252919962666007 25 1374.0 2838.0 -8.632530977803638 -0.40816468969327285
108 72.6354736323359 602.1705567253363 0.7240660843611928 -0.08637625514725934 -0.3280751568207304 25 541.0 483.0 -6.709867826878781 -0.06408057636887253
109 140.17683773510765 602.087180125191 0.8236423462629986 -0.026998953997797018 -0.32888249745588605 25 878.0 2939.0 -8.670498965181531 -0.15711332637295194
110 445.2699983177546 604.973345135468 0.5006516407288202 -0.054816972597895905 0.2008751884960823 25 2580.0 15998.0 -10.510164231131196 -1.5013807109151143
111 670.5141268339332 604.994124679949 0.5347435437065751 -0.10931277264952116 0.0429360596315313 25 476.0 -21.0 nan -0.0055639740788890665
112 140.86677230209176 614.2311911021312 0.4545997811819325 -0.7128622584763362 -0.9933473112179241 25 1900.0 28621.0 -11.14171200917215 -0.291105623044684
113 703.5248452271574 618.8954274931754 0.5329337381344998 -0.05740270997649794 0.01576594619289627 25 2321.0 25406.0 -11.012340734381748 -0.9297349152241132
114 152.67696607611617 626.4663709070134 0.46539201933520874 -0.5642413079115658 -0.9764644852480581 25 1998.0 30545.0 -11.212350323670071 -0.38454564183444256
115 615.0828749316265 631.0053847082175 0.781266389193723 -0.4951737417538897 0.42073628298466 25 868.0 583.0 -6.914171386897535 -0.18884090202468767
116 677.8279009064328 634.0149502135534 0.4103509762621546 -0.1968043260248858 -0.27474403845194767 25 322.0 -1251.0 nan -0.012474833005471826
117 443.9163914345065 634.9966602785167 0.8949363602166981 -0.30729506566187925 -0.17916828574796279 25 1706.0 2992.0 -8.689903972981059 -0.8316345287608701
118 211.92840227042075 639.2969877546609 0.7704722750150917 -0.10471173646950885 -0.14964530605307472 25 1572.0 4943.0 -9.234976526151943 -0.7715927620559735
119 827.7839332117419 638.8850944759423 0.4862059552533019 -0.005174939376109988 -0.8835548213480489 25 1494.0 19950.0 -10.749857250056918 -0.25670650235129916
120 233.2723385387937 646.5604315081557 0.9796457490349906 0.7316252330881967 0.8963216374765821 25 1064.0 1153.0 -7.6545732682367476 -0.2564759868657064
121 315.0672092504359 654.093537171453 0.5675595766358885 0.6516300173330651 0.33250740466621376 25 1312.0 8566.0 -9.831945175151377 -0.6797530330835087
122 8.83866673428644 654.7561580125712 0.4593380261112224 -0.18676359496053052 -0.559176790851491 25 312.0 -1427.0 nan -0.004844652993396481
123 396.7215522957033 659.7673688539134 0.80269174265715 0.4175855342456127 0.21318082967357985 25 607.0 -1339.0 nan -0.024467581364323553
124 540.554577875005 661.0869610660003 0.7953858187882635 0.3582023530841196 -0.18195326615107604 25 890.0 2383.0 -8.44281010586614 -0.09908095719732495
125 738.6014636716587 666.8561535986425 0.4665467900134957 -0.39595049912313424 0.07431363973179896 25 361.0 -1744.0 nan -0.08790536131217425
126 521.0196035207846 670.4519771164241 0.45411020881117664 -0.346663496932715 -0.6792394736639508 25 1966.0 29403.0 -11.170979109786906 -0.3166588721205793
127 730.0801347888963 669.639718071324 0.8342987599149101 0.16029549679809962 0.142936606343151 25 681.0 -283.0 nan -0.10673716398125732
128 47.3009126932388 675.3200819909616 0.7369031879724842 -0.6991900171152335 -0.6688275446257369 25 772.0 2557.0 -8.519326820065839 -0.09270347711731108
129 774.0175156227807 677.0172742167988 0.8990482675179373 0.2858139383290777 0.5502486890784307 25 803.0 182.0 -5.650178469962687 -0.013127636631756064
130 489.68071939517586 679.9928515965524 0.43068038062546765 -0.7742564148478303 -0.3427395109075978 25 1090.0 3687.0 -8.916682844015291 -0.8425515586642174
131 584.5690284697157 693.7997944421979 0.6641603338886535 0.8892044204895686 0.09438950710921865 25 1343.0 8540.0 -9.828644676722512 -0.5538834764473118
132 619.0539283272766 696.7364119205049 0.628250864568304 -0.06173722663861649 -0.56774136702581 25 1753.0 23061.0 -10.907195339472324 -0.23558120822135425
133 175.9325418672601 697.9248760446676 0.6848713710725134 -0.29002645243036507 0.2738327009086448 25 710.0 1151.0 -7.652688309074479 -0.19509648410933061
134 195.20064744169255 700.8051592832036 0.9093190342701796 -0.6662332788871618 0.243534400591572 25 1802.0 2505.0 -8.497019325508163 -0.8671067557445945
135 204.24390319789794 700.6035153567034 0.6718862268759974 -0.891202006508428 -0.1439342136999515 25 717.0 2399.0 -8.450075619919577 -0.07069163704074456
136 668.9619563683717 700.9379701013472 0.8086261909425115 0.6866375802625183 -0.09276540500761317 25 1476.0 11772.0 -10.177125633568933 -0.296843185215373
137 787.2803820008606 707.1994745931343 0.7120979285464403 -0.18556652044496655 -0.1979504440713471 25 1293.0 3374.0 -8.820362695632767 -0.6831485162916219
138 218.22579497788044 712.8160330313235 0.5020686616655401 0.47716627288762176 0.5484251539996062 25 758.0 2379.0 -8.440986105093165 -0.4592126315930886
139 762.0421040099492 713.2393179632998 0.8128527574068825 -0.474594635395657 0.12602309330653547 25 1358.0 4168.0 -9.04981927572867 -0.5073856170835318
140 80.10012313008448 716.48908842115 0.38266461858524575 0.6156607465421085 -0.2761662881872698 25 3014.0 57189.0 -11.893281256479511 -0.45542990289762997
141 0.34980895471359597 724.1923861468267 0.30197296856802536 0.38527267753480465 0.6132810603669836 25 1125.0 13476.0 -10.323902505772706 -0.5006735987220595
142 34.98703291736546 724.9666488898607 1.1999890558935356 -0.2554302942288177 -0.11248658562321008 25 1739.0 4838.0 -9.211664660064653 -0.4492898559208458
143 17.350146496402804 737.892300121822 0.36970021657121 0.8523710301235861 0.07257069363266402 25 3194.0 60342.0 -11.95154925127994 -0.6576306634316881
144 578.8959229434911 741.4862333344607 0.5786773858845556 0.24492125868384199 -0.3246051729998906 25 1061.0 2629.0 -8.549476465265908 -0.6847638698180698
145 13.300098404357735 744.6998280076039 0.38899798024530186 0.020266763969272045 0.7659504711710914 25 2570.0 50707.0 -11.762669792392831 -0.14430409415629789
146 684.0784292113547 745.06784759345 0.964373850039326 -0.642179422252968 0.20548838155801918 25 801.0 -2674.0 nan -0.15765265272320153
147 108.10846212758656 761.1450527407131 0.5771710973184367 0.24854632733197274 0.25724659441316916 25 736.0 2526.0 -8.50608336554828 -0.3171689742245819
148 65.4266824628282 764.122600954685 0.4437380528773127 -0.7860447798940056 -0.19686974234060992 25 565.0 1627.0 -8.028468882342146 -0.1811146379223838
149 486.3810317709186 768.0967795524016 0.4635245375546923 -0.5096711699764709 -0.9915693661381244 25 1835.0 27001.0 -11.07844962210484 -0.4802401987434601
150 802.224145084774 767.3607649250213 0.7996408976547438 -0.5219916444666941 -0.07216277873380048 25 635.0 -2016.0 nan -0.10579997357153148
151 54.07213792478213 771.9494278994031 1.1657243362194312 -0.0636909165979868 -0.12926267803312114 25 1437.0 2294.0 -8.401483533913122 -0.4236379361093706
152 725.2413004760905 781.9094526571937 0.48491186360434213 -0.42637183633995546 -0.7381235965694123 25 287.0 -2953.0 nan -0.053898201665933565
153 345.01414583828506 782.5137270787884 0.8847644807652278 0.2699160442857181 0.17670792619326214 25 1886.0 3159.0 -8.748874064762873 -0.9264514444039861
154 646.572626185696 784.0298203099402 0.7809205672630057 0.022180248087675165 -0.0706640996203798 25 1460.0 2335.0 -8.420717212255328 -0.79070948805569
155 457.74655042621 787.1359064045788 0.6122458245713878 -0.5555642546323522 -0.27294779522578244 25 1016.0 3158.0 -8.748530314180687 -0.5455110868452676
156 524.4998470938291 787.8591385276779 0.7696689127214789 0.30595055844363905 -0.12454858732602712 25 1482.0 5882.0 -9.423812550427627 -0.700741070831332
157 811.2643947917653 788.2177657762394 0.9932515815728022 -0.8036053906763099 -0.18914426578863072 25 1012.0 2000.0 -8.252574989159953 -0.10933366700889126
158 548.9676887748557 800.1568764937454 0.4492969523104142 0.09663502568737119 -0.607537506596638 25 466.0 33.0 -3.796284849694719 -0.12364668255229577
159 724.2877178783939 801.1327197167572 0.532768191214152 -0.08302853000195827 -0.5394495810395088 25 1180.0 3525.0 -8.867897803318543 -0.8140236262802757
160 709.9653333230788 805.7443929535336 0.5259449586252041 -0.3194321784705241 -0.02035502613116457 25 466.0 -333.0 nan -0.03142656412499954
161 766.8698086280291 806.2506249389743 0.4039620627728521 0.8846504443697801 0.20591186409677895 25 287.0 -2621.0 nan -0.08954931005089264
162 687.3441888922213 811.49318036148 0.34302882516639055 0.468152093771063 -0.7531578652816945 25 3104.0 58852.0 -11.924403065748326 -0.5955727595489574
163 145.06023947675382 812.3633065518094 0.7093563388604857 -0.6336661729464034 0.6284626331789873 25 1416.0 6779.0 -9.577914084773607 -0.6166579101286069
164 72.24015611382083 816.8479685431596 0.34315089092578605 -0.015441983802309092 -0.15876550791203092 25 254.0 -1408.0 nan -0.13558449068362116
165 753.3004518471147 826.9367898145939 0.791989362294449 0.0573262880525379 0.11148231513440081 25 1698.0 2482.0 -8.487004442906777 -0.9723517843424008
166 573.9945141716264 830.0627948438192 0.9278969887535944 0.23705862057137253 0.29987792712068284 25 2440.0 4057.0 -9.020512519260816 -1.1602045025045862
167 224.7783940298895 831.2087294926099 0.8519295677077316 -0.2916722879228792 0.09139975225998676 25 1406.0 4127.0 -9.03908617219354 -0.5286938226485705
