test_CNN/outputs/tables/02978_a20756m0s0_sources.ecsv
# %ECSV 1.0
# ---
# datatype:
# - {name: id, datatype: int64}
# - {name: x_centroid, datatype: float64}
# - {name: y_centroid, datatype: float64}
# - {name: sharpness, datatype: float64}
# - {name: roundness1, datatype: float64}
# - {name: roundness2, datatype: float64}
# - {name: n_pixels, datatype: int64}
# - {name: peak, datatype: float64}
# - {name: flux, datatype: float64}
# - {name: mag, datatype: float64}
# - {name: daofind_mag, datatype: float64}
# meta: !!omap
# - {date: '2026-06-03 17:11:10 Eastern Daylight Time'}
# - version: {Python: 3.11.15, astropy: 7.2.0, bottleneck: 1.6.0, gwcs: 1.0.3, matplotlib: 3.10.9, numpy: 2.4.6, photutils: 3.0.0, scipy: 1.17.1,
#     skimage: 0.26.0}
# schema: astropy-2.0
id x_centroid y_centroid sharpness roundness1 roundness2 n_pixels peak flux mag daofind_mag
1 537.130025792384 3.606556545397431 0.6274311828784116 0.5249213141234451 0.36123369478495826 25 1087.0 5525.0 -9.35583070589287 -0.4501468425866714
2 303.3197830735452 7.639915192817874 0.40597889902455986 0.3499188882690021 -0.7031027200123198 25 2677.0 48521.0 -11.71482435734158 -0.42337708378974187
3 599.0712860991528 8.036349167471505 0.4358724477179645 0.4065592091323894 -0.5982535407091454 25 2917.0 51929.0 -11.788524898598968 -0.5007495258579682
4 295.67727878282307 8.101756947843466 0.39119119496489435 -0.8906522901985949 -0.9625546038736394 25 2455.0 44990.0 -11.632789982913918 -0.37641067503494796
5 593.7095946142297 8.917461759413046 0.4475324563391438 -0.7499962750893752 -0.7061555258750938 25 2809.0 52771.0 -11.80598831012383 -0.3335717907471739
6 612.5307803541072 17.922952284060564 0.5091789919664457 -0.47574227555552406 -0.19821095683736686 25 1278.0 9928.0 -9.992154421226683 -0.5140248879788729
7 235.33245580793127 23.497983016359054 0.41317981688380717 -0.25814208113494314 -0.6385214785350279 25 1904.0 30031.0 -11.193924484947257 -0.26621873627270354
8 817.5013266822081 23.714120157411728 0.4376386819310951 -0.23855788456245097 -0.8534954706252534 25 2769.0 47808.0 -11.698751439498214 -0.4321451127002821
9 526.5964653916599 32.51943232920661 0.3997070200873106 -0.21243425598122273 -0.8518773714161785 25 2880.0 51224.0 -11.773683722040278 -0.45342008105929116
10 98.1725896755198 33.27024586064126 0.45745481534877885 0.24882313531943082 -0.7134679725029612 25 1735.0 28347.0 -11.131267759272825 -0.03166343607518995
11 826.1880888308367 38.00500045099073 0.7605320667122797 0.35678557878921585 -0.005416317478175803 25 997.0 3155.0 -8.747498408950383 -0.3339091313035436
12 143.49322740195265 49.43128218820807 0.621658446088386 0.033512486998092575 0.19933355144375334 25 1449.0 20926.0 -10.801715552458324 -0.006149504104169879
13 212.89139837798254 53.14634982276596 0.5355760368995316 -0.017573294396109607 -0.4029076048232671 25 1686.0 25465.0 -11.014859201280494 -0.14427503506691491
14 323.274437828533 61.136959143706214 0.4358161370620065 -0.5959065795929602 -0.718248834076469 25 1689.0 26450.0 -11.056064190928012 -0.12832093899689842
15 666.2510047632063 65.35905867050194 0.6025444877795658 0.3242591497489277 0.09236561494040997 25 883.0 3185.0 -8.757773591678422 -0.40701254837955997
16 793.4033865496335 69.78122976596885 0.44861508704507774 -0.5917772864474963 -0.7523217071655516 25 1349.0 18974.0 -10.695397240611658 -0.08038958341188668
17 464.3699948704427 75.77916976544843 0.5038839403551791 -0.632549701601791 -0.8914468306183466 25 2545.0 41204.0 -11.53734844624813 -0.42381714007861176
18 179.1159856188921 76.8018709538719 0.40092019903814174 0.1582200579526517 -0.9758212084585614 25 2746.0 49345.0 -11.733107883272973 -0.430634638367105
19 104.71074026529739 93.36586674068249 0.44357000044017 -0.776994973685115 -0.08508197315543854 25 2963.0 59944.0 -11.944364298975112 -0.16293729697975404
20 377.7355001059585 92.18668075484217 0.5515145060456793 -0.972895060944567 0.017394312075435025 25 760.0 4250.0 -9.07097232512578 -0.06026071435420935
21 784.2805708318625 95.29699560796166 0.4648184385071304 -0.46557650992480065 -0.3693303957936022 25 1773.0 29104.0 -11.15988170429852 -0.09386482405139382
22 453.4247460364976 96.16081991066302 0.7071029783687747 -0.5207388444537117 -0.4958912931395933 25 1115.0 6118.0 -9.466523681621648 -0.3433162721702138
23 787.2165361843015 104.73402760043342 0.381923649783417 0.4952106897790457 -0.4257214528794349 25 3125.0 59204.0 -11.93087762488339 -0.47566114710936935
24 783.2922977344315 105.77637552207776 0.39832400124391043 -0.9210182963901198 -0.6158042309395984 25 3049.0 59254.0 -11.931794182877983 -0.3554176888167848
25 826.2716587591447 106.76193030956084 0.4824565186908207 -0.6840347337215664 -0.7513585487121287 25 2238.0 35223.0 -11.367065856928784 -0.4193291706370591
26 675.5699804249994 111.01467632543844 0.5233172797048757 0.7539842163433514 0.08613123645787396 25 816.0 6454.0 -9.524572402669715 -0.06380144686208028
27 621.197654280509 113.00230148864713 0.4052021075920097 -0.0052831263451383675 0.32182854841125264 25 1531.0 24407.0 -10.968786002873701 -0.08523111464681804
28 78.26428401291531 117.82719121380416 0.5369667604889634 -0.31618200371244043 -0.6215527459332403 25 1863.0 28105.0 -11.121958974072392 -0.14518038057178997
29 833.3530445957286 126.50517287057983 0.3167638811648786 0.05855960613781202 0.5400560145600418 25 1892.0 22729.0 -10.891450821600646 -0.9425784131527669
30 241.00718024017237 130.16847514145067 0.43600711339942444 -0.5200336985652952 -0.5388708532724585 25 1174.0 15961.0 -10.507650243989904 -0.05696152936941924
31 34.623909630978716 137.89474962156115 0.4165810980562782 0.6206309124505123 -0.27022390088679615 25 2888.0 54594.0 -11.842862288534924 -0.3797014782576723
32 722.1038250849568 137.12095005163272 0.40476316335207724 -0.18752891754553766 -0.7353384579825438 25 1669.0 25273.0 -11.00664199341416 -0.24813356760671368
33 273.96273649167694 143.7275314104615 0.4459963992647887 -0.22845090552859026 -0.8584554753068557 25 2642.0 46575.0 -11.6703821589207 -0.3465436040698594
34 775.4462219174299 162.6463611626374 0.37696108147333346 0.43114620057022895 -0.6185035885718966 25 3062.0 56724.0 -11.884417120876346 -0.51416707497816
35 569.7867398657609 164.96394461529468 0.4566208403516961 -0.1237904305411546 -0.7177672989423779 25 1575.0 23383.0 -10.922250574150016 -0.15870483369727614
36 824.9547538349212 175.8199393046762 0.49650455638549307 -0.2585152877005484 -0.7632340471097735 25 2290.0 36233.0 -11.397760734997087 -0.3403276176571849
37 72.73812694344456 178.39858832491268 0.5674573964219021 0.009029215007715754 -0.7394671310901519 25 1655.0 24950.0 -10.992676374898522 -0.01110337866431613
38 775.7968426333713 179.60783574791924 0.475428951772301 -0.40832552468161976 -0.7054438770770071 25 2046.0 32435.0 -11.277534755665615 -0.287370891203742
39 762.9749409326125 191.00950932574756 0.4517991161396202 0.2247216373237181 -0.7416899186372382 25 2736.0 47225.0 -11.685429916484678 -0.470076909907425
40 256.17445654055683 191.97664329594912 0.465595726508715 -0.16363567905978718 -0.8572743618498905 25 2192.0 37007.0 -11.420709700291557 -0.22704977522081451
41 137.32210800514216 198.75272726867072 0.4668926795169249 -0.08729520311394144 -0.5629030241866254 25 1467.0 21508.0 -10.831500069512705 -0.10666789019333436
42 93.75506404165205 201.89442110225306 0.5448887158332595 -0.45174865181741186 -0.11493209771789967 25 770.0 3873.0 -8.970118742465207 -0.194831131005153
43 589.1559015407427 204.7220389653484 0.5827959723222548 -0.42463219390104 -0.5346757497661802 25 1582.0 22059.0 -10.858964551728507 -0.0378835088137575
44 627.3529085293021 216.93038195406817 0.4642270464011984 0.7479217892598857 0.15973458023846965 25 1555.0 13827.0 -10.351819907110457 -0.7333807484060251
45 147.41777619837362 233.79360933527323 0.38347606143587715 0.8929266969903009 0.22117629066922018 25 3212.0 64073.0 -12.016687647069697 -0.35867558375210323
46 382.40880568277817 242.4583546907803 0.4194726233944859 0.25131786014548146 -0.8004912966336157 25 2451.0 43203.0 -11.588784762766956 -0.3023889252777022
47 338.96525678951116 245.68996102521996 0.4756661910916163 -0.3026695917902153 -0.9046371035539975 25 1691.0 26096.0 -11.041434859240502 -0.14851380057941316
48 616.2356238217193 261.7797399734395 0.6671797760177115 -0.40964022572395997 -0.3674459502654511 25 1136.0 3819.0 -8.954874145933294 -0.5441385920451672
49 606.742152414816 271.7513305983239 0.4919668698038543 -0.21994638355541649 -0.7360062037880511 25 2188.0 37088.0 -11.423083535708756 -0.262271406277415
50 388.7815842627223 272.20882150417526 0.5044943790426193 -0.15224560921152272 -0.5121548941131531 25 1627.0 24614.0 -10.977955490653422 -0.14144384037645957
51 734.7827841272976 272.32317559169485 0.40277525863789604 0.1008486009317958 -0.8143550201810852 25 2176.0 36740.0 -11.412847879924474 -0.30108288617169565
52 298.05298795294783 277.5292242731737 0.3899248033229018 0.21923137085303504 -0.952511738954603 25 2756.0 53396.0 -11.818771810970564 -0.17729775451956797
53 444.0009371844107 286.6483085926832 0.5798299725236573 0.22723058293791548 0.15958539833321295 25 2186.0 12326.0 -10.22705540848664 -1.2214944504201084
54 522.8579631536385 286.9183356902554 0.8716846690662994 0.4130537882922267 0.6282143845143399 25 825.0 1208.0 -7.705167335712782 -0.031185299191571092
55 551.1958538861925 293.34129856865803 0.656172612264188 0.2673706559183002 -0.19121379927945503 25 707.0 2126.0 -8.318908150468195 -0.02262343483157205
56 620.902104567171 300.16895574430924 0.6923033233431539 -0.37632652708983794 -0.08469039545141836 25 670.0 1603.0 -8.012333805885362 -0.02539671790370949
57 585.0574645607388 301.50075237804896 0.6999341390074372 0.027870658114659677 0.15205473739579276 25 1563.0 6758.0 -9.574545468597194 -0.7712661891858742
58 392.9046628312654 318.89877118153805 0.6375645034504024 -0.4628501698781059 -0.025698498692619982 25 1552.0 10606.0 -10.06387905695636 -0.6807274113409345
59 63.775218126896036 332.855956828163 0.4666286159411926 -0.4152161269604763 -0.3250151153145971 25 1312.0 18926.0 -10.692647089387767 -0.08384499979836924
60 710.339263091824 348.98806824517385 0.3941374099157215 0.8487164837046957 0.07070217438809569 25 3161.0 62743.0 -11.993913200643602 -0.3268654365743903
61 746.3749753077776 348.9753028549348 0.4807211449728219 -0.48375144230354145 -0.8611754105339549 25 2223.0 36546.0 -11.407099624712663 -0.3001292006582733
62 254.9798225959082 349.0278135202623 0.41625605501453844 -0.4613796395361704 -0.6782758149247782 25 1612.0 25516.0 -11.017031483696059 -0.12370938731028486
63 700.7355260543139 350.3704853697198 0.3957377569806524 -0.6896638400606124 -0.5501772679116912 25 2939.0 59779.0 -11.941371614408105 -0.1421450250553767
64 144.42262533405707 360.7145725672425 0.3980802374501562 0.28145201220560684 -0.8966786544876174 25 2782.0 51923.0 -11.788399442811198 -0.3199244065714403
65 389.65906885303923 360.9282483172617 0.7476294486245842 -0.006735452434896653 -0.13713904921093953 25 912.0 2748.0 -8.597541820968782 -0.22676835589890668
66 714.2248950233414 365.5321905444814 0.39863423964403927 -0.10906069456917991 -0.8538786949054776 25 2716.0 49480.0 -11.736074227392708 -0.34787150205270506
67 146.13203385927002 371.46347241603235 0.5899900968986053 0.02607490245281421 -0.04309166402377121 25 878.0 6603.0 -9.549353243182527 -0.11148216267643139
68 697.9504637414489 382.9128700144539 0.4594222167096329 0.7094882313863556 -0.0638514910097792 25 2817.0 41318.0 -11.540348228271817 -0.8402090448938466
69 833.2442877614968 383.33793763695724 0.617485872072466 -0.41705743543917434 0.2126134639477295 25 763.0 3282.0 -8.790346441792686 -0.07260291327950451
70 704.5581713341069 387.1942118684635 0.35900827162240645 0.5377075216882609 -0.030371536052161446 25 3075.0 49200.0 -11.729912756918402 -0.892775681042888
71 412.3609922917056 394.3514509278982 0.4571326516920772 0.36635582934952193 -0.26048217089651754 25 2762.0 51666.0 -11.783012099036771 -0.3240040919501107
72 611.7096021181227 399.11540590386494 0.47078779393283976 -0.15055163348839312 -0.8395686973158557 25 2743.0 48415.0 -11.7124498404732 -0.3386149649606784
73 775.3748879571199 407.86652563703836 0.3968881592699323 0.208411158901862 -0.5819558369059737 25 2529.0 46741.0 -11.674244999164703 -0.37145231464786704
74 703.1022588113243 413.5490230868071 0.48931126996544844 0.016204005920909887 -0.7812099810688558 25 1786.0 28124.0 -11.122692723158291 -0.07517533787721646
75 287.61015413388844 422.25839028718616 0.4482841816661642 -0.48962443469542727 -0.6834045579232767 25 1665.0 26748.0 -11.068228286319657 -0.06306071695214954
76 706.4919050525272 425.20008445371553 0.5069824632684963 -0.5114507278872762 -0.9517669998252711 25 1667.0 25533.0 -11.017754613087941 -0.06061385216660152
77 776.4600068810703 434.9892038255947 0.48110957888419525 -0.5788619076569156 -0.6724797423583583 25 2073.0 31970.0 -11.26185659067922 -0.3121940565437972
78 335.60289751185053 452.0114017137451 0.5745935296634571 -0.14874077066442867 -0.6833645688291852 25 1556.0 10804.0 -10.083961438788533 -0.693451421917878
79 53.86493149134093 453.7459536369384 0.45874921965917953 -0.36329796465462977 -0.8588854433665835 25 2610.0 44334.0 -11.616842292356022 -0.405054901618338
80 38.201497662214365 457.73742546521106 0.6091127551692372 -0.29227217920574994 0.09848544582768051 25 767.0 2650.0 -8.55811468484202 -0.24383706214397888
81 460.1955832513233 468.2582264485253 0.41435495837424824 0.8284236985497068 0.016792024309262084 25 3084.0 59344.0 -11.933442039961337 -0.4259097556634833
82 732.6314109251914 468.28680882366143 0.35988055484779186 0.23408618169045953 -0.938318749133947 25 2765.0 51027.0 -11.769500089665343 -0.4798618923038423
83 324.95453453907334 476.0367554001979 0.7762338763156847 0.4975128377276121 0.011599286961367538 25 771.0 1906.0 -8.20030724075577 -0.05276099090818326
84 109.49550697244756 481.0523628018985 0.7151389495140716 -0.7531706273722814 -0.46430515917517495 25 894.0 5368.0 -9.324531267902339 -0.07273332196543311
85 328.57801188081214 488.03731288156933 0.5137489148492173 -0.31726749022796125 -0.8486496519252518 25 1525.0 23500.0 -10.92766965567934 -0.0496563778445218
86 732.986038433967 499.466933728402 0.47667427764592957 -0.36289913563909076 -0.6608437186930797 25 1333.0 19106.0 -10.70292443352434 -0.005492811398479691
87 596.1321351593591 509.21578718363656 0.6726398811048813 0.3675634326991432 0.31386341138329316 25 726.0 1592.0 -8.004857658504125 -0.07521270771737566
88 71.54153512746423 517.3299052973598 0.31896386891921136 0.585444430033734 0.11089442876391115 25 725.0 5312.0 -9.313145165899904 -0.41392015212762595
89 462.8624283642825 517.5680288845218 0.6895164319678101 0.15250148266848532 0.004758570351011504 25 1701.0 8571.0 -9.832578737756014 -0.8285405610897989
90 270.4042834565461 524.6825123278069 0.5107287124669827 -0.19014766180566345 -0.6786919489273839 25 1410.0 19335.0 -10.715860441022711 -0.07804124881857723
91 117.29756092585374 525.8792604296284 0.5435340997635332 -0.21045158427423635 -0.8227967393875056 25 2180.0 33527.0 -11.313486736111935 -0.33704614210495654
92 578.2950647714263 525.3337877776402 0.8945417830473916 0.11317603633941084 -0.12048892543687124 25 1581.0 2500.0 -8.494850021680094 -0.7193539475724124
93 336.90276052439253 525.9333247654813 0.8129203008242297 -0.41947888692283203 -0.4290984342572797 25 1053.0 5639.0 -9.378005236470884 -0.17884204706211765
94 589.4900454846527 527.2275934435498 0.565431109372185 -0.194837586729599 0.23468730649099545 25 924.0 3705.0 -8.921970530788368 -0.42662410071231677
95 301.45305793576927 545.486116040548 0.47383309826903314 -0.454039772109683 -0.9820482381476704 25 2053.0 31194.0 -11.235177669543058 -0.4692253426831071
96 198.5708339883242 549.224574474125 0.5583726729848825 -0.5172420344906997 -0.7290721561606354 25 438.0 -2254.0 nan -0.15909261115689025
97 44.38948968360733 553.4500103057777 0.4376918556336211 0.3875103974723331 -0.5180848473298982 25 2678.0 48037.0 -11.703939692698913 -0.4514991811372057
98 758.8873193868999 554.2291956318362 0.5804505338660008 -0.8105531781389025 -0.22264797593061228 25 506.0 -594.0 nan -0.11782934126844916
99 235.4271768388608 554.7274929512854 0.7576270251690592 0.10675707956985905 -0.3034130046258574 25 1345.0 3703.0 -8.921384280123606 -0.6527702538397849
100 646.1691021576706 556.8111045338878 0.761075953091077 0.11847980361475391 0.06632281506267014 25 1625.0 6230.0 -9.486220116647925 -0.7820729665478252
101 227.0835066241122 561.1964832211495 0.6784494894734177 0.7421324293732857 0.14862227670727018 25 2173.0 8379.0 -9.807980476051668 -1.2058032210293215
102 103.05832118580447 572.0731601718146 1.0782526085803656 0.12688223518633615 0.041063571948876734 25 1507.0 2406.0 -8.453239057509565 -0.46392819800482127
