test_CNN/outputs/tables/02977_a20754m0s0_sources.ecsv
# %ECSV 1.0
# ---
# datatype:
# - {name: id, datatype: int64}
# - {name: x_centroid, datatype: float64}
# - {name: y_centroid, datatype: float64}
# - {name: sharpness, datatype: float64}
# - {name: roundness1, datatype: float64}
# - {name: roundness2, datatype: float64}
# - {name: n_pixels, datatype: int64}
# - {name: peak, datatype: float64}
# - {name: flux, datatype: float64}
# - {name: mag, datatype: float64}
# - {name: daofind_mag, datatype: float64}
# meta: !!omap
# - {date: '2026-06-03 17:11:10 Eastern Daylight Time'}
# - version: {Python: 3.11.15, astropy: 7.2.0, bottleneck: 1.6.0, gwcs: 1.0.3, matplotlib: 3.10.9, numpy: 2.4.6, photutils: 3.0.0, scipy: 1.17.1,
#     skimage: 0.26.0}
# schema: astropy-2.0
id x_centroid y_centroid sharpness roundness1 roundness2 n_pixels peak flux mag daofind_mag
[from data line 104]
105 700.7429509024075 548.2558111081245 0.6845231018710382 -0.009760235632918338 -0.13991763371301721 25 1577.0 6808.0 -9.582548867691328 -0.8934730420544668
106 46.79672360101073 551.9243599474828 0.39143184865256236 -0.07125448430535997 -0.723797708575033 25 3042.0 49260.0 -11.731236018757711 -0.9884228854340562
107 787.1289518871612 555.3762269949744 0.7017553817908756 -0.03864161974400291 0.011805464008434385 25 969.0 3913.0 -8.9812746197517 -0.36552285008190943
108 229.46050583485209 567.1270861843649 0.45448663048100524 -0.10091095670046225 -0.8217398516520505 25 2783.0 41191.0 -11.537005838789451 -0.9532663108060913
109 799.9355671344982 569.0491527131855 0.579197601388042 -0.4757372126016835 -0.4591181861819913 25 752.0 5177.0 -9.28519541245464 -0.0837068100887048
110 623.6646602381892 579.1284985469455 0.8452810193697287 0.41873153131804586 -0.00785280084351462 25 993.0 871.0 -7.350045387519159 -0.4066569871670214
111 488.6185382203422 609.4095979009559 0.6535731844301282 0.8752239742715037 0.38382189437377817 25 756.0 3123.0 -8.736429960575498 -0.20798226206404646
112 0.8110335225274572 618.9583590328563 0.2954871783424485 -0.22557281640950522 -0.1724536242422396 25 814.0 10131.0 -10.014130788387686 -0.11030054168354438
113 711.3016924073248 618.5896648461428 0.4529557385945111 -0.5718270385501765 -0.8670950147720257 25 2343.0 33461.0 -11.311347289861835 -0.778107580502766
114 205.41062180438036 625.3886910147144 0.5472311224713039 0.17021219952622854 -0.1839814956662949 25 600.0 1984.0 -8.243854169545399 -0.08800393707113338
115 350.8163498081495 628.9871757980336 0.7108897697009275 -0.25614652740505145 -0.5343295107780789 25 941.0 1249.0 -7.741406095935339 -0.46682002993722493
116 447.69313435616004 636.6279523710419 0.5831486620128596 0.16312662675198342 -0.25052929005414415 25 824.0 3460.0 -8.847690246981943 -0.37869897749201964
117 833.4927948225346 638.6330867047011 0.5827150703760923 0.5569649376827601 0.4821051069314618 25 930.0 5309.0 -9.312531813352892 -0.3221139669269051
118 759.6488636464852 643.8433989826966 0.807124714999515 0.5805202914928556 0.11276723611349251 25 854.0 1878.0 -8.18423896982523 -0.22105324173403773
119 253.05404675715099 652.0096280718207 0.8379603903030518 -0.15431793160610974 0.3122967988472871 25 2088.0 9314.0 -9.922840583991782 -0.996165857632989
120 427.72266468825734 651.8744770807082 0.9254357547862054 0.06430848009371398 0.10585160140823613 25 1405.0 3735.0 -8.930726515378545 -0.6036997559788475
121 342.62170992265163 665.6184890694169 0.6164964969117323 -0.3095835050282586 -0.6069178018616254 25 643.0 2919.0 -8.663085237470035 -0.026289345694288722
122 323.82786840305204 668.5863551142817 0.7010428077234213 0.1154016974580181 0.2284159206280835 25 845.0 3156.0 -8.747842486343457 -0.20006592270970408
123 495.79679617615875 669.5052340007401 0.5343140176750869 0.08286199924752245 -0.5688329692504815 25 528.0 2627.0 -8.548650181965176 -0.020428018912183155
124 528.5442036805063 669.9510748997603 0.4330036126807009 -0.8573903503502369 -0.9351628194842391 25 1588.0 20638.0 -10.786669020293782 -0.5184200162866168
125 577.0323155933609 682.6270887048834 0.8886052495755045 0.04113820858644652 0.23497029199567881 25 800.0 2586.0 -8.531571301360938 -0.05221747736300866
126 641.7468705932861 681.2044239980788 0.35467564050991274 0.6434641980457846 -0.09375828479646786 25 561.0 5744.0 -9.39803607808561 -0.1233093105201652
127 278.912718606418 686.6938156275315 0.6827411028124858 0.3238643988336307 -0.036924319898589554 25 1329.0 3863.0 -8.96731177036205 -0.7844552726106423
128 35.02642616326063 688.5249584076231 0.6946596940287691 -0.2644163759317095 0.7984419864739796 25 1161.0 6825.0 -9.585256639281983 -0.44666570630439667
129 627.3385957426209 696.1087809869153 0.4444505665585863 -0.881924523267582 -0.9658104040180753 25 1515.0 19605.0 -10.730917116590565 -0.4827473065407603
130 143.76615315170707 705.4150061918496 0.4048581367915234 -0.2671023610830292 -0.9801983631786599 25 2578.0 40432.0 -11.5168130614396 -0.8050859173156448
131 254.51906738130742 708.1263629788574 0.7507306763374424 -0.6046409716021046 -0.0805385485381062 25 918.0 3437.0 -8.840448830343062 -0.19920076288612648
132 309.0709865222931 709.963530236073 0.7598257279564657 -0.8253819610601855 -0.5829850970834572 25 884.0 3899.0 -8.977383087969965 -0.15848919005348877
133 712.6226134358603 712.0067315452486 1.0781241617453114 0.6214679262373163 -0.02318273245023332 25 951.0 2233.0 -8.372221807678596 -0.02837737824208342
134 82.56465010246522 714.5870007095942 0.4900698133016434 0.10420016847030644 -0.7938330622259079 25 2873.0 44747.0 -11.62690980990526 -0.8959865761689367
135 581.9260038316054 714.1815583141852 0.7651325301309015 -0.09986212792913997 -0.2601122995875209 25 685.0 1282.0 -7.7697200629569965 -0.06037911566255682
136 91.8872233199809 714.9898587860397 0.3974348974205259 0.47580757980098626 -0.8128188582060771 25 2916.0 48478.0 -11.713861735874085 -0.8753636343576542
137 411.00107388312466 723.172439905809 0.6868075136272487 0.017781378090855525 0.16240895408323747 25 1300.0 6412.0 -9.517483784205268 -0.6667376546897958
138 1.9942975679724493 732.1592412944815 0.3852856612223805 -0.05372342456386546 -0.4622627574171274 25 2006.0 26532.0 -11.059424971565848 -0.869759744445011
139 21.28266589179277 735.5924283550595 0.44639269736408554 -0.010128504751994628 -0.42839431006143636 25 3054.0 51151.0 -11.772135321427225 -0.8507712376322297
140 29.153162439337365 736.3092979217657 0.3697830667309004 0.8828151564457254 -0.43719044903835697 25 3107.0 55126.0 -11.853391201905962 -0.8759450540171875
141 155.9668756257702 740.6289380627203 0.6219806146476552 0.35808974230447205 0.012330308203916602 25 623.0 2020.0 -8.26337842361656 -0.07098532894177946
142 560.7396120605589 747.4599860985892 0.6111334410299878 -0.4176458259634263 -0.01731190438110892 25 2046.0 10280.0 -10.02998278664814 -1.2667443015010684
143 823.7643635239555 758.3330824524985 0.6201431802673719 0.6203764300360373 0.3582883426539754 25 947.0 3827.0 -8.957146155561249 -0.4859654585131431
144 382.7673059378793 761.041110476615 0.9310810037589112 -0.02268071792006655 0.18576097775443506 25 932.0 2425.0 -8.461779357345705 -0.12285267728987084
145 456.343228529429 768.9091949612758 0.7146229861752074 0.2621210362437441 0.2907244193230331 25 1108.0 3066.0 -8.716430376295891 -0.6304713832557383
146 676.7807626757035 769.582680065587 0.8236448351788608 0.5499294919824039 0.32166303561572135 25 864.0 4198.0 -9.057606085615955 -0.012192147032541997
147 162.72854573692507 771.8311974238137 1.3014372677683355 0.3041972709048374 -0.13475452208790392 25 1310.0 3183.0 -8.757091596552508 -0.16015005281798028
148 198.74398473578503 776.9798239453916 0.9595679854092372 0.28494277916583627 0.14754162123977788 25 1204.0 3557.0 -8.87770966296445 -0.37804378713487524
149 41.42975734478596 785.3978435723934 0.46605478039648673 0.07979865406676202 0.4648148812886734 25 532.0 3180.0 -8.756067799961082 -0.04925621467354425
150 811.3105715508722 790.6327695392376 0.5036654901409862 0.6698250235886984 0.5742536365245303 25 893.0 7677.0 -9.71297885151712 -0.22478919078855414
151 212.04900065152947 793.3062336494587 0.7811456527120499 -0.11196231107207912 0.2824778667678667 25 959.0 5830.0 -9.414171386897536 -0.06412265738548775
152 418.27427328645405 793.9802390879994 0.8002974042055772 0.3690967492967983 -0.5191805297850134 25 744.0 1897.0 -8.195168327221657 -0.07541191136177423
153 495.29924957135313 796.3180494443775 0.8725020549574607 0.14533515079051862 0.1691955352357983 25 866.0 3502.0 -8.860790354368568 -0.027336484020830533
154 614.2153829077439 798.3310545968264 0.6463392713992082 -0.3363113060189052 0.9790219102509925 25 740.0 4448.0 -9.120411946435002 -0.1389389332703656
155 700.3576994355508 809.7149779496862 0.440460087809271 -0.21122245225729694 -0.8670460363234787 25 2886.0 45586.0 -11.647078715417123 -0.8832050517028118
156 425.3883452848333 810.2384198252693 0.784427704267702 -0.2138142099530935 -0.4097772916979066 25 937.0 3646.0 -8.904541660797394 -0.2284173678781804
157 693.4966927209637 810.272806667685 0.37602667246075344 -0.35214086059730304 -0.6156759382146356 25 3123.0 50321.0 -11.75437315751228 -0.9989386077337915
158 22.395083195369622 811.0288895497147 0.7044234412714478 -0.861280711055983 -0.4676469213650119 25 996.0 4508.0 -9.134959768435172 -0.3480893983384469
159 173.9884188577593 811.9021977773474 0.696620937705647 0.13571674803036052 0.06124997344017777 25 2127.0 9247.0 -9.915002144071961 -1.208513928196244
160 467.09689794201654 817.0499828708962 0.6737800437388305 0.43526418349646656 0.22706434925884353 25 2144.0 10103.0 -10.011125882473062 -1.2108995243966845
161 243.69716595693126 824.7180503051675 0.8091744617546829 0.17727150566109728 -0.008377568600476821 25 1489.0 4384.0 -9.104676363690782 -0.7597704424279028
162 72.51958218330637 827.4859199971484 0.4853053626509599 -0.06434842929433804 -0.739876102660505 25 2950.0 45857.0 -11.653514098615492 -0.9694020184465285
163 83.26517468783658 828.0125455165187 0.3889345060071158 0.8630675059420094 -0.5456320803242621 25 3097.0 53340.0 -11.817632528384642 -0.854374211829465
164 684.2792811655711 829.0633869475511 0.8656414961374272 0.021574195833107504 -0.6299528853423799 25 1054.0 3712.0 -8.92401991886706 -0.2520239745099121
165 478.27328324917534 832.0593660030436 0.7784244222055325 -0.49204708280048 -0.44465680299818267 25 1006.0 6570.0 -9.543913423899452 -0.1933306461211533
166 656.4513223998862 831.8161001800146 0.9299904502544067 0.04007180460378433 -0.5540260318051169 25 1078.0 5194.0 -9.28875486323321 -0.1334381397107485
167 78.65202396411856 831.2101174596785 0.36916577555712937 0.27805920420504115 0.5229109822250071 25 2692.0 42023.0 -11.558717633081695 -0.9855755771989585
168 772.8291782904477 833.2478541874402 0.9152913609089365 -0.11565497869351599 0.22990532016118592 25 883.0 2464.0 -8.47910175873097 -0.1304558088479441
