test_CNN/outputs/tables/02989_a20778m0s0_sources.ecsv
# %ECSV 1.0
# ---
# datatype:
# - {name: id, datatype: int64}
# - {name: x_centroid, datatype: float64}
# - {name: y_centroid, datatype: float64}
# - {name: sharpness, datatype: float64}
# - {name: roundness1, datatype: float64}
# - {name: roundness2, datatype: float64}
# - {name: n_pixels, datatype: int64}
# - {name: peak, datatype: float64}
# - {name: flux, datatype: float64}
# - {name: mag, datatype: float64}
# - {name: daofind_mag, datatype: float64}
# meta: !!omap
# - {date: '2026-06-03 17:11:12 Eastern Daylight Time'}
# - version: {Python: 3.11.15, astropy: 7.2.0, bottleneck: 1.6.0, gwcs: 1.0.3, matplotlib: 3.10.9, numpy: 2.4.6, photutils: 3.0.0, scipy: 1.17.1,
#     skimage: 0.26.0}
# schema: astropy-2.0
id x_centroid y_centroid sharpness roundness1 roundness2 n_pixels peak flux mag daofind_mag
[from data line 207]
208 201.34540358565826 687.3290138237825 0.6998256810010534 -0.016306876732303844 -0.3163513816103036 25 813.0 1311.0 -7.79400672922521 -0.5168004328507548
209 799.3523441664641 688.0064266047824 1.1145434818203115 0.02784399982163445 -0.36195691652486933 25 817.0 631.0 -7.000073398110336 -0.07152183709633966
210 242.68952056992543 691.911784637406 0.9703799037517162 0.0396801890265029 -0.03050083367832506 25 964.0 2098.0 -8.304513709643848 -0.34432386819209293
211 515.082945936112 692.7181286959578 1.0057754474821867 0.471919607377014 0.9620847925896727 25 749.0 -637.0 nan -0.19014383373243265
212 301.5947712595495 693.9378712363401 0.791319465625192 0.09665404940685439 -0.40363489257517315 25 770.0 1984.0 -8.243854169545399 -0.24871373491986953
213 486.7029870626164 697.1951697459041 1.138280735597126 -0.2782387935018096 -0.20076805870463368 25 754.0 435.0 -6.596223142386593 -0.004603129169942832
214 400.00171631290533 697.7536070474599 1.047324617939915 -0.041870754467705884 0.17296196875022435 25 954.0 405.0 -6.518637558036672 -0.31639668235192486
215 86.0864963098004 703.0804120899433 0.7212053824228299 0.28234849028474407 -0.011027356963423895 25 1169.0 3442.0 -8.842027164978854 -0.7569495108141864
216 483.0925902977708 703.7772132531204 0.9764220338079274 -0.7012286074453696 -0.12405482922048601 25 1137.0 2947.0 -8.673450339624813 -0.4388846664600962
217 399.87278102993537 705.0993154527102 0.7707992227787945 -0.29374180374218234 -0.3119710398635904 25 1041.0 2509.0 -8.498751653286526 -0.5958224058819876
218 535.7905453418311 704.8816888626421 1.1181465588703037 0.38089210787968636 0.13092410592232137 25 1188.0 2496.0 -8.493111452525966 -0.3926214205693175
219 48.88004353955893 706.4411070380241 0.7619626178953717 0.4453192879241463 0.6205139749368307 25 1253.0 4385.0 -9.104923994255149 -0.7279790742483995
220 384.08035340607336 706.9752064046468 0.7109614042452216 -0.3904304614786663 -0.2474976549350241 25 1359.0 4154.0 -9.0461662304977 -0.9132951410833035
221 703.1067826451778 707.1515701138635 0.887926721939127 -0.03505688942903118 0.29807179130625344 25 1781.0 2848.0 -8.636349962412046 -1.0701695772657431
222 455.9096595212093 710.2389943435838 0.929314691045063 0.20992108693689654 -0.2777451666408847 25 1062.0 2819.0 -8.625237689679006 -0.4071362668759163
223 490.98069991934705 714.1363679778781 1.1637315190940003 0.37013822755595693 0.2798314194891881 25 1130.0 251.0 -5.999184303702595 -0.4410096606505731
224 81.47986274377405 715.4484924882228 0.4731938046350797 0.03869567366740475 -0.7870028457743492 25 2981.0 43330.0 -11.591971722585937 -1.2548215988849565
225 318.33506585703054 718.6535379214392 0.98481061082402 -0.27926390023673175 -0.04561761389218876 25 1232.0 2555.0 -8.518477261176828 -0.5453090188837806
226 705.5971644891378 723.8149082947009 0.46357782982209 0.6510427812404521 0.2931383140646316 25 809.0 3991.0 -9.002704319460058 -0.651030693582385
227 172.73427202447107 725.5717204726756 0.8090585347789861 0.011205474086345665 -0.006093557483232327 25 1282.0 3181.0 -8.756409172768407 -0.7741705279114203
228 784.868169045894 726.0971159519327 0.4849386936491357 0.15419097297466808 -0.18604468091639512 25 472.0 1409.0 -7.8722774827733915 -0.14928785396142394
229 311.8686999359035 731.0803286176583 0.5807160876637112 -0.14784438578548703 -0.005860491871640855 25 965.0 3792.0 -8.947170821665072 -0.6190457388684855
230 187.14852453328498 731.8440472081178 1.1178628827635926 -0.6852984605708023 0.0400379436873811 25 970.0 595.0 -6.9362924143213744 -0.2528214612206365
231 437.2541224800969 731.8555990435165 0.6605529445308659 0.39875001564560836 -0.866576067795855 25 831.0 7882.0 -9.74159107632396 -0.0009114612229368336
232 2.064252228080721 732.8868056984055 0.31467884515921596 -0.2159076151239371 -0.5335906773543304 25 2053.0 30130.0 -11.197497829183394 -1.014217268887038
233 407.94572898257667 734.5497868149192 0.9813232987833898 -0.41599274165010264 0.34289448572260794 25 1045.0 2808.0 -8.62099275864442 -0.39577075553541724
234 646.8791180293903 734.9976015786216 1.0890494891398481 0.05497052450288124 0.22945428402489185 25 1221.0 2013.0 -8.259609437221636 -0.46400793585998834
235 20.110767890872626 736.557165447444 0.41966270811107464 -0.2703821891925715 -0.42640742866729625 25 3216.0 47943.0 -11.701813015560386 -1.370547747149748
236 70.15987733805866 735.7901678289091 0.7881503668398879 0.20708861358466144 -0.3367691731402606 25 645.0 2177.0 -8.344646072602735 -0.0374519370643871
237 29.026565253754747 737.3371638675943 0.3857076482212502 0.875778288318829 -0.4655130280020069 25 3215.0 52896.0 -11.808557079728384 -1.2408116439213404
238 347.9102760282435 741.5556742825428 0.7118076790530579 0.4893992282512124 0.18387193395660187 25 691.0 1942.0 -8.220623063929965 -0.24328686693681417
239 614.8493423375701 743.5471133950717 0.9523425935899013 0.2014139049607066 -0.03034168122237623 25 714.0 158.0 -5.496642717386057 -0.12516363278048828
240 679.2751594364789 743.5191960615958 1.1193393641245535 -0.43648145156769247 -0.09523265481271354 25 991.0 2175.0 -8.34364815322664 -0.16982315695959527
241 216.38619854940413 745.0981853167634 0.538591520765225 -0.3072056860322302 -0.012679902059498049 25 2820.0 15111.0 -10.448233013943433 -1.7851705658328294
242 267.838260440411 748.8587977857254 0.8007964443220801 0.33061719544559764 0.6007417694307554 25 713.0 1723.0 -8.090713193620072 -0.19253565901440342
243 332.8369307215064 750.0548616667148 0.7261095238024277 0.9822954845620901 -0.42846680604828874 25 689.0 1249.0 -7.741406095935339 -0.20633653778612987
244 44.348138930419566 752.7335431472237 0.609968840939223 -0.7662272819393972 -0.9021697227034197 25 1039.0 9986.0 -9.998478904297727 -0.28761031742551174
245 739.3489634654723 757.2157634875588 0.8113983183184549 0.1646208182433978 -0.15505253828051482 25 589.0 -10.0 nan -0.1199241299898117
246 25.188176703435953 757.763051502327 0.9686328189639062 -0.23777533626871353 -0.053996181329556865 25 729.0 1452.0 -7.904916540910188 -0.012209370252792355
247 377.19338464776104 770.8147046303859 0.9848917425386087 -0.5623352403267816 0.04175424964171441 25 1438.0 1719.0 -8.08818969171763 -0.7507118489600967
248 424.68568680094035 771.1717886109794 0.7633632447938055 -0.1979641168541334 -0.28145678309020766 25 1793.0 6250.0 -9.48970004336019 -1.0855980728721564
249 285.94883742024507 782.0924830462059 0.9585475627692012 -0.09952323063071165 0.10340241639646051 25 844.0 -32.0 nan -0.2800216056820517
250 353.5462044529285 782.9234382529916 0.8522837624452853 0.2986609474240624 -0.30721459472057155 25 666.0 1711.0 -8.083125023852752 -0.07445153626662122
251 696.6653683116754 783.9591155909309 0.7137672144690498 -0.15772870580788514 -0.33078540483591734 25 1098.0 1831.0 -8.156720860754241 -0.7336576264694308
252 5.995267759558301 789.8320965361131 1.3371103872990167 0.08825627271529303 0.15334488194723592 25 1188.0 3449.0 -8.844232985918477 -0.16262787327065786
253 254.93497961073783 791.4339284733568 0.2962233133134092 0.4672490177087733 -0.5805703943527695 25 459.0 3120.0 -8.735386485046106 -0.4087214670523664
254 545.9862407083372 791.6428341281292 1.0857675065866683 -0.4620981880265415 0.4639826983540808 25 1052.0 2035.0 -8.271411033903096 -0.37724645596563605
255 376.99879520244906 793.6867913758615 0.6691947686298748 -0.7676195761522646 0.09450049466009577 25 564.0 1533.0 -7.963855387135937 -0.06185488566854024
256 626.5895040561089 793.806953838217 0.7131212886508701 -0.17301057981470352 0.10859239286102133 25 557.0 2107.0 -8.30916133902025 -0.01734838714408429
257 144.8771196447984 796.3082707319771 0.7048763725159696 -0.13396670920027287 -0.9391592909372705 25 1226.0 6762.0 -9.575187916074375 -0.612270344262824
258 188.13933720242412 796.5702786274805 0.6127067135883021 -0.5477881808306495 -0.9010995319546176 25 2422.0 22399.0 -10.875571574387164 -1.2926613836776966
259 505.1515013458129 797.756052298804 0.9779351112989823 -0.08991418615163223 0.27556068696207847 25 1141.0 4629.0 -9.163717951957027 -0.3820535022340565
260 209.02873097214086 803.0807570520707 0.8772013529102148 -0.10399500010968923 0.3400335297187701 25 540.0 -1406.0 nan -0.07165795652448821
261 758.9074568224341 802.8881772590554 1.3444004925453978 0.26841902751645874 0.5917744043589094 25 1002.0 270.0 -6.078409410397469 -0.13534904839854592
262 89.24880156752458 804.0150293263408 0.6653427671126158 0.36477423870448655 0.3435887939424003 25 641.0 1669.0 -8.056140841698117 -0.17639314646174475
263 717.9929940378906 806.7762987608105 0.8016854186632476 0.18852650017968528 -0.5087850318101113 25 886.0 3173.0 -8.75367518025103 -0.370682107950988
264 188.24037583488658 807.8065110491857 1.296124161369239 -0.3377914932529156 -0.18864817305157802 25 1314.0 3900.0 -8.977661517566247 -0.33772904312666696
265 511.9945382454271 811.0105927573443 0.9558807491505559 -0.38979398225403705 0.10589823258776367 25 948.0 420.0 -6.558123225994751 -0.41796200300259373
266 692.743968383666 810.8169825595412 0.3874965929847624 -0.5870789396369228 -0.6721714179267227 25 3242.0 44913.0 -11.630930162703056 -1.5065190358712628
267 466.8851772954654 812.9296900210446 0.7882174177450152 -0.11424366061267341 0.13880090570897988 25 589.0 396.0 -6.494237964813781 -0.06458696921763038
268 126.72139998439151 817.9949214846156 0.6089731361267182 -0.4618596423593638 0.14869387150753494 25 2848.0 12858.0 -10.272933553563682 -1.7363288487028474
269 74.44373385341729 828.4277541613924 0.4539083099231468 -0.036479358089495935 -0.6248746137439698 25 3116.0 43147.0 -11.587376511788602 -1.3676272362905886
270 83.10999313789313 828.9860456746069 0.38875242172139846 0.8525774905860709 -0.6772032348376169 25 3158.0 48834.0 -11.721805747162255 -1.286996631637243
271 336.231728748157 830.3089737468342 0.8209623441884839 -0.08820111061518818 -0.22521202821403996 25 967.0 1744.0 -8.103866201491371 -0.5021401347025202
272 299.0267226232544 831.2119708162116 0.48324910155597595 0.20560086000716085 -0.19351145611959805 25 1992.0 10387.0 -10.04122532905207 -1.4687802654909499
273 77.99003613130878 831.4855297777897 0.304346130328213 0.03706904271411702 0.3646692956902582 25 3210.0 51252.0 -11.774277043686123 -1.5169111677036484
