test_CNN/outputs/tables/02989_a20778m0s0_sources.ecsv
# %ECSV 1.0
# ---
# datatype:
# - {name: id, datatype: int64}
# - {name: x_centroid, datatype: float64}
# - {name: y_centroid, datatype: float64}
# - {name: sharpness, datatype: float64}
# - {name: roundness1, datatype: float64}
# - {name: roundness2, datatype: float64}
# - {name: n_pixels, datatype: int64}
# - {name: peak, datatype: float64}
# - {name: flux, datatype: float64}
# - {name: mag, datatype: float64}
# - {name: daofind_mag, datatype: float64}
# meta: !!omap
# - {date: '2026-06-03 17:11:12 Eastern Daylight Time'}
# - version: {Python: 3.11.15, astropy: 7.2.0, bottleneck: 1.6.0, gwcs: 1.0.3, matplotlib: 3.10.9, numpy: 2.4.6, photutils: 3.0.0, scipy: 1.17.1,
#     skimage: 0.26.0}
# schema: astropy-2.0
id x_centroid y_centroid sharpness roundness1 roundness2 n_pixels peak flux mag daofind_mag
1 294.3171414716245 -0.04405783365661195 1.0865802331566885 0.24264790743626755 -0.31278800213897323 25 1202.0 1035.0 -7.537350874482342 -0.49851678023676993
2 344.2849310277331 1.478470630351936 0.8447844602420715 -0.38138304693285435 0.08664878514205165 25 1414.0 3764.0 -8.93912403688805 -0.8660392393842031
3 124.79305088651812 3.9995270502925635 0.7454235761620241 0.43674512669480164 0.2910771186722596 25 1138.0 3458.0 -8.847062472344758 -0.6431835094306103
4 283.74992799647913 6.858423260629174 0.4501656200606201 -0.3216471858084763 -0.8540717793468003 25 396.0 715.0 -7.135765104502702 -0.17462232773529257
5 304.4660234691777 8.181081507259364 0.3384490049702212 -0.4187596333985429 -0.8118452004952598 25 3358.0 50248.0 -11.75279695099004 -1.4599188192666088
6 602.5348657093421 8.604383819451906 0.3598180366117238 -0.5136279755885698 -0.5760683025306497 25 3329.0 52894.0 -11.8085160272204 -1.332741353425342
7 671.9288313040983 9.021128035889864 0.9536894263838936 0.024009710677913985 0.10364530653901062 25 804.0 1163.0 -7.663949286821121 -0.2176958083655151
8 353.48659422538327 14.451145185523972 0.5491407171991154 0.39213357605711435 0.2990159584040824 25 718.0 2330.0 -8.418389802565047 -0.48634529393207454
9 317.01662189180007 19.681887558370605 0.664764246302308 -0.05230700071187095 0.7717098963127583 25 587.0 1475.0 -7.9219800507854545 -0.16157968873901757
10 104.87381711779167 19.552384039528008 0.5579280591702966 0.029370586061533 -0.16577588219307685 25 1086.0 5871.0 -9.42178020094416 -0.7105473584284805
11 18.401213446171614 28.109561836844748 0.6795751985641094 -0.04453025576712284 -0.1741829077839082 25 2057.0 8740.0 -9.853778581586008 -1.3030861851927014
12 440.810734339403 29.46463362469983 0.5169908274555839 -0.3705400278576884 -0.9130053245605052 25 1199.0 14169.0 -10.378348000740907 -0.3827755239969314
13 418.71820377658736 29.585059251972456 0.8235803129174764 0.66217225024058 -0.07070127413475749 25 1113.0 3552.0 -8.876182392766408 -0.5050960850650805
14 346.2739413261831 34.94736863594172 0.4264285523818651 -0.4892529562179661 -0.9711246871820103 25 2952.0 38868.0 -11.473980485144503 -1.3845865825096553
15 653.3050032599447 43.12223188445661 0.635908448437119 0.1833015862667199 -0.2051341500898177 25 534.0 1495.0 -7.936602981651121 -0.03775588632294521
16 149.58202658869251 49.852571178557945 0.4164852849388135 -0.30317938855611853 -0.6351275472151615 25 1808.0 30562.0 -11.212954428468443 -0.23048704214477553
17 158.89987448516933 61.70703889740879 0.6628284922440895 0.24456570664317795 0.005447301054783868 25 1055.0 4760.0 -9.194017381801233 -0.5968346683291825
18 738.7124251597959 64.04677363586241 0.536974922850476 0.42414529943466 0.35047000264160216 25 573.0 2807.0 -8.620606031586098 -0.17552671148268995
19 246.62705570280394 67.26255487002149 0.6474218595526894 0.2682285079143382 -0.05676243205836915 25 1500.0 11741.0 -10.174262720129628 -0.8085933223841786
20 135.97081754853104 71.02168379119598 0.6965545574465943 -0.37951409245036494 -0.4154132802825786 25 611.0 1886.0 -8.188854221003275 -0.03882053319140151
21 288.8427459215766 76.81303128766153 0.49064139113235944 0.049084397517682704 -0.441302259217309 25 1420.0 21105.0 -10.810963391226068 -0.1670211534214688
22 116.06628329279462 92.36271013678825 0.43270005800893097 -0.7412949845848734 0.18830528288332835 25 3164.0 61161.0 -11.966186444096106 -0.6344893745384478
23 125.22942597901663 93.17255497317912 0.4028573471905436 0.6894324371611815 0.14929336426876275 25 3207.0 61970.0 -11.980453740374198 -0.6181058362399927
24 217.40240445288563 94.2114119216308 0.6726237678316623 -0.1975509750179607 -0.06457910327239276 25 639.0 2320.0 -8.41371996222725 -0.06993476255333493
25 82.85951188111112 100.37545451739403 0.8021009041677836 0.10681489547313455 0.19600534810749812 25 961.0 2664.0 -8.563835551245658 -0.45465311511029816
26 246.8513982752805 102.04762003900443 0.7896154878551231 -0.21074682198228073 -0.23399488710079494 25 857.0 2864.0 -8.642432534089545 -0.29071662095873646
27 16.991691782750973 103.15042955376644 0.7681612725241612 -0.38251317072386254 -0.236237104818705 25 954.0 3634.0 -8.900962307430039 -0.4055540950655413
28 796.1715985627557 104.25159155479392 0.3703603805663998 0.1475131262824157 -0.7307826476416596 25 3271.0 55022.0 -11.85134093138177 -1.1529490276759977
29 790.4923355737883 104.90584995547874 0.34329652113854303 -0.3130469796509219 -0.46406139810492775 25 3381.0 55814.0 -11.866857870109841 -1.2916365588350764
30 832.739530362111 106.90484869929666 0.2925755363160162 0.06139301024785488 0.03164671930668789 25 2524.0 35741.0 -11.382916748740115 -1.1865569504506799
31 367.4111524246255 107.64589093498955 0.708061069268783 0.03170156380398431 0.10543369402105264 25 718.0 2959.0 -8.677862412901582 -0.13586770356653663
32 466.15474431945154 125.0311758042762 0.8456776558955676 0.1084420947667705 -0.07780323667102813 25 836.0 1912.0 -8.203719719850204 -0.2507667273881473
33 263.5534508713351 126.51548689132916 0.5859374277503195 0.063731035764963 -0.3142491534271376 25 825.0 3319.0 -8.80251813102151 -0.5234690607762333
34 545.5212723952242 127.3654573000263 0.7482433200330089 -0.1852561545435311 0.11812216258327755 25 682.0 2845.0 -8.635205676827725 -0.06711087892011637
35 557.5411752229166 129.16406135407502 0.6585778209948362 -0.6457170102650043 -0.13284473471369096 25 793.0 3745.0 -8.933629555088714 -0.2653970297975282
36 814.7990447849448 130.01259328870208 0.8390083917770356 0.5995744666441444 -0.028896533311480233 25 653.0 925.0 -7.415354331847581 -0.037691600929956645
37 248.5403082716738 130.77564932244832 0.4663647199575015 -0.3601629329887232 -0.9960975728139211 25 1246.0 18575.0 -10.672322056081532 -0.11257139743600594
38 37.892173016719056 137.82990532691653 0.4273065022806281 -0.3786289248489052 -0.44617602134751677 25 3170.0 50862.0 -11.765983583852382 -1.1517215910493979
39 42.74526844306105 137.9106039929979 0.3867432107170912 0.12040704934174218 -0.9524170692778063 25 3200.0 54557.0 -11.842126202908318 -1.0693039820924657
40 399.46842587563094 138.2700285462682 0.7228480998024057 0.24776498029955552 -0.11690711096299276 25 928.0 5123.0 -9.273810889690852 -0.37144370597150583
41 823.9160874607405 146.2459410086052 0.7597323674271156 0.8034293388848351 0.5676920017853924 25 696.0 731.0 -7.159793442394651 -0.2294577311378585
42 433.98196632095306 160.53989897119232 0.8121177857356864 0.6263008993964483 0.4160123039718306 25 815.0 1974.0 -8.238367870834045 -0.31649870919315987
43 81.06835505013774 163.03015085471338 0.623341108947952 -0.4268077317166922 -0.24652486073380664 25 684.0 2804.0 -8.619445023236553 -0.24019800518969595
44 780.3667158837113 162.9201742948599 0.45901563479229984 -0.6490292177976023 -0.8050822782360578 25 3042.0 39844.0 -11.500907328566258 -1.3687928403018337
45 1.11153416109824 164.33717433292986 0.693714969833157 -0.11250464357829049 0.03852528409536537 25 1270.0 4758.0 -9.193561094253118 -0.7979488526754984
46 690.9607839560224 169.25944527692945 0.9156095034814254 -0.16082581775475416 0.02558701262960403 25 940.0 2422.0 -8.460435347017585 -0.30119065464231104
47 832.5697844010696 175.79425088489023 0.30720665762611277 0.3596578765763413 0.24814769524000005 25 2728.0 40412.0 -11.516275860792966 -1.1840838820040815
48 614.2068242609945 177.52717779325081 0.6140189237174175 0.4593659066720239 0.12675512612996168 25 973.0 4925.0 -9.231015587084077 -0.5623818600197292
49 767.8239403791675 191.13926493498548 0.4154640650460809 -0.5440970933332537 -0.6562990147335582 25 3166.0 43171.0 -11.587980271597349 -1.4387165875428174
50 104.18418029070754 191.74449988584757 0.6209767582830835 -0.6336867806024247 0.46532133637294293 25 1514.0 7687.0 -9.714392202673169 -1.0273592058184913
51 262.0116409050658 192.20016719905075 0.43197969973301303 -0.22637641645109624 -0.992829763556481 25 2422.0 31454.0 -11.244189706127672 -1.1455047091425572
52 240.536387617169 204.0861853862602 0.6202702133681488 -0.17787525014491434 -0.25968115713635015 25 888.0 3045.0 -8.708968242422236 -0.5033323325150956
53 833.0476510100399 217.90414075864012 0.33364293358595215 -0.4638890790173603 -0.07481424238618865 25 955.0 10652.0 -10.06857789441726 -0.4640206266115049
54 299.4399370301634 220.55209155635282 0.5550641748816789 0.5010952985699034 0.21419377139653475 25 478.0 1088.0 -7.591572238405403 -0.07303267055305503
55 766.8133441200233 222.88058478654696 0.9370789941413803 0.3565551024876076 -0.21242468777703108 25 699.0 1292.0 -7.778156284147664 -0.0026610497429215563
56 465.2015995869216 224.7399875157845 0.8796093384057618 0.5197732673207884 0.12138883208713959 25 730.0 1431.0 -7.889099084399441 -0.1060956105464968
57 149.54963729560777 233.43805697003145 0.36543632585532104 -0.4666884556451996 -0.22005594899181433 25 3363.0 59293.0 -11.932508561369437 -1.0663578724651355
58 156.1830103342324 233.73157973147772 0.3788222205127567 0.7051706141610037 -0.3950810439211077 25 3234.0 59192.0 -11.930657535784066 -0.9273574308202479
59 803.9754235214309 239.69266222631484 0.7033741247529812 0.31187569105526985 0.2023941161091413 25 1261.0 3794.0 -8.947743316381608 -0.810191675599678
60 344.9305352052449 245.8619280372345 0.43666162502046807 -0.6812334950947355 -0.9495837476379473 25 1753.0 21182.0 -10.814917409253562 -0.8646722105564596
61 282.75449943457016 247.5864340119353 0.7497044761975458 0.2817742386178846 0.21291374833198667 25 703.0 1847.0 -8.166167238600604 -0.1935241376775179
62 299.69721782712446 247.13743795985485 0.4875800584343386 0.13355048509316594 -0.7021863149734203 25 1330.0 18556.0 -10.671210909616804 -0.10293834829369942
63 391.9171410194167 256.76611563177715 0.987143332262232 0.37401360676876433 0.24045866351573839 25 991.0 1848.0 -8.16675491721022 -0.3076997755095539
64 357.5438846518277 259.91563154080086 0.6037162218223876 0.6636336209804166 0.01859410281755077 25 1053.0 4310.0 -9.086193175401828 -0.7420905632435011
65 160.11813377458284 263.4865421510451 0.569529425023334 -0.8345429708700396 -0.11782567195738015 25 1117.0 6632.0 -9.554111293855543 -0.6904318878684369
66 795.4174558023624 265.8547762571396 0.5135160903647346 -0.6707930290395387 -0.2886545132621444 25 1607.0 10449.0 -10.047686822944746 -1.1230433192564075
67 464.69689587173 274.0031803175301 0.7452129105500388 0.13745652114931156 -0.18959375404981968 25 1111.0 2414.0 -8.456843164403326 -0.6978920698632546
68 642.2666790039298 280.4255184719581 0.7452799707582447 0.543415976507325 0.3138475358737179 25 1670.0 6663.0 -9.559174533170342 -1.046935267472934
69 817.9316180373186 281.1002304737095 0.5558076963399304 0.3326911197641257 0.29708739701575043 25 1033.0 4354.0 -9.097221061762689 -0.7763753074780121
70 747.056350565163 284.0746271028343 1.0383998843702338 0.08480018041124882 -0.04970581061429496 25 1392.0 432.0 -6.58870936703728 -0.7619210032474413
71 111.75992254434664 285.9379225504869 0.7021833947618572 0.25727819195995977 0.0503731272687739 25 1243.0 3714.0 -8.924604748509404 -0.8186505297037954
72 503.8934458899654 286.3716889449631 0.5855984206582883 -0.18030215203034308 0.06959013655988053 25 484.0 871.0 -7.350045387519159 -0.08162282328797335
73 684.1209535543207 285.85377048484776 0.8326704594439938 -0.0759244673014325 0.1380203085212246 25 1567.0 3702.0 -8.921091036042213 -0.9640262007614324
74 28.09288968968065 288.4266581882705 0.6804190325469527 -0.053390861321017044 -0.03921991917323339 25 847.0 2384.0 -8.443265627670497 -0.4270031263961863
75 142.42143785290241 292.9864927568275 0.43067761570397683 -0.5619468806555357 -0.9771026536914772 25 1899.0 26022.0 -11.038351681331013 -0.733318425916992
76 672.988959204194 295.20818804432605 0.5855125520282447 -0.027678874356353682 0.7057352708117476 25 627.0 2116.0 -8.31378915840787 -0.1953743457399406
77 608.4108985494263 304.68618437900994 0.4926305893385878 -0.21196058337509502 -0.9352267857507708 25 1321.0 15875.0 -10.501784334910035 -0.5240870339079962
78 566.143658464967 310.9219491004995 0.39681733571706174 0.2576707818576828 -0.43503330817784464 25 359.0 526.0 -6.802464360384349 -0.03334373128980237
79 141.32641507074663 316.7345571886321 0.603964092184173 0.6204608118574692 0.46749564199880234 25 572.0 1663.0 -8.052230623048798 -0.17621029577695047
80 587.3631371991848 327.28762522071025 0.3926554834322705 0.6869068142118777 -0.32197398192723303 25 765.0 6693.0 -9.56405206250875 -0.44886149835400707
81 557.5451881271018 328.0063119180486 0.866444739810947 0.7433076035226095 -0.08639418234299635 25 708.0 2424.0 -8.461331538735621 -0.004439332034909438
82 81.27576835858386 331.00009757973345 0.811645576790866 0.8887909115154969 0.10847030744376164 25 754.0 2003.0 -8.254202373233941 -0.19148125054622067
83 250.13739101290363 330.9714942640534 0.7313664808968889 0.5245092026015484 0.5188024611311757 25 538.0 274.0 -6.094376407050969 -0.0568755124936195
84 539.9523353515312 333.05348084574234 1.079016699041686 -0.16808413093109337 0.13371465046299885 25 911.0 2560.0 -8.520599913279623 -0.1499823125005372
85 556.2299054531019 337.37649730393593 0.7461384079947159 -0.2989673152330906 0.5037256146797835 25 609.0 2270.0 -8.390064642982807 -0.014416914782872648
86 82.05265048122371 341.53791403150944 0.5558614381931917 0.17585677847389733 0.6910425414965475 25 487.0 1282.0 -7.7697200629569965 -0.03290989588658918
87 108.82409013988628 341.9684292714834 0.7814280827693173 -0.53685379112981 -0.2094760189689387 25 986.0 4290.0 -9.08114323046181 -0.3966980584784876
88 161.22021542807983 341.9583095203513 0.8695533859057348 0.016508457727791685 0.15940843460060602 25 800.0 3697.0 -8.919623626432767 -0.08400260653000743
89 214.05670036665873 342.76414049331106 0.7335577288699524 0.4804276720352843 -0.007460663361617675 25 1832.0 6904.0 -9.597751956767883 -1.1826534233135289
90 720.621977644273 348.46600728512465 0.337939879364594 0.8213106236554731 -0.21222572412321888 25 3453.0 65125.0 -12.03436934076895 -0.9522983073243534
91 712.5414346314717 348.93767761534866 0.3653290714868454 -0.10215044544665387 -0.12254839860749846 25 3410.0 58305.0 -11.914264499217369 -1.170158292163817
92 84.8668678049826 350.8054320566548 0.8145358109275335 -0.1632560542713118 -0.22664472093865748 25 746.0 2033.0 -8.270343446595096 -0.1716966118710085
93 649.3900641659865 352.1489310033179 0.795266161167267 0.636413522648107 0.009509966492780849 25 1499.0 4327.0 -9.090467237996812 -0.9125095987037988
94 81.52482898364984 363.7831999242256 0.5525287083292023 -0.9657850236324692 0.7349370261081322 25 1969.0 19202.0 -10.708366163390115 -1.1544100352819162
95 295.6599327781734 364.4615205538705 0.7188485983417877 -0.11074069614015004 -0.06185714494767282 25 791.0 2889.0 -8.651868854610493 -0.28425585089944094
96 323.3129415419332 367.2912351889949 0.8149188714760129 0.3971187010280264 0.2298164828167448 25 1335.0 11716.0 -10.171948407523903 -0.40755820411373755
97 807.9198675510457 367.66238642385133 0.5016975206634525 -0.20103228061501272 -0.37620831872485017 25 1997.0 11852.0 -10.184479107020035 -1.428387781279318
98 414.74558237707413 368.9860123872364 0.596659977016319 0.7743698040343033 0.29012430159019265 25 689.0 3155.0 -8.747498408950383 -0.298762903947498
99 573.1974102042768 371.8259600598291 0.911368860622587 0.20154471122035836 -0.03214673117504441 25 988.0 2320.0 -8.41371996222725 -0.4121431961262487
100 349.3611008004293 372.170881126153 0.4999281117230765 -0.8308157982666808 -0.1364657572202923 25 493.0 2143.0 -8.327555427604572 -0.06304750277717924
101 96.51979724071062 375.40999180345824 0.5555864062428092 -0.5760366934590854 0.3076484519504799 25 1233.0 9592.0 -9.954772925226981 -0.7098939433889001
102 409.1884466877495 378.85612156284986 1.0040383906525074 -0.5632897858142188 0.06917917095278735 25 772.0 -250.0 nan -0.1254899438660036
103 247.4568922824828 385.4542283509402 0.7646035147203761 0.871480042822391 -0.04116559051316996 25 1385.0 5043.0 -9.256722420397834 -0.8272736885176764
