test_CNN/outputs/tables/02989_a20778m0s0_sources.ecsv
# %ECSV 1.0
# ---
# datatype:
# - {name: id, datatype: int64}
# - {name: x_centroid, datatype: float64}
# - {name: y_centroid, datatype: float64}
# - {name: sharpness, datatype: float64}
# - {name: roundness1, datatype: float64}
# - {name: roundness2, datatype: float64}
# - {name: n_pixels, datatype: int64}
# - {name: peak, datatype: float64}
# - {name: flux, datatype: float64}
# - {name: mag, datatype: float64}
# - {name: daofind_mag, datatype: float64}
# meta: !!omap
# - {date: '2026-06-03 17:11:12 Eastern Daylight Time'}
# - version: {Python: 3.11.15, astropy: 7.2.0, bottleneck: 1.6.0, gwcs: 1.0.3, matplotlib: 3.10.9, numpy: 2.4.6, photutils: 3.0.0, scipy: 1.17.1,
#     skimage: 0.26.0}
# schema: astropy-2.0
id x_centroid y_centroid sharpness roundness1 roundness2 n_pixels peak flux mag daofind_mag
[from data line 104]
105 63.15140539827288 387.6046734854219 0.8057669388375079 -0.8707315528345215 0.07054229217074769 25 871.0 3581.0 -8.885010802529758 -0.2676999650010588
106 440.1180562164062 387.9150072101432 0.9633829219804982 -0.5183498510402603 -0.2536088812474595 25 1121.0 2247.0 -8.379007681047822 -0.49961771729680815
107 430.1488661399083 391.3084505206937 0.6930528599213336 -0.21841518168088384 0.5001885494024326 25 1456.0 1168.0 -7.668607106940951 -1.114456089790164
108 412.69610893789826 393.96282025020236 0.41773700786152884 -0.5034726514770529 -0.2197429865650701 25 3335.0 54519.0 -11.841369703266786 -1.1873629921777558
109 420.0748774994592 393.96568089854003 0.4089978287368868 0.6644644647382332 -0.3205997259193662 25 3246.0 54386.0 -11.838717795879198 -1.1818765575013859
110 515.7848508423409 400.7874591102243 0.6369111626073551 -0.7570275635782422 -0.32358490355145836 25 526.0 612.0 -6.966878555363904 -0.16673051394022112
111 612.2875056321118 407.8682619141895 0.6017831458925635 -0.854099785497626 -0.9359854057176143 25 974.0 8975.0 -9.882586143125891 -0.19335958844566176
112 777.7809302908485 407.83456718923105 0.3860417826704286 -0.6530927346886484 -0.8768057576371949 25 3269.0 47485.0 -11.691391105849675 -1.4095627086419533
113 749.1255217051116 409.99509381803506 1.040925450916102 0.09847965791126373 -0.224170046227117 25 1175.0 2500.0 -8.494850021680094 -0.4245972170219998
114 474.7151400695452 412.2361621741697 0.7331336769627976 -0.20020120857905382 -0.09701760052348533 25 1157.0 2468.0 -8.48086288840301 -0.7711053388526978
115 538.2401088503518 413.2480189389437 0.9083929502325342 -0.13148843908567132 0.16964581555212482 25 753.0 377.0 -6.440853375514482 -0.19987062569495329
116 513.7542750628338 420.17763753974907 0.48868148829357205 -0.10665544159891173 -0.8378680130553295 25 1175.0 12521.0 -10.244097538867097 -0.4673680632757615
117 675.2622928223569 420.1797019692375 0.7324952785734715 0.12126751268132048 0.05494351132953803 25 589.0 349.0 -6.357063567397949 -0.17524448115433788
118 760.1681962951928 421.5586741435871 1.0267861187392369 -0.5653487535663804 0.03642908949475484 25 1003.0 493.0 -6.732117298193075 -0.370083395692544
119 713.6284291421713 425.2885867594283 0.39668422838477274 -0.0987815693654949 -0.9530776821515166 25 1710.0 23450.0 -10.925357117627755 -0.7162545368229062
120 546.9141639096442 429.3991221272961 0.8922027570800899 -0.023085043686194927 0.4886283971547569 25 1012.0 1563.0 -7.984897445047967 -0.491200448785033
121 247.66447686070634 430.6321422506898 0.4554953626445438 -0.1569300573979126 -0.8404327514986155 25 1239.0 18407.0 -10.662457530791151 -0.08302624801969533
122 19.895113032390892 431.9969263114191 0.8983636842590756 0.03353715861083496 0.29107676004836247 25 878.0 2253.0 -8.381902979309576 -0.25435318387165884
123 134.3220835926041 440.57425628782363 0.6441555143470818 -0.7568324153836069 -0.2545300388430515 25 738.0 2010.0 -8.257990143551222 -0.3541052478496002
124 238.53227747180864 443.0692122260022 0.7485783851976839 0.886927888670831 -0.22587478904081806 25 667.0 4.0 -1.505149978319906 -0.2909266084500502
125 174.0714417853083 451.084126278936 0.3957062874564371 -0.37371821742372097 -0.3208057682150037 25 405.0 1537.0 -7.966684668749363 -0.09402877402941885
126 113.90029671788815 454.92068292241197 0.9826545267924504 -0.6984333544336241 -0.04216972352280555 25 942.0 2329.0 -8.417923721336702 -0.2477838346462063
127 31.25793303126381 461.87627960554187 0.9042741410165862 -0.8481783376917393 -0.07474646883151638 25 816.0 1264.0 -7.754367684865916 -0.2672089744664929
128 279.0090111861628 462.93542204283585 0.8355540863042636 -0.31291802979560857 0.5281470936486653 25 629.0 322.0 -6.269639679239577 -0.06611417801417942
129 346.84343726582057 466.087430762886 0.406518831552508 -0.41938461595678167 -0.9381817043498033 25 3156.0 44522.0 -11.621436663272483 -1.3673816918048418
130 523.8545419522787 465.8804201439129 0.46973650393553085 -0.3874994544950756 -0.9222996864875462 25 893.0 10472.0 -10.050074083856748 -0.08763494517143679
131 418.23863098837984 467.37898082549833 0.8341077143784592 -0.2443994427583654 -0.1271051318092331 25 871.0 3485.0 -8.85550695608507 -0.22226533668662124
132 462.13426433562125 467.92308630222186 0.45101918367537386 -0.11006747939229602 -0.19444608344621675 25 3259.0 50610.0 -11.76059084327197 -1.2105023262293253
133 471.2289782563581 468.1202547914043 0.40495279119436417 0.9653210041780416 -0.2648211965326178 25 3312.0 56604.0 -11.882117805733316 -1.0603400582587525
134 739.1203049321773 468.3309640021878 0.42117509030276845 -0.4853645974982843 -0.939246752339286 25 3057.0 41655.0 -11.549167847014846 -1.3705839462661273
135 318.86833834061866 474.8730691953469 0.7586770212008451 0.14961504484438712 0.021126295066617628 25 1302.0 3960.0 -8.994237964813781 -0.7960046837014936
136 660.0155158227842 474.7413029076471 0.826399276592576 0.0576663646206673 0.05630145615321407 25 805.0 1581.0 -7.997329674830523 -0.2619744266900266
137 579.5404439371038 479.806548267317 0.3824003742365785 -0.6705107709635671 0.19741836497550527 25 758.0 6819.0 -9.584301726111583 -0.419340434891638
138 639.8421763639953 483.80009750738355 0.7046001384518246 0.049141399681015316 0.17025238024104322 25 505.0 120.0 -5.197953115119062 -0.050238910303739115
139 660.9654313225207 488.6394714834052 0.4166674344262307 -0.7155260882600124 -0.8111207675107442 25 3040.0 40256.0 -11.512076548572889 -1.4159015477486623
140 293.0436308490251 491.1692968568942 0.7641863178254447 -0.24934016531304315 -0.1734026319423503 25 665.0 876.0 -7.356260265420201 -0.18280580698775056
141 6.709980770513441 496.2019287842095 0.532908636100523 0.47437551984864984 -0.5642681150817667 25 576.0 2179.0 -8.345643075615639 -0.20404331250800686
142 741.7278893156091 499.38660204213414 0.5280435444007024 -0.08637222338750765 -0.8840203472713726 25 1688.0 24744.0 -10.983674767487805 -0.3677412879814007
143 203.13489007684473 508.10461771069157 0.9433529316810513 0.5620325373315491 -0.008261283246545617 25 952.0 881.0 -7.362439771030119 -0.41999375863981736
144 375.33145940628566 512.2987499822904 0.9223383022544329 0.07210272634598057 -0.49409634056409435 25 654.0 819.0 -7.283209754401047 -0.04008933076289103
145 753.2575441545752 512.287668403667 0.6567493229559371 0.21674822496812096 -0.4111815558578973 25 760.0 3621.0 -8.897071312042529 -0.2759862304963022
146 309.3280696735335 518.237081336518 0.9920027503485109 -0.0778109175946908 0.1905917604146655 25 964.0 2401.0 -8.450980400142567 -0.2864086518603732
147 169.42513185642179 520.2837828623713 0.5805846038738628 0.27576610737435603 -0.4206833533655459 25 587.0 2318.0 -8.412783579068943 -0.11740844083414967
148 84.92495714142392 529.0403646018943 0.7819510518531562 -0.28034575858080485 -0.7206474418209844 25 897.0 3337.0 -8.808390516636981 -0.28532743061661076
149 225.09974651026673 531.2782424990946 0.3859828912409278 0.18857523282390926 -0.7976827696289217 25 1477.0 16227.0 -10.525595590404318 -0.8505475272571359
150 216.28274439545118 531.7617072768718 0.7487840365699692 -0.7492268675041955 0.017692786978615156 25 895.0 4888.0 -9.222827993086245 -0.2193862817710372
151 262.4070269679933 532.0203420694039 0.7119633434967829 0.08035891041843507 -0.06835900103817309 25 942.0 1696.0 -8.073564619801738 -0.5837540063828031
152 446.04458319119544 533.1185893268071 0.6464745964254353 0.9932148805620179 0.024259753423516314 25 1982.0 9960.0 -9.995648346059248 -1.2789290776536502
153 763.0595039169538 537.4025922200998 0.9050136152228362 -0.2714107554869112 0.6174248710854 25 634.0 -416.0 nan -0.07627966440102617
154 7.37245670185638 545.9323459694681 0.705301303116847 -0.08189526573843187 -0.29157217837771826 25 897.0 2394.0 -8.447810365175979 -0.48974780257434286
155 247.30044328906948 545.6945610005989 0.7635797309105105 -0.11517407131039209 0.08551659074193509 25 1519.0 5181.0 -9.286033980717804 -0.9089695864721354
156 519.0789474324665 549.5655398361205 1.0573243708358258 0.46470250537251434 0.18971118982371607 25 670.0 -1019.0 nan -0.028923075967034736
157 629.279635646132 548.9985057875058 0.862006282949117 0.12459895941282688 0.4563421985012048 25 708.0 2172.0 -8.342149552292023 -0.047603513975703025
158 362.7401134249292 550.1180599863084 1.0396730290823097 -0.0025472788624165193 0.37461775325407964 25 962.0 2372.0 -8.437786711730563 -0.24488924964378708
159 813.7950612830848 551.085776667144 0.9399222406918127 0.11417253887484725 -0.4606672415481608 25 1215.0 5250.0 -9.300398258514893 -0.4678956569107409
160 46.10613603514647 552.8010792012583 0.3922949207692195 -0.22860930349377123 -0.793879606146905 25 3138.0 45631.0 -11.648149966021236 -1.3934337331156832
161 165.89325744430107 557.0385572745175 0.6828258422689378 -0.055938195425004875 -0.10023603133949671 25 657.0 2925.0 -8.665314676045497 -0.11016232222187045
162 398.74603833676525 557.8884548024237 0.781940911425292 0.19881003344562184 -0.15819210905455666 25 1237.0 3804.0 -8.95060127066344 -0.7385788746179356
163 613.7436293431024 560.1943645183717 0.8809548380739264 0.48923081125735424 -0.03390743659749724 25 821.0 2345.0 -8.425357117627755 -0.19950196430573305
164 295.93228259739493 568.7777012477368 1.152031858245317 -0.09336412931306289 0.0632644158271911 25 1049.0 1750.0 -8.107595121715736 -0.2719812711559075
165 479.4161697993686 570.2189596078158 0.6444431542307895 0.42979319562530394 -0.12046872067194052 25 2104.0 7909.0 -9.74530393885277 -1.4475102897481615
166 408.68828684419003 578.9640164513046 0.8326318862610835 0.11008673403481921 -0.11035316593654503 25 1203.0 2340.0 -8.423039643525357 -0.7331869795969327
167 549.0830652930823 579.1105724079135 0.9478624975262496 -0.2921485664130881 -0.2434956908224153 25 1240.0 2583.0 -8.530311015433293 -0.6233384036443773
168 345.1023869998264 584.6470595134595 0.7574057050661952 -0.2296648946815269 -0.0031150876685456116 25 1365.0 3372.0 -8.819718914881761 -0.877034454941156
169 372.0956423236046 586.8042543604716 0.8364201200814382 -0.044303247177357126 -0.5620256548106748 25 699.0 1208.0 -7.705167335712782 -0.1621304097301513
170 562.9162886441655 592.2722618872666 0.7404740286728813 -0.05528585342522315 0.2556134121477891 25 758.0 4197.0 -9.057347423028725 -0.1191407336774724
171 35.885634043925215 599.1686154802733 1.0736000946145043 0.33867472113098884 -0.12158797004662189 25 736.0 804.0 -7.263140121871128 -0.0814281256150195
172 767.2419251297007 604.1613204833232 0.49395091208459074 -0.007220912014721138 -0.18074670207644544 25 395.0 768.0 -7.213403050078781 -0.0004270087567829991
173 383.9297448118032 605.4626197888141 0.49978376393123103 0.090227810463992 0.1761174846371572 25 383.0 1251.0 -7.74314327423355 -0.03459644836653641
174 181.81715780372167 608.8299568012038 0.7758216372522395 0.21857521801353363 0.03109848457926155 25 708.0 2315.0 -8.41137748838493 -0.081160710070564
175 149.38045919158674 612.4396117233441 0.3885801832492126 -0.4067836534665857 0.013563727182323517 25 3129.0 40033.0 -11.506045341402322 -1.621374290217719
176 357.78672731367146 615.4253210860531 0.5614024350852571 0.42491904027259264 0.48558765835271894 25 735.0 3444.0 -8.842657856954043 -0.28949014602525974
177 622.4202882862253 619.447979139106 0.6696259934158352 0.997192547332284 0.6171472918650397 25 1521.0 8663.0 -9.844170785997512 -0.9411315307751276
178 710.9400051848735 619.0068742818642 0.4450054506330842 -0.5001697906570782 -0.9904972970513851 25 2554.0 30772.0 -11.220389309414273 -1.3013064030095978
179 754.1912526424765 617.8877671576837 0.527808278693993 -0.9031496130230009 -0.8304971536356576 25 711.0 7839.0 -9.73565166111747 -0.08774111639001658
180 0.7479205929838298 619.8419428615168 0.4370589288096164 0.21098954270084044 -0.1939704803988991 25 1006.0 9401.0 -9.93293513170743 -0.4535501287108774
181 788.1371499576892 621.7094109761947 0.9957895482226458 0.2710724847660477 0.20803208458809858 25 976.0 1200.0 -7.697953115119062 -0.3100489235974853
182 21.182612721069816 623.5965840897558 1.0098482950606038 0.3589062277170008 0.17077097178870185 25 763.0 447.0 -6.625768807829841 -0.07487395892410273
183 228.0125002109122 626.3063378343469 0.5183748551219941 0.570311505415362 0.9357033796533057 25 1146.0 9476.0 -9.94156263012682 -0.5416415812461909
184 321.3327700649113 628.526100861814 0.5421411201566606 0.11780779306516835 -0.19165227940824967 25 804.0 3404.0 -8.829973878531375 -0.5618333838958754
185 63.897045914538296 632.3136288249538 0.44655615765962015 -0.13058056474469137 0.1791996161592305 25 3075.0 24684.0 -10.981038844355872 -1.8283277964342226
186 403.400710429909 633.1290314643555 0.8902621063357449 -0.44025602619472254 -0.34297196461173357 25 774.0 1747.0 -8.105732262457327 -0.07629278300882285
187 204.52971811912542 637.2826836122368 0.7565982344727812 -0.278744233281891 -0.13940840824977746 25 1349.0 4300.0 -9.083671138948967 -0.8370748988563597
188 397.731245136142 638.927133091104 0.8999323081739055 -0.42521974316824773 0.14781044449218042 25 750.0 461.0 -6.65925231347412 -0.2007275346811324
189 833.4789106213491 639.3150659068768 0.3808573073305659 -0.681202906660573 -0.030322951629316603 25 932.0 6912.0 -9.599009323677093 -0.7237666434124561
190 434.10469069669495 642.591077417643 0.5768894718114165 0.636217120720016 0.48010286642236105 25 951.0 3682.0 -8.91520946041999 -0.7250064718754543
191 1.9362876732449958 648.9354702181535 0.4154883824291875 -0.841433657002889 -0.7251355646735363 25 884.0 10161.0 -10.017341128410733 -0.18581244607497463
192 284.42513925287443 662.0464936569898 0.5349835900568536 -0.16712294154281285 -0.4929579087692494 25 1204.0 13311.0 -10.310526708590544 -0.425162144918509
193 297.20167636816666 662.1201121170077 0.5077664113296111 0.05036862281321754 -0.08648139739926254 25 379.0 1346.0 -7.822612649719895 -0.043641450627008437
194 674.038094524259 665.9082778053112 0.8334875788758135 -0.09391679892998955 0.1340639509056446 25 1249.0 6299.0 -9.498179020874682 -0.5809372117141895
195 380.21530303972577 668.4688558609745 0.7015883885363164 -0.17498458650548784 -0.0788697559833869 25 1531.0 8689.0 -9.847424493057225 -0.8491285710085947
196 435.602577073724 668.620084684608 0.6691848865780784 0.15382257316343625 0.015148307372271592 25 1905.0 7701.0 -9.716367808477765 -1.2546114285523238
197 173.44773591769976 669.9158066783303 0.6791306943883606 0.6308582948232485 -0.051653867330977744 25 503.0 792.0 -7.246812953973734 -0.0015622247744748918
198 507.8183068214062 670.7196637507927 0.6572686036230229 0.9549881176587673 0.3571259249042073 25 511.0 305.0 -6.210749598366965 -0.14504416563596634
199 355.7054967083419 673.9961410086937 0.6139443154511053 -0.750141427317123 -0.05365653570863563 25 593.0 2904.0 -8.657491530070141 -0.09872361599365673
200 391.0047643593138 674.3232715387127 0.9494375476094232 -0.10686301813284659 0.07490560491569159 25 1497.0 2889.0 -8.651868854610493 -0.8320169291938385
201 50.17571408030285 675.927561618529 0.7123835752825642 0.14030168097942297 -0.3269727384018259 25 2081.0 7039.0 -9.61877741300812 -1.388801969287286
202 442.10546853751407 676.1881843481221 0.8809781498574758 0.43346524715749574 -0.34042891793867297 25 769.0 1656.0 -8.047650831122153 -0.13231426728555337
203 382.4767983263343 677.1442494742605 0.6494074327294148 0.35671707103975936 -0.12758089587499435 25 838.0 1961.0 -8.23119398416946 -0.4816040491293351
204 218.18671931569142 678.3948913638559 0.47161549236724715 0.5416336540927127 0.5278224286606383 25 811.0 6040.0 -9.45259234655283 -0.4249150009903798
205 764.0106720523598 679.119009699175 0.8016171374781925 -0.7290653550163879 -0.7559534703345884 25 849.0 3205.0 -8.764570084637091 -0.2978118167565941
206 580.0990157360811 682.1898956694065 0.7799566314435621 -0.2177233113405878 -0.2960587960541182 25 656.0 2038.0 -8.27301044917602 -0.12289052697718575
