test_CNN/outputs/tables/03003_a20882m0s0_sources.ecsv
# %ECSV 1.0
# ---
# datatype:
# - {name: id, datatype: int64}
# - {name: x_centroid, datatype: float64}
# - {name: y_centroid, datatype: float64}
# - {name: sharpness, datatype: float64}
# - {name: roundness1, datatype: float64}
# - {name: roundness2, datatype: float64}
# - {name: n_pixels, datatype: int64}
# - {name: peak, datatype: float64}
# - {name: flux, datatype: float64}
# - {name: mag, datatype: float64}
# - {name: daofind_mag, datatype: float64}
# meta: !!omap
# - {date: '2026-06-03 17:11:14 Eastern Daylight Time'}
# - version: {Python: 3.11.15, astropy: 7.2.0, bottleneck: 1.6.0, gwcs: 1.0.3, matplotlib: 3.10.9, numpy: 2.4.6, photutils: 3.0.0, scipy: 1.17.1,
#     skimage: 0.26.0}
# schema: astropy-2.0
id x_centroid y_centroid sharpness roundness1 roundness2 n_pixels peak flux mag daofind_mag
1 678.1403268510459 0.6444957483999338 0.5245910979153275 0.5015569157095672 0.12180233365321161 25 455.0 2388.0 -8.445085806143329 -0.21246405672977564
2 270.58200627564696 0.18979164664809423 0.22038347676164916 -0.23290480600980007 -0.6121106659803599 25 796.0 10654.0 -10.068781731122026 -0.6233524700221114
3 95.84808472305087 8.93802893233078 1.0666144257672887 -0.2864168216972928 -0.3039817633720155 25 537.0 -374.0 nan -0.061120651254741656
4 123.40017529594434 13.95737118209112 0.8677660932826706 0.05147791445881284 -0.23825682737313233 25 1062.0 1454.0 -7.906411016307548 -0.8681261422301016
5 293.473996488789 15.217411583789536 0.3817708230804141 -0.08777142525040749 -0.07493285758220126 25 2860.0 47526.0 -11.692328159183674 -1.2972287875132007
6 300.5743534306259 14.940306823361183 0.44206585181054553 -0.34568531206396935 -0.9238627766180433 25 2131.0 32525.0 -11.28054326308406 -1.1483706167453005
7 599.5674388489209 16.39023784209353 0.4245245199537196 -0.26263243945641285 -0.45775172212525544 25 2393.0 37291.0 -11.429010074028021 -1.2792577745100064
8 683.9765316836205 15.858937343396974 0.6151586127852635 -0.6073416142944225 -0.13923229183439254 25 328.0 -545.0 nan -0.08017470742295538
9 592.305329289845 17.029695145957767 0.431726709182724 -0.018354087804736536 0.0014954899667584494 25 2659.0 42089.0 -11.560421518477854 -1.2982588625813918
10 730.4837519542673 23.959879964985408 0.49874810460881264 -0.18754972818149318 -0.26122821796968987 25 780.0 8705.0 -9.849421938633375 -0.3031114477307198
11 532.5556540374333 29.10364217853672 0.6896317027999094 -0.030682050035127258 0.3894579001242227 25 488.0 725.0 -7.150845016427484 -0.23577834719027346
12 230.04473134678412 30.97954881963241 0.4357233713419909 -0.09517801033720164 -0.5845434002661651 25 1733.0 27045.0 -11.080217464445209 -0.6265223580176417
13 479.83102043424884 33.63053883782793 0.843187186803714 -0.5638963966647038 -0.4660803241019557 25 514.0 1129.0 -7.63173485481242 -0.05751405715008964
14 92.50459241627226 39.8739799617037 0.370384178722704 -0.27763464013879746 -0.9470108914509429 25 1490.0 24809.0 -10.986523147758865 -0.5786535167976024
15 599.7373983296455 39.65510620107381 0.685614049372258 -0.01230856316525461 0.10390294816480464 25 603.0 1258.0 -7.749201602773125 -0.34825199549092933
16 522.0892143434895 41.13595270518027 0.3668753958410917 -0.3345934616378812 -0.8807421123286496 25 2360.0 40115.0 -11.508266991346286 -1.0698247206370026
17 332.47342085035194 42.00194172507596 0.446087108216706 -0.06889378221688541 -0.5329465541120605 25 2310.0 35400.0 -11.37250815506447 -1.1876731121460113
18 138.0451086467364 55.739570209138854 0.45949777658717245 -0.07356672521582518 -0.19247566612782702 25 1194.0 19269.0 -10.71214794183441 -0.16941116963539
19 207.55720539551433 60.120805240083314 0.3461698220307249 0.1498765011197072 -0.631208921353583 25 1409.0 24337.0 -10.965667605262535 -0.3413984785089244
20 571.6065535876763 61.18649700868793 0.5411574917248634 -0.4856565683975786 0.10459381299706137 25 349.0 397.0 -6.496976266907788 -0.1081166224702341
21 609.2343841443908 64.104464238281 0.63196795601384 -0.32990983376238153 -0.10556714001892936 25 852.0 2812.0 -8.622538290869466 -0.793532437541282
22 318.98341520379046 68.46892087518248 0.4434786380426756 -0.037089377865151645 0.1901644891723907 25 1180.0 19300.0 -10.713893272519435 -0.30841540281230595
23 357.5366779326701 78.1715709535881 0.47629389816716344 0.3483867514034083 -0.8807799463979397 25 926.0 14692.0 -10.41770229918314 -0.011997455946121772
24 789.6293197620995 79.31163944560389 0.45322423269147766 -0.0002587050925085149 -0.6493747635379232 25 1074.0 16049.0 -10.513619942629191 -0.2693620138489546
25 173.38901884028775 83.29592303615543 0.40519672555159186 -0.0703317335255459 -0.647639574932707 25 2359.0 38645.0 -11.467733279084818 -1.09710763488419
26 459.0993177019051 83.87812000680827 0.4019926505153752 -0.30630771450045124 -0.7601146667851114 25 1954.0 29458.0 -11.17300814458554 -1.0283479953412296
27 629.4306434435505 90.17789415719076 0.6704326620405586 -0.5760364460153994 -0.39536301457160916 25 843.0 2064.0 -8.286774232387934 -0.7911935266367992
28 103.97760014418671 97.72248155484166 0.4421851257877755 0.3751429678704391 0.7852209174327144 25 2879.0 56925.0 -11.888257598217951 -0.6951048860021773
29 112.20052302739379 98.25530506180026 0.43133703200351875 0.11304658310103201 0.3818275000695854 25 2912.0 57058.0 -11.890791361687391 -0.7269227439573783
30 780.9307415021727 104.59005351490731 0.4050124100995686 -0.33379476136698133 -0.3851021502007466 25 1432.0 23972.0 -10.949260672561119 -0.4017999535222938
31 785.5712412237422 113.016587954641 0.37279835558343327 -0.04259834054239286 -0.06133519808024821 25 2985.0 54091.0 -11.832812526191008 -1.1021409875007149
32 777.4620644144227 113.94046694887683 0.46715890045523284 -0.03560702377999469 -0.0361396946760589 25 2686.0 45137.0 -11.63633172653411 -1.1190396823434299
33 73.00048741401665 123.7304214338418 0.4257663135595889 -0.396915470481469 -0.5990893003323108 25 1334.0 22393.0 -10.875280700245911 -0.31377363419258475
34 56.627799141143846 125.22864462564702 0.7576288496891066 -0.09414127162483849 0.12493375862439988 25 528.0 1352.0 -7.827441729014043 -0.16104965053082929
35 832.8183760743069 134.7930481257671 0.2798189349033978 0.3673265804609317 0.5996933359876444 25 2783.0 43039.0 -11.584655430139836 -1.4741117456784183
36 25.66419347115658 142.6689355183963 0.4164470979731104 -0.15498141716556488 0.10230348386074425 25 2931.0 51207.0 -11.773323332789946 -1.1415375106452987
37 30.587963818202915 142.84259283261872 0.421313187706363 0.09660108924101517 -0.30089459484406134 25 2646.0 44826.0 -11.628824966981961 -1.1384017765622387
38 718.2050146188739 146.11241615128498 0.4197025382556518 -0.2688488236379514 -0.8803962488312319 25 1034.0 15947.0 -10.506697485569315 -0.33804376228580396
39 17.75110591390605 160.97789163772487 0.7153005380061791 -0.5983587581314923 -0.47963312546292797 25 454.0 1474.0 -7.921243708807582 -0.015343706865003266
40 209.08306296483343 162.6845081721498 0.7225164422890696 -0.4287652059895472 -0.2091104107447373 25 748.0 3179.0 -8.755726319786932 -0.4774024661539047
41 776.4657187638372 170.9134071446407 0.4136959159271332 -0.2060135171725559 -0.5758186158858642 25 2317.0 38583.0 -11.465989982374893 -1.0270445503310306
42 769.7240069296838 171.62856731039167 0.40193681937231823 -0.2239033442391477 -0.35090395140897956 25 2850.0 47827.0 -11.69918285034491 -1.2733359416207537
43 155.07632581127356 172.8426214045903 0.8018114096405843 -0.7963988718223234 -0.029614977944408007 25 654.0 3442.0 -8.842027164978854 -0.17470072808682266
44 566.0246949621188 173.21776149689344 0.3850519522018994 -0.2288166238334072 -0.6839323325662965 25 1139.0 18234.0 -10.652204876158965 -0.2751583866479446
45 398.1268875309461 181.34469295170166 0.7649556408165802 0.367367424286817 0.14126734973380797 25 483.0 961.0 -7.456808469171364 -0.08341562381913596
46 244.94049621188415 184.31790120577185 0.4886037315603139 -0.33389298943931023 -0.860229985971653 25 1244.0 19898.0 -10.747023566323964 -0.26518060605038124
47 821.6914377510808 184.8571520547079 0.39787042416176654 -0.18927753339711537 -0.7864047862724337 25 2171.0 37527.0 -11.43585961809891 -0.7910042634445842
48 251.1033874625831 198.52062298320217 0.3639825689183319 0.11161727712494994 -0.9965202313227939 25 1416.0 24901.0 -10.99054197072743 -0.42373748292360935
49 757.373878471401 199.80339965163282 0.38704996420627513 -0.454238919407228 -0.2513191297742699 25 2837.0 49921.0 -11.745708190991412 -1.1509873835279376
50 764.5105845686659 198.97110579920363 0.4504840291567212 -0.547047258877678 -0.8663535694453001 25 2163.0 33568.0 -11.31481366628366 -1.0955277267562238
51 621.371498755252 199.8927276187969 0.4612339578186038 -0.06774838600973962 -0.6974684874537372 25 1385.0 22532.0 -10.881999356408283 -0.30914073383893564
52 131.22533872795677 204.62696784075138 0.571520740180824 -0.8823793068954485 -0.8281975979693668 25 858.0 10903.0 -10.093865030214566 -0.16193422029249896
53 585.3262330542605 212.73663385725408 0.44381588176194786 0.10237578904198981 -0.6439113287550722 25 1142.0 18148.0 -10.647071926484948 -0.1626531765687338
54 310.84467148705687 214.48367779866524 0.5028826930592537 -0.11529501670423666 -0.5829745058647491 25 1387.0 23222.0 -10.91474905180947 -0.2614013955442042
55 302.65309593567696 217.95914224420457 0.4860758444480551 -0.21031123897451476 -0.9974181625498035 25 1068.0 15638.0 -10.485453021984618 -0.2693907771725672
56 237.5256844119775 226.80520929835822 0.4800820763173729 -0.3363488213887592 -0.8186388148313702 25 1538.0 22312.0 -10.871346253144985 -0.712798877532967
57 137.26627382110343 238.6874008519165 0.3766048040742065 -0.16828366567629088 0.5450246933803533 25 3113.0 58836.0 -11.92410784823451 -1.0199133341009774
58 146.49527029893164 238.71452297983197 0.46004940701224706 0.40776526092057136 -0.05868843670311537 25 2637.0 46265.0 -11.663131416258706 -1.0415754649689095
59 23.00662333516196 239.6128957385987 0.3173202782967965 0.02213325160708728 -0.9270760207893898 25 968.0 16287.0 -10.529602740938355 -0.17036154505920917
60 219.6205785881032 248.8078327959087 0.43655005628967375 -0.14615372257567066 -0.8533450941906842 25 1133.0 18286.0 -10.655296788579694 -0.30914385170755315
61 376.60060520592896 249.28273493041456 0.41302977245885025 0.045502280499208854 -0.551710599168656 25 1875.0 30538.0 -11.21210147690529 -0.7628037867349708
62 778.0483069939362 250.73565868609572 1.0062636195952126 0.17596112920183962 0.04961330455449206 25 756.0 1534.0 -7.964563399032405 -0.3335901332872781
63 473.8562328010369 260.70071014033005 0.5040799462645197 -0.8244829825949976 -0.5278151992413849 25 691.0 8946.0 -9.879072234591597 -0.1000987940852801
64 437.0699460135634 263.5595688106101 0.49000194031782746 -0.11183514746294847 -0.5744248701813224 25 847.0 12456.0 -10.23844649890016 -0.04861375028403002
65 557.1582378463182 270.9910310644637 0.5252915536763489 -0.15199685115601608 -0.6285820116514979 25 1936.0 29888.0 -11.188742136374998 -0.6338802635619336
66 698.7424727415894 274.84350098416843 0.9550316833228907 -0.030652660532908063 -0.25289874831336867 25 809.0 1738.0 -8.10012443028162 -0.45189456098697117
67 269.9827842366555 275.55630842030877 0.4593962008214649 -0.531066760503779 -0.8860098454784221 25 971.0 15416.0 -10.46992925411849 -0.01985192737078848
68 774.3758595904662 275.77939739269533 0.37825303171632296 -0.799791205740388 -0.6232733206224293 25 546.0 7861.0 -9.738694490689287 -0.05659336497189181
69 384.56492231099526 278.84237393225834 0.45595721589576826 -0.14634787415388803 -0.6020364229416703 25 1478.0 23839.0 -10.94322008408926 -0.3869798182941048
70 730.2244441616374 280.79256189341726 0.4384954020560371 -0.6135349057807845 -0.6965849951442216 25 1612.0 23695.0 -10.93664178258855 -0.850476001323489
71 289.5779588103787 283.65021126774434 0.4164319227799668 -0.01287371447802909 -0.8792651589822359 25 1865.0 32547.0 -11.281277409795848 -0.6695042181705296
72 594.540584524103 282.599778176058 0.35253793794822236 -0.35226295248527234 -0.7671184407637958 25 2424.0 40948.0 -11.530581736536853 -1.1378908208477174
73 297.24908697416475 283.909164205842 0.39112871579126013 -0.10151646980162739 -0.9045751323287765 25 2231.0 41366.0 -11.541608819043498 -0.7077531226445364
74 77.21050750862365 286.1974168420496 1.174130940004623 -0.4225516317424523 -0.3152151912460608 25 669.0 1069.0 -7.572444263021945 -0.0542867244001374
75 288.10761831497945 301.63543374303947 0.38826443732852495 -0.16779500171188436 -0.6561678717364307 25 2221.0 37123.0 -11.42410766339829 -1.0376601862857349
76 24.412651533436673 312.7383737068738 0.5271935187487037 0.24526715223846612 -0.02124042333643019 25 604.0 6771.0 -9.57663203449356 -0.013574185939114086
77 58.80710053244249 337.7015648780396 0.6545403832468538 -0.02588173669580392 -0.4046008102480992 25 1002.0 13624.0 -10.335761587386362 -0.05273615873578253
78 708.593583458952 355.950800622425 0.4083234338018876 0.773885690306447 0.26771348165361336 25 3070.0 56064.0 -11.871710200379919 -1.1022138815852476
79 739.5864361839857 357.21307027734025 0.38218609996069625 -0.5323920783705588 -0.9570588298100362 25 1623.0 25467.0 -11.014944470753933 -0.8085600391368271
80 701.3301573543528 356.911372165407 0.4155511630919714 0.6659191013864262 0.047209228281536605 25 3105.0 56054.0 -11.871516522967259 -1.1141732416076444
81 137.76771153909095 365.4420157133162 0.4157578134679104 -0.05348134001822402 -0.4481096125659764 25 2433.0 38997.0 -11.47757799618425 -1.1639612497906187
82 669.9959279710956 366.16073000145815 0.7776903905994057 -0.017292112600591426 0.008077430416484645 25 411.0 -99.0 nan -0.03612871576029044
83 710.1878147691529 373.4994305968551 0.4152139711807603 -0.33644249274484855 -0.8284571444765488 25 2161.0 37685.0 -11.44042129901952 -0.8897658707565024
84 124.09986846954504 381.8654165519713 0.6467258544548246 -0.09791931768801428 -0.519794866432484 25 384.0 1126.0 -7.628845976288319 -0.005582541450959295
85 407.34216512749884 399.73622053868235 0.42738391529112985 0.6043932749253166 0.243390753323005 25 2981.0 51788.0 -11.785572848324055 -1.2264311074956245
86 400.30217119583307 400.140332316653 0.3911236902457419 0.6858841844810843 0.03338871616262493 25 3147.0 56089.0 -11.872194242814247 -1.2008410245399583
87 607.1025183154125 406.3554620723475 0.36014416353521556 -0.2988449744549985 -0.8086114357936244 25 2372.0 40323.0 -11.513882089532272 -1.1069301612822866
88 770.7668553398396 415.2040564023252 0.374834937149098 -0.5207359505523204 -0.7494213030517051 25 2493.0 41587.0 -11.547393980977358 -1.137635654527999
89 766.3268170870648 415.8891661076448 0.33850206498102825 -0.06341726611181402 -0.3615736121552597 25 2963.0 52968.0 -11.810033937183153 -1.208127973001122
90 100.91025346454923 417.373110465868 0.4766762119502309 -0.37212432067669987 -0.20204091487488768 25 886.0 13115.0 -10.29442073731593 -0.020653579024831156
91 699.0303537675195 421.3196854965956 0.38575825819847503 -0.41437826684379586 -0.9953221063304982 25 1252.0 19720.0 -10.73726727651298 -0.5567345825147396
92 503.92744599776194 426.70238770135455 0.6438816405009413 0.0018735856653901788 -0.7343135824337137 25 957.0 13335.0 -10.312482550064736 -0.00627035688632478
93 708.2007026357468 431.46070359806464 0.8685176878771108 -0.21333131739723954 0.34581814000295696 25 970.0 8545.0 -9.82928016764189 -0.43473454765391606
94 699.546403712297 433.04837488323005 0.5571381422690451 -0.9231832838055548 -0.9440803484293255 25 1113.0 14214.0 -10.381790777766023 -0.5206927122811497
95 816.2586144733774 441.305439662495 0.4474824814955164 -0.21148183714707283 -0.8133041205518177 25 1935.0 28910.0 -11.152620229176645 -1.0182451320584687
96 392.15414350268145 444.6423877895987 0.44198166846288633 0.27328032828402693 -0.7423773526980161 25 1976.0 29349.0 -11.168983270613204 -1.0732018120308058
97 296.80391804778645 465.3544057645025 0.587218406028884 -0.31199448492403203 0.24903185049978954 25 453.0 2577.0 -8.527786046377262 -0.1024478466966268
98 187.61038026961893 471.21004799822055 0.6449779902441336 -0.17075774826041137 -0.08662498090885726 25 603.0 2400.0 -8.450528104279014 -0.38492433909406687
99 334.2005373789499 471.5274188133072 0.4514125527133719 -0.319742232364261 -0.44065910031203676 25 2407.0 37881.0 -11.446053587968368 -1.1214689236547453
100 457.5255523896185 473.404458266285 0.44304852834384534 0.8345981794078381 0.22807003320160227 25 3033.0 53888.0 -11.828730163708842 -1.1428923444326944
101 93.6235110538503 474.64034445982367 0.6783544559238275 0.5314062061594171 -0.24920425582992417 25 758.0 8878.0 -9.87078785172337 -0.03133638080466345
102 449.8249690560923 474.0150400201089 0.4642547636545632 0.5327943645261729 0.12580512882815503 25 2996.0 51431.0 -11.778062421548388 -1.172182393574747
