test_CNN/outputs/tables/03003_a20882m0s0_sources.ecsv
# %ECSV 1.0
# ---
# datatype:
# - {name: id, datatype: int64}
# - {name: x_centroid, datatype: float64}
# - {name: y_centroid, datatype: float64}
# - {name: sharpness, datatype: float64}
# - {name: roundness1, datatype: float64}
# - {name: roundness2, datatype: float64}
# - {name: n_pixels, datatype: int64}
# - {name: peak, datatype: float64}
# - {name: flux, datatype: float64}
# - {name: mag, datatype: float64}
# - {name: daofind_mag, datatype: float64}
# meta: !!omap
# - {date: '2026-06-03 17:11:14 Eastern Daylight Time'}
# - version: {Python: 3.11.15, astropy: 7.2.0, bottleneck: 1.6.0, gwcs: 1.0.3, matplotlib: 3.10.9, numpy: 2.4.6, photutils: 3.0.0, scipy: 1.17.1,
#     skimage: 0.26.0}
# schema: astropy-2.0
id x_centroid y_centroid sharpness roundness1 roundness2 n_pixels peak flux mag daofind_mag
[from data line 103]
104 189.27432987205566 493.5264439711567 0.6753132620016685 -0.6737307528957363 0.14688167528893398 25 512.0 1512.0 -7.9488794779129694 -0.2473306436442925
105 654.238195464397 495.26428389819534 0.36821442640936136 -0.563255504720042 -0.6210121994999068 25 2425.0 39909.0 -11.502677114503722 -1.1331757959176139
106 649.2289632438374 495.7296413863347 0.43475335029866385 -0.12378467345140319 -0.2956621771758146 25 2543.0 40289.0 -11.512966220104627 -1.2166790057758072
107 14.926819093180345 498.74876282953164 0.4445936706348808 -0.10384992010543741 -0.43646300661795145 25 941.0 14759.0 -10.42264233186213 -0.14865173184519767
108 729.2784377909393 506.9960009971403 0.350848099132965 -0.29162987704712257 -0.8133093978357603 25 946.0 15478.0 -10.474287105809202 -0.16113783694361578
109 228.91550491144858 511.1546922666497 0.4458206216827658 -0.19273013667584815 -0.7306211158570319 25 1916.0 28960.0 -11.154496393812774 -0.9666101789398294
110 323.10390201055003 513.8623763039241 0.4723335834753407 -0.4734719615529871 -0.6684111624078741 25 1705.0 24630.0 -10.978661029597758 -0.8910821459819287
111 336.3162737031336 515.8753465719512 0.36964021436875844 -0.13726121625935875 -0.4731296741040915 25 2801.0 48929.0 -11.723915849591965 -1.1468011652058745
112 628.9774204683619 518.4238398256688 0.911194660673307 0.677900166443534 0.268143420862876 25 621.0 1300.0 -7.784858380767092 -0.1914615218730138
113 685.9177614018508 525.9666691363831 0.40731719814445333 -0.837979225087175 -0.8649898056365547 25 808.0 12845.0 -10.27183527150591 -0.01938238278282536
114 265.25636110993594 529.8820008889037 0.5785621925783218 0.22445669377559135 -0.5415159721823825 25 1015.0 14676.0 -10.416519257709776 -0.1534373356074853
115 295.24393783308903 550.4183701170152 0.5307140741098547 0.10806943453245071 -0.6943847888699142 25 1173.0 16845.0 -10.566177538292846 -0.4255668403813545
116 32.43923651011597 555.9008151623958 0.4208406787923423 -0.16933074590104835 -0.346188487015201 25 2556.0 41945.0 -11.556700496831454 -1.1907382816993564
117 36.996096180241786 556.0859691667218 0.35662740782701197 -0.30478087414381405 -0.7948082902189567 25 2767.0 50571.0 -11.759753853835562 -1.0685544569653311
118 17.569056905841503 557.9314551869202 0.4361497599022192 -0.01786858703476068 -0.6327749186034632 25 2211.0 35657.0 -11.380362002576943 -1.0532056046013385
119 215.05833649321065 572.1829350038778 0.401395580794787 -0.12082281216435371 -0.3617104549487502 25 2528.0 40796.0 -11.526543957780524 -1.195250259001789
120 219.8332797691598 572.2167763248353 0.3757343435578799 -0.5592378781783577 -0.8613693041623606 25 2411.0 39466.0 -11.490557778874601 -1.144116527774552
121 270.5057655446924 604.0316101377101 0.43928677798800675 -0.09198892473215312 -0.9823174056544395 25 2065.0 34864.0 -11.355943032255452 -0.8007589507223256
122 33.19067221765243 606.1885516794525 0.7616992037372872 -0.05690782668350729 0.23364158297214813 25 947.0 2716.0 -8.58482441402116 -0.8262588311402508
123 696.4940754799726 605.7425386274687 0.3878724326340741 0.18765873060582947 -0.7397835023363483 25 1352.0 23369.0 -10.921600321441215 -0.30376862806473326
124 766.7495404325385 609.290024709321 0.778584249916742 -0.4914895185387635 -0.027262333658868772 25 800.0 3239.0 -8.776027370025442 -0.5259988427103997
125 101.98778938496022 612.4759138625466 0.9162416517921262 -0.0412535775459375 0.07435400834406689 25 706.0 2471.0 -8.482181863505199 -0.21728190608364242
126 645.9977998415985 613.582579305924 0.6859897164467564 0.0789767409297084 0.34599618617773487 25 552.0 2216.0 -8.36392439014098 -0.23259635655789854
127 135.77039530003242 618.0813443525972 0.3369124010798766 0.2610104394647891 -0.2923724514769583 25 1424.0 25055.0 -10.997236017696238 -0.3320077958113593
128 269.7146490082631 623.9688363955136 0.6188634234238208 -0.44965762792223174 -0.6527349631653157 25 839.0 8864.0 -9.869074368460886 -0.3070628845176754
129 37.94573442571648 626.5645918667985 0.6594121374815567 -0.4429988212326738 0.015550274166339601 25 639.0 6446.0 -9.523225752940789 -0.06132391317506438
130 698.7911546692916 625.7806236237731 0.45610460324037355 -0.46303028494646775 -0.7895241978536712 25 1931.0 27690.0 -11.105807389363935 -1.0362120070986927
131 253.81309205940008 626.7089657947266 0.7489383932412363 0.4758653892696518 -0.10549622759095938 25 513.0 977.0 -7.474736409296932 -0.15936426361850106
132 119.43397859995892 634.7070756754943 0.8616482419224744 -0.43964605466073864 -0.1807777127271002 25 1065.0 2043.0 -8.27567091658112 -0.842050675874471
133 401.97761790559383 641.6403095183804 0.36140995466442916 -0.10981005833769888 -0.8512476382713734 25 969.0 15268.0 -10.459455378192652 -0.3756435918374348
134 823.1899579248826 646.8235615410119 0.4860937454444733 -0.3511520383036138 -0.5781229102885388 25 695.0 10158.0 -10.017020521231448 -0.08732729130290984
135 87.18930222711919 651.2565121454667 0.9686001619997047 -0.5720953194153224 -0.18729155133559788 25 732.0 2036.0 -8.271944434161803 -0.32571435122044057
136 384.95472292756443 673.0935331210405 0.935125390072291 -0.4396999051158096 0.013041110715893353 25 594.0 1553.0 -7.977928639321396 -0.0960442351796738
137 385.0201351841497 683.0783815263666 0.8618098965841766 -0.4516877606758088 -0.4221196433852832 25 1157.0 3024.0 -8.701454467072923 -0.9301284255184732
138 14.667168392491812 692.3364631846703 0.4939769415499797 0.5422883572468815 0.13332201877877461 25 359.0 1130.0 -7.632696108708549 -0.10397385200472815
139 371.2401432238571 699.0400105919189 0.7707664582510758 0.08790932602681037 0.23739794272819995 25 657.0 2359.0 -8.431819852213989 -0.37236675147054377
140 670.6239212189483 706.1496395486755 0.38273479805599003 0.024834658500681613 -0.6227117607311203 25 1479.0 25129.0 -11.000438015838474 -0.44309085569768475
141 128.4460814048026 709.1040914563773 0.36447940395321027 -0.117832076527043 -0.690362960236372 25 2378.0 39632.0 -11.495114973104403 -1.0905598758048711
142 69.60533031221556 717.5630142205302 0.39912288551884606 0.2213712803784487 0.05797788423711237 25 2893.0 49259.0 -11.731213977604131 -1.2363859870619403
143 79.52941584089807 717.9244712865279 0.46962321123830364 0.10080202153899524 -0.5700683933096875 25 2433.0 39209.0 -11.483464415109095 -1.1024440657886816
144 531.3303816734327 735.6910211677808 0.5143910211733584 0.5799508102154529 0.9255773151930563 25 368.0 1884.0 -8.187702246142146 -0.06586013557996208
145 13.612272501447698 738.5113875815754 0.3656262158544958 0.628392256843175 0.3370449630043199 25 3000.0 53426.0 -11.8193816495244 -1.2546686630925985
146 5.216410604684907 738.1258229905782 0.34971500947564726 0.9018700064852385 0.17450477046392587 25 3094.0 56194.0 -11.87422486783728 -1.2180789526338267
147 671.9779380191349 738.6326765919418 0.9500195795278078 -0.01515827087295739 0.5255416598755682 25 843.0 2412.0 -8.455943258670285 -0.4804992195282515
148 694.639124143654 739.5958441005242 0.39053887000203646 0.21198885158577668 0.25464530785027545 25 432.0 3018.0 -8.699298088598928 -0.3076705315039863
149 72.12105196350119 743.2776670845311 0.8721942931551058 -0.3146078344330515 -0.06921062645333488 25 541.0 316.0 -6.24921770654601 -0.17411198282281354
150 568.346405708757 751.2123367747313 0.9770526201953231 -0.28489036805389556 -0.13472665197424383 25 601.0 1338.0 -7.816140283579511 -0.12978996111428368
151 631.890044182238 755.0801230278548 1.0527121254058303 0.10239476492438766 -0.08909120823272383 25 686.0 622.0 -6.984475961727047 -0.24595875369208658
152 463.21524534934935 764.3674901571015 0.4337019236123958 0.1615357817248984 -0.7295311676848171 25 1094.0 15667.0 -10.487464608564704 -0.4850564172206283
153 395.6630556617969 787.8345425783758 0.7489003228066173 0.6762786733975504 0.016781509766366283 25 605.0 2711.0 -8.582823793951214 -0.18646335414982837
154 159.19368534217935 789.299399137137 1.153748110126784 -0.1561717430378757 -0.00842597614160099 25 708.0 2197.0 -8.354575142301275 -0.023947082382797538
155 213.0127883088356 789.865081374007 0.415681764248051 -0.40605175442464614 0.3644314902145447 25 954.0 15479.0 -10.474357250603925 -0.10815185923922183
156 169.19377963452072 794.0058917338708 0.6878488329610972 -0.1984653571149004 0.08876446404129433 25 562.0 2236.0 -8.373679498035964 -0.1994172669722034
157 534.2473565044987 794.1161085299091 0.4498176047747565 0.45270621157036833 0.36440895183086325 25 285.0 831.0 -7.299002559460277 -0.08106433274646961
158 28.359107732260533 807.154278719466 0.6131431060391676 0.1884673614430228 0.20668571006643502 25 606.0 3417.0 -8.834112446996906 -0.3216687577731935
159 432.52056925167574 806.7214154738869 0.6325291541842091 0.10586286053446191 -0.5156858003337268 25 483.0 2822.0 -8.626392523545823 -0.12938921160788558
160 9.667548867089021 814.9397974080651 0.7975231725955165 0.42769831772524813 -0.13351870829410206 25 756.0 2397.0 -8.449170085084134 -0.5113437882700422
161 686.6204000414496 816.00100620382 0.41925254619578994 0.05932238285702192 -0.4121203190522067 25 2625.0 44228.0 -11.614243252301332 -1.1159493233373132
162 121.0455977199275 815.7080173729323 0.7789404615562846 0.2815542760124492 0.11833986873990454 25 518.0 1974.0 -8.238367870834045 -0.10500769288380048
163 527.5592241782792 815.8337926944571 0.48646793871000554 -0.19523654863359652 -0.18902628218275844 25 462.0 2495.0 -8.492676374898522 -0.17249086748470127
164 679.4382740522583 816.4885573264955 0.37145548022327746 -0.07077682747685017 -0.1826250733782538 25 2907.0 48076.0 -11.70482081625784 -1.369962855513442
165 512.3079901334227 819.7368941705278 1.2991370188202667 -0.17722422278452074 -0.5075257317788547 25 841.0 2025.0 -8.266062568876718 -0.18680184748196887
166 644.4876771051573 822.7322443371668 0.3290419021766164 -0.22553337808234966 -0.6550716714044181 25 2254.0 36673.0 -11.410866096155507 -1.3054845774014128
167 725.9060839203715 829.4279894909653 0.8021889297813425 -0.08103115280127103 0.37041565536143817 25 455.0 864.0 -7.341284356197233 -0.08886725859481935
168 67.29937267164281 830.065227759439 0.3645136981318209 0.4251260207503334 0.03709911305586262 25 2807.0 48646.0 -11.71761783867707 -1.245233639483928
169 188.76449137037068 829.7353836565702 0.7162705675089504 0.3898324838993293 0.015258602550192544 25 663.0 2728.0 -8.589610914961103 -0.36979810853964656
