test_CNN/outputs/tables/03022_a21002m0s0_sources.ecsv
# %ECSV 1.0
# ---
# datatype:
# - {name: id, datatype: int64}
# - {name: x_centroid, datatype: float64}
# - {name: y_centroid, datatype: float64}
# - {name: sharpness, datatype: float64}
# - {name: roundness1, datatype: float64}
# - {name: roundness2, datatype: float64}
# - {name: n_pixels, datatype: int64}
# - {name: peak, datatype: float64}
# - {name: flux, datatype: float64}
# - {name: mag, datatype: float64}
# - {name: daofind_mag, datatype: float64}
# meta: !!omap
# - {date: '2026-06-03 17:11:17 Eastern Daylight Time'}
# - version: {Python: 3.11.15, astropy: 7.2.0, bottleneck: 1.6.0, gwcs: 1.0.3, matplotlib: 3.10.9, numpy: 2.4.6, photutils: 3.0.0, scipy: 1.17.1,
#     skimage: 0.26.0}
# schema: astropy-2.0
id x_centroid y_centroid sharpness roundness1 roundness2 n_pixels peak flux mag daofind_mag
[from data line 103]
104 279.68199951499497 523.7420180627425 0.4029025484816195 0.20275315878251576 -0.42713936188133517 25 1244.0 19667.0 -10.734345294458809 -0.03875111355576002
105 126.84214238417927 524.3756299148922 0.48089699436684097 -0.043813067209065595 -0.694780584672026 25 2599.0 42073.0 -11.560008700828906 -0.39770790870075534
106 725.2215002236865 529.4522066675219 0.507787268657714 0.6377545477779386 0.2601239479447587 25 542.0 1551.0 -7.976529494534013 -0.05715381821141667
107 496.90113454264457 541.6970677563584 0.5429190151226555 -0.7390746032208342 -0.8220373444944781 25 2175.0 30594.0 -11.214090655877794 -0.49129973952899375
108 311.00226032658725 543.8905606371958 0.4867231643405391 -0.12946802668226923 -0.7245122049223394 25 2288.0 34130.0 -11.332840720696598 -0.5222663934718001
109 505.9677123930837 544.0856550872052 1.0197934524338126 0.500336257256513 -0.2693045991365685 25 1342.0 1381.0 -7.850484196446578 -0.4487993397374448
110 50.98900926428729 551.945992315577 0.3945871658872592 0.6606082989271584 -0.5612610270195678 25 2838.0 51183.0 -11.772814344228731 -0.5538706661883033
111 68.75620005666653 559.2746163942752 0.7816691586704265 -0.6155241501697089 0.6266449279422533 25 1240.0 6380.0 -9.512051696802907 -0.3746844767235561
112 232.84526284808652 566.8011037666416 0.438882071047672 0.44060934824975134 -0.7633063167127595 25 2839.0 48591.0 -11.71638959227642 -0.6174905412992293
113 505.57995411205707 579.1029588509474 0.3765816999215144 -0.39051616375895076 -0.7307030056500607 25 1544.0 24388.0 -10.967940465874706 -0.162588668822134
114 279.54654454654445 596.0668175126127 0.5158197686349368 -0.6609502087779361 -0.43811571313161723 25 1460.0 18952.0 -10.694137619286773 -0.25977513055332346
115 545.3714146884636 595.5982746878547 0.3265660531144579 0.05681637481139344 0.3969638313373398 25 794.0 11589.0 -10.160114907161207 -0.0164516419511141
116 286.9127207034498 598.1847104050602 0.4177229264812543 -0.12157556858465575 -0.8264215150570634 25 2715.0 46384.0 -11.665920495027306 -0.41106497533113234
117 186.55353557094668 604.395571430002 1.0040589753199127 -0.21674260936071454 0.05212691124474442 25 1539.0 3551.0 -8.87587668075404 -0.5204610558347876
118 150.92984041947898 612.6179586881634 0.45908738905431173 -0.07094169242541756 -0.6711960813630371 25 2197.0 31923.0 -11.260259244778169 -0.6023155490743095
119 0.6904179201815808 618.1592487853638 0.27202182519950574 0.4138476351493915 0.38855027499006556 25 915.0 11654.0 -10.16618753438533 -0.2252960403862758
120 162.9628811450443 624.8057628013051 0.6750786790208746 -0.14403874418184134 -0.620357102890518 25 2272.0 32389.0 -11.275993848785383 -0.27236426070267933
121 718.0586624429852 624.7969846962574 0.40042767374348315 -0.7345083037677878 -0.667967730582485 25 1491.0 24490.0 -10.972471962811785 -0.03658186995891287
122 747.9893139096641 633.2420356126709 1.2405569441640854 0.12566782059403767 -0.23735995999032944 25 1116.0 1095.0 -7.598535297940343 -0.08354231761827423
123 417.7190395733986 634.7547093465088 0.4418422789329001 -0.05312258192523822 -0.8313662734253605 25 1825.0 26246.0 -11.047657811231371 -0.4615392407890413
124 643.0332954916995 645.0527538002578 1.0055281816525992 -0.1626030598535272 -0.22639792116279164 25 1689.0 3674.0 -8.912847879924474 -0.576820975642403
125 4.310692363908394 647.3400590867653 0.5007335469859726 -0.14234162174261414 -0.9681044409869684 25 1261.0 16111.0 -10.51780624412741 -0.08232501906211465
126 830.2028875221141 655.238037004167 0.47763496080383494 0.043560845962238005 -0.22079198438749167 25 1341.0 19470.0 -10.72341487880008 -0.07248199676395722
127 531.4276807573854 668.5972159527073 0.4106799849025483 -0.88950314872575 -0.834023592351238 25 1982.0 30398.0 -11.207112526658637 -0.4525758765697101
128 9.456415758679874 694.2059933767434 0.9611326084603331 -0.261190596194566 -0.47890634543043237 25 1346.0 4907.0 -9.227040144952289 -0.35432252240993
129 684.5719958033204 698.2058069031206 0.3828061794312709 -0.5462585184665713 -0.9269648232814188 25 2082.0 36169.0 -11.395841253899796 -0.15461074667477157
130 556.434162306773 701.5648083127244 0.49240972667356875 -0.7120429555449713 -0.32615070202331337 25 1268.0 14144.0 -10.376430619172494 -0.34045942409305174
131 145.96786931152954 703.5665472734705 0.5387064320900923 -0.06328648356711544 -0.08087021509519274 25 2467.0 40266.0 -11.512346222999838 -0.5212453087256917
132 90.4245748104714 714.6611850614948 0.34914859959720307 0.9021451343223852 -0.4082769935091204 25 3085.0 58245.0 -11.913146624004323 -0.5972715464194549
133 213.23681987048272 715.8709115346528 0.6420998777121276 -0.13409539635377546 -0.18567272638320798 25 1080.0 3060.0 -8.71430356620395 -0.5566953196636982
134 332.13485176572783 721.9703464576621 0.4443239009394892 0.24245879535556256 -0.15704304892185875 25 791.0 8077.0 -9.76812520720332 -0.040169396848577815
135 7.580165455363331 722.1655520530426 0.4339342097203266 0.5818526436221771 -0.9165873784997088 25 2267.0 37664.0 -11.43981610290835 -0.42621049561888247
136 199.78888275381016 724.4296909111807 0.5930996735435309 -0.8664988782293764 0.6822581943832285 25 2200.0 14723.0 -10.419990780217201 -1.2189471313360454
137 440.2787376051968 730.1543401581316 0.7059021794084013 -0.4746707072357616 -0.7421981031351366 25 1481.0 17103.0 -10.582680739309486 -0.10961652528738085
138 5.038472363613785 731.1110897076794 0.4929738957135192 0.12409381510161185 -0.7252580384665261 25 2459.0 41797.0 -11.552862777990091 -0.19900173413700328
139 557.3118018398086 739.7319468633735 0.5198882247979392 -0.04079099486970534 -0.13697428151061913 25 2110.0 32050.0 -11.264570084637091 -0.43548475191912017
140 336.8565035374064 742.9687944615695 0.5403725540154831 -0.30764522272153555 -0.029965247994966502 25 655.0 2850.0 -8.637112150021276 -0.110117689060558
141 730.0242237250968 748.8327664339469 0.5569254337408388 0.15460326478337622 -0.3534443635170632 25 1209.0 9348.0 -9.926796759300473 -0.5534202594698763
142 47.98139175896704 751.0463159927751 0.5509353787548044 -0.39988455227524555 -0.8732725552994196 25 1350.0 18334.0 -10.658143067535166 -0.11174133654111919
143 497.4085011186642 765.9186697109077 0.5284402008827418 -0.4357321894756062 -0.7844946208842509 25 2228.0 31856.0 -11.257978106708336 -0.505123660738487
144 414.2007511549905 772.0249250055311 0.5895363973789792 -0.056461085298452354 -0.4082758452060963 25 1479.0 19003.0 -10.697055420881721 -0.18743254915118776
145 290.7806462718976 772.1047263234846 0.9239690842690382 -0.30264442319822815 -0.2535734185320182 25 1052.0 2644.0 -8.555653627034006 -0.07940365276854547
146 697.0802384556144 792.8950154350827 1.0975700484163573 -0.1049144384703795 0.02388049443636043 25 1319.0 3031.0 -8.703964840919056 -0.25637906569500957
147 447.03281758827075 805.9915660648528 1.2275531474691839 -0.12307119383168141 -0.23702926128916574 25 1301.0 3607.0 -8.892865355795909 -0.10304526765600702
148 699.318045278688 809.426996452616 0.401512998373485 0.7938352341772392 -0.32831913658935413 25 3027.0 53537.0 -11.821635078504329 -0.6886925312818594
149 661.2149796662859 816.446210366472 0.5540144080871514 -0.08199042049235129 -0.1060703174809975 25 2611.0 44180.0 -11.613064278838541 -0.40755861172189795
150 78.50943152479205 832.0925637575402 0.2936351577764869 -0.392390366890012 -0.3922109254446321 25 2865.0 50113.0 -11.749876006080227 -0.8289101784810927
