test_CNN/outputs/tables/03022_a21002m0s0_sources.ecsv
# %ECSV 1.0
# ---
# datatype:
# - {name: id, datatype: int64}
# - {name: x_centroid, datatype: float64}
# - {name: y_centroid, datatype: float64}
# - {name: sharpness, datatype: float64}
# - {name: roundness1, datatype: float64}
# - {name: roundness2, datatype: float64}
# - {name: n_pixels, datatype: int64}
# - {name: peak, datatype: float64}
# - {name: flux, datatype: float64}
# - {name: mag, datatype: float64}
# - {name: daofind_mag, datatype: float64}
# meta: !!omap
# - {date: '2026-06-03 17:11:17 Eastern Daylight Time'}
# - version: {Python: 3.11.15, astropy: 7.2.0, bottleneck: 1.6.0, gwcs: 1.0.3, matplotlib: 3.10.9, numpy: 2.4.6, photutils: 3.0.0, scipy: 1.17.1,
#     skimage: 0.26.0}
# schema: astropy-2.0
id x_centroid y_centroid sharpness roundness1 roundness2 n_pixels peak flux mag daofind_mag
1 310.3987065797854 6.917179182644309 0.4335005256203607 0.20203416103215516 -0.5263203914321438 25 2615.0 45004.0 -11.633127790034152 -0.508541524577278
2 606.2342154546218 7.120161598197932 0.43853011997716507 0.5084932679144644 -0.45118476394843576 25 2939.0 51538.0 -11.780318902930649 -0.5326326177170342
3 825.1569930627084 22.72970300074117 0.4815646665931269 -0.08600419045160662 -0.387728536239656 25 2540.0 42712.0 -11.576374769624632 -0.4240654946230892
4 242.5602838950267 22.59449400697812 0.45478846892316305 -0.29184275266493037 -0.5889570396404168 25 2195.0 33225.0 -11.303662474036924 -0.4382516157508082
5 533.701238682925 31.632450586913876 0.44971474618390883 0.01774319627479478 -0.9192453505724533 25 2471.0 40509.0 -11.51887880594451 -0.4953971665044977
6 105.2563378812327 32.26139884787872 0.4391368605440648 -0.05747385698407288 -0.5194385302302955 25 2142.0 33842.0 -11.323640052827725 -0.3358790319429349
7 348.3656415863099 33.67720612892757 0.37456838086787597 0.3202362968976499 -0.9421237983653256 25 2872.0 52362.0 -11.797540565875913 -0.5020226037005402
8 150.59455206812115 48.193075975794194 0.528349723102784 -0.26597879977610883 -0.3881746794581766 25 1673.0 24669.0 -10.980378862447058 -0.1516594966181399
9 219.98906317886386 52.10845729595482 0.4602356744894993 -0.02033579562679527 -0.337073410596853 25 1902.0 28945.0 -11.153933884757057 -0.29699872837307373
10 107.29371094838766 58.30486643865764 0.4315558893656971 0.1962858949072433 -0.6694140426426572 25 1302.0 18708.0 -10.680068403091166 -0.07159765412539654
11 330.85697719074983 60.40365937056043 0.436487605718925 -0.03299648342554039 -0.7646169564858333 25 1795.0 28052.0 -11.119909575566862 -0.264609262289563
12 284.23209645916234 61.98654923094717 0.528847387026973 -0.12512199565257037 -0.2851080337422259 25 2183.0 31422.0 -11.243084560712823 -0.4314769279316183
13 801.2435887491431 68.51988424408015 0.46170589135979057 -0.3301093737620095 -0.5636857794717791 25 1668.0 24338.0 -10.965712216919645 -0.19031509447492764
14 471.87134494569705 74.80170523230505 0.47707286076240835 -0.5699007464618648 -0.7347369264007853 25 2580.0 42258.0 -11.564772346939938 -0.4342402515407503
15 186.59690909817658 75.95139258176289 0.4891264681259496 0.21812373858637002 -0.8082333008577206 25 2595.0 43873.0 -11.605493330307988 -0.41716004606841833
16 595.5129768666748 83.41612647748865 0.4410158016067043 -0.43527826778998663 -0.5437709073990133 25 1506.0 20727.0 -10.79134111850889 -0.22855299542788188
17 454.3581214595327 86.78197440668085 0.46985535351626695 -0.22078743456601443 -0.7380803222027804 25 2564.0 40916.0 -11.529732924841314 -0.48127090043675685
18 123.04317799495391 91.6017059282444 0.4602050765882448 0.851938702590335 0.5749431885453592 25 3093.0 64058.0 -12.01643343781283 -0.010000884590730239
19 792.0290588802835 93.87627025945663 0.5238863013802874 -0.194569979543671 -0.4625452825385257 25 1744.0 25527.0 -11.017499445941114 -0.1743004297552983
20 329.14926205409006 100.32934160374751 0.4623271433013966 0.5267988015704786 0.12037109402875971 25 180.0 -8085.0 nan -0.0853543107233949
21 794.9601092504552 103.66997434523161 0.4134080068686385 0.5548103566161099 -0.18076657024855886 25 2940.0 53270.0 -11.816206741962073 -0.5586995233364118
22 788.6361267423706 104.9582290130675 0.4343790553705193 -0.7536528309513327 -0.26369839563617387 25 2701.0 50737.0 -11.763311961216857 -0.33068619189661147
23 833.0899670119995 105.35781786630886 0.2921187101537495 -0.04451553256034471 0.4919591206835481 25 2054.0 27678.0 -11.105336762479777 -0.8682505484299783
24 85.89367579891396 116.61382408703393 0.4471237389954715 -0.42842291564213475 -0.6563773424189385 25 1984.0 29615.0 -11.178779342442407 -0.3979516407467732
25 323.35628942003103 119.76307075795735 0.5598632978431176 0.09702928435033266 0.3404626922060866 25 910.0 5300.0 -9.310689674001972 -0.2234899747226176
26 248.84806653076822 129.24902584215585 0.45528039659558117 0.2531160447318729 -0.4269691014654441 25 1402.0 19619.0 -10.73169216796279 -0.0980243904552034
27 334.3773768119241 130.66164309112642 0.6536004456330529 0.24479455780578543 -0.03653986935881704 25 924.0 3313.0 -8.8005535897049 -0.23055762491763437
28 730.017326442017 136.12354711486574 0.5334824357341945 -0.11123434569202056 -0.5001544108095276 25 1824.0 26166.0 -11.044343342642675 -0.2762006698925526
29 41.906784155533394 136.99840110380183 0.42765639508125103 0.7820203349125953 -0.10858965581274561 25 2903.0 54834.0 -11.847624819275762 -0.3784502906132241
30 35.62422767605425 137.43134154581946 0.42965787521972976 -0.9882163374088897 -0.5573554101337541 25 2623.0 47743.0 -11.697274262614762 -0.4541898093706448
31 281.59119786703025 142.7077448583861 0.4470613569069205 0.11132199436945008 -0.6839578295020107 25 2709.0 46096.0 -11.659158102340845 -0.4028247932128055
32 783.2430392451275 161.42555366080444 0.379380356254922 0.41214469789109914 -0.6819643755860946 25 3020.0 56847.0 -11.886768876261065 -0.4288803113985352
33 577.8186561300556 163.9883533038291 0.42160294063105097 -0.0589487954034547 -0.8291777338974762 25 1667.0 25448.0 -11.014134140248268 -0.21207816784736575
34 832.8586487225019 174.2742227560587 0.32266460478447645 0.24650037638268957 0.5034901923140497 25 2445.0 33379.0 -11.30868330382187 -0.9867543170840138
35 257.88511457219846 176.4396927177723 0.5161730128596447 0.022106601943979225 -0.5813469873735584 25 1939.0 28471.0 -11.136006803348144 -0.2598347312519652
36 80.88014696135235 177.24711196599932 0.47156414478164876 -0.1179077331395664 -0.687437770200124 25 1867.0 28998.0 -11.15592011380631 -0.1696701002700872
37 784.0993504550173 178.4595310930502 0.47807911950600107 -0.07480305875967037 -0.16945875197501162 25 2056.0 32886.0 -11.29252763113961 -0.2821659024274933
38 771.1110878893187 189.63552286896584 0.41778971967615075 0.26431740610775484 -0.7603898580653473 25 2838.0 50470.0 -11.757583261834215 -0.47797165944305303
39 264.04079662383975 190.77828749048447 0.4954713880491125 -0.18210436608719116 -0.7251839143013289 25 2535.0 40461.0 -11.517591530560212 -0.3992026214716382
40 633.1342486023495 190.53780431161618 0.44134440764121385 -0.12872540009504416 -0.636664085424005 25 2028.0 31793.0 -11.255828775116711 -0.310013834587175
41 222.4062136019455 195.47841325203072 0.4059882469484861 -0.3613023886486272 -0.8453604002482457 25 1444.0 22270.0 -10.869300542585096 -0.09529587140387054
42 145.41110059058747 197.5194939846964 0.48343330301877824 -0.672230299468585 -0.965944848973026 25 1589.0 23747.0 -10.93902188061379 -0.10716862077633568
43 793.8390187169578 197.359810598932 0.4255634505873467 -0.08272377747626465 -0.6454893225547566 25 2599.0 44911.0 -11.630881813210493 -0.3448764873985576
44 597.500765764618 203.4817303945473 0.45808570918332303 -0.2861209839526213 -0.5936897851942828 25 1733.0 25996.0 -11.037266320737585 -0.1836413763510146
45 322.96256402679273 206.53617894410357 0.4415808118591582 0.26033910110160147 -0.9909566236554544 25 1713.0 26562.0 -11.060651930906229 -0.2392769567161215
46 253.9888783983813 219.64457225123718 0.5195658470563979 0.04726843888053299 -0.3667016136425271 25 2136.0 34475.0 -11.343760687119719 -0.23083252882101418
47 261.6093550883917 221.3882399522458 0.43500307567988544 -0.030205326995079267 -0.6148738917950601 25 2132.0 33606.0 -11.316042057630963 -0.345972017202642
48 761.7641032169258 225.4197081266072 0.6127254486710985 0.2542029593241034 0.1916769202223512 25 898.0 1835.0 -8.15909017147027 -0.37028143949459125
49 155.0719120062632 232.71190273253714 0.39313769065658105 0.6616693229828117 0.17967840409275948 25 3000.0 59656.0 -11.939135325206486 -0.2824166250606688
50 506.0985491348033 235.19520421713116 0.4793350252403269 0.009774887861462267 -0.5530932793610825 25 1552.0 23134.0 -10.910626828114939 -0.0888427304510101
51 235.78148965871827 241.59597503135137 0.4832196870440695 0.05631035217136545 -0.7487693298703616 25 2001.0 33098.0 -11.299504379061183 -0.15361039131487664
52 390.79539361513093 241.436286691073 0.4530508883641766 0.248709978701823 -0.8730322770860819 25 2354.0 38960.0 -11.476547370516446 -0.41152126156556224
53 450.06888571554117 255.22372180272555 0.4347069973804617 -0.012321604220610046 -0.5868591960690862 25 1497.0 22711.0 -10.890590643224417 -0.05060492389035931
54 569.3759916053826 262.0608024297032 0.5123608132083894 -0.2594647113433298 -0.46569174233306815 25 2119.0 33231.0 -11.303858526078763 -0.269166578139344
55 283.1171622062668 267.7747945148306 0.45542713223126147 -0.18647440574192942 -0.538020473606258 25 1659.0 24221.0 -10.960480174176599 -0.20632869270787846
56 397.2045082671178 270.93864342904743 0.4761034663362306 -0.09411943495541808 -0.4843049137422411 25 1988.0 31026.0 -11.229314470389284 -0.3279712427931591
57 618.3847179239326 270.1644787508708 0.4303849087457749 0.2174457052238817 -0.9369879131905212 25 2116.0 34776.0 -11.353199067956952 -0.39048487273707067
58 743.2801548316917 270.7307208532372 0.451272752224799 -0.32882677980210884 -0.7319724380235776 25 2579.0 41356.0 -11.54134631663542 -0.5201831196216844
59 306.9114097439633 276.5810444960335 0.41676770096375043 0.5442054019004102 -0.9821780446871 25 2643.0 48198.0 -11.707572543367622 -0.35724188029215115
60 144.91912545557787 291.50572374013177 0.45906956342441035 0.08988092922926255 -0.9081050415075997 25 2048.0 33915.0 -11.325979553502602 -0.19939838687494538
61 302.3854347417929 294.0494424110301 0.4735160673873552 -0.45674179220952854 -0.6873795815450476 25 2874.0 50787.0 -11.764381399273416 -0.35332563855196475
62 210.1496286715386 324.45020317448495 0.6040969123803481 0.12415933320544836 -0.17466441888233392 25 752.0 3539.0 -8.872201406593787 -0.07223300318490763
63 72.4614036007817 331.5684031764534 0.5326807769067645 0.025147420487968534 -0.5277262433491371 25 1659.0 24520.0 -10.973801164615944 -0.1180888902179846
64 719.0836712826753 347.2845321284233 0.4796088562578322 0.5824693603478601 -0.15122480033213315 25 3101.0 56319.0 -11.8766373371774 -0.4777817423220705
65 755.6265156304727 347.4101027802498 0.5491569529003641 0.016749123238970005 -0.2394732402542129 25 2442.0 36113.0 -11.394158919718913 -0.5309001128280746
66 264.35522654448636 347.4742369874517 0.5935416268456026 -0.25781793799611175 -0.6537724730984169 25 2086.0 27709.0 -11.106552131640846 -0.3073780584138285
67 714.4245529255084 349.0241739040851 0.4746701142904098 -0.9339702901064665 0.07881917155367378 25 3021.0 59348.0 -11.93351522003785 -0.33091794845173855
68 153.46085877657168 359.0976048360602 0.4570770064554379 0.05261126386439979 -0.8834199088992821 25 2984.0 52440.0 -11.799156707545118 -0.45725634344445926
69 768.5666595793728 360.506896962767 0.7911184285319715 0.06777613600157854 0.06575627288722402 25 1176.0 2486.0 -8.488752810764066 -0.4835485612688705
70 724.1978031303905 363.9536027185126 0.37846698432256526 -0.05744114865155132 -0.8182905603102688 25 2539.0 44196.0 -11.613457412256345 -0.5242385571950903
71 320.24782697984546 365.26251429624386 0.34212601041212326 0.12279926449184952 -0.7353738876265066 25 1333.0 19192.0 -10.707800587399436 -0.2461225426109762
72 739.1960646418121 375.3903715876097 0.6448054918276168 -0.4820749156139971 0.17787806699451275 25 954.0 470.0 -6.680244644839294 -0.4969555315145202
73 723.2363378327314 376.64905481663715 0.7113960246713581 -0.4255051839521689 -0.3998196761535522 25 888.0 3332.0 -8.806762481836875 -0.13111122724236898
74 419.0868040807865 393.17892343981345 0.41663218867888174 0.8822415725725745 0.17984183154611877 25 2992.0 54570.0 -11.842384884457866 -0.5703198203333716
75 412.92351419077306 394.0553520064354 0.43938854730070354 -0.6836802679439336 0.1279182411712882 25 2949.0 52782.0 -11.806214605886066 -0.5919313034705471
76 622.016158368011 397.57296570941327 0.49466787830747594 0.15348544748521226 -0.6702052314528354 25 2653.0 39829.0 -11.500498506424158 -0.7475502165195737
77 335.1004389442661 400.9407761979281 0.7574825733451142 0.8293320756314755 0.0763047382555355 25 737.0 1400.0 -7.865320089195595 -0.02980642026079893
78 280.9875305542527 403.37386896164196 0.6477837670903573 0.11830412730684045 0.17039091469623735 25 1256.0 3984.0 -9.000798324379153 -0.6862497492172781
79 782.2404473324023 406.1119087887137 0.3543821424408781 0.46727400636829447 -0.497526584086487 25 2919.0 52702.0 -11.804567741659566 -0.6036645446749528
80 115.42287375634672 411.03305412052697 0.4113463700924792 0.11818673826938075 -0.6525511953691144 25 1688.0 25132.0 -11.000567627609755 -0.241484471139296
81 730.5775741819202 416.1972257263584 0.7751002438691438 0.7282129686802011 -0.5176515654006109 25 1047.0 1824.0 -8.152562084980993 -0.3909755677524436
82 517.0386565122942 418.3149413268714 0.5662603044770043 -0.4740637162365705 -0.8284299492157059 25 1807.0 23643.0 -10.934256455563487 -0.3119202171847136
83 297.00773736560427 420.8371494122359 0.5302098024869626 -0.17091670334240305 -0.780937899122065 25 2103.0 30377.0 -11.206362202966089 -0.41900970963855644
84 830.2268921145261 431.19574076710836 0.5160337359754751 -0.21439345655484818 -0.6242665776800734 25 2465.0 37073.0 -11.422644327950135 -0.5606525817175698
85 785.8016249875741 433.51285791910993 0.47949985652867866 -0.11538787392063232 -0.3572833887555836 25 2181.0 34067.0 -11.330834726287529 -0.5148507988938713
86 383.4181397115093 448.4605750191875 0.6706884414568531 0.06346698631239217 -0.7427438679363445 25 976.0 8255.0 -9.791792693997031 -0.015545325354001986
87 63.27253513010719 452.61385620857146 0.49539991045159076 -0.15383173767755526 -0.5875781736704548 25 2550.0 42206.0 -11.563435486507554 -0.47847541695556084
88 646.8544381822016 452.8585676901332 0.44389833833835557 -0.17197151245706452 -0.6658325113824981 25 1511.0 19378.0 -10.718272378924931 -0.41539678992405893
89 269.46701139875796 465.70255307778183 0.5551564009820561 -0.2165384319073368 -0.7515786041917225 25 1529.0 21188.0 -10.8152249106589 -0.1706246360508391
90 350.79762594139277 464.98366923080334 0.3645103446828903 0.5622883537872795 -0.6556809481387796 25 2682.0 48341.0 -11.710789075356463 -0.5410905320806968
91 742.9185591738504 466.6251934909626 0.408962022257164 0.21751337451134384 -0.8705555255157039 25 2764.0 44980.0 -11.632548627749033 -0.6915693843387395
92 462.84556215093374 468.0217659482868 0.43958420000361736 -0.9661005199037929 0.12338942418102915 25 3166.0 59547.0 -11.937149716131161 -0.5192446109977213
93 819.5917707009127 470.00866204241316 0.8059536924397955 0.6026412663261927 -0.032568816325396203 25 984.0 2908.0 -8.6589860054675 -0.22914765198721787
94 466.7264796454901 471.874855738798 0.43198374688822583 0.22552321052054752 0.8433651808867701 25 3036.0 60521.0 -11.95476523835201 -0.13242848060924547
95 180.00439552729634 479.244883988154 0.5767917191937021 -0.19694306755039961 -0.777287281177496 25 1461.0 18693.0 -10.67919751493606 -0.08006426361881494
96 337.91002797543416 486.27444755462943 0.5283098659147198 -0.2630105615666594 -0.9645131436771359 25 2097.0 30129.0 -11.197461793530465 -0.4189864390915573
97 665.6969909082898 487.13435374978434 0.39992286601073357 0.6001923023896127 -0.516452688708232 25 2703.0 45183.0 -11.637437658104908 -0.7521133664440337
98 496.07585112100793 489.11482296077384 0.8954788407775183 0.3928227582392381 0.40716804067303297 25 912.0 362.0 -6.396771426332915 -0.24497814851787633
99 29.68832209091888 493.2885535628158 0.4815368295507443 -0.6278320139560254 -0.5907950249476503 25 1691.0 23736.0 -10.938518833271964 -0.2986845684942629
100 110.14346900832376 495.4766876858248 1.143856029837601 0.006824424115885614 0.021086848464653914 25 1405.0 3158.0 -8.748530314180687 -0.31730310801213557
101 742.2316672442657 497.68738802226346 0.5520154574434523 -0.09236086117072959 -0.6575914807515509 25 1692.0 22486.0 -10.879780515820025 -0.3140411433881971
102 356.4126313579891 509.5587021239156 0.48701708527677895 0.3449703189689075 -0.6820577245643141 25 2570.0 41444.0 -11.54365416257728 -0.5393776880325383
