test_CNN/outputs/tables/03023_a21004m0s0_sources.ecsv
# %ECSV 1.0
# ---
# datatype:
# - {name: id, datatype: int64}
# - {name: x_centroid, datatype: float64}
# - {name: y_centroid, datatype: float64}
# - {name: sharpness, datatype: float64}
# - {name: roundness1, datatype: float64}
# - {name: roundness2, datatype: float64}
# - {name: n_pixels, datatype: int64}
# - {name: peak, datatype: float64}
# - {name: flux, datatype: float64}
# - {name: mag, datatype: float64}
# - {name: daofind_mag, datatype: float64}
# meta: !!omap
# - {date: '2026-06-03 17:11:17 Eastern Daylight Time'}
# - version: {Python: 3.11.15, astropy: 7.2.0, bottleneck: 1.6.0, gwcs: 1.0.3, matplotlib: 3.10.9, numpy: 2.4.6, photutils: 3.0.0, scipy: 1.17.1,
#     skimage: 0.26.0}
# schema: astropy-2.0
id x_centroid y_centroid sharpness roundness1 roundness2 n_pixels peak flux mag daofind_mag
[from data line 205]
206 684.4903502126673 755.8722369473658 0.6112348835062119 -0.3846819844020528 0.2627826197559677 25 535.0 2166.0 -8.339146130723254 -0.11990077515624387
207 15.92065746019077 758.1862133560594 0.6836442695656251 0.14875853858572977 -0.06255311579132775 25 1380.0 5856.0 -9.419002670125838 -0.9841273750197993
208 359.71306245318885 760.003046149298 0.9566204573275008 -0.02422301130145902 -0.3416224633629472 25 954.0 1155.0 -7.656454960570408 -0.39100343473464255
209 108.43088480104262 761.8702764659689 0.797944630017971 -0.8082413659047736 -0.4561647344950474 25 1239.0 4435.0 -9.117234060419362 -0.6975614853427142
210 497.69938978711076 766.2615243348735 0.4405811925524854 -0.4577305399287349 -0.876751508332657 25 2335.0 36498.0 -11.405672667116418 -0.8365556373098255
211 42.16750709991042 769.1336531575079 0.8513240506654746 -0.10900095410202829 -0.03616027771709735 25 962.0 3592.0 -8.888340819988166 -0.38567983373457265
212 806.493952730453 769.6236055352465 0.6923976093289046 -0.48318848100245587 -0.08971826545951055 25 1126.0 2939.0 -8.670498965181531 -0.8642057555221727
213 413.92835637231207 773.207108383947 0.2938123044144939 0.14698600110290863 0.017745387126618696 25 998.0 15770.0 -10.494579233322256 -0.42911563188686974
214 467.17368983400445 773.877593684951 0.8884940503124591 -0.29973085583612363 -0.8410370876309108 25 903.0 1842.0 -8.163224064652075 -0.4063214333733519
215 265.6921103315675 775.1038267883185 1.1058412318737838 0.7167378862226856 -0.1124629645084425 25 744.0 1249.0 -7.741406095935339 -0.001760061807234835
216 118.65190900295897 785.1008614603785 0.7504263246799145 -0.8124189416464266 -0.9307162344569512 25 1110.0 12095.0 -10.206514681744746 -0.1889021134953291
217 48.21352198264439 789.8300439359679 0.5298954694933936 -0.3125532626686312 -0.6447330831850245 25 1207.0 15844.0 -10.49966208433064 -0.3400610518808861
218 649.2087531226604 796.6002782684409 0.4373638480182705 -0.5346243437871566 -0.435248273643256 25 357.0 1649.0 -8.043051639111297 -0.045051634999414183
219 307.96106490111725 807.5391338352125 0.5211360472890284 -0.4725845151657095 -0.7736727368185138 25 2120.0 30602.0 -11.21437452703563 -0.8052574693451975
220 19.784674704224102 807.8516661921162 0.9266188659865743 -0.3365780175265285 0.1577377536766948 25 1091.0 4882.0 -9.221494437702924 -0.41970714127162934
221 699.449434143536 809.6083757051247 0.37186677478436314 0.5242877966438989 -0.2364880047669267 25 3103.0 54080.0 -11.832591707333949 -1.0677327234958536
222 691.6290119535716 810.7686929147523 0.34560025062687827 -0.9880241636972059 -0.6020882129480416 25 2715.0 48053.0 -11.704301265795731 -1.0856837859411306
223 360.87526447232597 811.7944438522725 0.5734732363455978 -0.7718758478563086 -0.2504874005335855 25 595.0 4439.0 -9.118212862563416 -0.0014921504270635113
224 661.7458566834696 816.0716881797509 0.3244318277509157 0.10830900561750312 -0.9876172735605739 25 2690.0 50400.0 -11.756076341113813 -0.7833164343885686
225 296.1465382119602 817.9098303290991 0.9338974209025249 0.33341874294100715 0.7459784836612615 25 673.0 491.0 -6.727703730307422 -0.054358987458825295
226 504.2501561487461 826.3260083427139 0.5197707694344316 0.16655325629278617 -0.1434706182728882 25 1066.0 12035.0 -10.201115236527622 -0.3335484861901783
227 72.5632158843108 828.6462664262332 0.478666856957106 -0.6935641153763888 -0.45378099805807975 25 2864.0 48678.0 -11.718331815903742 -0.9582387486313126
228 78.59234501701744 832.0896923347333 0.2824122200986254 -0.5491570164037781 -0.5180992849038254 25 3082.0 54985.0 -11.850610573475622 -1.18286402615879
