test_CNN/outputs/tables/03023_a21004m0s0_sources.ecsv
# %ECSV 1.0
# ---
# datatype:
# - {name: id, datatype: int64}
# - {name: x_centroid, datatype: float64}
# - {name: y_centroid, datatype: float64}
# - {name: sharpness, datatype: float64}
# - {name: roundness1, datatype: float64}
# - {name: roundness2, datatype: float64}
# - {name: n_pixels, datatype: int64}
# - {name: peak, datatype: float64}
# - {name: flux, datatype: float64}
# - {name: mag, datatype: float64}
# - {name: daofind_mag, datatype: float64}
# meta: !!omap
# - {date: '2026-06-03 17:11:17 Eastern Daylight Time'}
# - version: {Python: 3.11.15, astropy: 7.2.0, bottleneck: 1.6.0, gwcs: 1.0.3, matplotlib: 3.10.9, numpy: 2.4.6, photutils: 3.0.0, scipy: 1.17.1,
#     skimage: 0.26.0}
# schema: astropy-2.0
id x_centroid y_centroid sharpness roundness1 roundness2 n_pixels peak flux mag daofind_mag
1 307.87076206009425 7.4000493574287285 0.3932587285933009 0.5875693859161287 -0.2924390030081021 25 2866.0 51198.0 -11.773132490040705 -0.8955306906233713
2 448.5656220009256 7.025458391634488 0.8014396167319812 0.3475892081456889 0.01800283772347039 25 907.0 2865.0 -8.642811565758523 -0.38709724636889853
3 606.6856257286005 7.550261256473174 0.3459905679245742 0.7103610055273102 -0.04414109282078074 25 3238.0 61835.0 -11.978085912810917 -0.8315585006518573
4 242.53692168632114 23.20718085080569 0.4595599602852688 -0.142355550009298 -0.38341475467548625 25 2043.0 30599.0 -11.214268084048856 -0.7540644568703003
5 536.8572570819076 21.610154199542944 0.3716177497160195 -0.2700233913212891 -0.13376989011447837 25 863.0 12477.0 -10.24027543771149 -0.010672381103488011
6 825.1725111213249 23.097623727907933 0.4500039925966774 -0.22962385253513246 -0.6432907475243186 25 2962.0 50863.0 -11.766004930349403 -0.8340283272199431
7 442.5465013441716 28.27356611329049 0.42062282719371447 -0.3445132986586889 -0.7040900324179918 25 1224.0 18542.0 -10.670391441850986 -0.14715729579931605
8 105.31580969921838 32.667361632336345 0.45361160698656544 -0.18126349571252626 -0.6214655434966793 25 2198.0 32870.0 -11.291999260204062 -0.8593603687237537
9 534.1060094945466 32.12053575442621 0.40495720311601563 0.18235159923579927 -0.4709818268819191 25 2710.0 47617.0 -11.694405075504605 -0.8014408894374949
10 348.82690773827824 34.18792402002935 0.41267709823437815 0.2728601421844395 -0.5051830366191807 25 2776.0 46878.0 -11.677422686733049 -0.9884169112593642
11 443.85858484181716 37.15963487218199 1.0016519351383666 0.07599889826938787 0.052961731984682445 25 1030.0 3386.0 -8.824217384432291 -0.3289304102302355
12 150.49425835720945 48.40748130229031 0.4122970782270035 -0.5330281770706083 -0.38938480489411775 25 1750.0 25999.0 -11.037391610039167 -0.6566611709152098
13 220.1101234316901 52.6054201365739 0.4450574702488616 0.14726702098456107 -0.6138062526169568 25 1943.0 29391.0 -11.170535906921375 -0.6827833991010464
14 798.9485722026734 56.56479036992938 0.4180234713721765 -0.4356175349778744 0.2513610565560074 25 1067.0 11685.0 -10.169071791820613 -0.513827250463831
15 107.44900636927007 58.50511899256558 0.5073820750969479 0.09180552428580196 -0.7375778612287578 25 1128.0 15311.0 -10.462508891229515 -0.20173577071000703
16 330.9379682806535 60.84957577523133 0.49146139486420315 -0.1205910598491464 -0.39297848251006023 25 1776.0 24938.0 -10.992154051505787 -0.6079658075636103
17 284.4974056840257 62.352277942656194 0.4394533110343553 -0.12069269299397069 -0.5221860188158248 25 2161.0 32879.0 -11.292296500493764 -0.6931488558018977
18 243.22568589714493 67.6347533163402 0.5395862570496687 0.05160621077671977 0.06916111158076502 25 984.0 12282.0 -10.223172732615373 -0.1523669799236855
19 369.09960528313434 69.37818281221845 0.5115505406221693 -0.3116254940987297 -0.5607001563824177 25 1407.0 18934.0 -10.693105931953395 -0.45020203917472196
20 801.1346669434608 69.00453648625803 0.4284079468433031 -0.4115638792633343 -0.3934424549791094 25 1751.0 26360.0 -11.05236351480493 -0.5171096995315698
21 289.8010350492167 75.42696512325585 0.49342298347935404 0.2787482992727286 -0.7062285872257114 25 1244.0 17473.0 -10.605918692278596 -0.2171135012748115
22 471.70375992199683 75.40069972830422 0.44604169768537716 0.001506386822899952 -0.7084448881208825 25 2409.0 38797.0 -11.471995362064288 -0.8242209254458593
23 187.22033843036462 76.42173501490015 0.3985132254195586 0.44509946886117646 -0.4934653199503317 25 2887.0 51729.0 -11.784335207298577 -0.8181891286214344
24 784.945453122784 78.43693230964838 0.7894874908727909 0.08520134693633621 0.2358008049178169 25 717.0 2089.0 -8.299846099950772 -0.22821456680701674
25 595.6379424619711 83.8832463377874 0.39339830583212626 -0.7877003579683666 -0.4489837462046778 25 1512.0 22456.0 -10.878330999065957 -0.5746790972846366
26 454.32414876942244 87.65305808967659 0.4940995852664711 -0.11210700941809043 -0.5297405699019203 25 2353.0 38474.0 -11.46291835162748 -0.7013387810551204
27 123.18996719314973 91.62535572397086 0.4476702803516606 0.9980118960019925 0.5593567736961791 25 3145.0 65529.0 -12.041083851227306 -0.2560051204061665
28 116.19439249258492 92.83577662236843 0.44983018866743557 -0.35413733225816296 0.5030060056068127 25 3118.0 66158.0 -12.051455919335353 -0.21682350606873335
29 792.0925955634917 94.56310995103166 0.48766382838577726 -0.05259052758939207 -0.15436715160260314 25 1761.0 26877.0 -11.073451978276207 -0.5403289839065837
30 560.1780824279645 99.66686249636642 0.45111309078374595 0.12238323556737071 -0.24091484987434447 25 827.0 10530.0 -10.056070927963717 -0.03080922626405386
31 795.1626602050374 103.96865275074954 0.43784120682485245 0.5811765648123702 -0.015205686941159882 25 3059.0 55710.0 -11.864832896148608 -0.8064747106950643
32 790.976982220508 105.24321747821097 0.4075569716321533 -0.5847299394263203 -0.1331671496313928 25 3051.0 57633.0 -11.901678066805868 -0.7839280748901851
33 833.1511902417744 105.98182533726717 0.34973262511973696 -0.020863940609792984 0.5468004824331674 25 2176.0 27030.0 -11.079615114246813 -1.3214761108622768
34 85.62938458812272 117.34963711053992 0.4857852234253962 0.041885288440196025 -0.30646618396073244 25 1900.0 28763.0 -11.14708545319032 -0.640282769004314
35 433.67840189404234 116.0962683250641 0.7551780396898234 -0.623610322783433 -0.45257894250816494 25 731.0 1549.0 -7.975128544398014 -0.3009925853996865
36 248.7483722997908 129.81697533293567 0.4884614447177949 -0.19790804006965668 -0.3403280355459148 25 1181.0 16878.0 -10.568302456372113 -0.1645634588826238
37 730.0621489841392 136.29664922506385 0.48579127249340726 -0.041104887793635074 -0.43089602224302587 25 2043.0 30069.0 -11.195297462693642 -0.6349307457393318
38 783.4462496191184 137.3596812641912 0.6493291270449665 0.3482415760831239 -0.05535550655218682 25 690.0 2763.0 -8.603452212291279 -0.27536815461885694
39 35.61602014942652 137.78588537118574 0.41502395732249314 -0.5351226480164981 -0.2653394976084185 25 2701.0 50190.0 -11.751542989205142 -0.7259716067174758
40 281.61103719963063 143.21177262693703 0.46256094684044674 -0.08999673715362619 -0.6738188766841454 25 2707.0 45679.0 -11.649291469528606 -0.7769946384181707
41 342.2289971162951 152.06292795077184 0.48695468177554246 -0.31930719499869464 -0.28868075801230225 25 1029.0 12782.0 -10.266497033031342 -0.3073178866911809
42 783.4546726976677 161.76306863064917 0.38418085428882065 0.5228827899287799 -0.5774012496384657 25 3156.0 58958.0 -11.926356856916499 -0.8266164602730609
43 577.9971197943108 164.2801869966744 0.5084837274268541 -0.022981752663658962 -0.5087401482059153 25 1858.0 26897.0 -11.07425960743143 -0.6060834604610018
44 298.04522470324474 169.34247731567342 0.4796876025498029 -0.2635214729274606 -0.024219991594832187 25 801.0 7886.0 -9.742141931843012 -0.19783800039679694
45 312.81463989120573 169.84210114733978 0.4916220241290948 -0.3892008404753093 -0.7228278018280195 25 956.0 12651.0 -10.255312139336315 -0.10976142461347521
46 734.2210345065091 173.91468725767285 0.5013003252159248 -0.08164018250211297 -0.012693659312292112 25 861.0 7988.0 -9.756095140496662 -0.24360058612832625
47 832.8446244722968 174.85615405830046 0.35409407851924907 0.021317681510946828 0.41056431705510754 25 2582.0 33385.0 -11.308878451423753 -1.401433417796473
48 257.8677953501922 176.97414248636034 0.5038962690570515 0.01018119395717741 -0.5300447748576281 25 1818.0 26015.0 -11.038059575580139 -0.6183072152798642
49 80.98094443059469 177.75175348318342 0.4891420958250514 0.04630435177108965 -0.4487879324607052 25 1879.0 27720.0 -11.106983064849423 -0.5616146618080015
50 784.1211970657411 178.61776448419 0.4136704683750562 -0.10506819469303964 -0.4395112661684926 25 2289.0 37517.0 -11.4355702582004 -0.7221620276737821
51 771.3701610445144 190.0404914475831 0.4475629274291965 0.37522699916647 -0.568338000786534 25 2981.0 51708.0 -11.783894350339981 -0.8620057745170467
52 390.0245539462564 189.43864857260772 0.6944898644802923 -0.2094413059277652 0.07778549653195894 25 602.0 1864.0 -8.176114770044906 -0.12517416987198018
53 633.284344778053 191.0105370937791 0.4308086488998488 -0.12218371868479717 -0.363001873907484 25 1928.0 30223.0 -11.20084392786821 -0.5887481948717067
54 264.0919673684939 191.50656524893967 0.44064134664524957 0.35400449830661374 -0.6708297849871009 25 2292.0 38978.0 -11.477048878177229 -0.6390778441312466
55 222.55196622994754 196.08130527596893 0.5343042688822113 -0.12652331507432943 -0.5024207505970029 25 1431.0 21022.0 -10.806685079378562 -0.31514853254809794
56 294.4997338400954 196.31104095628567 0.4984102295982782 -0.13954131213884277 -0.6174022289284703 25 1150.0 14779.0 -10.424112622837388 -0.26997257950815645
57 826.535783854387 196.15323061185538 0.4293377907680041 -0.4475503570448586 -0.9138117582860484 25 1362.0 20496.0 -10.779172781001527 -0.2896136592872879
58 145.294144843426 198.21552594871966 0.4958272562482492 0.2210890442489947 -0.3080277946676538 25 1542.0 21934.0 -10.852794597834654 -0.5203638034770521
59 793.8132223923883 197.82458597850794 0.4569782398784641 -0.023365858757314135 -0.5896574782800581 25 2784.0 46420.0 -11.666762840299747 -0.8356829795382181
60 597.5303073989194 204.0044861846889 0.4363701212878608 -0.1805889349934348 -0.7322093471217593 25 1554.0 24003.0 -10.950663812823002 -0.4439787417652494
61 112.40112590350324 203.57150925834574 0.7273667470987826 -0.4713141332055351 -0.0042402546532433055 25 890.0 2995.0 -8.690992066813326 -0.5112458186145903
62 323.38965477408954 207.0332984581614 0.510529163130765 -0.0027095756000390485 -0.44050771244314463 25 1837.0 28810.0 -11.148858145701032 -0.45328448050877423
63 315.72062779952824 210.57086694142416 0.45684011717276785 0.12166662364191914 -0.5796637384446864 25 1875.0 28634.0 -11.14220505155812 -0.5991677139006134
64 756.8919557307258 210.3170215103448 0.8183139431247408 0.591262861363081 0.2963413343213339 25 948.0 3478.0 -8.853323944166734 -0.43477002473055504
65 254.37589045101086 219.7235905150688 0.4608115734798867 -0.5366023124812168 -0.8094560048391491 25 2295.0 37778.0 -11.443097405672098 -0.6529470837757906
66 401.5873745490069 218.97096190979389 0.6513238487753219 -0.4178360657981729 -0.512435936389384 25 785.0 2100.0 -8.305548236834797 -0.4817264103677677
67 261.5919695336407 221.96268825349495 0.4940816897429725 -0.0976285150341775 -0.5529799035113993 25 1990.0 30120.0 -11.197137418821656 -0.5907939544946771
68 155.15707759928463 233.0364032563629 0.44456527454406886 0.8140194406701373 0.3012211116849688 25 3109.0 60580.0 -11.955823172492092 -0.5969101349477286
69 36.529838141189785 233.61918654138609 0.4839476053338963 -0.03839324747198483 -0.6648415904928908 25 1611.0 23692.0 -10.936504309922267 -0.45883181801883166
70 150.23172615541017 233.66622222382196 0.43715969747602335 -0.6541222089661288 -0.001998407346894426 25 2976.0 56447.0 -11.879102163346559 -0.7128422885446544
71 505.6931047827483 235.69390423467826 0.44782696601945143 -0.11167578204706549 -0.37881300825877906 25 1321.0 18898.0 -10.691039611633622 -0.4097967794583114
72 235.7885274941297 242.12427224627996 0.4771515735275094 0.033421277270795725 -0.5675780042698906 25 1850.0 29609.0 -11.178559349964665 -0.5144038299174605
73 390.68956712603324 241.787278280636 0.4201065264604866 0.08274320357739724 -0.8170076631198526 25 2672.0 47143.0 -11.683543039763805 -0.7131050086418376
74 347.2684208558298 244.9874531162934 0.4881412297531813 -0.021260150011613976 -0.6351388868847748 25 1927.0 29612.0 -11.17866935177541 -0.571051614079066
75 300.23925882986237 246.45585760754747 0.506966614888258 -0.00041645997385904537 -0.019733717920337675 25 1046.0 13961.0 -10.362291317732126 -0.18771353652485961
76 23.15363184149752 246.68813794207628 0.49285696453456423 -0.28496616668160607 -0.4023873371191676 25 1389.0 19222.0 -10.709496432287482 -0.4099206859083312
77 486.8256089374754 252.4341620249315 0.479778423589372 0.03591465362858669 -0.5323998486768646 25 1139.0 15179.0 -10.453107902418523 -0.24073530393941917
78 450.1497246415579 255.74964342857297 0.4877756946449464 -0.16230919234053556 -0.6245335034665288 25 1295.0 19304.0 -10.714118272251822 -0.17228947328889635
79 569.443924317946 262.45022182942125 0.4363091533674703 -0.30297413383740585 -0.5427460579786149 25 2329.0 38005.0 -11.449601842171106 -0.6917306738648293
80 787.8615134873658 265.9681546332311 0.5344335929591151 -0.13001458340732217 -0.524336187010327 25 1125.0 15294.0 -10.461302714632277 -0.10527058582437976
81 283.3379328121727 268.24214719739274 0.4293353591884975 -0.27022262217901233 -0.5897766957923181 25 1596.0 24815.0 -10.986785698833355 -0.34756567371297037
82 615.4423110951908 270.54341051293164 0.4081565262172837 0.07628461694697482 -0.7788903429271498 25 2563.0 43831.0 -11.604453447883339 -0.7731939205988598
83 397.23239216639587 271.39892659582324 0.47599588490494854 -0.6401563510704735 -0.6889225432049453 25 1991.0 31136.0 -11.233157046470645 -0.5946350432904035
84 608.2493038263511 274.0907404222313 0.44322620570638177 -0.5754874807008695 -0.822648917962204 25 2814.0 50455.0 -11.757260526274319 -0.6982144195077616
85 306.90904225876426 277.1638357145854 0.4010301818513165 0.4592352574419539 -0.722067091885224 25 2690.0 50571.0 -11.759753853835562 -0.6254891659595663
86 545.1837387898344 284.8898540965773 0.4779216623724367 -0.5264706241803372 -0.5021373312043611 25 1130.0 15208.0 -10.455180259643466 -0.20527599510441036
87 144.79664372962628 292.0473206327113 0.5231881701869117 0.06504033084521024 -0.510582535509626 25 2084.0 31419.0 -11.242980895633758 -0.6612040214478494
88 302.0636789356974 294.74815417537 0.39385171241833367 0.3527887316693297 -0.7317301621005906 25 2730.0 50215.0 -11.752083667571359 -0.6980826527649422
89 329.0326232175921 294.7587455372475 0.9305955860609595 -0.06139040365583224 0.21507479825444428 25 714.0 1556.0 -7.980023981634176 -0.055320693636444526
90 312.7404848847402 297.1773131144565 0.4911065129998035 -0.048168559427308896 0.15173647197856707 25 859.0 8753.0 -9.855392321168727 -0.2120876785491296
91 570.338538999578 301.89667200066725 0.4052278195412512 0.4984065647530433 0.19071681353255301 25 599.0 5804.0 -9.409318509414247 -0.05744600702093732
92 391.90879916105996 313.68519032669064 0.6788910525386761 -0.2847326334050547 0.5144726510301685 25 675.0 2340.0 -8.423039643525357 -0.21905985595386906
93 72.36770367787896 332.02152079262925 0.505094412303977 -0.05541673271793704 -0.43968433404883006 25 1435.0 20724.0 -10.79118395903771 -0.37202387935562
94 719.3205772216108 347.95407077398517 0.4051663034961084 0.9665825894000944 0.3638443331568116 25 3170.0 62765.0 -11.994293832902091 -0.5788993327166729
95 755.9234399564484 347.751331187013 0.4672089742752479 -0.26248176770645876 -0.7935304494303907 25 2627.0 42873.0 -11.580459684858958 -0.7701661562051838
96 264.17435964441063 348.0259166561177 0.40463459830360665 -0.08490984557495186 -0.5630425825851284 25 1853.0 29154.0 -11.161745373616625 -0.6026160946085011
97 713.0953392164355 349.41061871262656 0.45494632637727833 -0.4104269260529447 0.25931955209075147 25 3068.0 59174.0 -11.930327318460911 -0.6504209456962622
98 153.37698044668085 360.00896702636885 0.45831329769208573 -0.2725935663538871 -0.38813878945668195 25 2774.0 50241.0 -11.75264568759911 -0.7025186876351328
99 723.3615280131235 364.6304257842409 0.4759475926380368 0.035767536284920916 -0.5818675547522848 25 2673.0 48538.0 -11.715204693336588 -0.609756405624179
100 320.2955363297229 365.79240748930914 0.5375091671561795 -0.4193068182128853 -0.3903353976853439 25 1311.0 16622.0 -10.551708194935863 -0.44134280389773495
101 257.996152767334 372.35379115547767 0.5124405930340049 -0.2860578560589208 -0.4010575996181871 25 1004.0 13398.0 -10.317599933637705 -0.033349856821436846
