test_CNN/outputs/tables/03023_a21004m0s0_sources.ecsv
# %ECSV 1.0
# ---
# datatype:
# - {name: id, datatype: int64}
# - {name: x_centroid, datatype: float64}
# - {name: y_centroid, datatype: float64}
# - {name: sharpness, datatype: float64}
# - {name: roundness1, datatype: float64}
# - {name: roundness2, datatype: float64}
# - {name: n_pixels, datatype: int64}
# - {name: peak, datatype: float64}
# - {name: flux, datatype: float64}
# - {name: mag, datatype: float64}
# - {name: daofind_mag, datatype: float64}
# meta: !!omap
# - {date: '2026-06-03 17:11:17 Eastern Daylight Time'}
# - version: {Python: 3.11.15, astropy: 7.2.0, bottleneck: 1.6.0, gwcs: 1.0.3, matplotlib: 3.10.9, numpy: 2.4.6, photutils: 3.0.0, scipy: 1.17.1,
#     skimage: 0.26.0}
# schema: astropy-2.0
id x_centroid y_centroid sharpness roundness1 roundness2 n_pixels peak flux mag daofind_mag
[from data line 102]
103 419.41925729455056 393.6810965103951 0.4320211796792856 0.8385946962446531 0.45632415529297876 25 3230.0 60272.0 -11.95028900714798 -0.8347435097460466
104 413.10059001523746 394.36359153276464 0.4475826975708688 -0.47874924240333744 0.14721126715871 25 3025.0 54838.0 -11.84770401806526 -0.8863859690642596
105 621.8322956090059 398.0028544541481 0.4015913863141392 0.6401281071957176 -0.48500131589034545 25 2677.0 46277.0 -11.663412992938053 -0.9312029517151544
106 275.82427216689837 399.02511215851297 0.8614872235575454 -0.12486190576139188 -0.9608499799362199 25 926.0 3288.0 -8.792329522170032 -0.34149678651119836
107 548.1211796948642 399.0527854025707 0.7847545626776555 -0.1988436197093088 0.1884281496891784 25 826.0 2128.0 -8.319929059057525 -0.38229599410153436
108 186.02043443347463 400.7927601055646 0.44575636275160824 -0.44728549278535956 -0.4245864401068697 25 1150.0 14426.0 -10.397864819635119 -0.4120109424902324
109 615.9313407595735 406.294436281982 0.6247813425686828 0.17167113023164415 -0.7507674181867476 25 1169.0 15202.0 -10.45475182049101 -0.1832292721123019
110 779.2736493260087 407.55291295096094 0.37876727317066633 -0.9542086314455297 -0.5659102960660594 25 2817.0 51203.0 -11.773238517931608 -0.9633741708544864
111 115.59339273819533 411.57838048843985 0.34567195854173727 0.120815525071486 -0.4356743283249285 25 1367.0 20842.0 -10.797348478901675 -0.4132162401778764
112 712.5498775841486 412.34123720492113 0.5815000338972427 -0.06535027335967106 -0.6382829330357481 25 1996.0 27831.0 -11.111322028292838 -0.6968058515305563
113 333.71886624565093 413.00443181603225 0.5225331779690938 0.09329198847109688 0.24539531342603205 25 594.0 4808.0 -9.204911147486708 -0.01910821901290652
114 516.8064858959385 418.73787241123 0.4769899537725468 -0.5131291782221171 -0.7356404404073676 25 1499.0 20741.0 -10.792074228735771 -0.5464078637399669
115 297.07169084663036 421.2424356995872 0.49924475790292056 -0.024206876599250676 -0.5514699189434612 25 2203.0 33922.0 -11.326203624539362 -0.5923835206046331
116 394.5938309901288 424.5352550827366 0.41498144656035835 -0.1886013553085236 -0.4668823171254564 25 1032.0 13417.0 -10.31913854943802 -0.2685233492081347
117 479.28485058500013 427.3102602974393 1.1006219923563347 0.10045955124001717 -0.011646382436531313 25 971.0 2041.0 -8.274607511790176 -0.26483479338585886
118 248.65496417438632 429.44090780276736 0.4615233393734454 0.057875443772357205 -0.7152033949780017 25 1229.0 16903.0 -10.56990947866715 -0.33223404626626474
119 830.6629059033312 431.58357258151125 0.47067848905904935 -0.3973645360975256 -0.6970695135774841 25 2107.0 29740.0 -11.183352410464838 -0.8966603802667327
120 785.8147939037284 433.47682527533243 0.43438479880044756 -0.7081483844962718 -0.6570185600448918 25 2527.0 40194.0 -11.510403070436862 -0.8338142418087396
121 635.9155394952708 448.66919400347166 0.593983103808016 -0.5024236356882023 -0.3038185563697765 25 850.0 9218.0 -9.911591759471253 -0.1437122785605429
122 646.817814233329 454.03260736532496 0.5024610271420019 -0.005800238560752135 0.09042178018940536 25 1338.0 18570.0 -10.672029759349451 -0.5031050200726593
123 521.9190760940445 464.7421555219309 0.5606491480775996 -0.3022386458584727 -0.643657510946507 25 1083.0 13120.0 -10.294834587599105 -0.3074912332840273
124 756.1448124624884 463.7532506761651 0.31798268771613725 0.41005075462323826 0.1962172812298963 25 204.0 -573.0 nan -0.004028151370432564
125 269.62210380014176 466.68897226547796 0.43293334178859255 0.17412538596603774 -0.4445386670392435 25 1052.0 15549.0 -10.479256158897986 -0.18684381292197752
126 469.1056679472715 466.84393838466696 0.5357842525569766 0.8335307151118644 -0.003418798371384454 25 3105.0 55314.0 -11.857087663399211 -0.7622912953240878
127 743.1335687950354 467.0310754545321 0.42842559654480533 0.23618059260962307 -0.5743774539898813 25 2857.0 47512.0 -11.692008280672413 -1.0114662517168118
128 462.96783148807566 468.61350415925295 0.4665537941833902 -0.8434027592259401 0.3729966247846658 25 3159.0 59242.0 -11.93157427951413 -0.8254213127188254
129 737.6556789658234 467.9390510907899 0.3110255041833032 -0.8842322081017207 -0.815851402980677 25 2350.0 43468.0 -11.595424145971355 -0.7768499761005844
130 108.52151250921806 469.25956163479856 0.7043253963372116 -0.7584840646328873 -0.9040375949197224 25 1224.0 14816.0 -10.426827423344648 -0.15590242803555665
131 466.78260649989335 471.7642471338379 0.3832113864147955 0.13822587115764248 0.7779535516359583 25 3177.0 65576.0 -12.041862305196409 -0.49320689694139225
132 179.7778593946343 479.83204827829366 0.5084028485110258 -0.2083546754554885 -0.6170789989037653 25 1227.0 17283.0 -10.594047824865473 -0.22448788984174575
133 338.19292417688615 486.7879545340334 0.44374896893383153 0.16458425591828285 -0.6903085502512546 25 2020.0 33538.0 -11.313842900977647 -0.6285941186378546
134 665.7878440626174 487.5261024090252 0.38109155419720775 0.2852800596879209 -0.4764350303699718 25 2824.0 47916.0 -11.701201390604904 -1.0517411980345783
135 16.324809353184907 490.0067960090168 0.5315475205243068 -0.29456289729742596 -0.9035082918269837 25 928.0 12085.0 -10.205616636859174 -0.07675645415289406
136 29.83772361040985 493.5833683487495 0.5625771069361318 -0.1865894113247615 -0.6475450990302388 25 1683.0 22318.0 -10.871638183114412 -0.5753156437308904
137 742.5634132255134 498.0672291522751 0.6331544981218465 -0.011614468948335972 -0.18645391706260267 25 1601.0 20757.0 -10.79291146330789 -0.46896389788486725
138 245.00497949853892 505.385501959104 0.5004483684267836 -0.1130138857125423 -0.5989051770226794 25 2792.0 44978.0 -11.632500350277104 -0.9078445797485174
139 339.35598781302355 507.7538614245235 0.45862310960590386 0.2676900513957318 -0.8699044499282819 25 2417.0 39589.0 -11.493936329527841 -0.752278778072567
140 353.7888327967389 509.8787885901158 0.4062937953589412 0.5083727740354831 -0.3039376726716768 25 2755.0 48885.0 -11.722939048802063 -0.8651570749446169
141 699.7372529907132 517.2017348579927 0.5482077072244758 -0.46303620022346387 -0.6856723232524317 25 1565.0 20446.0 -10.776520891146308 -0.4321381899358764
142 279.78428434197906 523.6920297017581 0.4182082179343499 0.04610532956132167 -0.8537043057146271 25 1533.0 23655.0 -10.934807380961459 -0.46509420175670035
143 126.9806580367417 524.8451385431073 0.514656296676715 -0.12283313834521652 -0.7775061453796307 25 2496.0 38075.0 -11.451599780020201 -0.7905646871025762
144 507.9764533068128 524.4819510916186 0.6215492366415561 -0.7927919562051488 -0.38588830101348404 25 822.0 8286.0 -9.795862322405688 -0.06850357405062181
145 67.33091509078808 526.0673070187626 0.4412634908876119 -0.35794770350154287 -0.9568503401343144 25 872.0 11628.0 -10.163762557745974 -0.03572392618763768
146 486.5213298829024 526.2177443013876 0.8197375808784187 0.24623315252465655 -0.35685147354083485 25 2448.0 7859.0 -9.738418221933404 -1.4796968012551166
147 763.2002159112184 532.236128397745 0.594436371225308 0.2468465471249268 0.29126531116393783 25 1959.0 7972.0 -9.753918225071125 -1.4479102126869319
148 594.878908698217 533.7393356855442 0.8840494942873318 -0.7001524675210551 0.35334369330693716 25 681.0 749.0 -7.186204544248667 -0.20700603216941252
149 387.46196603730186 540.5539507962274 0.9892884223685542 0.2851991378796489 0.48887376820034406 25 593.0 143.0 -5.388340093662655 -0.012057003534770214
150 477.29948132530603 540.3978540203401 0.5593357013374476 -0.20662814984974617 -0.12718833716536354 25 564.0 1024.0 -7.5257498915995305 -0.31685563084926605
151 44.60520415574573 552.6525392355106 0.46128526899239125 -0.8507303143698616 -0.8040875122827305 25 2553.0 44327.0 -11.616670849366455 -0.7908468177079278
152 51.544954995041756 552.3272992504805 0.3302929855789224 0.7086566050313576 -0.06166516466147355 25 3094.0 59384.0 -11.93417361886157 -0.8493798492456468
153 657.8002146512783 551.9982930719484 0.5119717960682254 -0.23845308900632903 -0.4484977745268468 25 741.0 7765.0 -9.725353650161443 -0.07323664160655963
154 233.5353013604218 567.3211682947956 0.4393113924669023 0.3923110948021705 -0.26109425804616143 25 2671.0 44315.0 -11.616376884100854 -0.9771809746609963
155 226.55117492887703 567.7703161616722 0.38038036652436985 -0.9449871436492279 -0.9694687173118344 25 2155.0 37053.0 -11.422058441092027 -0.8037212865092778
156 693.8968247686886 568.0569480981767 1.0441915388676135 0.7387437731157352 -0.10576597738721752 25 714.0 -306.0 nan -0.1730096895515828
157 95.84793815279366 570.7180820312473 1.0309360811375416 -0.4727290146632548 -0.38654481012268316 25 1082.0 7604.0 -9.702605270483515 -0.20315278916499493
158 552.0443733767563 577.7849013870668 0.9317181386179195 -0.5041469234195607 0.41684731289465204 25 750.0 1705.0 -8.07931095832129 -0.1818930945105293
159 505.54963326798116 579.5874192582731 0.531356067414007 0.18115420316184425 -0.6628459251519302 25 1462.0 21345.0 -10.823240397849913 -0.2938959475169918
160 716.7456783745864 584.6533443421896 0.7945389260752448 -0.49673074014113217 -0.6792887569397684 25 878.0 7130.0 -9.632723824629664 -0.03025190119256807
161 801.5179003693476 595.5552489963505 0.5306072004969263 -0.5525720261508509 -0.8592908752970658 25 1411.0 19641.0 -10.732908989104148 -0.3519805158485474
162 279.7677686319971 596.3870021227726 0.5204729032828258 -0.4131818763790994 -0.9235183696962124 25 1528.0 20057.0 -10.755664936257432 -0.5538796444621581
163 545.2930144719986 596.9021087493722 0.7470055652891741 -0.21573123426539792 -0.2514072670456175 25 1155.0 12917.0 -10.277904148943971 -0.10103076780312245
164 385.0615427705202 599.3308367884855 0.9761592190995692 0.31151625213360573 0.3465227619176835 25 854.0 1987.0 -8.245494667774537 -0.26844189149553055
165 39.456395893945626 603.001227659199 0.894460059450173 -0.19824069842833872 -0.10253849341881495 25 1073.0 3069.0 -8.717492221079556 -0.475232289160725
166 628.5211251884955 603.4253887395445 0.6334513258781529 -0.5734339651975493 -0.0341086385197207 25 943.0 1257.0 -7.748338194214894 -0.8081453307101788
167 707.8085475347737 604.2407631298166 0.6022581311192858 0.138246961762613 -0.03818059704053356 25 328.0 -317.0 nan -0.020465481912506165
168 648.0445105543168 609.0240478564702 0.8980023606887657 0.17411131211180583 0.17102458493223235 25 676.0 1063.0 -7.566333161308242 -0.09763297727027648
169 800.0364954192252 608.8768355523649 1.0472397492334287 -0.07830664533761353 -0.06679524291921143 25 933.0 863.0 -7.340026989288024 -0.281545112235894
170 150.94688682084208 613.3444875193209 0.5269275324600884 0.14637709322624104 -0.2558015897223433 25 2120.0 30030.0 -11.193888330497453 -0.8123436003025661
171 292.74650205061727 613.5419907097086 0.4875041865469867 -0.015389231543409222 -0.7573735064593724 25 1454.0 20301.0 -10.768793578007829 -0.4472380716928265
172 562.517215581506 615.6981751316093 0.49160364338687207 -0.48039697073797655 -0.8170457306342899 25 2431.0 37268.0 -11.428340217042237 -0.8050019978324208
173 757.3408749964742 616.3782982865832 0.4255337267177362 -0.041605484371884306 -0.783147597040384 25 893.0 11089.0 -10.112230958685899 -0.21731992726534202
174 714.3840063393081 617.6445588836923 0.4401568595423161 -0.8479845889915365 -0.9250726885858925 25 2644.0 44855.0 -11.629527152529302 -0.7935026571299308
175 0.6471016365076718 618.6258880081073 0.3792029741445625 0.5575587291008188 0.42727866560736927 25 976.0 10718.0 -10.075284381768983 -0.5144176503554189
176 730.3706226963894 623.1412776225299 0.4949423735972376 0.09213279803363927 -0.14885695570955534 25 1646.0 26295.0 -11.04968293787369 -0.3375825910039396
177 163.16305970019113 625.1203565529327 0.42076181914441485 -0.44358710459919365 -0.6303506200544622 25 2193.0 36273.0 -11.398958689720729 -0.668340712606147
178 418.1848572785088 635.5495534750892 0.5804779177068405 -0.17312445684251618 -0.44631955209708724 25 1836.0 25210.0 -11.003932114191116 -0.6381916050430402
179 140.01829380083225 641.98642770197 1.0442173720602803 0.11251059309925523 -0.39806674873961284 25 712.0 1588.0 -8.002126245227693 -0.05825551537415581
180 470.06240911651406 641.8896123647754 0.5875025078397338 0.22530907332895939 -0.6811135166727623 25 1016.0 13069.0 -10.290605894908339 -0.10591870321385308
181 4.103142615320196 647.9060508411834 0.41093891844910757 -0.2960403409404767 -0.6689401999059359 25 951.0 13212.0 -10.30242141254844 -0.12933439159893267
182 329.43541093105586 655.6283900013543 0.5281790163294401 -0.23474033409509926 -0.3287156072966374 25 923.0 13174.0 -10.299294147763739 -0.00104078826674379
183 830.1844705666517 655.4607781423554 0.4112429810801851 -0.5381878716007769 -0.6962570066851651 25 1282.0 18386.0 -10.661218139451723 -0.2902553752930954
184 717.9237207363324 664.7778899985263 0.8862225110107119 -0.16973005309850342 0.08590251998786139 25 603.0 745.0 -7.1803906818707315 -0.00196411163948659
185 565.2158554856031 666.8237770699423 1.0456458179807528 0.14095604100711892 0.05643968694060982 25 906.0 332.0 -6.302845209260091 -0.3181512734702843
186 531.1974853942908 668.9683772195174 0.5516737775021344 -0.024558325502272906 -0.5955288538082666 25 2261.0 31588.0 -11.248805323352563 -0.8131215511093698
187 349.6867504030442 677.4994766357163 0.46162867310694744 -0.2288635490888408 -0.02725574458810075 25 1045.0 13702.0 -10.341959907958412 -0.25849524990536443
188 409.0222968340262 685.7136120240918 1.0660985156753073 -0.5138848674603619 -0.11859441255070956 25 761.0 1366.0 -7.838626748363784 -0.12192390032997054
189 668.3659812509986 688.1329300777901 0.7376214430317564 -0.6471936941558003 -0.3759467934882782 25 1348.0 4185.0 -9.054238655823196 -0.9365569202981672
190 540.6639127193174 692.0257162448711 1.2905207318332432 -0.2393446065267517 -0.40116733314922853 25 1711.0 2785.0 -8.61206299877437 -0.7171140128876066
191 630.0817167846197 695.260092392336 0.44347261688082645 -0.12606675080947669 -0.42759274016343324 25 1799.0 27193.0 -11.086142806719245 -0.6213846191321694
192 89.27242748615517 699.0092814763516 0.8863816147239574 0.14200665627562495 -0.30814383131533174 25 1126.0 3352.0 -8.813260024895598 -0.5889262294562012
193 556.0279306253213 702.4053411206901 0.5122664697307583 -0.060200456196066454 -0.2768317034697178 25 838.0 9732.0 -9.970505250646953 -0.10541149196735497
194 146.97073801750514 705.5297098879892 0.38601554443113356 0.36727141636584354 -0.759526772326002 25 2706.0 47711.0 -11.696546298153265 -0.8660612737769918
195 90.53355634141975 714.868674231111 0.3605032076015923 0.8942496659060619 -0.25627925158021153 25 3204.0 61350.0 -11.969536417657558 -0.8301505760264991
196 82.56833719973979 715.391919416789 0.43118034111407316 -0.6338907001809433 -0.8070693763484799 25 2593.0 45874.0 -11.65391652561819 -0.8547629094482649
197 6.921625263718429 721.9292205910738 0.44711313124119206 -0.08890943609478401 -0.6174326415352257 25 2954.0 49969.0 -11.746751645628304 -0.863240271288714
198 440.50757081681246 730.4492679585018 0.5923881343730427 -0.32655899765990687 -0.4161263237325014 25 1362.0 15518.0 -10.477089368830166 -0.5402069451516627
199 4.718013499597292 731.4458991905519 0.4642274638360104 -0.09430686111829992 -0.7954114762950617 25 2568.0 43459.0 -11.595199322248513 -0.6819551675758486
200 306.7652111890718 735.0858743420767 0.5086141577312444 -0.03245758539886405 -0.4935986243483921 25 954.0 11173.0 -10.120424496915044 -0.2278744395658905
201 21.214704702528184 736.8460816582009 0.4206368054778569 -0.6856303221444322 -0.00832584579075618 25 3013.0 54884.0 -11.84861438915483 -0.9588159730865755
202 676.0718369845573 737.0983058048632 0.2886765473900803 -0.7006505620756258 -0.4258379926633841 25 222.0 84.0 -4.810698215154704 -0.04983765791826109
203 684.265314665534 747.1913551066663 0.4621511502741223 -0.18809913080546667 -0.3000798785493402 25 1017.0 12075.0 -10.204717848558875 -0.39279201540407993
204 438.0458640909818 748.2419600557495 0.5962265945637644 0.06429191675291353 -0.45832993516664006 25 886.0 11333.0 -10.135862221919076 -0.039198282806687884
