test_CNN/outputs/tables/03038_a21100m0s0_sources.ecsv
# %ECSV 1.0
# ---
# datatype:
# - {name: id, datatype: int64}
# - {name: x_centroid, datatype: float64}
# - {name: y_centroid, datatype: float64}
# - {name: sharpness, datatype: float64}
# - {name: roundness1, datatype: float64}
# - {name: roundness2, datatype: float64}
# - {name: n_pixels, datatype: int64}
# - {name: peak, datatype: float64}
# - {name: flux, datatype: float64}
# - {name: mag, datatype: float64}
# - {name: daofind_mag, datatype: float64}
# meta: !!omap
# - {date: '2026-06-03 17:11:19 Eastern Daylight Time'}
# - version: {Python: 3.11.15, astropy: 7.2.0, bottleneck: 1.6.0, gwcs: 1.0.3, matplotlib: 3.10.9, numpy: 2.4.6, photutils: 3.0.0, scipy: 1.17.1,
#     skimage: 0.26.0}
# schema: astropy-2.0
id x_centroid y_centroid sharpness roundness1 roundness2 n_pixels peak flux mag daofind_mag
[from data line 104]
105 740.3688005914031 467.4027821243626 0.4382727393743708 -0.10755904270802867 -0.9401210922563461 25 3176.0 45256.0 -11.639190414330882 -1.3070202446639934
106 89.8760091541036 473.6498197355275 0.6901714183524404 0.6858858329106233 0.2672722866881531 25 1967.0 7592.0 -9.700890498548091 -1.2627318036677178
107 662.3755215364582 487.76007639066165 0.4420325387711307 -0.444734354986417 -0.774357160467622 25 3175.0 46639.0 -11.671873075049684 -1.2655526487783764
108 27.782168953776917 494.32171385190054 0.5710832337991569 -0.19809140246862764 -0.917146351863577 25 1389.0 17192.0 -10.588316006208467 -0.36548341446968563
109 8.926087235248282 498.95417670893437 0.7086528934764356 0.0979419416321083 -0.18589640856491277 25 665.0 790.0 -7.244067728226104 -0.2619994899274728
110 243.19401591387967 505.7617444872637 0.4579733633259652 -0.29906530289986566 -0.9478145683054706 25 2597.0 37007.0 -11.420709700291557 -1.0199282052616994
111 291.7493798412258 508.23458491799977 0.42263892462441754 -0.3701348761439656 -0.11301355950043968 25 869.0 11162.0 -10.119355045451604 -0.053375875799892405
112 350.3442527513489 510.0414574470497 0.4270555808473409 -0.3506083583684786 -0.8691041308377468 25 3076.0 45131.0 -11.63618739150424 -1.2479448894572418
113 73.10086262061756 524.2304947052704 0.5620502368441568 0.19318654820350634 0.10023176578669553 25 1241.0 11049.0 -10.108307433936439 -0.6650629954913441
114 277.39832694252084 524.1568608595968 0.5415398516397337 -0.08465760859032663 -0.7956857151670318 25 1504.0 18033.0 -10.640169956720698 -0.5289794966679398
115 33.42942068480733 538.0641792743535 0.8361888680472891 -0.23977920428900798 -0.23359111827164417 25 1355.0 5777.0 -9.404255918853531 -0.6727507632345998
116 47.36746793605755 552.0061303998178 0.43266702558506465 -0.02710591448492997 -0.6976496461042526 25 3274.0 50482.0 -11.757841381227955 -1.2425472153603392
117 825.9005187754575 560.6709284693204 0.6574083862199572 0.40842381059229205 0.014041639499698902 25 607.0 1808.0 -8.142996065348362 -0.09155565298414785
118 173.65404770174382 563.3087896438797 0.8495095601324171 -0.15284066361627702 0.07200238025554234 25 736.0 704.0 -7.11893164785528 -0.18943693085527313
119 229.71165359404714 567.1880039071041 0.38768618999445914 -0.2729847574734742 -0.8241825007560061 25 3415.0 53870.0 -11.828367438864886 -1.2750897194232114
120 42.97491878143139 567.4741377683304 0.559159089254793 0.4305308890303564 0.04136819395034673 25 1105.0 6561.0 -9.542425094393248 -0.6952996513298736
121 450.84004637467797 578.1653375758449 0.7372528462494121 0.48938363700883064 -0.034515989069682805 25 623.0 1699.0 -8.075483447172614 -0.08916967066674902
122 504.85546193007775 580.5137360049904 0.445525834438463 0.3803848491188017 -0.8295413526510516 25 1672.0 26000.0 -11.037433369927045 -0.30669879313873777
123 656.8736635084865 580.0205621657458 0.9148221207405992 0.519179218960568 0.3728031283340584 25 914.0 2933.0 -8.668280157451381 -0.20727665039096388
124 455.7436965460484 615.4721987588024 0.436764900633798 0.4099496901954374 0.06784828637729763 25 933.0 4608.0 -9.15878117603789 -0.7745099010510204
125 711.8946574546062 618.1357912507676 0.47331188161416293 -0.2569742191951588 -0.9604852730565046 25 2644.0 33892.0 -11.325242994337113 -1.1785429488514414
126 0.8382889310356685 619.3795791097687 0.3971911555437948 0.33386815947226156 -0.0005132989086946106 25 1081.0 10973.0 -10.100813447999311 -0.5216121243149757
127 195.93457214040905 631.160059913018 0.7461898119526292 0.3380783510288364 -0.11357924550787257 25 658.0 2829.0 -8.629082368642477 -0.008469900577477589
128 245.39565947713848 634.1113661575623 0.6821682301868788 -0.20586955236087912 -0.8478842808430824 25 595.0 2798.0 -8.617119275389522 -0.015235934057452268
129 415.4824705750151 635.9437956789245 0.4417743788814288 -0.43494155185772887 -0.9609685268202192 25 1775.0 23647.0 -10.934440128425802 -0.7447108915469179
130 833.6472498418107 638.2237794761603 0.8434115410683811 0.01842835014199368 0.5676156226027848 25 1098.0 4730.0 -9.187152851844528 -0.38323139380251636
131 810.6656429940999 640.8780408692323 0.9284121043357078 0.4320164869064638 0.2928994329061068 25 725.0 1954.0 -8.227311398456886 -0.0185030402112921
132 114.28838229405231 644.0785944953817 0.7822642816166889 -0.11915656650872995 -0.18324409888867182 25 1264.0 1622.0 -8.025127124687844 -0.8076348126975161
133 2.045218221360863 648.3616402543265 0.3943080938051313 0.36238087022712917 -0.5820277561317158 25 905.0 11821.0 -10.181635543332586 -0.1040301136701906
134 714.8368988286685 651.0431088819415 0.46927065122025496 -0.000825553424927731 -0.26640601702519723 25 1542.0 21988.0 -10.855464320734232 -0.3606891975618817
135 583.9835506504404 681.3424246840684 0.9582754963497171 -0.34171295835745197 0.26224161134025237 25 1146.0 3085.0 -8.72313792092315 -0.4805548342067649
136 69.67221797794798 701.0581071661485 0.7057178484542265 0.060192591982824124 -0.2926676254991978 25 572.0 953.0 -7.4477322515958155 -0.014748460445628105
137 143.63051535822163 705.5297625282749 0.43955261154348646 0.093518313896188 -0.9000290009376694 25 2916.0 40596.0 -11.521208109589015 -1.2216521666891582
138 85.30818672171176 714.6024869399503 0.3851234827296054 -0.07638125676802034 -0.5180046326092832 25 3591.0 60321.0 -11.95117133161061 -1.165547880010316
139 93.3599067888126 715.5513370907445 0.440170829204538 0.09271840393931291 -0.9530201731201092 25 3255.0 52444.0 -11.799239521793641 -1.140975952601763
140 294.990122472939 715.5683653472332 0.7698582105926763 -0.17883481634761172 -0.49107360834197333 25 869.0 2617.0 -8.544509306599702 -0.3685859570358978
141 220.54728186128918 720.6487673250351 0.5447077325100671 0.26690178423332034 -0.5227461958725896 25 522.0 1445.0 -7.8996696177314165 -0.12046230567673938
142 4.659266245780455 722.4009685082543 0.4102346064314838 0.02496471155954897 -0.9935702238775492 25 2751.0 39879.0 -11.501860648677342 -1.141895878190306
143 482.02637563287055 724.2271593098799 0.5714140273395926 0.7297229320735896 0.5720553023053903 25 934.0 5577.0 -9.366001611228903 -0.43561996648436196
144 743.009449021571 727.9311404801322 0.863113412695772 -0.38244064322689325 -0.26667537629268184 25 723.0 1778.0 -8.124829391585488 -0.07251908956321593
145 437.7130570929059 731.3830736927159 0.5384953012407875 0.2161477812459145 -0.8245847977925841 25 999.0 9303.0 -9.921557552392473 -0.35427581362140603
146 2.2865903207458396 732.0742439993896 0.3777379768556882 0.025937000732739298 -0.6039756596270176 25 2195.0 30315.0 -11.204143931427463 -1.0838653709219654
147 21.3064605879389 735.5265892398908 0.4297789014140713 -0.0843290094263374 -0.38532770900105096 25 3322.0 52815.0 -11.806893210314664 -1.212096334679201
148 28.116577029404652 737.1508445894406 0.4435744713214336 0.7555489774217895 -0.03180835125087143 25 3418.0 59408.0 -11.93461232970521 -1.0475719312130156
149 96.29728607297912 736.1123816672617 0.5696962045562768 0.30198645587741474 0.24499337815745445 25 1481.0 7566.0 -9.697165842391813 -0.9961378222875972
150 45.61373161480942 751.9358487107592 0.46893804201558387 -0.3030601411701677 -0.9947030502748636 25 1301.0 17365.0 -10.599186969116953 -0.3247334283656262
151 160.76415014209326 751.4623057549512 0.6036450727670091 0.7350368851059405 0.4562616375634006 25 1627.0 7909.0 -9.74530393885277 -1.1154639761769203
152 27.42040921877712 753.7800597339599 0.5468771169182941 0.5648469032317348 -0.9781850414811819 25 903.0 8048.0 -9.76421991927963 -0.4569600460982911
153 554.0689120633806 767.131781799125 0.9125859475577214 0.7714582552052538 0.33418123419264784 25 1150.0 3850.0 -8.96365182377125 -0.4580631910435905
154 680.0872387510748 777.993745766809 1.0096164073767233 0.3150887069566955 0.2277360274383381 25 1062.0 516.0 -6.781624254068028 -0.42677309180206763
155 35.10734931349611 781.3902968587313 0.5438002207856047 0.19502177017722333 0.6102413831991809 25 512.0 1865.0 -8.176697090361767 -0.04288269644920149
156 779.1110849573688 786.9750570164083 0.8052173887209798 -0.03721328886738198 0.3269009300049251 25 957.0 2123.0 -8.317374985414997 -0.41589987357351504
157 321.56218035553053 792.7048405137314 0.6163797898537725 0.06422327636328798 -0.19258350850871042 25 1519.0 4277.0 -9.077848125642028 -1.1593612989378075
158 528.0527342523344 793.9582739219528 0.5234121449981628 0.47048982531599765 -0.6147100505377913 25 825.0 4553.0 -9.145744125770474 -0.4684148978354109
159 662.2559520977488 803.0529582185567 0.43804048401182316 -0.37112467485113604 -0.6787983682126022 25 725.0 7828.0 -9.734127042464909 -0.15367179850163534
160 465.288167507669 803.6834666148336 0.5478963212023485 0.23669794479240397 -0.5130523139716588 25 696.0 5751.0 -9.399358418994312 -0.12987929156421307
161 72.10667743800887 809.0288729457257 0.9268185261418461 -0.25935235508386495 -0.034391933109137 25 1735.0 1871.0 -8.180184468750024 -1.0257261088757375
162 693.9096993609393 809.8398480159709 0.4107064377412395 -0.14856777692377068 -0.6128114770898699 25 3458.0 51701.0 -11.783747358232041 -1.3668671204459297
163 659.3382298639102 816.3892652960744 0.43747945962505846 -0.3061457984509732 -0.9208662488844284 25 2709.0 40250.0 -11.511914711759719 -1.101466981161874
164 72.42921471907601 827.4084928334787 0.49023558344888757 0.01537419292064129 -0.7696349025261374 25 3180.0 46464.0 -11.667791486709953 -1.2447443480339242
165 82.03478020273351 828.7931507089561 0.41735373856779234 0.6004254102902105 -0.3942987440316283 25 3388.0 57688.0 -11.902713706382169 -1.1144000104839078
166 77.91877408803903 831.9363485058027 0.31874174445335735 -0.256832392179986 0.2721286056852993 25 3452.0 53869.0 -11.828347283931116 -1.4765047791512917
