test_CNN/outputs/tables/03038_a21100m0s0_sources.ecsv
# %ECSV 1.0
# ---
# datatype:
# - {name: id, datatype: int64}
# - {name: x_centroid, datatype: float64}
# - {name: y_centroid, datatype: float64}
# - {name: sharpness, datatype: float64}
# - {name: roundness1, datatype: float64}
# - {name: roundness2, datatype: float64}
# - {name: n_pixels, datatype: int64}
# - {name: peak, datatype: float64}
# - {name: flux, datatype: float64}
# - {name: mag, datatype: float64}
# - {name: daofind_mag, datatype: float64}
# meta: !!omap
# - {date: '2026-06-03 17:11:19 Eastern Daylight Time'}
# - version: {Python: 3.11.15, astropy: 7.2.0, bottleneck: 1.6.0, gwcs: 1.0.3, matplotlib: 3.10.9, numpy: 2.4.6, photutils: 3.0.0, scipy: 1.17.1,
#     skimage: 0.26.0}
# schema: astropy-2.0
id x_centroid y_centroid sharpness roundness1 roundness2 n_pixels peak flux mag daofind_mag
1 615.233347033038 0.05070828975222521 0.8951159259019449 -0.6376787419791974 -0.41079809543966317 25 1362.0 2598.0 -8.536597866842522 -0.7574095333275463
2 302.47067164674434 7.27171214600507 0.4319513384334383 -0.08111905131711872 -0.8197992791741994 25 3099.0 42567.0 -11.57268260856732 -1.3823385492592402
3 603.5139078719417 7.77043913470472 0.4004029768564192 -0.43476476936777597 -0.4931490647068216 25 3564.0 56701.0 -11.883976795850089 -1.2957070808876159
4 25.962759951168863 14.636781737672454 1.3067948503375761 0.070656122923161 -0.5024526735801859 25 1113.0 2120.0 -8.315839652321879 -0.18841308158756526
5 422.1566785678792 15.110567628016405 1.0168715321593833 -0.13362640943304244 0.19405282160029133 25 994.0 2431.0 -8.464462397108338 -0.24002307161948716
6 40.0897164947435 19.273141115324783 0.8782991143537355 0.015682333481326218 -0.25012233041107373 25 985.0 3243.0 -8.777367371682432 -0.3807154896903677
7 683.3303138874276 18.71409191875418 0.5837419951176861 0.5982299557209493 0.4347657649919147 25 413.0 -1823.0 nan -0.27069337114498415
8 536.3613288829087 22.47034828240963 0.48889289781882217 -0.3665667326547988 -0.7354831692900681 25 1090.0 14321.0 -10.389933361849755 -0.009570810000904957
9 484.96999260104974 28.914822331510905 1.084366470083613 0.06539836294695986 -0.24820911442550972 25 1704.0 1736.0 -8.098874302101182 -0.889546611682227
10 532.9480009435212 32.51521065384054 0.46754530930091626 -0.28046736675980244 -0.9675678855748207 25 3029.0 44533.0 -11.621704881751247 -1.1324196840497063
11 346.61362567765644 34.239695778060586 0.3915330638335569 -0.3054394366263651 -0.8717065333759545 25 3300.0 49206.0 -11.730045155699706 -1.2951376139312458
12 42.864986252576166 37.151727497201534 0.958607536262289 -0.14280447761890583 -0.3302177818037247 25 847.0 2600.0 -8.537433369927044 -0.06263400388692764
13 466.94829511660515 41.81765491347502 1.4963207467659698 -0.5423934728482668 -0.3463048162040599 25 1167.0 538.0 -6.826955689165973 -0.15131280360887261
14 678.4860193227715 43.05779739229862 0.8272749365700868 -0.42098147375015893 -0.3973128330383569 25 699.0 1950.0 -8.225086528406294 -0.05327203056669116
15 744.4152880988491 43.7208903420009 0.8175536720954454 -0.2354638425408474 -0.33530575405294216 25 1089.0 10798.0 -10.08335830783806 -0.06595579123743853
16 619.2333845957279 46.93897754369978 1.0252741615856085 -0.21679248555253167 0.018926884711379422 25 2373.0 4222.0 -9.063795572429093 -1.2056233684451776
17 218.88476747116266 52.905703577067925 0.49046433046849464 -0.22870637021210194 -0.9955325266324874 25 2128.0 26867.0 -11.073047938302523 -0.967781344596541
18 453.0659413731357 54.13701999498558 1.0400314783300004 -0.8634619097510012 0.2554335270969367 25 862.0 1873.0 -8.181344443438093 -0.12573037572893292
19 674.8714188420071 54.17552981835851 0.7022982796022162 0.18827422921041984 -0.45071079354782606 25 1237.0 2172.0 -8.342149552292023 -0.901228294740458
20 629.3748146809825 55.962192942139616 0.4140685116496516 -0.6238070066824637 -0.886228014331062 25 542.0 4284.0 -9.079623655399544 -0.19467736135653763
21 105.32867558991336 59.114542925827855 0.5261071362785144 0.0035854418206300647 -0.6345158778609947 25 1242.0 13110.0 -10.294006729225211 -0.550105445223303
22 509.74249947065465 62.78991025311807 0.847089467256012 -0.06106304055480026 0.30341756397231234 25 728.0 2837.0 -8.63214833948963 -0.03461062808726682
23 691.2260026317496 73.08772177192792 0.810756047042139 -0.3399274681584503 0.7399536084180101 25 672.0 2617.0 -8.544509306599702 -0.12177395719079898
24 184.85916764736106 76.48796445050604 0.4625943874953601 0.14305348044686503 -0.7201028300152825 25 3085.0 41013.0 -11.532303845054434 -1.3215417715816509
25 340.9324202503471 78.21477187256824 0.7328253419525401 0.0670692605461304 -0.34698850102226303 25 584.0 1002.0 -7.502169303828067 -0.037595590409972596
26 541.2950084981378 77.24636719758351 0.3736484785272443 0.17114461447501197 -0.6161224624939388 25 790.0 10226.0 -10.024264470976297 -0.13319768574955448
27 649.9486633668793 79.99665829224321 1.1463316303262938 -0.0988568938145549 0.08878703133403233 25 1518.0 2152.0 -8.332105667485878 -0.6155595189078203
28 459.9320020139339 80.99723357682669 0.442235605645169 0.7820334145913201 0.2082027882608198 25 319.0 543.0 -6.836999573972118 -0.06421345166262786
29 623.5794248061782 84.92948319939497 0.8168793467352695 0.47521599091003164 -0.12035080375328187 25 1285.0 2069.0 -8.289401226664337 -0.8557689934035699
30 453.1030262570965 87.80742142022572 0.5090241915654473 -0.3895707576676472 -0.9994688066720823 25 2688.0 35360.0 -11.371280640852587 -1.0699208258017139
31 116.4127265895711 91.13888827605763 0.3889935687389485 -0.9316354645516837 0.34248512676027415 25 3701.0 75271.0 -12.1915692145442 -0.6254858590289532
32 351.1858083559575 90.76724459730447 0.6919200538271455 -0.4149153176370452 -0.36985080354658545 25 764.0 2908.0 -8.6589860054675 -0.30445647751166666
33 124.257256725165 92.88646005672302 0.39297571636730455 0.511449408187994 0.12988387642212856 25 3529.0 70432.0 -12.119425052183136 -0.6275495977414715
34 833.0456871873942 93.93164049896664 0.4295792532712794 -0.6061796915222368 -0.2088816331224496 25 928.0 8863.0 -9.868951873260807 -0.39802536313297154
35 505.14167801350686 99.76702852743253 0.8436009377855985 0.09349378186678457 0.6215912085712567 25 1087.0 1720.0 -8.088821117268871 -0.6597197608860274
36 771.2436168525315 99.73921009141807 0.5794779124863275 -0.8819302060898131 -0.85601291552671 25 896.0 9510.0 -9.945451292343535 -0.02877211825993368
37 512.9480382797395 102.01411991618569 1.1510038074043993 0.22450625124237691 -0.05169157248305781 25 986.0 2729.0 -8.590008839174741 -0.11645059322860574
38 791.137323373278 104.26418952582969 0.44208848469964757 -0.0792028373588512 -0.3801350284907736 25 3528.0 54472.0 -11.840433302925717 -1.3461859061794685
39 795.3339665927236 104.31940976901569 0.3469797928924957 0.53591816410226 -0.46125692526379236 25 3580.0 60609.0 -11.956342796394246 -1.3664320080458783
40 832.7244001229452 106.40583192094466 0.2907077209222563 -0.30206806211358045 -0.05930194721144016 25 2711.0 36803.0 -11.41470805417985 -1.421979946511383
41 827.2428330633638 115.52576317455669 0.38302863905581297 0.19760147892873928 -0.490902368675487 25 297.0 1328.0 -7.807995187579997 -0.04265448003525851
42 23.81106039464233 116.89700786091238 0.8714569797719188 0.15814857354916398 -0.19804741158516637 25 726.0 2500.0 -8.494850021680094 -0.08155891254986103
43 55.07820068894883 117.12696153782711 1.1342248653015106 0.250488125662125 0.238938886465095 25 1020.0 2424.0 -8.461331538735621 -0.19108124007282842
44 514.3725463182394 117.57689485691895 0.6454753961162965 -0.20532862177124717 0.22090216864665033 25 870.0 4055.0 -9.019977146367937 -0.42278727650112674
45 781.0515604354274 117.89761094856681 0.9909003231296585 -0.1083224713616031 -0.08168244552165092 25 863.0 1038.0 -7.540493383781097 -0.1343641458986939
46 446.9240198577051 121.29019925744225 1.0279951008280965 -0.06540498396707208 0.08435930559528863 25 1325.0 1209.0 -7.706065752151929 -0.6609360108566326
47 440.45991483462603 131.48252017347787 0.6497153142246778 -0.5110380909422193 -0.19204737698529445 25 542.0 1840.0 -8.16204455752384 -0.07098311243779831
48 751.9379015269111 131.22150792777606 0.48314339840165244 -0.5362373213056763 -0.40867429179567855 25 524.0 3784.0 -8.944877819324388 -0.06953827948591165
49 558.2832193378542 133.80092740101105 0.905785693432881 -0.4851153606979218 0.12166208297369847 25 779.0 1282.0 -7.7697200629569965 -0.11241370152975551
50 35.514326455119395 136.9312358053525 0.45375704647197346 -0.1361870819576439 -0.5936555633576392 25 3370.0 52700.0 -11.804526538031366 -1.2828204424827658
51 300.2413441983942 137.1117181981671 0.8836341197798517 -0.7022158196798058 -0.48937752509137095 25 702.0 -153.0 nan -0.13903628150669853
52 45.50384980305339 137.90570181063737 0.46223105765287176 0.5699134141287785 -0.8513216898728553 25 3020.0 47286.0 -11.68683144472344 -1.1529654996654677
53 202.82560198024828 143.24651057135006 0.3698279598367101 -0.03974552164831543 -0.658204411630977 25 999.0 12631.0 -10.253594337847122 -0.3768236518930972
54 277.5792917770132 143.63767130361603 0.47096551490000316 0.13672569110876434 -0.9674223272813814 25 2482.0 35736.0 -11.382764848659455 -1.0004178686667462
55 550.9807926009695 151.10802128627992 1.3674327081418256 0.7050925588706172 0.4178661525647229 25 1160.0 945.0 -7.438579521273158 -0.23359612770684807
56 12.972536889870177 151.95104651939184 1.0636042501785414 -0.17506782054544262 -0.13567027818959312 25 999.0 2234.0 -8.372707921948976 -0.23272471328805291
57 339.9970784853429 152.96292385882327 0.43105589922998777 -0.2687701798342574 -0.6724243728096884 25 1205.0 15607.0 -10.483298575936193 -0.4143291492823543
58 426.18001372793924 153.1219221093405 0.8958060868785405 -0.08084483254591023 -0.17611288777045223 25 1136.0 3294.0 -8.794308987084339 -0.5477801707640513
59 499.72938307297284 156.80498524027294 1.0275080034454074 0.07010114684880739 -0.2948234726513254 25 1075.0 1262.0 -7.752648387270289 -0.3812927012722338
60 780.8241533742461 162.2231489025062 0.375155860038935 -0.20515699759655115 -0.7129538991988745 25 3531.0 53969.0 -11.830360927574308 -1.4601921255811192
61 312.26148858680864 170.82893207445304 0.48601948842568765 0.4899755802929095 -0.5497458490030055 25 1189.0 14796.0 -10.42536080660839 -0.2932920607160747
62 797.9853199031779 172.68745498416035 0.7060163729173559 0.6146659295695951 0.5162772158284064 25 734.0 2993.0 -8.690266792100479 -0.2599525182987287
63 832.4298836097772 175.4386258386256 0.31952902295699054 0.0790593642000201 0.05057197777257737 25 2778.0 39403.0 -11.488823221686149 -1.2561027321353282
64 502.9062651178676 176.855257164083 0.9357018187078856 -0.851337058110466 -0.5712263967387309 25 1028.0 2953.0 -8.675658617412696 -0.40489591167574246
65 544.8092448513976 181.99586379432682 0.7174929258206459 0.7112391926117093 0.820422145406307 25 644.0 2252.0 -8.381420965448271 -0.14221804197944377
66 482.10513489797586 187.1817826365455 0.8545446120713216 0.3030037208121358 0.2902421220072841 25 904.0 2679.0 -8.569931784020522 -0.3011373274947202
67 768.4979083687408 190.44464424061005 0.35645502122310324 -0.3241537135667548 -0.7592001766725266 25 3497.0 53670.0 -11.824328988217589 -1.4281469302162206
68 465.06241854151165 192.18461887442646 0.9413522576664453 0.6068137635740959 -0.08074530988188061 25 1099.0 3311.0 -8.79989795188017 -0.46441883441396337
69 729.6609155823816 195.3019439149176 1.2054159124535355 -0.09227349816688983 -0.285161508715965 25 821.0 52.0 -4.290008359086998 -0.015524916541418932
70 493.8040768055756 201.8929084112735 0.8544518936809702 -0.17459262423867444 0.601481117817775 25 760.0 2709.0 -8.58202251258292 -0.15025678798736916
71 679.2932037119182 206.2434860194262 0.8016644218539793 0.3140030098473952 -0.5838595111227213 25 811.0 5970.0 -9.439935827823422 -0.0009979886717627366
72 417.70901456998155 217.0050421036951 0.9365524208426003 0.023700396402400774 -0.21619519153788525 25 1889.0 4132.0 -9.040400782118956 -1.058426402273185
73 832.892711684752 217.44900616589752 0.21188871429017422 -0.4343468701753812 -0.1808948498273683 25 729.0 9540.0 -9.948870936760239 -0.4081464456128487
74 252.04916278125603 220.12429519980782 0.5167181428237291 -0.12589802807714906 -0.9225753585156233 25 2490.0 29192.0 -11.16315962589148 -1.1446529635424554
75 734.1651144783694 228.07453736487355 0.6185621931298974 -0.5732488613867506 0.07303786730626267 25 432.0 -69.0 nan -0.028799930261880817
76 150.42266593716778 232.60005964034022 0.4621377161503589 0.04490753994374718 -0.18176046654672098 25 3434.0 59881.0 -11.943222610893285 -1.0318255929678548
77 155.336072725076 233.52875484462993 0.3783686135269363 0.6497069476123871 -0.24451698498456953 25 3612.0 66462.0 -12.056433515238716 -1.062136628503208
78 325.0654510395694 239.07235842989422 0.6827846194058365 -0.21782078849402017 -0.6306736849521869 25 1005.0 11099.0 -10.113209628487837 -0.012556068642347559
79 636.3144160068789 238.96635328047014 1.053316106044497 0.182951970671287 -0.23057806680345333 25 1494.0 3645.0 -8.904243831634984 -0.6853862720017447
80 233.78058387034451 242.3418382452238 0.5452350793108948 0.13042700680187574 -0.8219870831081074 25 2247.0 28383.0 -11.132645743006933 -0.9679759994224845
81 388.7551051869682 242.1547340463465 0.41090697862136805 -0.15789961041629239 -0.9443675528212511 25 2898.0 42411.0 -11.568696281795454 -1.1634276843971438
82 667.9166137817913 244.45492778439493 0.6157130553007235 0.061333647281782394 0.23116198915773073 25 644.0 2841.0 -8.63367808430734 -0.09299092995480193
83 489.8369140989959 245.9462403588546 0.9242062357065275 -0.20474048279367946 -0.30464872316546715 25 1823.0 3606.0 -8.892564305965958 -1.0423383734288898
84 21.461664717828175 247.35952902670195 0.43042365301514585 0.060542365653658975 -0.8862819136032462 25 1261.0 17363.0 -10.599061913115344 -0.2705884928338131
85 786.7695333304313 266.45524218476163 0.46758337950767104 -0.47874756582001005 -0.9115460057028891 25 1372.0 20138.0 -10.760040841301915 -0.22785428351468923
86 140.1506548588342 279.9992115876819 0.30530022541554813 -0.3918148853075335 0.1006116644084229 25 1669.0 21931.0 -10.852646087239906 -0.8268311729401769
87 154.94129943440637 294.0864561390273 0.6618215206203953 -0.9403328961957499 -0.10859036999836165 25 937.0 5032.0 -9.254351581093031 -0.3688691509407443
88 713.6109375018991 347.96556369303386 0.3784459394582222 0.10736639543977221 0.025767994860850057 25 3641.0 68541.0 -12.089876091032465 -0.9273339699385359
89 722.3592086364268 348.3745410632807 0.4280138703703021 0.6925192332000135 -0.33792863881027146 25 3294.0 61141.0 -11.96583134402761 -0.815210929757336
90 630.2063900425417 359.0389543096652 0.765222150290788 0.3679879957589502 -0.06133226068239669 25 1721.0 4265.0 -9.074797588758855 -1.123545740712695
91 151.87538873970772 359.9560437199568 0.39988973296395 -0.1304688724143424 -0.9270279603135889 25 3156.0 51128.0 -11.771647011351249 -1.1248130764775104
92 657.5540707458758 362.84477951473707 0.7056132492158725 0.9107563464252452 -0.0006428040470973773 25 1434.0 2847.0 -8.635968667867388 -0.9778787030203201
93 413.4908112620596 393.2157323197226 0.36973475555802965 -0.10327046910633103 -0.1547796552222796 25 3628.0 67021.0 -12.065527258809379 -0.9570130086425697
94 418.9451217202877 393.8196725227816 0.38689910165134594 0.41892240509403067 -0.5188144599389723 25 3362.0 61632.0 -11.974515652771053 -0.8827498426824297
95 614.4324563917265 407.29019592397543 0.4471221092702773 -0.20066702176787662 -0.995029763263234 25 940.0 11991.0 -10.19713850744942 -0.10415557068493164
96 779.0246049167534 407.0655440251797 0.3888139975613654 -0.3265929119367495 -0.8207969684190576 25 3438.0 54423.0 -11.839456195113167 -1.3252211040712778
97 515.1777429109701 419.5545942697831 0.5058633039840587 0.3480280837768861 -0.9360901942639401 25 1282.0 17323.0 -10.596557763461751 -0.2883036544503154
98 695.0247053448071 424.9509318408752 0.7348991629262732 0.03651559462606009 0.09981722118914257 25 1951.0 6790.0 -9.579674435701254 -1.2351586891458746
99 34.15498463837014 429.0497197631258 0.82460285846788 0.24579460471931097 0.27994625284127467 25 802.0 2392.0 -8.446902938290933 -0.24029681438333556
100 175.528206942265 443.6639556463864 0.6389079598491674 -0.07795798638644681 -0.01537053991402542 25 817.0 3820.0 -8.955158407279272 -0.38112297028177483
101 347.9876853753689 465.5594148379003 0.4419206836496264 -0.2708778797247888 -0.8811904989001742 25 3131.0 48684.0 -11.718465634379879 -1.0964336210287056
102 521.5846459646107 465.47616829819907 0.5260833349155891 0.08369194811208015 -0.796490277157833 25 1163.0 16125.0 -10.518749308268262 -0.09419356274311969
103 463.2997393039028 466.9238630274871 0.4276605021861459 0.06019791841006951 -0.14046406585911342 25 3418.0 60979.0 -11.9629507451356 -0.9665249019300097
