test_CNN/outputs/tables/03041_a21103m0s0_sources.ecsv
# %ECSV 1.0
# ---
# datatype:
# - {name: id, datatype: int64}
# - {name: x_centroid, datatype: float64}
# - {name: y_centroid, datatype: float64}
# - {name: sharpness, datatype: float64}
# - {name: roundness1, datatype: float64}
# - {name: roundness2, datatype: float64}
# - {name: n_pixels, datatype: int64}
# - {name: peak, datatype: float64}
# - {name: flux, datatype: float64}
# - {name: mag, datatype: float64}
# - {name: daofind_mag, datatype: float64}
# meta: !!omap
# - {date: '2026-06-03 17:11:19 Eastern Daylight Time'}
# - version: {Python: 3.11.15, astropy: 7.2.0, bottleneck: 1.6.0, gwcs: 1.0.3, matplotlib: 3.10.9, numpy: 2.4.6, photutils: 3.0.0, scipy: 1.17.1,
#     skimage: 0.26.0}
# schema: astropy-2.0
id x_centroid y_centroid sharpness roundness1 roundness2 n_pixels peak flux mag daofind_mag
1 195.81204230436654 2.6203832614913565 0.5056204545499617 0.11945273082474882 -0.058508553593893356 25 483.0 1083.0 -7.586571141563301 -0.016039537472188788
2 304.9201439271119 7.830978354926901 0.39994615127338873 -0.30594392385104063 -0.8064457431763459 25 3118.0 46364.0 -11.665452242893961 -1.1152944262426734
3 602.6444277717236 8.21335302502395 0.3729060544487823 -0.34966888020953507 -0.6063882605333849 25 3247.0 50060.0 -11.74872711318051 -1.161590884793399
4 607.1135953727494 7.944740965284709 0.38862032045468065 0.2307923885639202 -0.8677291516115221 25 3072.0 47566.0 -11.693241578835208 -1.0241344470904477
5 529.5577276210581 32.818194828768085 0.4168382794521386 -0.6392386752337936 -0.9261863147668769 25 2433.0 35928.0 -11.388582605136646 -0.8165223740095541
6 346.58174753567147 34.6815323591872 0.433940274298079 -0.4634456295810387 -0.8345077202215786 25 2964.0 45608.0 -11.64760256999019 -0.9346012155352469
7 330.2673539835006 61.74978358946359 0.46514081685721437 -0.22067639997575852 -0.8119447791475258 25 1881.0 28949.0 -11.15408391566962 -0.29575695919524864
8 116.46970162433529 91.85167062869013 0.43398240096298657 -0.5454146136494705 -0.14838121788782901 25 3111.0 61868.0 -11.978665192142977 -0.32091653637289747
9 127.33384687520932 93.21052150839989 0.4160493948811624 0.7479369077209811 -0.18502060714425148 25 2795.0 56327.0 -11.876791552855767 -0.18922244884225034
10 832.9758614044052 94.34427929232551 0.4292878390348126 -0.1489076717233044 -0.2185923406217777 25 849.0 8245.0 -9.790476649951344 -0.11858585347572309
11 790.9199543829961 104.59424273927976 0.4309722642570683 -0.10983765889414172 -0.4255585090102862 25 3137.0 50744.0 -11.763461745973519 -0.9432621762485423
12 798.3378760107817 104.05186407942466 0.4298596158156889 0.20655610842172287 -0.83354660312099 25 2980.0 51043.0 -11.769840479190542 -0.7410825979319692
13 832.8267745278479 106.59492912255193 0.33166453629515424 -0.3831567548719039 0.18537636825110057 25 2354.0 31948.0 -11.261109189401084 -0.9737913554028077
14 478.99379964586325 115.21001079711607 0.9221847730188218 -0.2559815923226307 -0.5261825755710595 25 933.0 1124.0 -7.626915778082606 -0.22936931919549886
15 38.360740091985164 137.30342677355645 0.44503278541954977 -0.22075039175078567 -0.640478207520856 25 3035.0 48763.0 -11.7202260411439 -0.8961396248590541
16 42.58086719745846 137.70175082615893 0.4145426475841998 0.22170512198169826 -0.852498301161386 25 2907.0 50728.0 -11.763119350447262 -0.6534903178899925
17 780.9941639670097 162.5316479194404 0.40313136204488165 -0.6241458057601242 -0.8344481210282355 25 3089.0 50980.0 -11.768499577833122 -0.914131739162364
18 479.1689362548331 170.42968814863113 0.579076395391564 -0.5263582195831953 0.5982307768413818 25 14.0 -11916.0 nan -0.0551023209097637
19 832.5436118583249 175.52649893672773 0.3167883445438914 0.13038793510346205 0.26515859697317473 25 2547.0 37515.0 -11.435512376965459 -0.9558831148684936
20 765.5255681818181 190.76550809016624 0.46418579299228174 -0.707968679514402 -0.82080745406302 25 2727.0 39866.0 -11.50150665605619 -0.9246904105752717
21 221.08822520913012 196.6285805236558 0.5134240503838237 0.12900450869915767 -0.9668307890907514 25 1147.0 14765.0 -10.423083628252742 -0.031492984748331225
22 596.2726435628456 204.60212551015442 0.48305456282471054 -0.7309340583854766 -0.9475544247143779 25 1450.0 19486.0 -10.724306745534495 -0.36216771105950907
23 832.9909067554216 217.60870252639376 0.33043624442577063 -0.4316082941656128 0.13676587544019558 25 798.0 9472.0 -9.94110422344711 -0.13179512386402684
24 150.18887204948243 232.97621612509747 0.42272515962445356 -0.10486930394878057 -0.44604709276467 25 3171.0 55887.0 -11.86827699355961 -0.7685044575742727
25 156.46056236964782 233.30541868870537 0.4094052134750118 0.3926734581164305 -0.2999839414748704 25 3206.0 57790.0 -11.904631736165959 -0.6984942315912666
26 35.94733218497632 234.67277598541006 0.4510620585063384 -0.20528614101725848 -0.6669727569235481 25 1727.0 27343.0 -11.092115406154551 -0.1589842588330348
27 770.5498726034584 236.38378021223727 0.5368734388010822 -0.7125441978016345 0.0376847965710362 25 2723.0 14561.0 -10.40797800467617 -1.585345099527049
28 22.449940418914633 247.70423112592343 0.42572684948965145 -0.10840996235995634 -0.8591570180671494 25 1348.0 20977.0 -10.804358445510577 -0.05725921964638224
29 704.6076649563914 261.6811073411893 0.787472800775042 0.4725170207203251 -0.05759223165129277 25 1693.0 4526.0 -9.139286374046774 -0.8637095113200464
30 605.8502025111428 274.5747597812542 0.43470886706863127 -0.527243158712341 -0.8932866132453356 25 2722.0 39286.0 -11.485594530774607 -0.9437337751877568
31 713.2286149442514 348.5556269456203 0.4519687039670715 -0.13867527847815203 -0.12381400760072324 25 3141.0 54841.0 -11.847763413366367 -0.7560280388918189
32 720.1053056477465 348.21123885183454 0.37989962853894926 0.7533970463980187 -0.5149955582990133 25 3258.0 61618.0 -11.974268994646398 -0.6233208043488494
33 151.01074404276957 360.37775338030326 0.43666246985791213 -0.27661081845290647 -0.9308008444059921 25 2777.0 42549.0 -11.572223394037103 -0.8559634593018312
34 412.93666642785973 393.4652491867622 0.43572607660328955 -0.16541935342802563 -0.3549228661127621 25 3241.0 52854.0 -11.807694650924647 -0.9313516009251686
35 419.5236978025955 393.527830757366 0.33238276752236845 0.6185490837980727 -0.559349747567788 25 3345.0 64030.0 -12.015958754560419 -0.7190910737285684
36 775.5776995604837 407.51182455447866 0.44972884605245556 -0.1046155917404732 -0.87413922421746 25 2922.0 43449.0 -11.594949463499136 -0.9963769881915732
37 831.3937752435432 432.2312471144975 0.4410043739976778 -0.7152521184499303 -0.7718806828312558 25 2164.0 28370.0 -11.132148339489632 -0.8099840663312137
38 404.8843812121348 438.4141811488784 0.4048022990889163 -0.27791684283789736 -0.9827886483532057 25 2605.0 38952.0 -11.476324403844595 -0.8678197594104348
39 347.24529681788886 465.7022910240943 0.42632264569817235 -0.47187837520652454 -0.8779512483321121 25 2816.0 41473.0 -11.544413629302362 -1.0085306095438715
40 159.15263930868917 467.33366156312263 0.6410627382100428 0.39025282582690485 0.1944744643785149 25 653.0 1730.0 -8.09511525782199 -0.08723557558027295
41 462.4351857700769 467.49872852303736 0.3668707494591546 -0.3615863765634892 -0.08414539650570185 25 3427.0 63858.0 -12.013038281336723 -0.745860111755992
42 470.41812110315914 467.70532130094847 0.376663051501056 0.9663759520837772 -0.13533718029058683 25 3368.0 64489.0 -12.02371410648318 -0.6800943946946059
43 739.4305137466613 467.9275477729058 0.4688840310740219 -0.6368829650290722 -0.9084481342244715 25 2816.0 38494.0 -11.463482604942728 -1.0164642274466928
44 661.3909154018202 488.1899824251326 0.3579023728119612 -0.366683603739065 -0.7720423728576401 25 3216.0 50878.0 -11.766325077452134 -1.0740301524658267
45 739.5285397914561 499.2905609482514 0.4548092756313823 0.03590779038868187 -0.8312521912616473 25 1324.0 17540.0 -10.610073972575053 -0.3309958192666745
46 46.613079542913425 552.5020940672708 0.3815277395330371 -0.42855068490050574 -0.9466473796106594 25 3168.0 53108.0 -11.812899866458842 -0.8653956782620252
47 31.774038156139795 554.581303184375 0.4422720358365294 -0.41508450705277944 -0.9963241726043438 25 2607.0 40450.0 -11.517296314870729 -0.668785936739643
48 585.5902075328484 553.5471089153813 0.40245908253959395 -0.11011212101927437 0.23457426185315675 25 544.0 4647.0 -9.167931681197171 -0.04330255442871869
49 228.8081808778118 567.4806474395108 0.4300346462241198 -0.12979670004234273 -0.7735727569638657 25 3011.0 44143.0 -11.612154612230158 -1.0299510820405295
50 293.7339839762103 594.4996809445523 0.6459586705929153 -0.25397319354611764 0.05788332238067473 25 2458.0 10860.0 -10.089574563132071 -1.3617668108158332
51 569.5820769442273 596.836077491658 0.9371245173222993 0.01882374277819151 -0.21203947746334886 25 1346.0 4596.0 -9.15595005004062 -0.4750257495102438
52 183.12502036446855 600.0732981828301 0.6302617373706201 0.2063882229293332 0.2638170443283398 25 2755.0 12698.0 -10.259338306845834 -1.4927962558232095
53 271.08599494759676 604.4296072247037 0.7769891901842586 0.16158504680969887 -0.04339517421827297 25 801.0 3278.0 -8.789022373086201 -0.10088042088356552
54 378.73102394895034 603.991787691143 0.9642967316498361 0.8092617152032459 0.6438738815557062 25 936.0 3429.0 -8.83791871278736 -0.03685578015878379
55 0.9264997410013889 619.2219248448389 0.33900611007605036 0.2531789673931905 0.1409105631275723 25 1035.0 11979.0 -10.196051412285001 -0.3822229855716703
56 714.8452704602777 626.355662333821 0.4623138688249864 -0.8361101271851749 -0.2606456606966654 25 1416.0 21686.0 -10.84044863359361 -0.09035824104240628
57 414.8297973623666 636.1117181935408 0.5252700974420417 -0.660920400539922 -0.8859013162370264 25 1720.0 21451.0 -10.828618857194492 -0.4594848651839072
58 833.3182784124792 638.46150166195 0.30920031109706636 -0.0709391709610349 0.2625624341267347 25 935.0 8392.0 -9.809663687963754 -0.5327036849612655
59 340.8452991403978 672.7825726449925 0.8985224984189306 0.6336181678505354 -0.17493809015164563 25 904.0 4146.0 -9.044073244394605 -0.057833402326335805
60 372.02732855673395 684.7327028415402 0.9753046773086786 0.6950613471108807 0.234698845800688 25 964.0 4305.0 -9.084932889474185 -0.0005024620985124599
61 142.9456737240773 705.9311395268977 0.39825674514422177 -0.18941267848356974 -0.952131266574071 25 2661.0 38780.0 -11.471519511856716 -0.9746795056972961
62 272.6769942698783 711.6793355183763 0.42733198834205915 0.6279293966259503 -0.5632843060494861 25 56.0 -16864.0 nan -0.6670750389018049
63 554.0429617223834 710.9987476061776 0.7436975989738104 -0.05787685509520777 0.8154330138707465 25 814.0 4987.0 -9.244598420545907 -0.027392578812497112
64 84.55796064677686 715.0556095818898 0.3681830873880105 -0.23518202223891113 -0.6455336667532918 25 3260.0 53611.0 -11.823134770368409 -1.000698660490272
65 91.1673851322741 715.5637352168972 0.4130479793834948 0.2985556671928674 -0.8154130294477968 25 3122.0 53036.0 -11.811426904845705 -0.815404280446625
66 1.9007748425772713 732.5638057464271 0.36195291322638634 -0.08288790519470754 -0.45496565277825096 25 2088.0 29605.0 -11.178412663545048 -0.8007831687777629
67 17.521471390916936 736.1146289759729 0.4480667013506026 -0.3325670516066487 -0.9668710054598312 25 2959.0 46836.0 -11.676449493322183 -0.9864708199060329
68 28.13427411353997 736.9187629176034 0.4000746766214597 0.6740627555095707 -0.4990172110612952 25 3226.0 57753.0 -11.903936371826289 -0.8581482326342333
69 322.61734416848265 756.385835858778 0.5607542339578592 -0.10612226347332267 -0.8281141224611921 25 615.0 -1348.0 nan -0.29752672792601303
70 477.04123084599047 759.2472936998809 0.43178591441082037 -0.16325548327497919 -0.9975372829208935 25 1785.0 23796.0 -10.941259900632318 -0.5726809323440106
71 799.8056095319603 777.8861553747389 0.9223406816009689 0.03664842327079993 0.05474423459924072 25 1268.0 4338.0 -9.093223869195436 -0.42953138037913235
72 557.9816713993309 787.3383794131056 0.5364853287637851 -0.16308157278820562 0.3444680850583413 25 1172.0 6206.0 -9.482029428120368 -0.7543698588292767
73 304.71586440737934 808.487257369021 0.4499353965559904 -0.411383565129734 -0.9012318209533947 25 1814.0 25769.0 -11.027743913770696 -0.5213219002495644
74 690.5031027525032 810.4101609625903 0.48735718316604126 -0.12019161297350218 -0.8925050153100569 25 2955.0 41411.0 -11.542789295118428 -1.0749829401209676
75 74.56871536977728 828.0056232774602 0.3609692932864556 -0.16782822980962328 -0.45689829691559275 25 3303.0 57006.0 -11.889801421188045 -0.9300597908145394
76 82.32332762535864 828.6508199843281 0.36402949072266805 0.5423848277024987 -0.6730365628293433 25 3215.0 57011.0 -11.889896647005727 -0.8890930676148624
77 77.97019779419068 831.9901563605698 0.2903073922942251 -0.35056318853381924 0.0031210971259091652 25 3118.0 51599.0 -11.78160321246482 -1.1901041305957085
