test_CNN/outputs/tables/03095_a21680m0s0_sources.ecsv
# %ECSV 1.0
# ---
# datatype:
# - {name: id, datatype: int64}
# - {name: x_centroid, datatype: float64}
# - {name: y_centroid, datatype: float64}
# - {name: sharpness, datatype: float64}
# - {name: roundness1, datatype: float64}
# - {name: roundness2, datatype: float64}
# - {name: n_pixels, datatype: int64}
# - {name: peak, datatype: float64}
# - {name: flux, datatype: float64}
# - {name: mag, datatype: float64}
# - {name: daofind_mag, datatype: float64}
# meta: !!omap
# - {date: '2026-06-03 17:11:28 Eastern Daylight Time'}
# - version: {Python: 3.11.15, astropy: 7.2.0, bottleneck: 1.6.0, gwcs: 1.0.3, matplotlib: 3.10.9, numpy: 2.4.6, photutils: 3.0.0, scipy: 1.17.1,
#     skimage: 0.26.0}
# schema: astropy-2.0
id x_centroid y_centroid sharpness roundness1 roundness2 n_pixels peak flux mag daofind_mag
[from data line 103]
104 52.96094888945148 551.1652206013603 0.3689329403387079 -0.28602190806248834 -0.6735643904285548 25 2691.0 42418.0 -11.568875469418803 -0.9548902975136813
105 43.185267205810526 555.372702012261 0.39179398701580065 -0.6615407155149253 -0.37025356403306114 25 2794.0 49333.0 -11.732843815608016 -0.6949218206110424
106 210.51671232336707 561.6793032849438 0.705331874083565 0.7997733645768313 0.12141282096594681 25 865.0 6664.0 -9.559337470996828 -0.19214143215860996
107 28.28573889587318 562.0691334830491 0.7641423205899126 -0.30551541916272484 0.46445380047009016 25 1454.0 7341.0 -9.664388060178629 -0.7016651360022348
108 234.82909423205322 566.0923531332597 0.40320008941449154 -0.7482066710789929 -0.8992800597335037 25 2467.0 38476.0 -11.462974790156657 -0.7569873991842113
109 424.59547330382003 611.5551890323569 0.6811796671244174 0.7133566301415186 -0.08038032508390026 25 1360.0 7860.0 -9.73855636509852 -0.7006575893993141
110 560.5410919713661 616.3868457727208 0.5480336596067061 -0.5009255958720313 -0.49302998509772444 25 1679.0 27245.0 -11.088217030600319 -0.19053330447811503
111 713.051360236122 618.5034672356096 0.46133064533450063 -0.9139708557083677 -0.7850424374996751 25 2026.0 33941.0 -11.32681158435338 -0.41680124807640817
112 368.93741705507205 635.1226559829993 1.0109527106414344 -0.22408445506526284 -0.5751940354065882 25 764.0 -53.0 nan -0.05281496234952639
113 125.7016277592564 637.9408575851044 0.9509960876646678 0.0738995301786933 -0.07865830574179311 25 2256.0 3724.0 -8.927524180773263 -1.1662639125314114
114 382.7959126314502 641.1163472565926 0.9854296548030966 0.021203496103710175 -0.004222473169010306 25 1401.0 1795.0 -8.135161132285845 -0.6482272751771077
115 122.92776941546929 646.8188263150427 0.6243216741664185 0.14741944559876005 0.5583306984526769 25 1493.0 5526.0 -9.356027201451232 -1.0338714645896108
116 353.0461436537329 655.3087404036639 0.34866728494679655 -0.01762463900175211 0.5958361307035216 25 757.0 7395.0 -9.672345445832278 -0.232743163989073
117 157.86053143802033 661.6415576832688 0.7811983207179946 0.5609631731997853 0.1937749582481966 25 773.0 2371.0 -8.43732888494547 -0.14334476695213103
118 144.9142529809685 674.0522911997526 1.0516665711022537 0.09007298450959415 0.11756940206101858 25 2105.0 3486.0 -8.855818456934937 -0.9817381602356967
119 11.023441081246528 693.964268751164 0.9395759335664062 -0.8502289786920004 -0.22743099008983028 25 1175.0 3123.0 -8.736429960575498 -0.4050848857723488
120 392.98219683146715 706.0434827452857 0.8209804351234347 0.06406344119909825 0.1104178577380718 25 2816.0 6587.0 -9.546719158603786 -1.517215302103991
121 42.74851552189757 709.5388102853763 0.6418863254172023 -0.28447236207579185 0.23157145773470933 25 1132.0 2801.0 -8.61828277205892 -0.720196313835175
122 139.0652729106673 709.3089537719309 0.47624188301101206 -0.8472938986496198 -0.30893081790196075 25 1870.0 25831.0 -11.030353048541631 -0.7159211875711878
123 86.29202242876062 713.4004318170665 0.42358139528179495 0.45098983286936684 -0.0788188192976611 25 3064.0 58142.0 -11.91122491697029 -0.610712272611219
124 92.5783214554192 714.0521568909497 0.49041753985237335 0.07945941646670225 -0.4309617720792707 25 3070.0 45077.0 -11.634887512068712 -1.0171727148347722
125 34.21337797110277 718.9553734972541 0.6787082983258091 -0.4444335466819721 -0.11388951470376227 25 649.0 110.0 -5.1034817128955625 -0.1712243140431688
126 81.09639298185179 718.7440281361386 0.3866410834900405 -0.4305024819360782 0.0828845435150879 25 3168.0 53357.0 -11.817978508414768 -0.9282070509417064
127 574.0918168626453 722.3270820744639 0.7244780776439886 0.003931405277770583 -0.38691125128015885 25 881.0 3604.0 -8.891961955767563 -0.27257434387774665
128 780.008488858568 722.0758996699956 1.077285290343596 0.47013688181145785 0.12708293803792967 25 1439.0 2318.0 -8.412783579068943 -0.5815813718617766
129 290.8844470983167 726.0582453753192 1.097136549352609 0.10062777254674667 -0.04204404180228755 25 1362.0 1073.0 -7.576499304914877 -0.5267641752791614
130 1.9354099552829367 733.0922245366096 0.4484955894092143 -0.6376608087540682 0.08087302662035079 25 1781.0 25923.0 -11.034213149637322 -0.48655220789120923
131 29.429412630571804 735.2368531149064 0.5045415210531645 0.3088166891006898 -0.28399359358752113 25 3349.0 51040.0 -11.769776664282766 -1.0727896547718017
132 17.45199725508118 740.3644659927014 0.406366453777574 -0.6420377301557808 0.6069017222062006 25 3484.0 62345.0 -11.987004073185881 -1.0100765820834692
133 555.6394021517349 740.9596706939544 0.4182856395623732 -0.7954665067870501 -0.7237776054333117 25 1481.0 24228.0 -10.96079391247816 -0.24911412893250684
134 40.78730000028969 756.6124840499916 0.28325296854847176 0.023968395771064504 0.11146736697073376 25 609.0 5121.0 -9.27338693958599 -0.3829868831390168
135 31.16574334781296 757.9561077275898 0.9929962802487843 -0.2735699688233777 -0.17135939093992314 25 977.0 1397.0 -7.862991015285454 -0.28227718308201816
136 413.3289924730631 759.0114930571701 0.5861554724570884 0.4615302232943406 -0.031183185745536492 25 1546.0 9723.0 -9.96950071437968 -0.8751749819494838
137 478.73014622224235 759.2865154827593 0.4069069695705309 -0.41687585504106167 -0.6806045456968138 25 1452.0 23812.0 -10.941989684699289 -0.16397510068305338
138 429.72264591801707 765.6774458869527 0.9071617572012277 0.2320137013491323 0.4933959511007188 25 981.0 3680.0 -8.914619546683793 -0.25418376350734634
139 496.0165977355275 767.3697203216673 0.4817134573276517 -0.7547294850512685 -0.42798545708915314 25 1564.0 24421.0 -10.96940860905389 -0.20591095446418353
140 401.02939493991084 777.2819548971262 0.8779566151751513 -0.13212215438470565 -0.15766678585887273 25 830.0 2372.0 -8.437786711730563 -0.1282556505113985
141 152.52660987089263 789.8139650175635 0.9507941123625586 -0.6395653739222337 -0.16373152494291615 25 826.0 2142.0 -8.327048666239593 -0.02220547689458464
142 70.14267354824206 796.8806312676988 0.7437302485573549 0.19093353415832054 0.03693556172454472 25 765.0 2981.0 -8.685904940081578 -0.10914814107382363
143 231.41347929901912 800.5458197007788 0.8608317275010477 0.5186058830225317 -0.022470025266738587 25 917.0 2001.0 -8.253117721590527 -0.29836512444056484
144 310.36875742652336 807.7505500850825 0.7612673472894886 -0.7150994647997303 -0.67294501679182 25 1837.0 18480.0 -10.66675491721022 -0.6137116452673768
145 700.8426795870323 808.6187402684865 0.5078126616726155 -0.3596268478888642 -0.67952826947026 25 2780.0 38793.0 -11.471883416070657 -1.0094477993794513
146 695.3185864250732 810.9215885076275 0.4330953811214719 -0.5441038978529413 -0.5776047111315352 25 2977.0 57065.0 -11.890924554005203 -0.5041420316563038
147 815.1434754272707 811.063328313598 0.9507914290836164 -0.48415671563207213 -0.3540392842219915 25 931.0 3226.0 -8.771660907632358 -0.12034025011069484
148 159.71886524727879 813.209196409877 1.3882282720057977 -0.7315646507044026 -0.13110804895408235 25 1084.0 1291.0 -7.77731560566605 -0.017440957162956128
149 688.8697840671902 814.6923868747963 0.4079047918507418 -0.5028159541374977 0.04376742699264721 25 3098.0 50477.0 -11.757733838937952 -0.9884581147408025
150 659.2746348511702 817.3874260688768 0.4341667070722598 -0.8289808237519618 -0.5731242705249237 25 2816.0 52716.0 -11.804856123282363 -0.503213634569781
151 83.26646131448061 827.1934540676691 0.38752651830652457 0.3441671065417895 -0.40267884327850806 25 3412.0 57317.0 -11.8957086278329 -1.0763104587200165
152 71.16358096607357 832.4770592824816 0.39946656711329454 -0.7283184242574804 -0.5464602717221628 25 2837.0 41053.0 -11.53336224808686 -1.1047202841105728
