test_CNN/outputs/tables/03095_a21680m0s0_sources.ecsv
# %ECSV 1.0
# ---
# datatype:
# - {name: id, datatype: int64}
# - {name: x_centroid, datatype: float64}
# - {name: y_centroid, datatype: float64}
# - {name: sharpness, datatype: float64}
# - {name: roundness1, datatype: float64}
# - {name: roundness2, datatype: float64}
# - {name: n_pixels, datatype: int64}
# - {name: peak, datatype: float64}
# - {name: flux, datatype: float64}
# - {name: mag, datatype: float64}
# - {name: daofind_mag, datatype: float64}
# meta: !!omap
# - {date: '2026-06-03 17:11:28 Eastern Daylight Time'}
# - version: {Python: 3.11.15, astropy: 7.2.0, bottleneck: 1.6.0, gwcs: 1.0.3, matplotlib: 3.10.9, numpy: 2.4.6, photutils: 3.0.0, scipy: 1.17.1,
#     skimage: 0.26.0}
# schema: astropy-2.0
id x_centroid y_centroid sharpness roundness1 roundness2 n_pixels peak flux mag daofind_mag
1 310.9045598412475 5.580178754800828 0.4110698354233527 -0.7091265764756025 -0.5770791439966684 25 2771.0 41432.0 -11.543339745024594 -0.9275103728210923
2 609.5145985422879 5.544678110659518 0.44820522509367394 -0.3101936579404381 -0.4531314284183372 25 3072.0 43466.0 -11.595374189167115 -1.141624926877441
3 303.1283279832327 10.058328492895996 0.4942773754357055 -0.662098187962101 -0.4006894382475748 25 2539.0 36934.0 -11.418565862131436 -0.8764459593307035
4 324.11867045203485 11.056560304339468 1.147498752715537 -0.22081936922766948 -0.06679265006145585 25 1017.0 2479.0 -8.485691316919553 -0.08371873560226067
5 338.8447673682038 11.00458522060839 0.7816415488647334 0.04175048345246029 0.12879204087550172 25 1515.0 5182.0 -9.286243521624515 -0.7928596841421786
6 600.4443188660725 10.845128014685779 0.39260726682203234 -0.6052169227251517 -0.05050993169391227 25 2967.0 46381.0 -11.665850270080064 -1.0874682652547056
7 289.8774160726487 15.290345222228332 0.917242502706267 0.6868567882331663 0.3342047565204234 25 892.0 628.0 -6.99489910934299 -0.19771377993660674
8 824.7394034847517 23.296191862156178 0.4209047544518114 -0.5157738462873228 -0.5335117284636556 25 2398.0 42024.0 -11.55874346948763 -0.5268592835148165
9 242.05745456552458 23.162806469668283 0.459793854641013 -0.8983790706924308 -0.5919902776702932 25 1568.0 24424.0 -10.969541978226513 -0.1918593329869807
10 41.57192949580371 24.030976976672143 0.7572336015944165 -0.10852614542142376 -0.0015787443391399787 25 1017.0 2555.0 -8.518477261176828 -0.49688982914646984
11 178.23110543274592 28.115051056723377 0.9866075605149266 0.006664407628668637 -0.18765595076300348 25 1229.0 31.0 -3.728404234585682 -0.5467069279866824
12 762.9070572751399 29.90601812913041 0.7792827005653103 -0.34750802894700084 -0.4084418836739153 25 1576.0 5023.0 -9.252407945398872 -0.8637732592168195
13 533.5586335673762 32.120621447133814 0.5064761270422422 -0.5447780683413951 -0.5934513606239432 25 2799.0 47608.0 -11.694199843141845 -0.5923365729401672
14 104.688397034922 32.71748621357774 0.4907618240003925 -0.6615051186520996 -0.697270849810663 25 1603.0 22788.0 -10.894265526961606 -0.3624390397171668
15 351.5762162291303 32.29861383760489 0.44766803230155716 -0.7534693600750613 -0.754258775801307 25 1995.0 25375.0 -11.011015127303175 -0.9403245373582657
16 344.2581627103452 36.71334678461414 0.3876262521249611 -0.8844327588390691 -0.41292200129050066 25 2127.0 34852.0 -11.355569263405094 -0.5815983440445958
17 659.0155832907676 36.86707579344443 0.7790258235735998 -0.3453985579419526 0.242062294804866 25 790.0 1223.0 -7.7185661425907135 -0.21587187149860032
18 674.1055739299298 42.27058129586809 0.6136642224201803 0.2638670409138145 0.4019003498234858 25 659.0 2508.0 -8.498318830396697 -0.0974974603629232
19 106.89422037851526 58.82679808798257 0.40972189663530406 -0.39778097094010023 0.06595884992815967 25 675.0 7998.0 -9.757453499493757 -0.0006482625632748893
20 330.2901098140988 60.95659567545924 0.3652981659521099 -0.2801133392329374 -0.2465181386103589 25 1314.0 18318.0 -10.657195136705763 -0.45064971060798475
21 55.008137946543435 71.5431888763841 0.47866680623153846 -0.07783690515950693 -0.1188222363145422 25 1801.0 27329.0 -11.09155935160382 -0.3715568090595338
22 471.69356946213276 75.32399954288849 0.4353011111622872 -0.5706308705406724 -0.6439582545673984 25 2003.0 32504.0 -11.279842023295888 -0.5446813753519796
23 548.9960565736206 79.00945796972917 0.9729640473839558 -0.13787647379615559 0.13051342926976148 25 1296.0 2600.0 -8.537433369927044 -0.5258173391953644
24 125.25280677005902 89.46409089371394 0.45416543926212843 0.6958633933625447 -0.1891283528818493 25 3440.0 59525.0 -11.936748510192295 -0.9589087329952946
25 57.77305888501983 99.11637689794587 0.4389787005274748 0.13413404546728286 0.17482556666103352 25 2771.0 47298.0 -11.687106942366318 -0.6564328610344674
26 797.8221671572818 101.89420160058444 0.44298842432447666 -0.06296301565721343 -0.46886769380570287 25 3266.0 49413.0 -11.734603054774851 -1.0705618627951492
27 206.0723994655628 104.1564699530192 1.126741492413968 -0.5242468094081659 0.23951596651966986 25 911.0 -709.0 nan -0.16601490019648962
28 832.8746878970896 105.88915755650817 0.3691771540704949 -0.16286384572023346 0.46974071403847556 25 1672.0 21176.0 -10.81460982073323 -0.7821918087303719
29 787.7975903561255 107.69912023548017 0.32386445492370447 -0.32606878121785116 0.10712175337866221 25 3396.0 60802.0 -11.959794662601169 -0.9343672576430901
30 85.24254661890863 117.45096008101828 0.4604401244774368 -0.4209615980200092 -0.7603112910589394 25 1589.0 24689.0 -10.981258749204365 -0.23270568491136986
31 428.2864702429256 120.90786242538647 0.648364121999284 -0.44373699108310244 -0.4957643175169235 25 2349.0 9950.0 -9.994557701864315 -1.4233861088831907
32 83.2697784946264 123.766767020847 0.6145953883845416 0.6512728332694679 -0.11814091603377729 25 885.0 4024.0 -9.011644930119678 -0.4355964381941446
33 44.803036561580086 135.49430490067363 0.36435687254596216 0.10390211369786503 -0.41625381817783585 25 3401.0 54078.0 -11.832551553625306 -1.165373672729169
34 729.1138537047038 136.43804526358107 0.43391616869451904 -0.49528137414023327 -0.6551757186882365 25 1231.0 16739.0 -10.559323773412192 -0.3342218676937519
35 35.43226876906322 139.95782795977877 0.4121689127847801 -0.2927939077694559 0.13215967140572885 25 3271.0 52317.0 -11.796607080989283 -1.134293255071565
36 771.346858035 141.17743377367054 0.8283130959747597 0.608416851701608 -0.15502032403503718 25 771.0 2739.0 -8.593980080634903 -0.019935224550317248
37 281.0241467721946 143.17945873424063 0.40682844161766873 -0.47582459016582024 -0.3577615675208395 25 2651.0 46989.0 -11.679990506625103 -0.6214874017656197
38 778.7273591109314 151.9162183671214 1.0538556833869952 0.15633789182098473 -0.2333101087223149 25 1177.0 3244.0 -8.777702113847797 -0.3199790679803716
39 786.2340024933803 159.9869909438756 0.39860853931907086 -0.4721762722102647 -0.5505509285811958 25 2695.0 42130.0 -11.56147864781712 -0.8864272889946968
40 777.1675794839796 165.5557667167929 0.42935924944072085 -0.8383717873563721 -0.07955991991264898 25 2658.0 38933.0 -11.475794674415319 -1.0194513312811027
41 832.6202509747292 174.95825214302437 0.30844532323614104 -0.6532516487810718 0.2804857625955705 25 1811.0 24927.0 -10.991675034221275 -0.903460985818998
42 257.3070757487622 176.99737078727014 0.27346992929951114 -0.42800603783170343 -0.4486191037255167 25 950.0 14291.0 -10.387656548059802 -0.09693398481128285
43 774.4117527589749 188.17122802017067 0.44347245406652086 -0.5549115868879447 -0.5295417409607385 25 2638.0 38627.0 -11.46722744897717 -0.9636512142846575
44 632.343647133378 191.00262968826036 0.6010130777550096 -0.7045825766999838 -0.44716580266227307 25 1331.0 18623.0 -10.675124108167902 -0.11433369312649908
45 673.5996815384841 194.00178240425763 0.7027686938479486 -0.3079149426061386 -0.09610636498486587 25 1474.0 4960.0 -9.238704191225494 -0.8707243536333931
46 764.9120984969788 193.81492111965497 0.3874765604092143 -0.7322008017644185 -0.09390800956702515 25 2745.0 42402.0 -11.568465854245915 -1.014118914101242
47 793.2650088900061 198.18177924274744 0.3674981684402388 -0.2870261229216168 -0.743368387110966 25 2029.0 35642.0 -11.379905164660236 -0.420480952214782
48 144.46399410489138 198.01185404112996 0.30270656460384787 -0.704939396445758 -0.7867928444668226 25 987.0 15065.0 -10.444922840023441 -0.08741030145676945
49 761.0221725941655 209.59319617262864 1.0299985916703664 -0.43473800305604954 0.08086319094791058 25 880.0 1947.0 -8.22341487880008 -0.06599147235810737
50 255.56959557932015 223.80031778751774 0.6282936445958955 0.35390343342276614 0.2500228982510525 25 1557.0 21982.0 -10.855168008827524 -0.23303792457317707
51 157.66698634898222 231.1540836662453 0.47116738291915555 0.29422739031733675 -0.31262890879296507 25 3383.0 51572.0 -11.781034934979912 -1.1196168709639156
52 147.15608162185228 236.06695992534173 0.39166722833916434 -0.06652440084952913 0.5823736408713629 25 3479.0 60948.0 -11.962398647190556 -0.9380038682232181
53 12.523975579557673 237.08027210623644 0.7404503778138469 0.10087345961319448 -0.08742849117017545 25 1641.0 8475.0 -9.8203492671878 -0.8532778379637818
54 393.86280117514 240.24605806402056 0.48280552173205543 -0.9355282931971437 -0.9641461278629931 25 1591.0 19945.0 -10.749585101614645 -0.5688020938981824
55 347.0862927072608 245.01141036125765 0.2651052499616181 -0.25257248488057993 -0.4344930105877631 25 1159.0 21196.0 -10.815634777105728 -0.08691311378952836
56 500.9832846967276 260.0711122913697 0.9164538505877847 0.6200781322676938 0.001047819501565895 25 833.0 1022.0 -7.523627239496735 -0.10035254463985585
57 568.8874334599676 262.8076522854024 0.5079351603570148 -0.9526164137145118 -0.600031146262708 25 1689.0 24274.0 -10.962853369011645 -0.4481214221907389
58 619.3076605771357 269.431440501024 0.38813304303062457 -0.689775817301176 -0.28018360366136197 25 1354.0 18006.0 -10.63854311452124 -0.5652850130001144
59 396.39992310774363 271.70920804496853 0.46522223697750364 -0.6129502176770487 -0.3699030872747433 25 1525.0 21645.0 -10.83839397537294 -0.47687043876069923
60 742.4910062552218 271.43669203341597 0.43290932231202306 -0.9894282350599569 -0.9336490429501978 25 2023.0 33304.0 -11.306240994696804 -0.3522054782970496
61 305.5061359301238 276.93411787893956 0.42148762614103125 -0.245990834226347 -0.5539487007071193 25 2715.0 50067.0 -11.748878923450384 -0.46927471698520384
62 412.96115428551025 304.72226000721537 0.7767796053894592 0.45749698994579013 0.8006327194125542 25 794.0 659.0 -7.047213536485025 -0.33570183489420413
63 64.20269508108342 327.1742970085646 1.3030535554932792 0.8303070798906379 0.1736817417899357 25 962.0 40.0 -4.005149978319905 -0.053548994731653865
64 41.94876410438264 333.3782519554069 0.8194257461388074 0.1794228789660589 0.6488678942296741 25 937.0 2043.0 -8.27567091658112 -0.33553858035579115
65 104.78352739700956 340.6497632961391 0.8131616137216514 0.6856620915512656 0.0667701099309778 25 1278.0 5638.0 -9.377812678838959 -0.4957233840423145
66 721.4984418249715 345.9519333427043 0.44686210374654933 0.32511036847471203 -0.31049272296091573 25 3344.0 51347.0 -11.776287686459042 -1.1130194562246223
67 755.2786347247323 348.0909233202174 0.23448394120225183 -0.36281778342004833 -0.7819895359311638 25 1541.0 27502.0 -11.098410694337502 -0.24885374245070963
68 709.67671936698 352.71300635020697 0.469800528886497 -0.1636238489729575 0.30073544862198437 25 3196.0 53452.0 -11.819909899339716 -0.8544642645294915
69 488.38418925463054 358.4872139052163 0.6871704419297322 -0.4105133477726207 -0.4345682552580869 25 1142.0 7371.0 -9.668816027999359 -0.49788123842365883
70 152.56018032339065 359.9952073547721 0.45593426869230097 -0.5006166081331054 -0.767789098912269 25 3033.0 54091.0 -11.832812526191008 -0.6516975807360104
71 722.1073320718219 365.00126969567765 0.36858946784996627 -0.4520575428147778 -0.42410062689526246 25 2513.0 48274.0 -11.70928321524406 -0.46084141087913205
72 207.71563081563409 371.18440079714037 1.1874997142642703 0.33033825701951375 -0.20444855559218128 25 931.0 1342.0 -7.8193812895824335 -0.006154830862059327
73 421.049285776726 391.49026250283123 0.45668556084750844 0.08979732596748187 -0.306344833772954 25 3308.0 51511.0 -11.779749952660403 -1.1113274007500191
74 624.6115939655751 396.76672987304227 0.5918034667429679 -0.8754703057175371 -0.6794741766621206 25 1930.0 23416.0 -10.923781773564338 -0.6729307322518562
75 410.13748430357566 397.3998809640622 0.49498232471876086 -0.12568802452108377 0.38259837488653803 25 3103.0 51755.0 -11.784880782303752 -0.8481543940439064
76 784.6097833443971 405.24584250372914 0.4459766103127854 -0.622642846944914 -0.5447434259983911 25 2751.0 41582.0 -11.547263435196351 -0.867080422626104
77 331.39287961651945 410.05129906806064 0.8868375932257647 -0.10038921795060282 -0.42247774845258323 25 1330.0 3543.0 -8.873427880832942 -0.6381811219949771
78 774.0014180632379 410.9371870078058 0.43029204757491835 -0.8147075049890741 0.07624054281390066 25 2277.0 33359.0 -11.308032558377139 -0.8498566278400189
79 25.820702214804093 418.13036357771534 1.2101028734038628 -0.1111272020298895 -0.2698112964176869 25 1317.0 771.0 -7.217635945127392 -0.3779396729766405
80 300.71128302344283 420.4410751300098 0.756862361462354 -0.8548769460890076 -0.4746716529263592 25 986.0 8381.0 -9.80823960163876 -0.11816597379829297
81 178.19402925779482 430.99802754491316 0.9626055252750594 0.5159254692523445 -0.010826230802790623 25 1284.0 2637.0 -8.552775324483585 -0.5487915574066261
82 784.6650950941341 434.3786359675166 0.406184112286965 -0.8317655778119699 -0.7439553256437984 25 1791.0 29412.0 -11.171311393249256 -0.38920450846550664
83 406.3604558915277 438.3050478849177 0.3814192274571912 -0.503898053126118 -0.7260896959793566 25 2221.0 39256.0 -11.484765112432147 -0.5063290248567797
84 352.9728685802291 464.41029367626726 0.40758003906546003 -0.7857058709362217 -0.8016860035777619 25 2613.0 41923.0 -11.556130882746166 -0.7532936968259691
85 471.7200395927817 465.5347007367832 0.34464240101817323 0.8512351155100696 -0.0014416582387294834 25 3506.0 62033.0 -11.981556961857304 -1.0610094277501143
86 745.8139294962722 465.83342919727414 0.4873137684549199 -0.688334998626965 -0.6639256602993109 25 2177.0 29667.0 -11.180684079027792 -0.7937812670582827
87 344.1490562575055 469.00641065702206 0.43380733561386503 -0.48746445310984565 -0.5547381958181044 25 2032.0 27975.0 -11.11692523800097 -0.9017458150879503
88 668.1953492066831 486.08632378156835 0.44244889983895963 -0.6572153009815841 -0.5349568193219095 25 2440.0 34760.0 -11.352699419441572 -0.8992424207083076
89 240.34772557734843 492.00911887369494 0.4858859730499131 -0.14694911717022452 -0.47632817326011284 25 486.0 1338.0 -7.816140283579511 -0.005096680827581184
90 657.8028654685393 491.7560558164215 0.375029253261997 -0.7289166632330655 -0.21939554363802793 25 2628.0 42723.0 -11.576654352894211 -0.8249675457974306
91 489.2512471074279 495.235082355469 0.8212136365904511 -0.8731754596611755 -0.4432428283748739 25 953.0 3854.0 -8.964779275798586 -0.2658926970196505
92 243.57970682976978 506.2426429071029 0.46895280204907935 -0.8380153867237078 -0.4311196039592508 25 2525.0 44428.0 -11.619141907988853 -0.41970733676912014
93 355.7771705044679 508.6369275385482 0.5198352082700702 -0.7527500977209944 -0.7283968317077338 25 2207.0 29187.0 -11.162973645280745 -0.8384983527684804
94 95.1534227549387 511.0830193561968 0.9021415540823585 0.30040198840159127 0.10732079834725618 25 882.0 958.0 -7.453413772696361 -0.24169430800025063
95 332.4224444711764 512.0442376087085 0.46362078170909465 -0.9218123369282838 -0.3495358148746076 25 1151.0 14346.0 -10.391827066248547 -0.33618497017198845
96 352.2058995518489 514.1742858925642 0.40749865737049884 -0.08510458699368698 0.28738088625746944 25 2580.0 46380.0 -11.665826860754922 -0.5856244154019347
97 416.03675955425683 515.8883029440052 1.3584158747375716 0.44488118161414114 0.2820748593653554 25 1010.0 196.0 -5.73064017839119 -0.026944814014545078
98 598.1639694282609 515.8137214018828 0.7308920500762509 -0.34542988445157685 -0.4249420467504154 25 1113.0 3492.0 -8.85768558758383 -0.5871392925505321
99 125.43300249974008 525.4685151624421 0.3124375453617586 -0.6392784161458066 -0.8901675209057314 25 1856.0 32128.0 -11.267209227822265 -0.5087809688695779
100 142.4965907549513 541.795234472922 0.7362483099896904 0.32881871591113726 0.0384012234389761 25 673.0 1065.0 -7.568374019436891 -0.1591282780975664
101 495.38204004487653 543.0948679874548 0.3955724401133538 -0.9833592738964627 -0.6733696123622739 25 1406.0 22584.0 -10.88450216284716 -0.3452361412370422
102 309.6930379002392 545.126656192008 0.48339223930638336 -0.8118142342631723 -0.6510658527797909 25 1657.0 25564.0 -11.019072022191295 -0.3039713349287485
