test_CNN/outputs/tables/03094_a21678m0s0_sources.ecsv
# %ECSV 1.0
# ---
# datatype:
# - {name: id, datatype: int64}
# - {name: x_centroid, datatype: float64}
# - {name: y_centroid, datatype: float64}
# - {name: sharpness, datatype: float64}
# - {name: roundness1, datatype: float64}
# - {name: roundness2, datatype: float64}
# - {name: n_pixels, datatype: int64}
# - {name: peak, datatype: float64}
# - {name: flux, datatype: float64}
# - {name: mag, datatype: float64}
# - {name: daofind_mag, datatype: float64}
# meta: !!omap
# - {date: '2026-06-03 17:11:28 Eastern Daylight Time'}
# - version: {Python: 3.11.15, astropy: 7.2.0, bottleneck: 1.6.0, gwcs: 1.0.3, matplotlib: 3.10.9, numpy: 2.4.6, photutils: 3.0.0, scipy: 1.17.1,
#     skimage: 0.26.0}
# schema: astropy-2.0
id x_centroid y_centroid sharpness roundness1 roundness2 n_pixels peak flux mag daofind_mag
[from data line 103]
104 500.6750296713602 418.2581635382269 1.136838426388643 -0.29948890786072135 -0.4243868163127993 25 1732.0 4718.0 -9.184394841373942 -0.36502951496746044
105 707.3994727561965 420.3880838915167 0.36808398752256444 -0.8724720180885224 -0.3292704431388927 25 1635.0 27092.0 -11.082102667335809 -0.04676584061882914
106 661.1075116919661 421.92827090994865 0.9739889952702688 -0.2621518176554459 -0.35414355366030675 25 1266.0 3568.0 -8.881062114260214 -0.21290200040666185
107 825.6730295803262 426.633547731264 0.47549248166398783 -0.5021359075199041 -0.5855759459349621 25 1818.0 24160.0 -10.957742324872735 -0.3973528010594114
108 777.85591236006 430.31234167944535 0.5350912153436853 -0.5812859507322458 -0.5007414908351763 25 2328.0 37465.0 -11.434064342335299 -0.2939030892674813
109 803.8267736981269 430.839367505301 0.8021384197788776 -0.05104927281953058 -0.45270435359328726 25 809.0 427.0 -6.57606968756256 -0.01593426916656137
110 817.4251178778495 431.51719252400426 0.3606798413276134 -0.7523586058996883 -0.16509382498067232 25 1716.0 26513.0 -11.058647179548782 -0.37962927986905864
111 59.55453580432571 447.6290170488184 0.5904763843779621 -0.8088156263971669 -0.9348927656638952 25 1898.0 23457.0 -10.92568116962382 -0.3975846747272399
112 48.65097664164371 450.8483755694356 0.40376130594670845 -0.3609738315122107 -0.12419980333950195 25 1890.0 27826.0 -11.111126951984795 -0.4321637037972127
113 148.89081581372574 455.85665740320536 0.5040765206704632 0.26852307458039454 -0.4878442040750463 25 1082.0 6318.0 -9.501449053922826 -0.4057481039860087
114 344.1588555029905 459.70352521751425 0.4391283027880295 -0.6193416635252322 -0.8195174213091053 25 2685.0 39415.0 -11.489153827247257 -0.6814644244222758
115 515.1715711299918 459.07633628158067 0.7991997561442571 -0.07156043262982238 0.23622474183414874 25 2620.0 18898.0 -10.691039611633622 -0.8763736694776425
116 462.65951998373197 461.1207540237292 0.4101102254146406 0.7920089212286069 -0.17014249239290324 25 3698.0 61291.0 -11.968491767972338 -0.8554520979401181
117 737.4717157629843 461.47497084431535 0.4268620323646306 -0.686263086687489 -0.8310637345426345 25 2840.0 38609.0 -11.466721383100131 -0.8567320285010611
118 335.95109347755937 463.50406068750294 0.42583519277652204 -0.6523206484886245 -0.3081735920437967 25 2882.0 44250.0 -11.61478318758461 -0.700644828085585
119 452.8927794024878 466.0677162355446 0.4563471447010143 -0.7769553110724378 0.5346600568625037 25 3576.0 63266.0 -12.0029259425236 -0.7456264734496353
120 728.4000350068302 466.4686291969676 0.4714640573980986 -0.9827465458026363 -0.30809778178306507 25 2503.0 34206.0 -11.33525572846944 -0.6683527119598494
121 18.05518828844421 475.09208406645996 0.9396441051054201 -0.33819195998550833 -0.26145260105881485 25 1157.0 1569.0 -7.989057358967342 -0.20775261580901128
122 659.8465346316336 481.7540924761998 0.48242634315308947 -0.24195351154776634 -0.5767834243047095 25 3159.0 43894.0 -11.60601289827169 -0.8080985033542323
123 674.2663103628743 485.63720087973934 0.3055623798074513 -0.6353715961131323 -0.7176320340906811 25 994.0 8806.0 -9.861946702808767 -0.3422054364473837
124 650.3523389621081 486.82062619987636 0.40988658004480216 -0.7773985163199022 -0.20087605505814007 25 2837.0 41311.0 -11.54016426977174 -0.7976791877859625
125 423.1872199547686 488.4228169192375 0.5686219948433985 0.7859746402427601 0.44596799716012053 25 871.0 2595.0 -8.535343405461193 -0.22504498034685222
126 238.9610082857295 500.0597676136891 0.3494267357661514 -0.45651152319081345 -0.5472718327797927 25 1914.0 29710.0 -11.18225662950916 -0.32381585450664246
127 346.2117172515578 503.9318253385783 0.3792278151213369 -0.5653943915398331 -0.885929335787168 25 3009.0 48971.0 -11.724847431275261 -0.6675919591662026
128 462.7827794277983 507.94607895146765 1.164925221249977 0.5264803026467444 0.2846893913971477 25 1150.0 -667.0 nan -0.06648982851755111
129 570.9739177314431 512.0979941913141 1.2830784580763768 -0.032529322211528586 0.014825403375424625 25 1715.0 -54.0 nan -0.3792759829029301
130 690.4577147820551 513.2933972364394 0.3619886399636218 -0.3402238578362333 -0.460837845466761 25 1333.0 20563.0 -10.782716188794506 -0.036968450402217294
131 317.27995138669326 514.0741565192739 0.9280503497613605 0.4541104073457614 -0.08474324913776447 25 1273.0 1501.0 -7.940951730608176 -0.2770877933888481
132 120.34740816237321 519.4611725105033 0.48198923428061113 -0.5833289368804211 -0.8548494630107466 25 1641.0 20392.0 -10.773649556153028 -0.26822486581479643
133 269.42072081170426 519.2431751344898 0.4755143530522693 -0.4453303632715837 -0.7476108049766945 25 1678.0 23037.0 -10.906064805771576 -0.3014014393570781
134 342.15358221130634 524.9307845242638 0.9984489164646226 -0.06658734544326678 -0.3109881890732088 25 1117.0 3514.0 -8.86450439289819 -0.014667358530358872
135 300.8752106900162 539.5710451451345 0.35223534200153217 -0.6750805578686705 -0.9105143359716904 25 2060.0 34052.0 -11.330356561800834 -0.15891814118987654
136 482.36049877047134 540.1029689477328 0.7336125578417586 -0.5160324825952606 -0.17615230086246664 25 1493.0 19297.0 -10.713724492115732 -0.01882722676820433
137 489.19928950899435 543.8300499051609 0.6321800120389085 -0.11339063026452617 -0.25221140699126676 25 2053.0 28610.0 -11.141294644513156 -0.16237845410904148
138 45.473597359735976 546.0218995895954 0.4838502901985666 0.02747061557052315 -0.9229883066342857 25 3081.0 45011.0 -11.633296654188985 -0.8674620634982461
139 31.565228891761098 549.8156068603557 0.4361667854842657 -0.204887123115654 -0.8395399221080861 25 2833.0 46236.0 -11.662450637651565 -0.7479115896245074
140 225.17521844398118 560.8611715764239 0.3829237348320064 -0.40685175448770233 -0.8160491841645106 25 3131.0 48149.0 -11.706468179378707 -0.8476754244221585
141 216.84636533702678 564.6812573387037 0.37344535295421855 -0.726725246352561 -0.3561944854097884 25 3143.0 53497.0 -11.820823570942018 -0.6620395889759355
142 725.1897095617389 565.1416444565014 0.768023977246711 0.12601717938626558 0.264643236696207 25 3140.0 7496.0 -9.687073944699305 -1.3912104907436809
143 612.2222291434658 568.8679306310823 1.0951131828087886 -0.211095947064065 0.43967371180463927 25 1498.0 1416.0 -7.877658133384376 -0.3307782034281035
144 607.261429610044 593.8057204753089 0.9755784390047995 -0.3828085329615761 -0.029957203350975393 25 2547.0 6869.0 -9.592233790941085 -0.91950032580002
145 271.28608586094714 596.4636371233937 0.5005181847883221 -0.7968988772935598 -0.1315862198969063 25 2042.0 28243.0 -11.127277065071802 -0.4577864807236647
146 563.8286924658687 609.7459194851759 0.8035393479777561 0.45277563479066496 0.537645465522973 25 2042.0 7219.0 -9.64619260453335 -0.7759995778036415
147 280.9186244645454 611.7973480037426 0.4638113603214986 0.44456853178818345 -0.05980796374820255 25 1498.0 22951.0 -10.90200403241963 -0.025624326403516695
148 653.9454669587398 616.9799026929028 0.9667422693027743 -0.6699638799639933 -0.508081252143023 25 1309.0 169.0 -5.569716761534184 -0.3405177808585272
149 698.9218681336869 616.151630385191 0.503775902919259 -0.7261721512961998 -0.40413661227507675 25 1718.0 22924.0 -10.90072599946428 -0.24986477280049985
150 151.63048374498703 619.9358347125394 0.47425939474140594 -0.4434920297152696 -0.7786439607607156 25 2147.0 37247.0 -11.42772824734745 -0.03831017621691606
151 354.7069704506598 639.8207108070402 1.0422006172425182 -0.27286895267674993 -0.6268782459071871 25 989.0 -400.0 nan -0.030448389385313412
152 145.75073811345584 643.0643037655702 0.6958194256627317 0.09741429780341902 -0.40944867815838665 25 1505.0 2330.0 -8.418389802565047 -0.7124335545118505
153 630.7091136641601 655.187952278169 0.8636341701400565 -0.0785761030091421 0.7456103253241532 25 1477.0 6549.0 -9.540437476072004 -0.28071422665273665
154 338.6146998203197 671.9974544325112 0.5473135235742453 -0.7733230871240944 -0.20915705041577737 25 1134.0 13333.0 -10.312319697776333 -0.025739037948533505
155 189.95506050768148 672.9220601699019 0.7868593988102333 -0.33145621511984136 0.5023930756405336 25 1785.0 5004.0 -9.248293252553456 -0.682649046013738
156 72.31464029166949 677.3693473524492 0.7902684131114602 0.24575108381901578 -0.14618407977764417 25 701.0 -975.0 nan -0.01241892138944422
157 72.65138017262059 688.4171899543554 0.7541012703821389 -0.21469786990190964 0.36453977730251935 25 1034.0 1444.0 -7.898917983084051 -0.21071506694562625
158 808.6299902192853 688.0966993844443 0.8561985014019017 0.4220294412317034 -0.10188210859880696 25 1103.0 2854.0 -8.63863492194657 -0.12438129998700234
159 673.9793218626403 693.65350114711 0.4140645580218546 -0.940195582149952 -0.8980626883086646 25 1854.0 31527.0 -11.246706616892544 -0.0994251241831897
160 138.49884498722548 698.534296906022 0.44400612930500866 -0.5118366184619989 -0.7889077612057935 25 2573.0 32320.0 -11.27367838025637 -0.8672756374940196
161 506.83925908197733 700.2931235540809 1.0868979940782146 -0.2816006804913594 0.06214456932841951 25 1490.0 -237.0 nan -0.39352484647072317
162 129.5412957459523 702.4839921066794 0.43145053462765715 -0.6209126823624344 -0.27528305849998536 25 2367.0 34975.0 -11.359394307909662 -0.5709143801493947
163 298.1040401259379 703.7836770919956 0.8046394452307059 0.2696762693607169 0.8898774301699105 25 1072.0 3570.0 -8.881670540280483 -0.10860480016264766
164 80.70234914565319 707.6867565791873 0.5012575769487839 -0.11947432776035244 -0.5743073741707453 25 3281.0 44840.0 -11.629164009807338 -0.9802372746013993
165 324.26202699943116 708.3286492513863 0.782361682356981 -0.049597818798714 -0.12734843392022888 25 1889.0 6022.0 -9.44935187794185 -0.7282016524425896
166 546.9112334200032 710.1017812076702 0.9203375847024595 0.08849042058682331 0.25888526302904563 25 1087.0 858.0 -7.333718219621764 -0.16392383794615933
167 156.08608899503972 710.8502211120444 1.1050488407424102 -0.26012754922355297 0.021468751592496962 25 1476.0 -204.0 nan -0.3938116981013631
168 71.26434828893109 711.7527871527559 0.4411645670260925 -0.44810800533574446 -0.24853978756878314 25 3066.0 46838.0 -11.676495855651321 -0.8506710754204795
169 0.3884313816991403 715.4001960442251 0.7079950780213773 0.6988701273403124 0.5209963242597344 25 2345.0 11198.0 -10.122851157897411 -0.9445300179176854
170 302.1182233462891 715.1170497491332 0.5425237594363232 -0.4116864201612297 0.771087114949878 25 961.0 5025.0 -9.252840165231316 -0.273442867289619
171 684.1380527484234 716.9870811039775 1.5190647686157093 -0.22361061580344735 0.18464609237420915 25 1884.0 280.0 -6.117895078355549 -0.27983811774868095
172 52.99805511937098 725.9129437672973 0.6677232328483863 0.22353602357707425 -0.13397705006044064 25 1618.0 12267.0 -10.221845913184996 -0.48944751307160317
173 17.312686715398897 728.8472737345155 0.4251119936571402 0.6469654843968223 -0.1684290368577988 25 3578.0 56796.0 -11.885794376289047 -0.9278264117374714
174 29.197752201015845 732.7400836872022 0.8554434734024576 0.39895601540524006 0.42754105721347696 25 980.0 -93.0 nan -0.1411110206715827
175 78.99439114903632 732.8644572421623 0.7409077928597514 -0.06048151800298943 -0.011439551517180336 25 912.0 213.0 -5.820949008596844 -0.14115984098683224
176 441.88347156438243 742.0122052953852 1.2336320945632975 0.02673512007486915 0.06737628010301414 25 1504.0 983.0 -7.4813837945803385 -0.17386902772656404
177 195.13648944298262 748.1593346902636 1.0050001026735393 -0.22558563890628835 0.12935317172263544 25 1736.0 1865.0 -8.176697090361767 -0.6094480380380738
178 467.69077316460186 752.9327068750448 0.4924349769145109 -0.8731624701530176 -0.5483103651688327 25 1890.0 29684.0 -11.181306057292206 -0.22236149276707914
179 328.2287944685442 752.875089261597 0.5789700913533278 -0.3992738803062958 -0.4672875095230987 25 1016.0 3523.0 -8.867281607953107 -0.24708760463797555
180 485.3600446371496 760.7121912785394 0.41656909348659044 -0.6635366422372304 -0.7629711680901682 25 1863.0 29870.0 -11.18808805651032 -0.17035912347630508
181 76.99986998702806 763.9556950217025 1.131301521097089 0.22386913547978973 -0.018878946199512955 25 2093.0 3598.0 -8.89015289752383 -0.5914365663882969
182 240.07285525492512 763.3857455776985 0.502601500798869 0.3546700915768372 0.059971252496195886 25 961.0 3958.0 -8.993689474675943 -0.3899354022406181
183 159.92024425764703 774.0868819643638 1.4098169309373911 0.20127260328645807 0.2005068074753626 25 1304.0 -23.0 nan -0.004234259801211021
184 315.6551497147344 778.7869001361822 0.6077906178345406 -0.39899457539065675 0.36296488787022235 25 405.0 -3894.0 nan -0.015840984465896
185 170.96634807897632 785.2004894587368 1.1365018122475592 -0.07938657901272382 -0.09095333929024214 25 1816.0 2634.0 -8.551539426564412 -0.4662517388187754
186 578.591454723463 784.6414431374528 1.1091049119507765 0.5753453791000401 -0.09828928343041515 25 1584.0 1702.0 -8.077398889371421 -0.34767595397647233
187 806.7621667391868 790.2624909210157 0.9596166947410836 -0.40576036886802785 -0.036458620060156745 25 1333.0 905.0 -7.391621448013009 -0.3507572654658509
188 570.9781413186797 798.7705053308242 1.393225601647885 0.3567478735791353 0.44973927928235224 25 1784.0 1279.0 -7.7671763611966345 -0.3124094804110022
189 692.5288876841059 801.8539789967692 0.4186028706652933 0.03602551354937844 -0.8237068130345457 25 2914.0 44186.0 -11.61321172055229 -0.8409695992066395
190 679.3794774659509 807.2049779006265 0.39408768954010265 -0.4782365231184992 -0.049011583351151355 25 3291.0 52244.0 -11.79509105195695 -0.8643519957831023
191 307.0378467023065 807.4492874292662 0.9045056512896759 0.3513950517627123 0.3763136527272602 25 2017.0 3963.0 -8.995060180835475 -0.796424937543919
192 653.6404203634054 808.5835697149422 0.5255461382549586 -0.6421429883801394 -0.8020605303228575 25 1861.0 20917.0 -10.801248491014665 -0.5569178731466436
193 12.755203151077856 813.1344622037903 1.0307827085827628 -0.7541432756606554 -0.18402289758714757 25 1887.0 1642.0 -8.038432881958554 -0.6381677589132008
194 461.228076029503 812.8256410963924 0.7895679430661066 -0.09641409795500368 0.08445684446226127 25 2105.0 5218.0 -9.293760186910504 -0.9224799210904283
195 109.07068075127961 814.9685731284328 0.47244407092950647 -0.018682796727949244 -0.21624115099846383 25 434.0 -1444.0 nan -0.018222307979245275
196 524.9537538696273 814.9500938128151 1.0929447824926237 -0.4537307447189901 -0.24703428948939388 25 1589.0 1819.0 -8.149581747658708 -0.39728273504544726
197 70.87772561676626 819.8956120539538 0.3834663910004321 0.4521352650394069 -0.2136474128511703 25 3672.0 56510.0 -11.880313268244747 -1.0143318027575474
198 826.3436284107698 822.2184595800671 0.8676593520250708 0.14576652245463323 -0.3000781515420798 25 1384.0 4921.0 -9.230133412585202 -0.31551290600016535
199 59.71396555042264 824.4072592770762 0.451937680763833 -0.4418401954153053 0.2824013281926071 25 3508.0 56903.0 -11.887837908918268 -0.8109626653878708
200 195.49645855865572 827.0692984662896 0.4951832070293409 -0.599636683491447 -0.8542419280708913 25 1563.0 22966.0 -10.902713401222064 -0.0631906088172311
201 832.266293952084 826.9878663406791 0.4068526265591333 -0.2837909378622879 -0.11712505625724544 25 2327.0 33805.0 -11.32245235068034 -0.5497024050964907
