test_CNN/outputs/tables/03090_a21659m0s0_sources.ecsv
# %ECSV 1.0
# ---
# datatype:
# - {name: id, datatype: int64}
# - {name: x_centroid, datatype: float64}
# - {name: y_centroid, datatype: float64}
# - {name: sharpness, datatype: float64}
# - {name: roundness1, datatype: float64}
# - {name: roundness2, datatype: float64}
# - {name: n_pixels, datatype: int64}
# - {name: peak, datatype: float64}
# - {name: flux, datatype: float64}
# - {name: mag, datatype: float64}
# - {name: daofind_mag, datatype: float64}
# meta: !!omap
# - {date: '2026-06-03 17:11:28 Eastern Daylight Time'}
# - version: {Python: 3.11.15, astropy: 7.2.0, bottleneck: 1.6.0, gwcs: 1.0.3, matplotlib: 3.10.9, numpy: 2.4.6, photutils: 3.0.0, scipy: 1.17.1,
#     skimage: 0.26.0}
# schema: astropy-2.0
id x_centroid y_centroid sharpness roundness1 roundness2 n_pixels peak flux mag daofind_mag
1 169.16659284576187 1.9342452719937226 1.0286112765274815 -0.04748420718494222 0.4984488287007714 25 1033.0 -2155.0 nan -0.03647890281544087
2 311.416479067416 5.389214980209046 0.4498419430590186 -0.31116586731064694 -0.5241390780812912 25 2521.0 36136.0 -11.394850193883343 -0.5476033502451471
3 609.8352451081842 5.498466495197507 0.3987199482490239 -0.22497899646389174 -0.4444081481642225 25 3005.0 48554.0 -11.715562534959654 -0.5447720207222129
4 302.39223290535944 10.06808523957758 0.37437498682044473 -0.4239346084833025 0.03867874752692996 25 2398.0 39168.0 -11.48232849032362 -0.39600468351329804
5 600.2871859512878 10.94141649804795 0.42689726058227695 -0.46946962600460124 0.10253440003174143 25 2904.0 47619.0 -11.694450677428454 -0.45075677880573495
6 243.2457337227271 12.536825119936445 0.7653621702263718 -0.24816306324939216 -0.05485789222445969 25 1275.0 2848.0 -8.636349962412046 -0.3432288489293936
7 576.7547376356158 15.805148796743094 0.7896111542781361 0.5635498475539034 -0.36078967740625667 25 925.0 2179.0 -8.345643075615639 -0.0036873055242992517
8 382.3606656773716 27.921636490621147 0.7319632638135691 0.1251492978441001 -0.3207413899707582 25 1235.0 2121.0 -8.316351671291404 -0.3519436008848092
9 600.0842475046309 29.425810285514967 0.8731729146685162 0.10650495416006307 0.2869342362487594 25 2618.0 8654.0 -9.843042227156765 -0.941118030323232
10 352.46655078003 32.16142962189086 0.36791256116275844 -0.7896113513113259 -0.5935995470981839 25 2132.0 32324.0 -11.273812745234546 -0.5025943699784716
11 528.7939127104463 35.668085392017865 0.6629833167883511 -0.9865169771895281 -0.42591258762854123 25 1538.0 17533.0 -10.609640582016265 -0.01804348049712174
12 343.4906749082288 37.11841798328021 0.5059577986843309 -0.6552006179781272 -0.144970767196275 25 2086.0 29708.0 -11.182183538108902 -0.2674665642635214
13 616.8974640872134 42.18369392330307 0.8815262453312372 0.26024874726379255 0.526466894554397 25 1133.0 426.0 -6.573523997756797 -0.17779475064297934
14 753.1258532735825 41.87450470615272 0.4234693150018878 0.18640392587337293 0.6849830649772052 25 1452.0 12780.0 -10.266327134555953 -0.5497503863307638
15 115.27731578127556 43.78740034964042 0.7784307869898125 0.3812401053064968 0.28730723261272784 25 1384.0 3498.0 -8.859549512856645 -0.5045086343067763
16 28.247096464983354 46.755879980080685 0.6083393174456068 0.748179588303552 0.43427870956368725 25 1793.0 7883.0 -9.74172881640721 -0.7636886117623911
17 491.3815336167146 50.998789370483365 0.7873384553808596 0.17893117432486788 -0.1632478054230758 25 1239.0 1552.0 -7.977229292305425 -0.38023043120182676
18 828.6678166244003 51.992498518837195 0.8768580939886584 -0.3541598260506611 -0.3638910922860427 25 1856.0 2052.0 -8.280443391099446 -0.6893715708136073
19 30.170519259518123 53.85541389958652 0.8054204130588825 -0.06363631823762493 0.13070617833866455 25 2047.0 4609.0 -9.1590167703113 -0.8320248337975558
20 8.653933164196737 60.16582279127444 0.9850523802585006 0.06975636278905996 0.004791847691699053 25 1464.0 1639.0 -8.036447383926248 -0.31860324194220363
21 18.152620648580417 60.91613045065533 0.9475157165970042 -0.9940481643158553 -0.2133044850966431 25 1186.0 1080.0 -7.583559388717375 -0.10996635974663538
22 686.4823434729464 64.79320503313551 0.7505857667022741 -0.7732198881682796 -0.2174708605048534 25 1428.0 3976.0 -8.99861593931319 -0.4429979496760861
23 421.1866084289393 80.10556308770721 0.7663631862601263 -0.6208920884275967 0.33037185293280574 25 954.0 -612.0 nan -0.22242882067090075
24 131.22804877531217 83.31936970978131 0.815521438211643 0.9394418529377193 0.14064287935339836 25 1727.0 286.0 -6.140915082822608 -0.6801605632159464
25 284.7090200902671 83.8994102095046 0.8732157635321115 -0.12373583647260918 0.15523607925655072 25 2145.0 5009.0 -9.249377579223786 -0.8123565271376311
26 117.77006184534734 86.20080018576671 0.7577880879362408 0.37351568679574637 0.09870961566067116 25 3050.0 42196.0 -11.563178209142128 -0.47168292043285903
27 551.0509387524144 86.87307641042555 1.1508588601583047 0.4766485055525836 0.3775057282136067 25 1317.0 1295.0 -7.780674421043177 -0.06467355296264324
28 725.0312157744758 87.47698665565501 0.8572740956964096 0.3006446519983796 0.3634040111168534 25 1101.0 994.0 -7.493465960993283 -0.1655988767679894
29 448.8342847168614 90.65636316543652 0.40936822534348644 -0.6944179945313793 0.1455666753236076 25 1213.0 15846.0 -10.49979912897642 -0.05849047218961079
30 259.5204468121309 99.30110281596546 0.6091820491707451 0.246877798265216 0.8624559695398855 25 1516.0 8545.0 -9.82928016764189 -0.5324206619788494
31 798.362045256068 101.60506071513349 0.4474528196261695 -0.02156947671842683 -0.3510046689141138 25 3062.0 45695.0 -11.649671704156699 -0.6977633894070518
32 680.6298038444786 105.55766123635978 0.41965842637785244 0.30445058631701294 0.12266771882750317 25 658.0 3689.0 -8.917271638067009 -0.03842701446602149
33 832.821846525732 105.95293060341469 0.36508677093003616 0.22437511466781557 0.8028756405837717 25 1784.0 25778.0 -11.028123048383463 -0.273860991128427
34 715.0894279586594 108.33113765343695 0.7157880360679904 0.3130083898017186 0.7794205362252318 25 1878.0 11076.0 -10.110957367683842 -0.5621639751014175
35 787.9150441588232 108.12976522067389 0.4689853729676753 -0.3235659177454961 0.24107203879387562 25 2797.0 43017.0 -11.584100298666725 -0.5164674647980684
36 473.09675497001905 120.79386747977591 0.39363171657375723 -0.47659269333338733 -0.26902893464724126 25 1846.0 11683.0 -10.168885941733759 -1.0125513553472933
37 644.0073264128129 129.8733857755262 0.9399592848807381 -0.23240950283395587 0.1463603434876196 25 1707.0 940.0 -7.432819633999247 -0.5297726974317482
38 199.81607695393282 132.83266871617568 0.6122272353817332 0.07967286169732639 -0.13081532915440716 25 1197.0 2535.0 -8.509944909173386 -0.5317145518493958
39 45.06903320763513 135.33300337614602 0.4193134487757912 0.15572845872405014 -0.30238956430646957 25 3014.0 48918.0 -11.723671731769185 -0.578046306818324
40 35.2537646581821 139.92323933645423 0.3962966895650759 -0.19334098946290856 0.24806861442402586 25 3170.0 52888.0 -11.80839286038227 -0.5880823355103943
41 539.4710103245413 141.80308008427855 0.9550044814523317 0.15095307675972758 0.12560580881203198 25 1458.0 1148.0 -7.649854720154887 -0.3415269644158849
42 242.56322481099167 149.00836348547244 0.535608048948736 0.052777991930949314 -0.21334591310554252 25 1258.0 6114.0 -9.465813585975175 -0.4856348738063536
43 158.4145880496551 150.59779611818874 0.7056890991730063 0.5601976903306194 0.19717670887489214 25 2304.0 7772.0 -9.726331979819363 -0.9955973258571971
44 427.56664354651747 155.11963660322007 0.8912492709377542 -0.32186924530850064 -0.34110496980766924 25 1336.0 2824.0 -8.627161730949416 -0.23943342967748865
45 786.9671135604999 159.6422426501195 0.46145810426062484 -0.4476657991950387 -0.6615854251502401 25 2337.0 33387.0 -11.308943492830636 -0.4324061337236832
46 640.7888191750882 164.97757154359857 0.7250507643050509 -0.32375734335052136 -0.19510854400565292 25 2243.0 5947.0 -9.435744846248195 -0.9615112200404542
47 777.1526927158362 165.5676674718544 0.4404230991277978 -0.709364181638687 0.03799847330983188 25 2469.0 38641.0 -11.467620892758113 -0.3341010332983406
48 832.6230464388798 174.56760725844975 0.3343050108294783 -0.2561110731560449 0.4184761604614402 25 2051.0 29338.0 -11.168576260597625 -0.4997539812143159
49 155.98056323775828 185.71318663667878 0.5461061075218461 0.5346919717240869 -0.4659650083695562 25 858.0 4054.0 -9.019709360892476 -0.0948715112995857
50 326.06245733574843 186.11901825776832 0.45676404956803535 -0.7727686768009233 -0.5357155377705161 25 3146.0 20777.0 -10.793957099450498 -1.4138445824884638
51 775.413862549839 187.7428561244414 0.5085893489880777 -0.46190958512825747 -0.4259499897192862 25 2351.0 33129.0 -11.300520817214979 -0.39258258827743653
52 624.0135229643626 187.5743393993278 1.0084430916359413 -0.24698902888142235 -0.0004854512648335592 25 1357.0 1509.0 -7.946723099438975 -0.22583824114267048
53 71.70512846823586 188.35499719184315 0.7331097758135681 0.09123372434987842 0.49104329730266616 25 1259.0 3977.0 -8.99888897746495 -0.308129560870369
54 764.7361009399066 193.54699716045826 0.4217002405539149 -0.11594387371278186 0.3893965450791984 25 2612.0 44247.0 -11.614709575855048 -0.29395774342705644
55 248.20365802502258 200.70990877257006 0.8180663368689919 -0.3392582636341637 0.11477611840992355 25 1984.0 3342.0 -8.810016113893433 -0.7798322756518989
56 445.8626939586925 205.70516002219398 0.8694325506478412 -0.45338685536801865 0.36137964438063463 25 1069.0 269.0 -6.07438070000602 -0.14276197377716487
57 506.6685376699762 206.8679949690528 1.1863988892143877 0.15017892519973056 -0.032863229262344425 25 1435.0 -370.0 nan -0.16097597169736727
58 623.1389577876103 210.41903752818178 0.8115377510844783 0.2813459059113257 0.13558743974528992 25 2182.0 4571.0 -9.150028053223327 -0.9069513174060463
59 713.9208876062069 210.897216317038 0.9331960152383291 -0.238063859276408 -0.18610121753176626 25 1721.0 2863.0 -8.642053370053997 -0.5052006707671484
60 816.6124882968352 215.37996033028355 0.5997873383079272 -0.3951237135065126 0.16866217561265884 25 1084.0 5058.0 -9.259947062520965 -0.18112339596392907
61 283.7333073890132 216.78427700039003 0.49179922181830754 -0.7883334888805545 -0.32459841276513385 25 608.0 1465.0 -7.914594061725321 -0.03154366353611702
62 218.9480528962661 219.86167916857477 0.7958892330813865 -0.2600907453285876 -0.24952671399637882 25 2609.0 8153.0 -9.778293605810077 -1.0496354772217051
63 389.03191403629455 224.30210170152316 0.906512697006635 0.06173104401934954 -0.014181795289251396 25 1181.0 1813.0 -8.145994510238772 -0.16570171480805623
64 432.2459992354708 226.63937115842734 0.6371050859091322 0.07779538505873577 0.12022994963955645 25 935.0 2982.0 -8.68626909779244 -0.10918839501492471
65 43.95707136646068 227.93233287055105 1.0967229401429848 -0.10967263325854713 -0.09003265913487107 25 1578.0 -233.0 nan -0.3584507724663647
66 689.5411623720846 228.20187494417718 0.8230332253335417 -0.20497932320541973 -0.31098841350592404 25 2084.0 5766.0 -9.402186595130473 -0.7556213668835209
67 157.8404392302059 230.96374904752454 0.4659927413107018 0.31645283949472675 -0.45011785426535483 25 3040.0 47216.0 -11.68522298038971 -0.6034998665118987
68 147.56114293947203 236.18976078355098 0.4623675844560235 -0.5254083296659763 0.6595175434767436 25 3256.0 56515.0 -11.880409329842221 -0.472760985382238
69 788.0745012934449 235.3251955163145 0.8915583796914237 -0.11827249192577627 0.09613400500064964 25 1866.0 4495.0 -9.131824240173119 -0.6013998573048922
70 229.04189714693942 236.78422438640467 1.0607348841208026 -0.030237443986024886 0.0739222992420036 25 1618.0 1137.0 -7.639401161719337 -0.4044195646736477
71 97.35675535983427 238.93733471886085 1.0468933042397992 -0.7492006143518356 -0.06503181469308326 25 1578.0 1511.0 -7.9481611608475635 -0.3370927182869116
72 170.89125202752814 240.8802814623242 0.5825888978346699 0.5975028389669284 0.3708199042481122 25 834.0 760.0 -7.202033980701978 -0.2700504697718468
73 194.63583106301505 241.59324013000375 0.6259191925382461 0.7689247648913209 -0.1773590173090595 25 1415.0 8497.0 -9.823164045632664 -0.39266125376826555
74 385.73023936659206 245.11056557560744 0.5561865069095591 -0.8475612943839261 -0.6622735009031641 25 1624.0 21916.0 -10.85190322940668 -0.08640739758094199
75 297.8697191020463 247.33934539980802 0.5338975171914807 -0.7325245719658935 -0.7099729835388991 25 1355.0 15369.0 -10.466614026490008 -0.163884430476751
76 664.7514141882575 248.94947678088462 0.9509593744837853 0.09494885404237795 0.1453131935721039 25 1736.0 1870.0 -8.179604016341248 -0.5357608894434248
77 43.74513005449049 250.83300084235358 0.9135752727912317 -0.7341983813845242 0.04811693455613354 25 1405.0 3004.0 -8.694249820830326 -0.296411494086081
78 198.1452309019538 251.06546160547612 0.9720200924452257 0.1324047967751823 -0.18616525409880152 25 2210.0 5180.0 -9.285824399363083 -0.6902230288196367
79 621.9784825564539 252.12821503671938 1.2771757409439326 -0.4465846081330328 -0.08739481898297305 25 1621.0 1426.0 -7.885298813789618 -0.17604333452205215
80 210.08677117875473 252.47858920071758 0.8348885743538136 -0.6277688493685332 0.17750812291652837 25 1992.0 6461.0 -9.525749352600423 -0.700345491551932
81 468.07691300949375 254.0720462499223 0.8676088340384116 -0.20443952657430847 -0.472055053452613 25 1461.0 591.0 -6.9289687022031385 -0.4943366109738767
82 612.4345011392792 254.14499542431471 0.8595006148653503 0.3672704282528562 -0.3087563693624666 25 1133.0 1115.0 -7.618187168460448 -0.15497804273409507
83 569.0039020403236 262.579176088951 0.3843917630832388 -0.33333426691578777 -0.3006545621217899 25 1837.0 30834.0 -11.22257467017204 -0.11372578023423419
84 7.7227006625552335 264.3240840965042 0.5465746981446409 0.19441233927607787 0.13875918066477888 25 885.0 2406.0 -8.453239057509565 -0.2476192097459286
85 103.76357754677865 267.950645037422 0.9278067025585414 0.029328170472072795 -0.08783185271333033 25 1025.0 -318.0 nan -0.04660881261964352
86 620.0511807380885 268.46840282554535 0.41605195659395433 -0.7716909561812606 -0.7059026091666846 25 1491.0 19054.0 -10.699965402203933 -0.2530211863289917
87 148.96868960675218 269.50738385592564 0.8947444161097015 -0.12361177423970214 0.27756363835433273 25 1539.0 3327.0 -8.805132002172055 -0.3858795742793125
88 396.9111922659278 271.3083353130179 0.38469000318574953 -0.5833108480142324 -0.329316921213158 25 1741.0 27418.0 -11.095089430232699 -0.12065251973174708
89 742.4093601141927 271.6169812494861 0.4561856969133832 -0.660263781763149 -0.4567060513936314 25 2080.0 34457.0 -11.343193657231428 -0.02708216992703098
90 305.6737149456715 277.2595179203011 0.4634895875958706 0.4301024277349242 -0.036883682573248165 25 2337.0 41992.0 -11.55791639940021 -0.06739582558767733
91 34.967325048062634 275.87254352156265 0.7180213339420287 0.18850321820491206 -0.1299244174043794 25 1229.0 1699.0 -8.075483447172614 -0.3905501418901217
92 134.7801380179566 275.68014020753236 0.7449312101310712 0.004224295868222632 0.17115288239526547 25 1937.0 10940.0 -10.09754330499353 -0.6833667499453511
93 276.74973162799495 277.78770590277554 1.0522613591006473 0.5693045945910915 0.5738208984571946 25 1573.0 5423.0 -9.335599011088638 -0.26297267396958846
94 602.4178070247159 277.730726095851 0.47776738148377534 -0.6277520111211212 0.013259991896689426 25 1612.0 23468.0 -10.926190198860734 -0.06633759974585202
95 146.1134563849828 280.90253645592134 0.8927942219145601 -0.5986245528461167 0.2309831431745417 25 1258.0 1963.0 -8.232300749000016 -0.21355996970314942
96 555.9039872974103 287.3610635531465 0.5874010237998126 -0.02301957711432995 0.0075215591209504325 25 1062.0 3850.0 -8.96365182377125 -0.37662028804207576
97 652.5199987325237 287.97085704208615 0.8655862791728175 -0.23489542485560863 -0.5707349753314811 25 1180.0 3047.0 -8.709681135556684 -0.08505610795514512
98 791.1674255230193 287.8171996416529 0.7504693439543227 -0.6778305238736568 0.02666464316619819 25 1506.0 5181.0 -9.286033980717804 -0.44150194274967836
99 540.5136843303046 289.1495536118723 0.3858002735447208 0.5187879008607122 0.8683676085479143 25 741.0 5759.0 -9.400867696324767 -0.02019726363503182
100 322.11882860287756 293.45854366308043 0.6850139678643431 0.12473304719024952 0.2812713020320527 25 1180.0 3630.0 -8.899766562590282 -0.393570534920848
101 487.81229901461626 296.63061967346283 0.5252457729668871 0.16541753443602542 -0.07656464256656256 25 2947.0 13958.0 -10.362057984974735 -1.388942345718378
102 599.0975856523132 300.2490461309839 1.038402109841964 -0.3582582525447524 -0.0648576689302313 25 2092.0 5563.0 -9.363272649852071 -0.5948105764809684
103 673.8528514108223 300.88437927638495 1.0159453998271293 -0.4965834742734654 -0.22176386501585946 25 1659.0 685.0 -7.089226428731063 -0.5003523645512081
