test_CNN/outputs/tables/03090_a21659m0s0_sources.ecsv
# %ECSV 1.0
# ---
# datatype:
# - {name: id, datatype: int64}
# - {name: x_centroid, datatype: float64}
# - {name: y_centroid, datatype: float64}
# - {name: sharpness, datatype: float64}
# - {name: roundness1, datatype: float64}
# - {name: roundness2, datatype: float64}
# - {name: n_pixels, datatype: int64}
# - {name: peak, datatype: float64}
# - {name: flux, datatype: float64}
# - {name: mag, datatype: float64}
# - {name: daofind_mag, datatype: float64}
# meta: !!omap
# - {date: '2026-06-03 17:11:28 Eastern Daylight Time'}
# - version: {Python: 3.11.15, astropy: 7.2.0, bottleneck: 1.6.0, gwcs: 1.0.3, matplotlib: 3.10.9, numpy: 2.4.6, photutils: 3.0.0, scipy: 1.17.1,
#     skimage: 0.26.0}
# schema: astropy-2.0
id x_centroid y_centroid sharpness roundness1 roundness2 n_pixels peak flux mag daofind_mag
[from data line 104]
105 832.1168699204836 306.03399776115765 1.027651522974836 -0.07695934291565712 0.02678149610932388 25 1737.0 2812.0 -8.622538290869466 -0.47297743327444786
106 450.4380339157651 308.464557389015 0.5744572989148075 -0.6824874247476265 -0.10447987098611763 25 1866.0 7513.0 -9.689533472099395 -0.896262740595988
107 205.04541769345786 319.0737702272556 1.2107209170187192 -0.6544164355108971 -0.2910442005517134 25 1485.0 1830.0 -8.156127724326073 -0.12508761310519176
108 660.0624392287892 321.80901414289144 0.8337658244175095 -0.028020842852782703 0.08468692068065733 25 2145.0 5172.0 -9.28414629052089 -0.821026241940245
109 85.54511088646899 324.09810736728434 0.695246073067586 -0.7041449014468634 -0.35193728027106264 25 971.0 4414.0 -9.11208082206409 -0.057702826712374075
110 265.8932836806141 329.81348224383237 0.887283423662776 -0.6515548824696735 0.4823158996304051 25 1709.0 5208.0 -9.291677438900338 -0.5150782866515071
111 792.361276986649 332.80375290904965 1.2285123453349673 0.30094775399639356 -0.09674992861058215 25 1551.0 571.0 -6.89159027061462 -0.1976316285315252
112 606.6171907377277 342.60749656022745 0.591765166788252 0.604970520712272 -0.5025747282535993 25 1359.0 5938.0 -9.434100483150065 -0.5060410764788512
113 722.2436412078605 345.71375392656546 0.4063420315480493 0.691737299633874 -0.038823318326530395 25 3134.0 51021.0 -11.769372416075736 -0.6916350686860944
114 711.1930369258133 352.22438633564695 0.5034057698605762 -0.5271051627460389 0.619862896818856 25 2950.0 50337.0 -11.754718321918933 -0.4343563356218707
115 28.836970446682564 353.37900931155144 0.5526429659091442 0.5117650423652088 0.5281595515582622 25 1114.0 3291.0 -8.793319705735934 -0.47840345283021224
116 718.7031596384974 352.0067891705961 0.38461249820938825 0.9501349520701351 0.9097592699280412 25 3180.0 62931.0 -11.997161582309733 -0.0556318480928051
117 152.43065836937595 360.4904840665138 0.49140441319193856 0.36358691893812795 0.05922100945725492 25 2536.0 45502.0 -11.64507621526226 -0.05162678336841527
118 310.2247748641945 360.16270243629634 1.0176689510073706 -0.25347418945464 -0.2227146251976443 25 1928.0 1985.0 -8.244401277747835 -0.5727346307685306
119 444.10547312602716 360.25402628585306 1.1221882332769029 -0.01954307338892953 0.2925111400172587 25 1946.0 4050.0 -9.018637558036671 -0.4543464410405784
120 148.0085945445063 363.07506741301904 0.3712571212617152 -0.5648812034645445 -0.23783402917390595 25 1688.0 26049.0 -11.039477639355855 -0.23605467425945434
121 653.8904905683577 362.7735072887782 0.4851216479189747 0.9854385906388998 0.9040707663894779 25 1852.0 12231.0 -10.218654915429548 -0.7967683717170106
122 707.6198697595612 363.1982804035404 0.45958866799318937 -0.7524540352574196 -0.13026773306571024 25 868.0 5744.0 -9.39803607808561 -0.12048600116527677
123 404.3322070662959 364.91042037560567 1.20911348908015 0.2420552794899226 -0.22867616540490682 25 1684.0 1222.0 -7.717678014766339 -0.2538668763690619
124 22.586568535378483 371.29162383316645 0.7043245291039668 -0.30119158573838894 -0.6652635618226721 25 1145.0 3707.0 -8.922556465073908 -0.2987344396751828
125 281.2990549761395 376.9911463877837 0.445673769495947 0.34368919279031074 -0.20693336369530424 25 2793.0 15146.0 -10.450744881221485 -1.4602655632625683
126 112.96104130712835 378.85725594668105 1.1032832414481648 -0.17561477993819904 -0.2147556337643724 25 1829.0 6828.0 -9.58573378110674 -0.3386389543670387
127 509.0269235044087 388.243598168725 0.7975054497602994 -0.2283972122015224 -0.009728079075218487 25 1438.0 3897.0 -8.976826014481725 -0.39448876279688244
128 421.80811777032096 391.0488350893122 0.38949662163934773 0.7232000418363693 -0.3501515988552918 25 3243.0 54324.0 -11.837479351357192 -0.6285784940247741
129 717.1437061123754 393.7735172515115 0.9155838594204203 -0.08030698564891395 -0.18448597752983417 25 1091.0 1147.0 -7.648908544753169 -0.06487703730249547
130 411.0200468398602 397.26895112386063 0.4733853638982434 -0.6052815608115686 0.6534486455583816 25 2973.0 51218.0 -11.773556539493352 -0.4750121222755918
131 625.3914402830416 396.1705095256957 0.43275032822603016 -0.48497626615142236 -0.6842697520573051 25 1856.0 27311.0 -11.0908440056158 -0.23788658830935516
132 418.12884261297603 398.7055934734458 0.38967589821173565 0.913917094556998 0.6624683987044244 25 3029.0 56819.0 -11.886233964953405 -0.38463667526089074
133 536.8490551874966 401.5519558741087 0.9360797355625469 0.05317326191675834 0.6910160152578148 25 1151.0 1887.0 -8.189429750412328 -0.1298033216951238
134 758.5720427529518 400.7359084914326 0.4606155418451056 0.9389682245728918 0.45925760011840316 25 1373.0 10337.0 -10.035986290683837 -0.595638087678328
135 785.636131084685 404.607192717255 0.4457901605648918 -0.454411764250644 -0.6343953011780302 25 2589.0 38321.0 -11.458592084054844 -0.5415024495668246
136 527.1011696284745 408.4469925551955 0.6102350151995315 0.3091667953496271 0.022653905614218768 25 1194.0 5202.0 -9.290425869649635 -0.39134668834029807
137 808.8441243515574 408.8076249123756 0.44981224520873025 -0.41723448305143407 0.4724653349052287 25 1057.0 6834.0 -9.58668743615686 -0.3857737429635846
138 775.5427770088701 410.53722970657293 0.3490669405114381 -0.6574807745878768 -0.131636631068527 25 2512.0 45456.0 -11.643978040947152 -0.3037093338934513
139 781.9574956514102 409.64026646505 0.47525216353130184 0.9331647184034014 0.480721647224235 25 2391.0 41291.0 -11.539638502247481 -0.10353180018089886
140 665.1175496376153 412.96589481744513 0.89227024249619 0.24470500105413912 0.31305049464051654 25 1805.0 7121.0 -9.631352464424497 -0.5053365942139034
141 612.462091470466 415.8682139807501 0.6636805253794229 -0.24725591639027758 -0.2312062951387473 25 1596.0 3831.0 -8.958280379957694 -0.715497203739575
142 326.8302053324308 422.1170457021429 0.6175921094431535 0.3572821644929818 0.2633954211225076 25 919.0 4166.0 -9.049298164029318 -0.07421337786954398
143 566.5195701993614 426.2341323552196 0.6888650508103379 0.7000940436839034 0.2530916954778821 25 1456.0 6754.0 -9.573902640748482 -0.424806119102119
144 456.037015011612 427.89788978016594 1.0000451592124329 -0.5792805401664487 -0.10458195596551394 25 2297.0 5818.0 -9.4119342922776 -0.7078210345265012
145 832.5321207179089 430.86147688364593 0.3816043352615725 0.003951768860049567 0.06736484353054337 25 1634.0 23996.0 -10.950347133163543 -0.06920409089396691
146 38.120860291330864 432.0079092463596 0.9702367513721711 0.012054804314171799 0.1397388074467766 25 2422.0 3159.0 -8.748874064762873 -0.8893173249540969
147 232.53471544647394 432.0462792087136 0.533246572940648 0.1339177015389643 0.013961348482991461 25 953.0 1752.0 -8.108835254580155 -0.3189833507469507
148 698.0040618667276 431.7588307578375 0.888120692491758 -0.09478656324648028 0.020347094140419637 25 1331.0 2390.0 -8.445994752370344 -0.24117596279059367
149 253.52194718977677 435.87691941892564 0.8418311254582528 -0.2639061756268848 -0.17797215938974378 25 1737.0 5093.0 -9.267434190440445 -0.5577135367627217
150 86.14359149210753 440.2669037822285 0.6936543890174011 -0.16797547937983534 0.42310528189427193 25 2056.0 6812.0 -9.583186598226408 -0.9076546917108896
151 401.6374446542746 441.48566186258506 0.4528264050053775 -0.4386246502501828 -0.13837478103166764 25 1524.0 21412.0 -10.826643086778486 -0.12454948131406392
152 522.3001119350495 443.235651271449 0.7185131117103845 -0.32755925175656014 0.23520779284465382 25 2078.0 7749.0 -9.72311415223245 -0.8758056155678549
153 262.7729080919885 446.16854365592826 1.1210121456382562 -0.08379614647927851 -0.12553025267739357 25 1172.0 -333.0 nan -0.05096601509303634
154 198.97055557249507 450.81293780764355 0.9708630724444411 0.6370165999048996 -0.056572368761245405 25 1518.0 3318.0 -8.802190954220855 -0.31223457257103976
155 62.59466774981037 453.05141646377655 0.43862584030777124 -0.3460452827896762 -0.46049499296485163 25 2404.0 41703.0 -11.550418245143126 -0.13347137270907622
156 528.4445506072362 455.8818769392208 0.3915241941582449 -0.9527723894873766 -0.4598292442567434 25 582.0 2609.0 -8.54118519775055 -0.03713661849953843
157 604.9684653935188 461.2261994644227 1.0001239250501093 -0.3404670340449331 -0.044835105265935066 25 2285.0 4031.0 -9.013531995382628 -0.7580358185767186
158 354.31880876194566 463.5943830801655 0.5296081190245351 -0.5002145664955638 -0.7894488181715393 25 2226.0 30340.0 -11.20503894112678 -0.32951394806938916
159 472.3905367848878 465.0113207915364 0.40350712987463966 0.7273787663559335 -0.24286555209883628 25 3234.0 52977.0 -11.810218403196016 -0.7043332473322055
160 746.9497822013077 465.3131790256001 0.5002441554649728 -0.36024475551455926 -0.3989390577583738 25 2064.0 28161.0 -11.124120181463795 -0.3529461680951637
161 344.7412836364441 468.59461469886605 0.4224835728639367 -0.8734102074686557 -0.259492083948228 25 2206.0 36135.0 -11.39482014763506 -0.3285193813959808
162 460.2935275314834 470.9643718254235 0.37471753051152484 -0.8371932328614382 0.9096945863163611 25 3274.0 59451.0 -11.935397910247556 -0.5693652890324912
163 329.9253431592106 470.3228358087947 0.9161794469206854 0.0045815185183034745 0.06288981313710632 25 1174.0 1893.0 -8.192876534909493 -0.1064436468726408
164 735.5722257547062 471.2506521249503 0.5391652785110314 -0.9076936921692434 0.13947264322338973 25 1914.0 24182.0 -10.958730542081527 -0.3991216589638066
165 580.3776773182467 473.9819329969776 0.4766084698611166 0.6277577445442394 -0.2737738777094724 25 645.0 783.0 -7.234404405144859 -0.08482002458965798
166 19.132151078364267 481.3819797764019 0.9654460224527542 0.4020400181269166 -0.008046503484026612 25 1721.0 4532.0 -9.140724752978398 -0.3920258757413811
167 454.7179852094042 481.83741920315094 0.9755885497374438 0.4737741681600432 -0.030794292636306043 25 1137.0 159.0 -5.503492810801128 -0.08054202744067303
168 370.91863560397877 482.96136404367047 0.7799514783993612 0.032069381986137076 -0.2224040461517924 25 1483.0 3549.0 -8.875264998368982 -0.47179369929608644
169 298.8222357559074 484.9571201258897 1.0256915045607453 -0.008930687331313058 -0.09409088959133122 25 2201.0 3742.0 -8.932759457909977 -0.7398004799610638
170 669.3739587000532 485.5301742132891 0.3952881622846855 -0.11544534939021817 -0.5849569328850608 25 2294.0 32886.0 -11.29252763113961 -0.577361345305099
171 488.87100768130927 486.06603145047836 0.9554982921004904 0.29279613948959465 0.08114448639140738 25 1333.0 892.0 -7.3759121359403075 -0.2760440634257607
172 658.5119147094653 491.42905355014165 0.40813556451531574 -0.3407626992550292 -0.04311335656800642 25 2444.0 39383.0 -11.48827198861018 -0.49558769207698555
173 355.57788538478616 492.2972800932479 0.8122044067495279 -0.5043578453048625 -0.6366812545046902 25 1508.0 7659.0 -9.710430173809781 -0.2701655172525288
174 427.8262441588972 494.28665004095603 0.6371223228734947 -0.2150660288154794 0.25403321156134073 25 1899.0 6968.0 -9.607770354999017 -0.8833199336427165
175 585.6972520843128 502.5973092194623 0.4806348909791554 -0.5106133361168215 0.7637041159733936 25 1355.0 8217.0 -9.78678321743406 -0.6008690405614097
176 764.9827030620053 504.4065064657719 0.846463795403891 -0.4162083012932919 -0.015184173100992465 25 2202.0 6496.0 -9.531615040582796 -0.7966104776241069
177 272.4552829611078 504.94319646384383 1.1532030459317646 0.15731806978106744 0.02628494536847719 25 1430.0 3028.0 -8.702889677070088 -0.16338997169647415
178 357.2353704275971 508.2437345154487 0.3862987503720715 -0.3371127930130178 -0.4936716394621293 25 2188.0 33303.0 -11.306208393432527 -0.3610134474445747
179 609.0286044460966 509.55153199509033 0.9012114102502042 0.29455294638423807 0.43356085758967994 25 1750.0 2740.0 -8.59437640705097 -0.6063557362958563
180 264.34221312957504 511.0628170923838 0.6453494977863069 -0.49436873086292754 0.28801447872829483 25 2485.0 10279.0 -10.029877165148495 -1.0894486393024878
181 346.639796499515 513.642795646974 0.4347410210121852 -0.23684932144663814 0.7105505803486422 25 2173.0 39529.0 -11.49228956937784 -0.1124213205094559
182 553.1502346418101 513.8053637067887 0.9187176493179833 -0.47978404942166863 -0.3010016698730222 25 1370.0 3395.0 -8.8270994465413 -0.2644188509845012
183 391.00430756839233 522.9899501818155 1.2371493767710111 0.3514434801251325 0.1992911244013059 25 1324.0 1790.0 -8.132132577449733 -0.013422535234125715
184 571.3667868807831 526.0782024837902 0.7324084133947966 -0.8751627725279074 -0.43277333404081786 25 1422.0 6239.0 -9.48778746407591 -0.39975529433800894
185 801.1746647453517 532.9384496868289 0.6025436750782927 -0.35121109920448945 -0.4192973931396829 25 1019.0 7642.0 -9.708017583380975 -0.13140688462717404
186 117.25538688807966 533.9843753429201 0.8997905771389298 -0.20144745636731878 -0.21738203580164517 25 1698.0 2780.0 -8.61011198979519 -0.5703151529272259
187 22.17733701624826 542.7293409244836 0.6168211339238615 -0.25829219598812153 -0.17287198526129094 25 1159.0 4963.0 -9.239360687993308 -0.3182058934211045
188 54.041118083724776 550.6033583087279 0.4284821318542222 -0.1560170395939297 -0.7377512395352671 25 2623.0 38053.0 -11.450972252772154 -0.6352536358794335
189 248.38277697729035 550.3498486974539 0.6420004844661195 0.23455114215905504 -0.2500931535041122 25 1371.0 4642.0 -9.166762840299747 -0.5765350024640583
190 33.66958719766903 553.8905338403686 0.4152267720399623 -0.3886987343617548 -0.8877174630138208 25 2743.0 50978.0 -11.768456982403439 -0.05738607532379238
191 235.4748626581463 552.8457380738269 0.6853312010780819 0.44563113296539686 0.38258669681953966 25 838.0 829.0 -7.296386326375684 -0.11821090874910481
192 43.52991948494045 554.8635327630747 0.4494566737786187 -0.4680305602579686 -0.3520512645721786 25 2586.0 45512.0 -11.645314801899287 -0.2737888790387083
193 742.6709606405642 555.989170761396 1.0687653406957187 -0.6444130529644324 -0.15171262313034167 25 1602.0 4963.0 -9.239360687993308 -0.24772945850225273
194 28.936969552395272 557.5032707442158 0.42542361223671793 -0.7553736803164488 -0.4091172023218817 25 1772.0 28569.0 -11.139737597624462 -0.08206770490938362
195 50.318074434221586 556.6482678139098 0.4580601182935757 0.7444911677235415 0.414082854157442 25 2683.0 49108.0 -11.727880617926704 -0.20539530492479335
196 273.0173733876892 563.3322929180094 0.963608083551817 -0.34169574249624823 -0.0314901827253549 25 2318.0 6748.0 -9.57293768479272 -0.7395490937743986
197 88.72569014721356 563.9655648377034 1.1292577921066125 -0.2099962940367994 -0.09274560888781323 25 1928.0 6522.0 -9.535951986174846 -0.35720638239185803
198 236.6607073571818 565.5183736299371 0.39765011600034095 -0.09019786387261565 -0.5793871709930571 25 2554.0 38089.0 -11.451998926783443 -0.5582629092864304
199 226.26314175968292 570.1391012877746 0.3508528583560617 -0.9084351219600239 -0.27893093052582046 25 2529.0 43735.0 -11.60207282715348 -0.418735733860742
200 347.01056837097934 573.065183499955 1.0920156682763529 0.17616571011174895 0.0531953872727264 25 1772.0 1107.0 -7.610369052196807 -0.45040040808060183
201 681.965741521919 578.3086383449472 1.1840596363719913 0.14942797568952745 0.10311499156337499 25 1658.0 3103.0 -8.729454438960415 -0.24480243547831415
202 279.8446089847961 582.1617221039124 1.1090786044419456 -0.6178759193931953 -0.2080077414967002 25 1301.0 1420.0 -7.8807208609576405 -0.15318905046377215
203 191.52057544247631 585.1036984090733 0.7218664357391764 -0.7341006567468576 -0.1626553002302535 25 1006.0 5093.0 -9.267434190440445 -0.011072269388186676
204 690.3276388702722 587.8207463432326 0.9821529314811542 0.3489381739697334 0.35437623701556853 25 1236.0 3159.0 -8.748874064762873 -0.07252980759538866
205 291.6870203024361 597.4128417306537 0.3853971748812249 -0.16876528998938542 -0.7833076206671546 25 1345.0 19318.0 -10.714905404328483 -0.04069788101308976
