test_CNN/outputs/tables/03094_a21678m0s0_sources.ecsv
# %ECSV 1.0
# ---
# datatype:
# - {name: id, datatype: int64}
# - {name: x_centroid, datatype: float64}
# - {name: y_centroid, datatype: float64}
# - {name: sharpness, datatype: float64}
# - {name: roundness1, datatype: float64}
# - {name: roundness2, datatype: float64}
# - {name: n_pixels, datatype: int64}
# - {name: peak, datatype: float64}
# - {name: flux, datatype: float64}
# - {name: mag, datatype: float64}
# - {name: daofind_mag, datatype: float64}
# meta: !!omap
# - {date: '2026-06-03 17:11:28 Eastern Daylight Time'}
# - version: {Python: 3.11.15, astropy: 7.2.0, bottleneck: 1.6.0, gwcs: 1.0.3, matplotlib: 3.10.9, numpy: 2.4.6, photutils: 3.0.0, scipy: 1.17.1,
#     skimage: 0.26.0}
# schema: astropy-2.0
id x_centroid y_centroid sharpness roundness1 roundness2 n_pixels peak flux mag daofind_mag
1 304.57231166280934 3.3325318812225975 0.38451143017608475 -0.4052730510704625 -0.5165683463799733 25 3243.0 50034.0 -11.748163060550812 -0.8829808039577852
2 603.7264498784639 3.5481423928360853 0.3771941387917331 -0.21708953088817168 -0.5415495181623956 25 3498.0 54457.0 -11.84013428167014 -0.9257384923341423
3 298.106568208421 7.172442426053429 0.429566049572726 -0.5180521608963672 -0.31494101740039493 25 2850.0 44475.0 -11.620289891889906 -0.6937582480628379
4 596.6178094252556 7.942923151696501 0.36161489537933605 -0.5581223764825377 0.06171832897637405 25 3333.0 59549.0 -11.937186182047895 -0.7096779082016175
5 139.05990591667668 16.451393177280345 0.8189877940731961 0.8497785915875667 0.5324617948138892 25 1167.0 4183.0 -9.053719661451575 -0.18877071428205675
6 825.4873810651397 19.166899064043186 0.46172857036371334 -0.7692634238962303 -0.871801389792251 25 2150.0 30178.0 -11.199226135505375 -0.5140372658895289
7 236.41966059378336 20.547021691690333 0.5008241926773528 -0.44968448814573475 -0.6712325968872043 25 2260.0 36558.0 -11.407456071270282 -0.17879277219268974
8 531.2139634046679 28.122808816962642 0.43008385557778844 -0.5471084957479555 -0.7875428995298795 25 2486.0 35896.0 -11.387615141312544 -0.603981980867591
9 99.28172034454084 29.962728082815374 0.4623987010272754 -0.4871784028254982 -0.8815073143188341 25 2043.0 33712.0 -11.319461295660062 -0.05797192928045442
10 345.1222355703813 30.09363529281538 0.38661061763584514 -0.6347745589526029 -0.8857620141927087 25 2829.0 44202.0 -11.61360480059632 -0.6648670031623539
11 524.4277651726593 32.348542688171456 0.4269241491925579 -0.9415346328328817 -0.31503320085415276 25 2032.0 29657.0 -11.18031804294963 -0.45224482761630314
12 338.9424240080228 34.08458400679003 0.44051915724119534 -0.5385553119797816 -0.4026148974241044 25 2513.0 35705.0 -11.38182259352697 -0.7017542787242343
13 528.0556534525457 40.58838337171707 0.6734478843825534 0.412161542325584 0.6568408071134032 25 1652.0 6213.0 -9.483253384032787 -0.6886407262836279
14 214.07912286494334 49.6804086847306 0.5393611007113344 -0.9585357737317673 -0.9107704624800216 25 2084.0 32339.0 -11.274316465858814 -0.15613823498731544
15 466.6845459396111 50.95244014655856 0.49020866521524725 -0.07447617890539678 -0.043198752736785126 25 1027.0 6182.0 -9.477822501818215 -0.38131016212688496
16 324.6667725787289 58.01728871724142 0.4822423060382238 -0.5817784435217669 -0.5454517615049304 25 2091.0 33077.0 -11.298815283146856 -0.20017534295927117
17 278.3029279960383 59.6637753563855 0.5228805199275951 -0.7361986402110701 -0.8784074966908534 25 2216.0 35121.0 -11.363917182685036 -0.14338665893837665
18 471.52100686870324 71.25608277430425 0.5086483940011333 -0.6207511552020707 -0.9394327810159794 25 1921.0 24926.0 -10.991631476714009 -0.3849159229894643
19 183.51411085442257 72.26975835189361 0.4247294519731652 -0.6581538012622126 -0.6590608979085144 25 2829.0 42187.0 -11.562946607376844 -0.683828732933962
20 176.80064262838312 75.91281121638161 0.5074320815969688 -0.7942563183536666 -0.44625596786186356 25 2653.0 36546.0 -11.407099624712663 -0.6915161334546372
21 111.33808341586398 82.24983626679123 0.43863291020669054 0.6465084514422892 0.7799528799994774 25 3275.0 62306.0 -11.986324676897569 -0.30623127426267693
22 451.20120409470206 83.28553293160857 0.44438603149538786 -0.7197435150471124 -0.7636969628746433 25 1988.0 25810.0 -11.029470011359672 -0.590639703158585
23 568.8682351752777 83.32606298793522 0.9681661661346928 -0.3139163081418909 -0.22533438125067204 25 1613.0 3854.0 -8.964779275798586 -0.45025050285293633
24 171.7846834041294 92.21049786355509 0.6260641691609466 0.6329548934306531 0.8387947915674286 25 2145.0 11982.0 -10.196323288135865 -0.9155722085889302
25 404.47072087541 94.17852257707025 0.3366989567076947 0.025413694655246715 -0.028556369498598317 25 805.0 5590.0 -9.368529519716057 -0.30326307727843216
26 791.9194062510038 99.5858046735625 0.3660220335768244 0.1960597746652704 -0.2740172323994355 25 3673.0 60573.0 -11.95569770876537 -0.7994816724534236
27 832.3797420103419 101.87487276908087 0.467458287730842 -0.6813431096437732 0.14745133298751212 25 1807.0 24341.0 -10.965846040893776 -0.34526773186139426
28 782.9844458087953 104.52286892580976 0.37523704007992814 -0.08853957702622 0.27670999563806487 25 3594.0 60076.0 -11.946752521551574 -0.7835420860285741
29 78.97544225203941 114.334381522376 0.43700202543053185 -0.2866800598435294 -0.8697291176148303 25 2290.0 37785.0 -11.443298566384485 -0.26144867024748714
30 467.15220121018234 115.67325336278752 0.7480009521978206 0.28908099478318716 0.06996845165250583 25 1128.0 2988.0 -8.688451482858403 -0.3217997031359138
31 356.8068040142465 116.83216218520107 0.8598070828056029 -0.04216168671656889 0.093831385728052 25 969.0 1659.0 -8.049615965060902 -0.05190360931946131
32 833.5006183882173 125.51839909863207 0.3623677661345377 -0.30575053034455935 0.5690068020599275 25 1781.0 15786.0 -10.495680246173366 -0.9023249606230113
33 37.01685367468341 132.89550341275617 0.46252624460254993 -0.13187292611296308 -0.5044604632811316 25 3269.0 51265.0 -11.774552404274854 -0.7376509643269178
34 29.08921085874553 136.41631959224551 0.38327484747042073 -0.22560033320472167 0.1114901419578585 25 3487.0 58213.0 -11.912549952939617 -0.7309139025096008
35 565.0562477819869 150.0786374671375 0.8950897759435508 0.2736652194796084 0.11093534824590903 25 1760.0 5396.0 -9.330179852499667 -0.5587624244887123
36 147.99247720969151 153.42242470092097 0.6350694884315615 0.1325639089489602 0.28139993953447623 25 1541.0 5877.0 -9.422889226785996 -0.6584187722733409
37 331.91848083951925 153.9346932137028 0.8174759392211017 0.5463293636358918 0.00524749532933313 25 1305.0 8077.0 -9.76812520720332 -0.16084391512296997
38 780.0468147249092 157.33026858420197 0.4264019640166424 -0.3881570730057474 -0.6742050939786515 25 3070.0 43975.0 -11.608014620323747 -0.859068644037395
39 571.5531324108667 161.46805504263375 0.39540024732165135 -0.559608162271022 -0.7584279218228076 25 1691.0 27550.0 -11.10030400796951 -0.06236280432533922
40 772.6644581979901 162.1421384898018 0.426406092189355 -0.7955920669502743 -0.21012200011690232 25 3088.0 48133.0 -11.706107327310074 -0.768797849729167
41 830.5653483271893 170.623710110231 0.5079805149785764 -0.7474502999653276 -0.6941492529012107 25 1765.0 22121.0 -10.862011889387418 -0.33633178439155664
42 644.932749617584 174.9160822487651 1.0650491092969676 0.4397624018602295 0.3405555873831596 25 1451.0 3194.0 -8.76083727950616 -0.220283312283084
43 823.1941756462314 175.06481622966143 0.4298793753065443 -0.854494249418948 -0.2837277274222303 25 1691.0 25601.0 -11.020642324021793 -0.2817522019149884
44 768.0402485546163 185.4014980859647 0.4607027805982386 -0.30958195219746965 -0.571114843554319 25 2968.0 40862.0 -11.5282990486502 -0.8875826907870876
45 626.5693592576265 187.8382353295418 0.3384444290267955 -0.3082972119857093 -0.6064771677568945 25 1929.0 34122.0 -11.332586196589528 -0.13624967137365132
46 760.0593609158819 190.27859092782717 0.3760621989131936 -0.852953028675973 -0.13703560072204332 25 3264.0 55558.0 -11.861866508583782 -0.7316676958117148
47 253.0341537629146 190.58684201232887 0.37980793767967636 -0.8823037926111502 -0.450884905991738 25 1794.0 26891.0 -11.074017381758207 -0.37749973872686515
48 820.2953908657491 193.05262577312604 0.35636518058181615 -0.7370959736894456 -0.6331794590043894 25 1319.0 19645.0 -10.733130082869561 -0.0063585912856659425
49 787.4241138713619 195.07920942646794 0.42811273710675096 -0.5207870512704831 -0.7465575284742746 25 2705.0 46004.0 -11.656988986943201 -0.45401172576172477
50 379.76935146340816 196.69470004465853 0.7751652496106022 -0.6742385663542899 -0.175440431446254 25 1159.0 6390.0 -9.513752145396001 -0.12208414433506543
51 423.1042533913859 198.70562960542563 0.8469268642525991 -0.05688166566563196 0.291603146234241 25 1443.0 5102.0 -9.269351135684428 -0.41475680081539223
52 590.8421791524592 200.8219407660076 0.40364444249376424 -0.6656900878276268 -0.5356113137808626 25 1606.0 24834.0 -10.987616691961009 -0.13950637594703885
53 16.994905755557003 208.17033686234203 0.6866751895283252 0.3064386352597944 0.30834031631547937 25 2365.0 9215.0 -9.911238348887732 -1.115419493216452
54 257.73066982047595 217.57874347914296 0.5095279816738668 -0.8132372225621605 -0.6663340011897239 25 1497.0 18740.0 -10.681923966379399 -0.24328431985016233
55 68.34301311310634 219.76570077076641 0.816673412597805 -0.40348579757150976 -0.25775123516141657 25 1021.0 3428.0 -8.8376020331279 -0.01798975427924031
56 242.22300171092766 219.16338559020363 0.5174372818504784 -0.8922534357001484 -0.22143930878573484 25 1519.0 18013.0 -10.638965122546393 -0.2510679653348257
57 248.9628644139075 220.49328290534717 0.4575558249261122 0.5846172518360132 0.5620518992160175 25 1898.0 27619.0 -11.103019875111958 -0.3339935113639082
58 149.79369909484973 227.8921825545275 0.39081516761744145 0.5553276275915356 -0.27925340991220876 25 3745.0 62477.0 -11.989300418901426 -0.8358581978484579
59 140.9656290886379 232.03189720272186 0.4643892757436203 0.03831359732524813 0.3593223205996321 25 3407.0 56957.0 -11.888867765926046 -0.6771001057952851
60 386.39407042528404 237.23501368458918 0.37114451727353576 -0.8307235282633472 -0.8979411683462355 25 2292.0 36472.0 -11.404898947984766 -0.3984679287175219
61 228.5857230253192 238.5529877105194 0.5479960574302813 -0.7048615263363266 -0.6827748596615459 25 2141.0 33440.0 -11.310665671917446 -0.1288746257752389
62 340.31473711083333 241.42568461143696 0.51808136895705 -0.7456429700937011 -0.857351076556859 25 2047.0 32232.0 -11.270718135950803 -0.15293856657861377
63 379.50444747153074 241.1210060566631 0.36735393125923405 -0.5761953316664611 -0.36110984051994854 25 2088.0 32941.0 -11.294341947610283 -0.4486305175102726
64 359.1106435967173 250.32972480830165 1.1690367438873894 0.4285585423968365 -0.12733730919901726 25 1505.0 3652.0 -8.906326922155653 -0.206731381483295
65 446.22999022031524 255.26344687583648 0.9329504757900347 -0.2060565713013856 -0.09028193160509274 25 1594.0 9101.0 -9.89772278591848 -0.3266683877132648
66 510.9521760597615 255.9593379673395 0.9104737984710342 -0.0382338015664742 0.02251015472576235 25 1671.0 6278.0 -9.49455327841006 -0.5148358033471783
67 562.343744516737 259.16748215043384 0.3649415214296223 -0.7166662626206447 -0.8489903228416571 25 2306.0 40493.0 -11.518449883707971 -0.2735397758094953
68 611.9093111404568 265.8650386552239 0.46901433084609684 -0.7073290068331322 -0.6150909115769959 25 2112.0 30344.0 -11.205182074236834 -0.3797938417307525
69 740.0085029463556 266.97133250940675 0.5810830578165764 -0.802799165258298 -0.7477180522222183 25 1862.0 24339.0 -10.965756826743789 -0.2767821484226699
70 389.93936995124375 268.17620024002287 0.5283276351581223 -0.31214341755605673 -0.3433137293344372 25 2021.0 29916.0 -11.189758811378496 -0.24940215892529155
71 574.6808031309016 273.56965322499565 0.7295640715314878 0.40357615885422277 0.3262640772435236 25 1044.0 4011.0 -9.008131654954116 -0.185170059367673
72 596.3296340990621 273.78531965902954 0.4633541052079584 -0.7817166679448421 -0.2324526773593982 25 2298.0 32437.0 -11.277601702034161 -0.573635034790514
73 786.0289888123531 279.4495594343448 0.599106769285928 0.017005933500316133 0.28949904759877776 25 1311.0 7705.0 -9.716931607636095 -0.47735599908762333
74 150.18917093550462 284.22354768553765 0.7455902352484385 0.15066871732800544 0.39175909527103003 25 1746.0 4155.0 -9.046427570300326 -0.813165149247453
75 297.86681931243606 290.1269682695783 0.41757051118654326 -0.637086296219474 -0.6972126664816762 25 2384.0 37230.0 -11.427232590545982 -0.4788331881671575
76 132.89875279252277 291.10662521315714 0.44823198064162084 -0.8640244949395944 -0.7557856157078662 25 1239.0 13987.0 -10.36431143720167 -0.2322561372990654
77 290.351663177545 293.68567641871545 0.39393810518560984 -0.8753467294482593 -0.5231212797163691 25 2357.0 36642.0 -11.409947925948774 -0.528635364429164
78 424.64021666749517 303.62966135126135 0.8778815391973902 0.8217063269040369 0.056756103314747515 25 1415.0 5395.0 -9.329978622547323 -0.3104837384928744
79 320.90055932272577 313.0952174220481 1.1539702160360104 -0.9752307533492041 -0.5670119948903427 25 1327.0 3405.0 -8.83029279062201 -0.06801097634084535
80 63.448540158876426 328.4209446987823 0.46461574174987036 -0.9037322430281067 -0.5853821909007715 25 1571.0 22062.0 -10.859112200631264 -0.21623285619629837
81 513.8393908561762 330.29665663985077 0.8186126997774005 -0.3596537969013559 0.03218598388868917 25 1072.0 3932.0 -8.986533772900245 -0.07429101784520864
82 713.7681332210611 342.623359056573 0.4690896107985565 0.2895061527469429 -0.16955305805606832 25 3414.0 55411.0 -11.858989969812457 -0.748756664881681
83 255.7309207453559 344.47037396210345 0.36749022631416817 -0.1320318629282244 -0.7668659312846059 25 1429.0 23373.0 -10.921786147671568 -0.03368140073920979
84 748.2725716743354 344.2456634520054 0.4726485745267131 -0.7374448826888569 -0.9009372858208943 25 2691.0 46035.0 -11.65772036871876 -0.309564192189315
85 704.4501526103996 347.7573421991761 0.39743268476827404 -0.781762680018536 0.6926507467025348 25 3689.0 67741.0 -12.07712900864562 -0.6975915907393861
86 140.17366069128215 358.43760926462284 0.4394886386535564 -0.7066258109887548 -0.31525069398612304 25 2550.0 36617.0 -11.409206900104232 -0.6344136287004954
87 719.6269278841979 359.5463098376762 0.41014748402227574 -0.7352168880476935 -0.7115324771869375 25 2142.0 31195.0 -11.235212474915954 -0.5342945150561925
88 711.5847722607309 364.12013386440015 0.48234563011176906 -0.8052818044732425 -0.33078426652093407 25 2203.0 31717.0 -11.253230255483606 -0.5490307791952906
89 147.5708348823742 377.5642829998178 0.4374374724390773 0.05751090245346071 0.17347076097715172 25 2412.0 43200.0 -11.58870936703728 -0.08417553671370614
90 295.7700562394457 378.97073869468176 1.173680268655777 -0.6443824733796851 -0.17707005232240167 25 1473.0 3887.0 -8.974036351578166 -0.14166304172838848
91 75.68206373333878 381.9875572886094 0.7700690980040277 0.4225742021010196 0.1696059288017608 25 1883.0 24001.0 -10.950573342345093 -0.08672547157180424
92 412.8404261595443 387.6480509694912 0.35995999936922407 0.6811300844015622 -0.09125464226644173 25 3773.0 64997.0 -12.03223327954894 -0.8216694050770097
93 775.2239917873336 386.85166147556566 1.0348925337454948 -0.0023602052848769642 -0.6397344763095476 25 1004.0 794.0 -7.2495512560677415 -0.015616244252450596
94 403.20803930093905 392.5750054000629 0.4811970330884273 -0.06460777666875026 0.323231411336533 25 3410.0 54662.0 -11.844213794565839 -0.7919968888398264
95 616.9324367438423 392.9802193318336 0.5076461297738097 -0.6485781298684885 -0.44916691100384887 25 2464.0 32859.0 -11.29163585597263 -0.6334815258263703
96 607.9417697921218 397.26273555907835 0.33506134228165363 -0.9419048826708468 -0.28889490127743744 25 2134.0 33481.0 -11.311996052215552 -0.536124778895031
97 776.5290829170146 401.284578778157 0.4262937188183734 -0.3367187541751876 -0.7905884953731607 25 2852.0 39838.0 -11.500743818181459 -0.8935601031966857
98 507.7903160424678 402.87633851934896 0.5340980534832008 0.2602177997743611 0.12945583091805155 25 798.0 3361.0 -8.816171281173693 -0.1967270691676876
99 818.9457073205989 403.4153924835941 0.7422547648402058 -0.29879076193906334 0.25347778062843845 25 1377.0 3496.0 -8.858928559905912 -0.509214194500578
100 768.3385191049042 406.2098635092735 0.37200698544530997 -0.8658596057855307 -0.2953754817029261 25 3162.0 51979.0 -11.78956980013548 -0.7515794456581144
101 703.7175097962987 409.0047438828985 0.4551977302122861 -0.9871097535314566 -0.3398696972585108 25 2035.0 33882.0 -11.324922595301308 -0.2209289894780176
102 250.06425325617292 416.202777369223 0.6467634492429882 0.634164088510936 0.34547453023142016 25 813.0 611.0 -6.9651030256063855 -0.15758650946232286
