test_CNN/outputs/tables/03090_a21659m0s0_sources.ecsv
# %ECSV 1.0
# ---
# datatype:
# - {name: id, datatype: int64}
# - {name: x_centroid, datatype: float64}
# - {name: y_centroid, datatype: float64}
# - {name: sharpness, datatype: float64}
# - {name: roundness1, datatype: float64}
# - {name: roundness2, datatype: float64}
# - {name: n_pixels, datatype: int64}
# - {name: peak, datatype: float64}
# - {name: flux, datatype: float64}
# - {name: mag, datatype: float64}
# - {name: daofind_mag, datatype: float64}
# meta: !!omap
# - {date: '2026-06-03 17:11:28 Eastern Daylight Time'}
# - version: {Python: 3.11.15, astropy: 7.2.0, bottleneck: 1.6.0, gwcs: 1.0.3, matplotlib: 3.10.9, numpy: 2.4.6, photutils: 3.0.0, scipy: 1.17.1,
#     skimage: 0.26.0}
# schema: astropy-2.0
id x_centroid y_centroid sharpness roundness1 roundness2 n_pixels peak flux mag daofind_mag
[from data line 206]
207 281.24337056335116 601.7840297028147 0.54987688858132 -0.7522278984405645 -0.1802861980695588 25 1788.0 27311.0 -11.0908440056158 -0.0033311985686812033
208 395.87704443328505 602.4340621169879 0.5918764835491285 -0.020582003542379445 -0.02298060096553826 25 1107.0 5930.0 -9.432636733410657 -0.17032351409833074
209 250.8601377468027 603.1517190523273 1.0127515816130448 0.5359890050542688 -0.3196380339253383 25 1223.0 3395.0 -8.8270994465413 -0.06285387641316588
210 225.08268063833646 608.0134347413102 1.139239149197768 -0.1366838930737914 -0.1437433711368707 25 2074.0 5024.0 -9.25262407682285 -0.4847385158490661
211 115.8015536208109 609.9119818450098 0.8634699687368148 0.16061714946693442 0.3643221792323592 25 1626.0 3406.0 -8.830611609066455 -0.5310671922047601
212 644.060975493635 613.5353509306755 0.9616191203714165 -0.49435882789657026 0.17674514092659777 25 1325.0 3716.0 -8.925189263304011 -0.13167375977009743
213 684.4093176317098 614.524732836608 0.4107236014960567 0.4524614737361023 0.026390220340657234 25 1394.0 10435.0 -10.046231133503682 -0.6872957082896576
214 276.8581284347623 617.5179358106117 0.6431051467289606 -0.7696335483768572 0.934335358565651 25 1828.0 13033.0 -10.287610988146032 -0.6415752161722683
215 83.82145084891077 618.7770692385819 0.9912529621721242 0.3686299331690006 0.3682737469382872 25 1805.0 2358.0 -8.431359501897676 -0.5335112238781454
216 33.793927097820436 621.2717897593167 0.8736557427623183 -0.5362073614392959 0.2901427811324675 25 1180.0 6638.0 -9.555093120181462 -0.058448202368851794
217 700.8950422727895 623.4666493241266 0.6628437861676499 0.5267851972043514 0.2102604150505669 25 1256.0 5443.0 -9.339595835792684 -0.3474815173448697
218 162.15673132679063 625.0629920949027 0.5770867449771224 -0.38881973096626593 -0.8433309026396153 25 2030.0 30680.0 -11.217138388192359 -0.08791414053914831
219 459.71357635781624 625.0566415476138 0.7404687301881779 0.7134027572811131 0.154193654841657 25 1208.0 5226.0 -9.295423513478267 -0.2002694222768919
220 318.14520475308 627.9185581398438 0.9820677317051629 -0.0908635352892045 0.13682320457125285 25 2339.0 7304.0 -9.658901911315606 -0.720066284831971
221 362.85552960075665 631.7266656732756 0.7036581344384583 -0.5154240067955232 0.09536333098582046 25 994.0 4013.0 -9.008672899334597 -0.03200222899112246
222 265.57871104614475 634.0735363373608 0.6060139309100163 -0.07317452531273774 -0.5226067735196624 25 2870.0 16220.0 -10.525127124687844 -1.1873767302854281
223 256.0885983497665 638.1355217427904 0.7632209792734869 -0.1799634533520478 -0.8810350174403978 25 1177.0 5269.0 -9.30432049643197 -0.1360081223853807
224 311.9299341020131 639.0301588646959 0.9719577712922477 0.5769835333160939 0.229056764106202 25 1210.0 3967.0 -8.996155501185378 -0.003597426077125641
225 241.10050007037384 641.1493826089682 0.5889760690602155 -0.7616830973810075 -0.017378769043450273 25 1463.0 9319.0 -9.923423279333818 -0.5340006214780928
226 357.299778616275 642.8744509014649 0.5151373320224766 -0.8067895068082048 0.38573756843127077 25 1282.0 10884.0 -10.091971332769301 -0.3525523992035162
227 319.9688867362475 647.3352352568343 0.749909928003162 0.25328269303212536 0.40268130569650284 25 1343.0 4079.0 -9.026384263292735 -0.39535224742267405
228 772.7652477228436 652.6815044731067 0.7683289043487173 0.6923065374645844 -0.2332140469111401 25 962.0 1352.0 -7.827441729014043 -0.10422510497291927
229 206.86915430678204 653.8146318506958 1.2094701187560952 -0.7890263444617029 -0.5235772582362962 25 1523.0 2798.0 -8.617119275389522 -0.13446931308578847
230 617.1967879897186 653.8527515188415 1.0601454399759414 -0.05637757066785412 0.0028927655418770864 25 1521.0 3478.0 -8.853323944166734 -0.2180994703489941
231 59.305744604092666 656.8381873883395 0.7091560489813749 -0.3885441205198056 -0.41523094233339375 25 2517.0 8753.0 -9.855392321168727 -1.1052402417415694
232 307.8048017571134 657.1240443336807 0.9475936806361721 -0.2359085069953429 -0.15882657749867635 25 1589.0 4432.0 -9.116499379300933 -0.3840847122293947
233 627.9128043555446 656.973936315894 1.250977383281792 0.5741678365523603 0.17528218220115258 25 1537.0 3964.0 -8.995334114533094 -0.07305561169209354
234 149.2895018967768 666.5568167386602 0.6851570675576459 -0.33780146292318775 -0.1048158989086941 25 1290.0 6633.0 -9.554274993245942 -0.2642480686311741
235 798.2457737370003 668.4009571669263 0.6463817667302197 -0.24715865426242425 -0.018677320511209596 25 1385.0 4307.0 -9.085437179406501 -0.5336407285775878
236 178.6067823162021 669.9929992705842 0.7968211341119402 -0.7074862503238127 -0.37357868899888114 25 1162.0 3935.0 -8.987361841737709 -0.15189883279835356
237 246.7691165314541 672.3919652798048 1.0395958118846584 -0.773488496763501 0.020590513264401592 25 1514.0 6038.0 -9.452232771717696 -0.1461844763515955
238 661.9229131328601 674.0810661772355 0.39330813088658007 -0.5023700248262074 -0.8335135591392371 25 2103.0 34889.0 -11.356721304337833 -0.05780260831043347
239 826.6067193329427 675.1330791880193 0.7630459634359515 -0.6735421427368109 -0.09885224140395468 25 1189.0 1861.0 -8.174365932826918 -0.35219389180777244
240 478.5136516586607 681.7615308063823 0.8805567086081025 -0.5394682444395829 -0.4388595388667638 25 1134.0 4031.0 -9.013531995382628 -0.08380071322421587
241 347.01698738754516 686.8218925619011 1.3258175758108763 -0.010231773222158897 -0.04400136842199284 25 1630.0 1537.0 -7.966684668749363 -0.15427189411474568
242 796.8722018904093 689.3115383762373 0.958309484223576 -0.13440401127962284 -0.24704717610254645 25 1244.0 4013.0 -9.008672899334597 -0.06545524802965769
243 761.2754696389592 691.9175707587566 0.8757515686805095 0.0021107273019731858 -0.1333781871226693 25 1959.0 5003.0 -9.248076257208522 -0.6764139871212946
244 488.3955926184418 693.8475582721297 0.6104842864620996 0.21235580999955553 -0.06524684552747628 25 870.0 3454.0 -8.8458058330786 -0.134988282284654
245 146.39143121788845 697.0944621387094 0.8617005934601409 -0.5891221343925821 -0.11086820253335017 25 1123.0 2988.0 -8.688451482858403 -0.11160052740112633
246 791.6498547131857 700.3441136614745 1.0088597871110727 -0.3770713572017713 -0.09815885908168118 25 1599.0 6501.0 -9.532450415098701 -0.2165569177436601
247 412.97258787045143 702.3195134042127 0.43275394942161005 0.38065770431019114 0.013344292868413411 25 1064.0 5434.0 -9.33779908520468 -0.45103431901595326
248 394.5000492350089 702.9082262025394 0.9061720120747278 -0.18459367032704785 -0.2171928130152115 25 2332.0 6419.0 -9.518668439210694 -0.799440776055364
249 728.3482566845474 703.2936241868769 0.9559169141938573 0.03755129855973487 -0.1792390341232112 25 1544.0 3726.0 -8.92810712640056 -0.3556492159059985
250 150.75195177283518 703.9989849329776 0.44712818511728164 -0.2789188383388151 -0.6842521744099291 25 2061.0 34142.0 -11.333222395016707 -0.003020460081914295
251 569.6508294774932 705.4349210541831 0.7886204600176285 -0.09855837414447079 0.2583029167715797 25 1038.0 3471.0 -8.85113653417853 -0.07753606188506648
252 641.290408328796 705.4858898368725 0.7873437562090886 0.3557907950854243 0.09908089551200401 25 1049.0 3314.0 -8.800881260208296 -0.12119247894607608
253 200.92687584189034 711.0212139575913 0.916339779882696 0.32955291678760745 0.18844711276638249 25 1286.0 4137.0 -9.04171380223878 -0.14400993426540531
254 87.0929827407505 714.4215069175585 0.4801183296630391 0.5629120771161449 -0.13775681293112185 25 3049.0 56892.0 -11.887628003416452 -0.17479681416264697
255 93.55678348392335 713.2881093898309 0.36506251380946164 0.21348280771121167 -0.42591222610096335 25 3159.0 54099.0 -11.832973093519854 -0.5287042186808446
256 747.1260780300124 713.638996034747 0.9981559870242891 -0.100380116827058 0.3071503475179138 25 1843.0 3795.0 -8.948029450578748 -0.5126764512946637
257 82.0063401290335 718.2584942964919 0.4852902600951531 -0.3696820601327997 -0.01636581424060873 25 2837.0 45606.0 -11.647554957290167 -0.4342244736253858
258 310.3606364164454 722.269236264326 0.9841915988412838 -0.2604805919524976 -0.13223390335826357 25 1649.0 5620.0 -9.374340788922652 -0.36929720478852235
259 2.073364294681354 724.5083648863863 0.25108943344140905 -0.9015836813405027 0.13179769384502507 25 1669.0 28731.0 -11.145876855349158 -0.09377404963160108
260 480.0260307470513 725.7117316005239 1.0471763909613134 0.03958905960238163 0.18734827745682875 25 1957.0 5456.0 -9.342185904121056 -0.5210723519908702
261 731.8416368925994 726.0252305366671 0.7440560785269448 0.4179083895306749 -0.14060033205056247 25 1608.0 6644.0 -9.556074059448392 -0.4899326040680346
262 561.9622986274196 726.818738696389 1.1792600778993187 0.2658281701061971 0.29936211293476656 25 1364.0 4346.0 -9.095224304961265 -0.009823863007990496
263 586.0325143589272 727.5009005402179 0.9228632753472571 0.12425149565110527 -0.17002547213721136 25 1365.0 6235.0 -9.487091144536404 -0.14005292021667004
264 381.5867190600372 728.7781533190874 0.7659340307848945 -0.10652396232067564 -0.3115918798893968 25 1198.0 5294.0 -9.309459842413323 -0.23315037645303616
265 773.2049637752541 728.9469462009872 0.8261909030817789 0.3499140566952352 0.28153087806620675 25 1104.0 3565.0 -8.880148835469711 -0.04934084507766729
266 696.5220134144754 730.1841712670457 0.7062835380767013 -0.21264620765947045 -0.08627780887411692 25 1113.0 3991.0 -9.002704319460058 -0.2156391899431725
267 805.6070802905472 731.3662454420136 0.7659064550622545 0.4527229998898913 -0.09314780974206713 25 1166.0 4755.0 -9.192876303183581 -0.12387696505464048
268 538.8259319023746 730.5908272173581 0.5084639404990163 0.05534636292511667 0.7603788068280725 25 740.0 2628.0 -8.549063402219359 -0.12828863589456785
269 248.93334432920432 732.9465653324842 0.6017419329239682 0.4855731399496432 -0.23052495574998388 25 933.0 3819.0 -8.954874145933294 -0.1359848779779244
270 33.581236113549544 734.6175727833692 0.4677538644031194 0.3800674622746465 -0.49685900114885745 25 2846.0 45301.0 -11.640269472454179 -0.5785128824472618
271 139.1718279032945 736.9396194186035 0.5052473748652881 -0.9546168780775808 -0.7182745702491972 25 727.0 3500.0 -8.86017011087569 -0.05953561724588212
272 17.74161603535395 739.8848937210486 0.44109831492944584 -0.2448225092762717 0.5934625804059005 25 3207.0 54497.0 -11.840931488750954 -0.5809899712134972
273 440.03280339189195 739.6911663752725 0.9490397923825571 -0.4741213668996802 0.12432149428164627 25 1125.0 3683.0 -8.915504297137282 -0.012128477500112565
274 26.023765448420033 741.758371862691 0.40847201142278255 0.6289002136617896 0.8682758869096954 25 3233.0 62118.0 -11.983043660986983 -0.15756120551490221
275 595.245800526885 746.1373571295892 0.7211507972873751 -0.12058263775642498 -0.1923829608683206 25 1104.0 2690.0 -8.57438070000602 -0.3723085740048421
276 154.2740905939188 749.3823790921633 0.5942650405628708 0.17078248729914175 0.1791167045781871 25 1300.0 6867.0 -9.591917618485514 -0.40432444754639113
277 779.4561952508911 749.1762566082264 1.0188504424066824 -0.6589958713482642 -0.06976859430222394 25 1730.0 4311.0 -9.08644505713472 -0.3524388119646918
278 302.10214640860914 750.9456690272109 0.65855481584736 0.46026935083589904 0.5016155195733182 25 1179.0 4203.0 -9.058898475013592 -0.4060107065675905
279 789.8089432944713 752.0395873963366 0.899623978855871 0.2797142629379418 -0.21867692005053221 25 2178.0 6516.0 -9.53495268909118 -0.744568628249075
280 575.5083515516552 753.9877020223217 0.6867492896008596 0.38938128782659615 -0.17982768530740934 25 1345.0 4898.0 -9.225046951971738 -0.4269726350778409
281 343.14905431136805 769.7788192386066 0.3342866147836253 -0.21452240186912727 0.9700669418187178 25 672.0 4484.0 -9.129164009807338 -0.22441820928675413
282 748.9902642298491 775.149072464104 0.969627089893553 0.24865062073323843 0.036785492074761963 25 2417.0 6888.0 -9.595232846113996 -0.7703117245249838
283 689.1589592498734 775.9334177468336 0.8907680515208345 -0.004548886017840389 0.2497903458236322 25 1012.0 2391.0 -8.446448940289438 -0.050908177355668445
284 657.3760272411553 777.9036060063005 0.8098566385466289 -0.02856162401849616 -0.1871778201702866 25 2312.0 6912.0 -9.599009323677093 -0.9085184669652386
285 829.8041487460323 783.1763195447448 1.1790558141455165 -0.5211575842551902 0.047160186623244595 25 1799.0 2724.0 -8.58801775810187 -0.36816834819750344
286 766.2763057397871 785.7759644851519 0.7026170650325392 0.06453733870503094 -0.2616162771132241 25 2218.0 8790.0 -9.859972187684429 -0.9733697693530456
287 400.65326782919647 786.9464514389035 0.5145218957043999 0.039654573176712685 -0.027633040385549007 25 1205.0 5591.0 -9.368723730646682 -0.5042042307092233
288 791.9888342172591 792.0458920959915 0.9782409973377635 0.11885703053612345 0.049749253188307155 25 1871.0 2519.0 -8.503070418745281 -0.6025450794046365
289 22.38680246720656 793.0159226168614 0.9087862391960131 -0.9252800058421775 -0.4148723947398522 25 1041.0 2908.0 -8.6589860054675 -0.004761653732010268
290 127.00485896151473 806.2557795368274 0.8421168333304107 0.31542015412094154 -0.19640307267568485 25 1504.0 6371.0 -9.510519012705103 -0.35515066909354376
291 702.5573135376491 807.5450442487353 0.39170083241447295 0.05612371045358346 -0.6158469105881313 25 2914.0 45892.0 -11.654342462281795 -0.6427666864533588
292 147.183279774077 807.5721788258658 0.9130186934337734 -0.3118419119474176 0.2981284269160962 25 1168.0 3577.0 -8.883797350372424 -0.01659919128676198
293 182.71875819694554 809.7308635771336 0.5955396483292063 -0.08682369050659998 -0.6081570990223774 25 854.0 3380.0 -8.822291750694136 -0.14598201163061203
294 690.0033335927149 813.6539100246448 0.4137953278323832 -0.6727350452650719 0.08434458285874256 25 2928.0 50348.0 -11.75495555881221 -0.4128653070012061
295 813.5348890224234 813.6390111795928 0.8399552487506513 -0.2060961242220555 -0.2741507152377212 25 1738.0 4914.0 -9.228587880360156 -0.5665450798510527
296 828.6358227513839 814.912899388672 0.8151391264438359 -0.6350911900448093 0.3341932111687905 25 1907.0 8147.0 -9.777494290776607 -0.5651817391124396
297 333.15354998022724 820.0676000549905 1.0794086709835888 -0.0438383525901926 -0.522872711778052 25 1308.0 1731.0 -8.095742669688486 -0.11274536805687368
298 158.22817669850107 822.5743897393728 0.803750036172231 0.5289793108626725 0.10599838447833967 25 1201.0 4094.0 -9.030369595816216 -0.18799287900572348
299 828.0830991436691 823.2423870146282 0.7798372195992621 -0.1429445070463878 -0.14011645460630334 25 1676.0 3734.0 -8.93043578403265 -0.6275869971774075
300 271.01202309582726 823.8652467304788 1.0711478064172064 0.6478886360242013 0.10062956824721081 25 2100.0 4520.0 -9.137846087028455 -0.5881759868769552
301 87.54874615098906 826.2372854833428 0.4022145863571504 0.2194697171621728 -0.6198350316040248 25 2835.0 45076.0 -11.634863425544586 -0.6671595208540398
302 72.38028229234392 831.4252815549054 0.37413407367680873 -0.734847048944681 0.49153805672888234 25 3291.0 61055.0 -11.96430308894519 -0.5063546806947845
303 451.9680468309392 832.3755473673824 0.9177355988954541 0.06753427021853552 0.14433990858060783 25 2231.0 5915.0 -9.429886872409872 -0.7683551125961586
304 79.8315555315889 831.8432139135308 0.31693198540072065 -0.4876279185220375 -0.30296283135455804 25 3013.0 52328.0 -11.796835340309773 -0.6269620863621638
