test_CNN/outputs/tables/03091_a21661m0s0_sources.ecsv
# %ECSV 1.0
# ---
# datatype:
# - {name: id, datatype: int64}
# - {name: x_centroid, datatype: float64}
# - {name: y_centroid, datatype: float64}
# - {name: sharpness, datatype: float64}
# - {name: roundness1, datatype: float64}
# - {name: roundness2, datatype: float64}
# - {name: n_pixels, datatype: int64}
# - {name: peak, datatype: float64}
# - {name: flux, datatype: float64}
# - {name: mag, datatype: float64}
# - {name: daofind_mag, datatype: float64}
# meta: !!omap
# - {date: '2026-06-03 17:11:28 Eastern Daylight Time'}
# - version: {Python: 3.11.15, astropy: 7.2.0, bottleneck: 1.6.0, gwcs: 1.0.3, matplotlib: 3.10.9, numpy: 2.4.6, photutils: 3.0.0, scipy: 1.17.1,
#     skimage: 0.26.0}
# schema: astropy-2.0
id x_centroid y_centroid sharpness roundness1 roundness2 n_pixels peak flux mag daofind_mag
1 293.0169787138196 3.276902618213566 1.1361237970195996 0.23906906178272855 0.31770745972531206 25 1416.0 -548.0 nan -0.2939586967713491
2 311.5023886190866 5.492799342738938 0.4349154468257723 -0.3095577082968356 -0.5985956872419098 25 2457.0 38363.0 -11.459781404516992 -0.4646326586278736
3 609.9797876227298 5.415502809303705 0.4197189659741624 -0.20071676198323607 -0.41024015475559084 25 2633.0 39941.0 -11.503547335177792 -0.6241160852302138
4 301.75532868888297 10.165375731333171 0.2999310386057681 -0.2654379542867412 0.007747244097160047 25 2270.0 39867.0 -11.501533890355786 -0.33814773348653826
5 599.7803250969428 10.84236416440631 0.4028945789680909 -0.4295178964711873 0.12343405616206443 25 2711.0 46855.0 -11.676889855537834 -0.3818217900707731
6 606.5007768281914 9.978196247229382 0.40980496058488003 0.5164006110671766 0.4506210147653103 25 2725.0 50569.0 -11.759710913902602 -0.17389143967838191
7 828.8027804602176 21.08409560075553 0.48558303107348 -0.4737087924918744 -0.6350376320142219 25 1483.0 21742.0 -10.843248728516992 -0.007799477261383384
8 750.9164475711277 27.796780893366673 1.1263227857010774 -0.21157641495106258 -0.5392097098193624 25 1357.0 2654.0 -8.559752296321042 -0.10249373838755348
9 355.58419844825704 32.327366676285315 0.5038352117915147 -0.2790221527400786 -0.8092289405270944 25 1702.0 24092.0 -10.954682136246356 -0.15848296834655332
10 342.86375944387305 37.31586122556866 0.22633552698484088 -0.41177858158314035 -0.08952334143564938 25 1703.0 29772.0 -11.184520025799586 -0.2209738722849872
11 548.2578132054076 47.70008240463403 0.5979731198227083 0.05775080634152067 0.6288215661677913 25 1351.0 5893.0 -9.425841102737873 -0.49663517654815587
12 190.76575664227772 75.01824888823622 0.38558573350986036 -0.677714175683408 -0.7352118388203019 25 1925.0 32191.0 -11.269336170180658 -0.16953747675268604
13 181.252524293013 79.58188780527202 0.43554895247643777 -0.6559510811639964 0.2758158184952665 25 1798.0 27083.0 -11.081741924338754 -0.20728339235527093
14 187.5444120253353 78.71613943872094 0.39569905008315004 0.24475211147954418 0.363798082494689 25 1799.0 30695.0 -11.21766909429079 -0.10397398601688532
15 616.8861420471402 83.54208508843786 1.038185037373909 0.8394003487756789 0.22138961017556996 25 1091.0 -984.0 nan -0.09321357159398364
16 645.5898651402022 85.9048033534402 0.9013884121240571 -0.4956347762300292 -0.3844595974413219 25 1309.0 3240.0 -8.77636252551653 -0.25727246524825487
17 125.67629411864698 88.3727769537063 0.3888306949636676 0.9859324862688739 -0.34958964294773426 25 3465.0 61822.0 -11.977857626976489 -0.6680486617455292
18 115.28141896539276 91.28061327415776 0.5095737321633836 -0.856532641892204 0.4603653413110876 25 3282.0 60164.0 -11.948341756466371 -0.4567627728147406
19 798.6835295840548 101.68050677304593 0.37307154947804083 0.3838415409973007 -0.05468303898520455 25 3057.0 52168.0 -11.793510467998507 -0.49223664534098954
20 787.4418588508083 108.07057857786842 0.44397274103038037 -0.16067184723793104 0.5118846099357554 25 3040.0 51876.0 -11.787416203953192 -0.4153031404379681
21 794.7435415531078 107.13854326474275 0.39500535792476116 0.704199510109297 0.26707352545745855 25 3070.0 59829.0 -11.94227935993349 -0.1034044254682529
22 45.46713341214762 135.54817779168764 0.4006526506030375 0.44945018905149753 -0.08967647213188334 25 3148.0 53782.0 -11.82659237091816 -0.545357259330607
23 262.99551743451065 137.96251235398933 0.9248996980473019 -0.4276915161008774 0.40562365436085135 25 1454.0 3077.0 -8.720318740618646 -0.38683480797172776
24 35.19037103289248 140.00859029880806 0.30612358890567387 -0.16026062253940523 0.3326681210157357 25 3160.0 59493.0 -11.936164673135892 -0.42881869788042337
25 281.2407858516395 143.35574680989208 0.3244403569814834 -0.0005326891281369942 -0.2704041685417566 25 2130.0 38829.0 -11.472890514732729 -0.1650823425752118
26 276.8623665048949 146.44394311630455 0.26067472377395795 -0.6445562040260602 -0.36753486990266504 25 1140.0 18225.0 -10.651668842475031 -0.015620845061010743
27 828.9259567255725 149.01124430799365 1.0735058559249961 -0.3675938020280816 -0.15874313023482586 25 2080.0 2044.0 -8.276202228656688 -0.683627904379026
28 52.27465456218783 150.80870137071585 1.1012709633423237 -0.47251728909625607 0.45872962167864517 25 1075.0 -1279.0 nan -0.046626520023812824
29 207.525670569293 152.22273598930457 0.8741994284329047 -0.4783053523159114 -0.3305315390757782 25 1025.0 2382.0 -8.442354392866896 -0.06747364550225825
30 311.612639545103 153.03560960038968 0.8142536862040862 -0.10291269300380664 -0.2455314401099652 25 1081.0 1376.0 -7.846546084748731 -0.16674367468969864
31 787.4866439415646 159.86283416186737 0.44315702696992537 -0.10350981625504686 -0.4188309641189111 25 2366.0 37574.0 -11.437218577587746 -0.37543287846752565
32 777.0624775331098 165.36783655863013 0.3467403201436146 -0.8258401958947629 -0.004965845801090964 25 2345.0 42659.0 -11.575026676566216 -0.18178499998476708
33 832.6254823852335 174.80686036253982 0.3010602586424156 -0.3316822573629744 0.38298401644756364 25 1698.0 26205.0 -11.045960410096532 -0.20292339688766872
34 775.8773119752069 187.93892656346446 0.562076338291501 -0.053642832047369624 0.14094749546628815 25 2399.0 35675.0 -11.380909954466711 -0.3385555496053161
35 497.593235421028 192.804627725062 0.7105866290787523 -0.7623432525591166 -0.8987294767201766 25 1083.0 3659.0 -8.908406023716518 -0.1190632506520887
36 765.0919220816071 194.21610430240924 0.5600630407550413 -0.42138785411689855 -0.22821537465515698 25 2294.0 35924.0 -11.388461719292868 -0.17366213970520725
37 48.93181074636215 209.10148699437005 0.9652156292071444 -0.5400596365931335 -0.6028786839817704 25 1107.0 1551.0 -7.976529494534013 -0.07839429756557531
38 109.14368343019217 225.0888474969366 1.1575923487134465 -0.3245172732327392 0.10527905299561477 25 1725.0 3697.0 -8.919623626432767 -0.3500182931496182
39 158.572420096373 230.96169061696526 0.3975258994131057 0.7541641658297238 0.07385999168503472 25 3279.0 55557.0 -11.861846966016085 -0.6266924473924601
40 147.04516158264283 236.50700870096634 0.4735480840330414 -0.15739529903780541 0.12710916665651345 25 2977.0 47695.0 -11.69618213280855 -0.5171303701823349
41 326.77356016567165 244.46142534672347 0.5233280170202821 0.7127316567440038 0.7585548242033731 25 1653.0 12865.0 -10.273524476365914 -0.574038144475933
42 531.1518110983932 272.1117127887125 0.7634516514552041 0.8887091732412439 -0.37562142668850473 25 965.0 3429.0 -8.83791871278736 -0.048255322807752646
43 602.0001444427326 277.4446150948471 0.3529276047231811 -0.36019110116174136 0.11674736745962115 25 1522.0 24826.0 -10.987266877635065 -0.08645396422345453
44 306.88235505808467 293.43927483041443 0.629077936630674 -0.405883192304584 -0.34592072661314144 25 1771.0 23270.0 -10.916990958216825 -0.21850024889959918
45 584.1748270801239 314.1958532664931 0.8626102100252641 0.01763549242090044 0.18585712142346655 25 956.0 271.0 -6.082423227186014 -0.06730489605781766
46 407.1345614328299 334.2313815679228 0.7313484411350631 -0.9014453628731149 -0.28797454471954864 25 1123.0 5830.0 -9.414171386897536 -0.12416940323025569
47 65.3930401506111 334.74742848090006 0.3292605787503089 0.6813839049716301 -0.010143157800505186 25 1218.0 12409.0 -10.234341961405848 -0.48135877128332
48 469.7574320931216 336.98302485608156 1.205387872924788 0.08393216539755759 -0.23369924948200319 25 1793.0 1320.0 -7.801434828014625 -0.4208320665071214
49 146.33295870064183 342.7149225054233 0.600313276485288 0.33714153857988066 -0.34446484958324963 25 1492.0 4301.0 -9.083923606385229 -0.7842557838471318
50 722.5994560084594 345.64882239245316 0.4933808558505786 0.6760280998422933 0.09472470945915604 25 3151.0 51414.0 -11.777703483036085 -0.5332115247310475
51 710.4838167718812 351.6701847507076 0.3697819722669614 -0.909817811770206 0.6066349499932472 25 3317.0 63265.0 -12.002908780939405 -0.4481380971105178
52 147.3678320784608 363.0466182974762 0.2593094470681365 -0.5915783944484297 -0.3551347375172164 25 1551.0 27755.0 -11.1083530791697 -0.02403240967015615
53 363.3762767862249 366.7667997837683 0.6196816412290627 0.7375152355624284 0.2847926568352748 25 2416.0 15560.0 -10.480023981634174 -1.0071717555976396
54 62.68613081545967 378.209962359744 0.5525770343836801 -0.6163691854230031 -0.11508020910795382 25 1072.0 4215.0 -9.061993947401902 -0.3652094450063661
55 122.8576954909017 380.8585124365741 0.7348952869721274 0.7595994910626667 0.8675126323302772 25 1322.0 4509.0 -9.135200588266427 -0.3781889974906022
56 422.3104695376664 391.17964850994144 0.3871897811803477 0.5123603295007777 0.3367383327339724 25 3261.0 58063.0 -11.909748678023774 -0.5789393883021183
57 409.48809054261164 397.4474285943243 0.4607996395244872 0.08088286827406639 0.4455067765376378 25 3177.0 52511.0 -11.800625722271947 -0.5163388010315579
58 97.78735247783017 402.9912182532751 0.829235159957025 0.3085118604259266 -0.05574775369213092 25 910.0 1143.0 -7.6451155759882035 -0.08333256116424201
59 785.7759745915587 404.7961189825977 0.48006334655713073 -0.32498134990904226 -0.3656632889711674 25 2032.0 30211.0 -11.200412752217803 -0.3240892909555637
60 774.1863335981567 411.0086924631329 0.3932685937670319 -0.4208938267942365 0.1246881451979918 25 2393.0 38497.0 -11.463567217653717 -0.4729778089030659
61 781.7461531145311 409.98926400763656 0.4830149370575645 0.8362348314378424 0.2815551831870398 25 2391.0 42670.0 -11.57530660714828 -0.09276019816178979
62 539.5411709395287 419.45764364517174 0.572711054945839 0.6045716129136371 0.17983264617896028 25 1442.0 6591.0 -9.547378279100432 -0.7146043081687947
63 474.92507603416726 426.57396108292954 0.6576668892594185 0.2017155757224377 0.5388737490500284 25 1423.0 5981.0 -9.441934506030268 -0.5169355472176147
64 832.5695354986285 430.96563998114874 0.2790379152139878 0.005061132139789468 0.2383083138846362 25 1418.0 22496.0 -10.880263258349325 -0.008469796994511058
65 76.62257784954957 443.2143004475962 0.7249382460797772 0.05336158245505767 -0.25786685563934747 25 766.0 389.0 -6.4748740033142695 -0.1060288671075244
66 103.80664305137567 450.292227016523 0.7570428835450668 0.22461558277535593 -0.1405671109007286 25 992.0 2764.0 -8.603845096755403 -0.08350197803742684
67 189.24420626436992 452.0785754111722 0.8259021482672038 0.10465508942257386 -0.24956993968611546 25 1014.0 1750.0 -8.107595121715736 -0.11422664815418072
68 354.79544411357097 463.69831216039466 0.2834700713550999 -0.6935953252294997 -0.3117065093113124 25 1911.0 33242.0 -11.304217862903078 -0.09182171618288464
69 746.3129640283628 465.221143486714 0.39759596085655957 -0.6931333892865986 -0.7698866195660535 25 2165.0 36397.0 -11.40266397168178 -0.19830497411044146
70 343.94130147359584 468.82898319459366 0.35769332326627457 -0.40513099699639954 -0.1747228837826332 25 1803.0 30203.0 -11.200125206626092 -0.14385340675856176
71 735.1240312645673 471.2859304696932 0.38903585948825925 -0.47631488749806583 0.06116900056042656 25 1783.0 28541.0 -11.13867296389415 -0.1530786618730816
72 459.080343438613 471.6095353891081 0.4412993563159318 0.37170060497184226 0.3274299843961098 25 3279.0 55122.0 -11.85331241689724 -0.5549055392703877
73 669.8144160175459 485.58473841585004 0.4644339735205151 -0.2805510243536909 -0.3018742531151171 25 2408.0 37275.0 -11.42854413031258 -0.3619647716237894
74 96.74998397706594 486.067863651696 1.0179759525645922 0.17350728171441596 -0.04491908469355171 25 2455.0 6290.0 -9.496626613613174 -0.8432824784730739
75 658.19535548495 491.59858821833376 0.4222851906580626 -0.6783610852696772 -0.08630757876890918 25 2483.0 43375.0 -11.593098719497325 -0.2728832236575678
76 356.88094781742547 508.0004576450353 0.48420523609306015 -0.46535199404016775 -0.7650504437255322 25 2184.0 34882.0 -11.35650344438287 -0.17987470017180957
77 414.6785002620568 509.37100610212593 0.6078536605703516 -0.15348792754513338 0.07721469517950993 25 1180.0 6156.0 -9.473246527898603 -0.328041383856379
78 20.24756441330691 510.0631456199899 0.497383655005783 -0.10944349850761496 -0.5855004071185732 25 786.0 3741.0 -8.932469270495512 -0.10797930446462964
79 352.7202191415689 513.9665425756186 0.44248269068230633 -0.2663580559880144 0.1704914948859179 25 2417.0 44169.0 -11.612793917016358 -0.03845006086016848
80 48.56391569716179 550.3328092806156 0.3773686667061344 0.13767248976983246 0.09224572115114771 25 2943.0 58636.0 -11.920410840423948 -0.005034515398223117
81 28.590376512456597 557.4324114338334 0.34684351993586554 -0.802393604258648 -0.40283982963568493 25 1686.0 28296.0 -11.129312617016737 -0.059554062633389644
82 50.07846456003387 554.6372421234348 0.47978976781327837 0.4320197159797511 0.5632399448947436 25 2838.0 53779.0 -11.82653180605515 -0.08336851217717108
83 83.35953866071628 556.4418184007826 1.061847180037689 -0.15080695126870983 0.3634169369871127 25 1201.0 142.0 -5.3807208609576405 -0.17774189211446745
84 239.4654744123262 565.4436581539128 0.3575798580959521 -0.02007141537247452 -0.7768471413788832 25 2080.0 33593.0 -11.315621974866696 -0.43564266852524397
85 225.4097457927175 570.6120619702455 0.4899244484112811 -0.37345366134649716 -0.007891497869059669 25 2273.0 36344.0 -11.401081809516425 -0.15099583430410204
86 232.6004371209503 569.9056076381322 0.2384251982023428 0.4467702455462167 0.6287135280677717 25 2185.0 43734.0 -11.602048001530578 -0.018293847847070298
87 149.43441852290164 576.5930222408382 0.6397520269025309 0.9544450958111498 0.29705245515696704 25 1726.0 9210.0 -9.910649075492122 -0.7641187515298311
88 349.77895596683334 581.0814993210417 0.8860878440578501 -0.2211259368989458 0.25319660865533516 25 1220.0 3834.0 -8.959130271355109 -0.16432447131715605
89 628.0102795838708 613.0777851911921 0.7230669972638772 0.22920520020527513 0.1402356892526856 25 865.0 2624.0 -8.547409576759057 -0.027898457368344384
90 65.25691259216593 641.0271130532426 0.8560296025319223 0.748174539198334 0.009304023211409 25 1235.0 6916.0 -9.599637461504711 -0.12864386414484813
91 737.3639003751358 648.5003269639915 0.6069071074590573 -0.3317375390649266 0.16834231799760957 25 1444.0 4844.0 -9.213010336177536 -0.6811577491190529
92 223.85271043059595 666.9344598922133 1.060584867447522 -0.3118417032341224 0.10115139644240465 25 1484.0 3629.0 -8.899467420501392 -0.2565917522176962
93 151.6434654747944 704.572411422314 0.37662437777928137 0.11061648469517413 0.12067006354549456 25 1511.0 23775.0 -10.940301314023628 -0.11261528084459448
94 139.4578803321429 709.1635290262899 0.4182637126054078 -0.12057797251935257 -0.10916736727359293 25 1681.0 25790.0 -11.028628355344843 -0.14591240696939478
95 146.88455207295885 710.6630650135828 0.4455015808480373 0.7987103919226982 0.7079676741433281 25 1626.0 27267.0 -11.089093395356759 -0.007330445224776346
96 93.93537314841439 713.2502771716514 0.4387245848449508 0.25583942258977915 -0.2922958837089602 25 2935.0 47993.0 -11.702944745362613 -0.5670954967525372
97 719.6552895640214 715.0067570173516 0.5879757135678815 -0.07252992368351535 -0.01775986191670594 25 2171.0 8128.0 -9.77495923734961 -1.121178847044379
98 81.68549544730963 718.3919232931628 0.4370610443609169 -0.23232336407495383 0.11419411172131966 25 3017.0 51177.0 -11.77268705979661 -0.5577977793581894
99 154.92592549957342 717.9515310581837 1.093311129270106 0.28858882150111936 0.31861561688131795 25 1250.0 1686.0 -8.067143925721808 -0.0761330343994393
100 11.670645575371164 721.1723473011851 0.4450453985323089 -0.4697109649821353 -0.8359090020303868 25 1643.0 24984.0 -10.994154928055355 -0.11828725687996582
101 1.9344121432663717 724.5176059619718 0.2920345063723659 -0.45223050462141634 0.6038218490420384 25 1622.0 28335.0 -11.130808042443787 -0.06298797211162635
102 31.13220211849457 734.4653198441612 0.39979707661894576 0.6597312166013891 0.1333503256789085 25 3239.0 54966.0 -11.850235333812577 -0.6467912190848378
103 17.364280291775422 739.8367195034232 0.40107339591351987 -0.15797700487377905 0.8805049889082337 25 3409.0 60664.0 -11.957327607446267 -0.5758607944566371
104 179.95672123674925 746.7875678988697 1.0546829697475866 0.3111218102699482 -0.04987506451346424 25 1404.0 1586.0 -8.000757957453962 -0.32965054711026676
105 64.87545723056284 755.2984334698274 0.6530079140371738 -0.14695014901341366 0.03215862958671814 25 2629.0 9721.0 -9.969277357825764 -1.246858646737272
106 360.8496888531672 756.930484149569 0.7572544556904134 -0.1661489303386803 -0.008874086810207358 25 1915.0 7923.0 -9.747224139816467 -0.7465160428517971
107 367.5738994690066 765.7867611824847 0.5867501749924015 -0.7737323916795047 0.21406073112315716 25 1834.0 8866.0 -9.869319317408289 -0.8683697454990604
108 696.1137790971716 771.2266591857858 0.6900498475591116 -0.1937175703023774 0.43850458207677745 25 2107.0 7906.0 -9.74489202501738 -0.9666504044528035
109 67.83685965855521 783.4857244111547 0.6545964454028863 0.41028283340693184 0.25012636516238024 25 726.0 307.0 -6.2178459386929665 -0.04490705440257262
110 819.4247590913657 786.3934286299705 0.7458003206052386 0.12963058094285712 -0.0031976385402212055 25 914.0 1652.0 -8.045025107460908 -0.08305215905829459
111 58.81401478363917 793.6353332906955 0.8215176752214102 -0.28920163896489026 0.19215862280295082 25 1353.0 2503.0 -8.496152124020558 -0.4461950582362456
112 759.5469119519527 795.8783412880703 0.6491431323856296 0.23097927305848578 0.13011859086361144 25 1408.0 5594.0 -9.369306155088772 -0.5782676175263199
113 702.7095033335207 807.5361848651694 0.39523738876629827 -0.0362404555419808 -0.4518516874327182 25 2937.0 51154.0 -11.772198997857803 -0.4202114049431438
114 666.3162802061061 814.2474586538415 0.47230716665477157 -0.37099113357163815 -0.8654167950071475 25 1717.0 27001.0 -11.07844962210484 -0.058965703764072314
115 689.7196774982517 814.1227001967989 0.3711890969627008 -0.24690266784809464 0.24182666951464463 25 2536.0 44216.0 -11.613948628934295 -0.3827578527759789
116 718.4390061065934 817.1699970497218 0.8613779217009123 0.012735226209275387 -0.19845050044536214 25 1223.0 3911.0 -8.980719539880326 -0.20361227700334078
117 13.650409058182825 822.950851790405 0.8227091578882325 0.3157220503736109 -0.18253525624840355 25 2367.0 6617.0 -9.551652836608989 -0.9331775904322241
118 85.08191661728539 826.2478046609048 0.41627323189906196 0.5531937066310306 -0.09557124544913286 25 3337.0 57245.0 -11.894343899266095 -0.6547389350433419
119 71.37214610142279 831.7938989098217 0.4142216282761838 -0.10269456027793253 -0.21697677953575895 25 2863.0 44768.0 -11.627419232029334 -0.558718090420754
120 79.92202897486762 831.8888229764767 0.2598134232051823 -0.8017018447349326 -0.3844371595733565 25 3181.0 57298.0 -11.89534865770544 -0.7373294068564995
