test_CNN/outputs/tables/03109_a21732m0s0_sources.ecsv
# %ECSV 1.0
# ---
# datatype:
# - {name: id, datatype: int64}
# - {name: x_centroid, datatype: float64}
# - {name: y_centroid, datatype: float64}
# - {name: sharpness, datatype: float64}
# - {name: roundness1, datatype: float64}
# - {name: roundness2, datatype: float64}
# - {name: n_pixels, datatype: int64}
# - {name: peak, datatype: float64}
# - {name: flux, datatype: float64}
# - {name: mag, datatype: float64}
# - {name: daofind_mag, datatype: float64}
# meta: !!omap
# - {date: '2026-06-03 17:11:31 Eastern Daylight Time'}
# - version: {Python: 3.11.15, astropy: 7.2.0, bottleneck: 1.6.0, gwcs: 1.0.3, matplotlib: 3.10.9, numpy: 2.4.6, photutils: 3.0.0, scipy: 1.17.1,
#     skimage: 0.26.0}
# schema: astropy-2.0
id x_centroid y_centroid sharpness roundness1 roundness2 n_pixels peak flux mag daofind_mag
1 321.8890672173538 11.052778093668017 0.40603436400499543 -0.02750213664045312 -0.20540166849485603 25 2213.0 38057.0 -11.451086375616013 -0.39551207299134883
2 620.9808328764285 11.289873108083073 0.4081486393950785 0.08167419899804014 -0.21271926569959262 25 2569.0 47502.0 -11.69177973830839 -0.4149974548318557
3 311.62952637183525 15.697595457862429 0.40556060461896243 -0.18596815390781102 0.5075925125004518 25 1826.0 30095.0 -11.196235869152023 -0.4620249773659131
4 610.966700926262 17.40336194084369 0.4240101520263855 -0.22234748732324455 0.3254944760812419 25 2684.0 48105.0 -11.705475547460304 -0.4862545666729422
5 617.9550927315579 15.58304555973162 0.46841638446863026 0.8462564316197196 0.740592100086951 25 2421.0 45103.0 -11.635513574213443 -0.20639095431315013
6 363.40801013815263 38.2254271866017 0.47200746782231257 -0.03487818419994778 0.31974227756703455 25 1634.0 27235.0 -11.087818449022876 -0.18897508638277968
7 354.05823580398186 43.44404284978333 0.5828291526750464 -0.2912105753075086 -0.04684800159287236 25 1561.0 24604.0 -10.977514295879276 -0.04834002905975758
8 294.27000563457835 68.64719497569278 0.4128620672691381 0.25084361248008846 0.02400873660538246 25 1349.0 23212.0 -10.914281404731232 -0.018790324816879332
9 196.54675190122197 82.47535175475265 0.5367598740196571 0.2919766790721967 0.14603551580187454 25 2412.0 44989.0 -11.63276584981164 -0.19367400272184415
10 483.04676562738126 81.31371250998455 0.5005908314691643 -0.7924677763065153 -0.6346977898140321 25 1823.0 33634.0 -11.316946299614614 -0.010144573036262285
11 191.3670836435338 85.60035507829531 0.34977956742858424 -0.6483276368234507 -0.10202614979780109 25 1457.0 24405.0 -10.96869702998135 -0.09944846245331404
12 135.31457274508753 93.66676842971339 0.4472948507206282 0.7031307737809761 -0.4758269038408193 25 3397.0 61818.0 -11.977787375523555 -0.804355673818675
13 465.0735780595344 93.46889241909886 0.3453218210321057 -0.39359340703755746 -0.34482408423713845 25 1861.0 35003.0 -11.360263169990763 -0.1508639348629439
14 124.53537127217538 97.1764929277926 0.4253932027826744 -0.9240768109681118 0.9696354471199022 25 3468.0 68987.0 -12.096918148575568 -0.5934042651032588
15 810.8518875954354 107.5102681382119 0.3782243318747153 0.41083942549571395 0.05738466461988664 25 2729.0 49652.0 -11.739841866795018 -0.5920106991789464
16 807.3152369283376 112.7796529515897 0.40634887762953714 0.4727057344199012 0.6230341957540394 25 2967.0 60205.0 -11.949081401825502 -0.17908397900292133
17 799.2054777213342 114.85273811006 0.45716997834754847 -0.36822716598871585 0.5394849513325943 25 2709.0 46278.0 -11.663436454365417 -0.5964437835931476
18 44.716835000262606 122.11170359107466 0.6291459115936945 -0.06627863727382337 -0.34015324995902135 25 1185.0 5363.0 -9.32351949240767 -0.6456658249612445
19 55.46884736706856 140.7567888694163 0.3891498415508093 0.6155588214885567 -0.1650333748684088 25 2960.0 54309.0 -11.837179515337294 -0.5721512306337805
20 44.79959449894664 146.15992584683042 0.45861101428449125 0.024292010859839862 0.5144309148978674 25 2832.0 50680.0 -11.76209151552851 -0.5651974348329962
21 51.791470064443466 147.72521494272507 0.49895524706240474 0.8672422974119175 0.8531119222611153 25 2818.0 55983.0 -11.870140418986301 -0.11696905322901742
22 291.77431900419526 149.1234634475764 0.33056461366554046 0.24101708046969222 -0.1415795194319561 25 2007.0 37532.0 -11.436004269134276 -0.24980946426266465
23 4.087504982595268 152.01024496259038 0.9168891213795763 -0.49080093957245496 -0.06704894800821574 25 771.0 2349.0 -8.427207541944014 -0.01779342398235602
24 799.6663660016567 165.70113713213777 0.4257961971007355 -0.045419608039786036 -0.3209205086757541 25 1970.0 34357.0 -11.340038087233946 -0.28701159367872087
25 794.8396090653329 167.7508987871074 0.3943323336540566 -0.06282616431757117 -0.6587074112674927 25 2824.0 56829.0 -11.886425034960368 -0.2573246528905425
26 788.9047060504157 171.758663561998 0.36791114118391954 -0.4467823430177412 0.6331874323773679 25 1796.0 31609.0 -11.249526891184553 -0.27346535343014144
27 795.983794867721 185.48513464426094 0.4481854626329274 -0.3992495070942907 -0.19998870400719143 25 1482.0 25171.0 -11.00225117413659 -0.07366316898180914
28 788.0654901557232 194.0179279376151 0.48474364210872767 -0.21398117304634437 -0.139815299511341 25 2510.0 45843.0 -11.653182576107646 -0.29205889325286294
29 783.223238897249 196.6843860654529 0.4446887853106271 -0.5890179411567329 -0.3459215059525933 25 2701.0 54740.0 -11.84576198268526 -0.09163688897056807
30 368.95636787421057 201.35754045574208 0.4459396240324126 0.3694044022053601 0.2324996839835483 25 2056.0 32474.0 -11.278839465862385 -0.4651766738215558
31 777.2581177173312 200.86146273376733 0.39662679536793527 -0.43385467096021013 0.27723154329291544 25 2186.0 39183.0 -11.4827442104362 -0.3594110710503835
32 806.1912927267193 205.3514247215628 0.407797376896499 -0.037037494841686294 0.2847930633283033 25 1708.0 31809.0 -11.256375040317259 -0.10358542622281061
33 676.6768085854779 208.02023151053692 0.7579805443189607 0.14201248498234292 -0.6064752265824378 25 808.0 3106.0 -8.73050362848135 -0.09715500282944087
34 168.83716332011642 236.2159865891144 0.3642299890842927 0.760752197868402 -0.20988923410084365 25 3260.0 59608.0 -11.938261375973822 -0.79084578538765
35 157.24916256950596 242.58419579624342 0.41125020062248535 0.029607185471246442 0.9679377586758278 25 3305.0 62509.0 -11.98985637811784 -0.5577060836445704
36 343.7604235964651 266.13902391899165 0.7672713815192119 -0.2780435803209175 -0.13914592672920623 25 925.0 1918.0 -8.207121507086612 -0.29673681639666416
37 581.0730444482747 269.402224932224 0.6361894714784595 -0.5923877008282041 -0.03921691127526855 25 1547.0 24732.0 -10.983148094567095 -0.05153086923496915
38 626.4727413855959 277.9180526625664 0.5065276124614558 -0.640463916167543 -0.13081605019695552 25 2170.0 40695.0 -11.523852632043194 -0.09766428083537534
39 155.1358133008529 298.4177212707475 0.4794317987018313 -0.3721760969677429 -0.30100197909134346 25 1413.0 23841.0 -10.94331116934139 -0.01622783133682567
40 313.0491504982721 301.0917234592042 0.4130036518376373 0.08910540123073664 -0.2606627127864321 25 2623.0 53023.0 -11.811160740338543 -0.1563087694257685
41 319.8950187044773 331.90677911865987 0.8209056437541408 0.8248813883049461 -0.07249348117481066 25 831.0 931.0 -7.422374202453357 -0.24451266688958845
42 712.1135891739937 350.5235794550355 0.3675813705483764 -0.2784582600692105 -0.6243694414296654 25 470.0 2319.0 -8.41325187159497 -0.07831323699396256
43 735.5578978315311 352.05049383741067 0.3337445033150334 0.9533620051256011 0.24254359719193963 25 3191.0 61028.0 -11.963822843898681 -0.6777673703700448
44 724.3898628596666 356.2837062594422 0.5037615651169708 -0.8259053444080061 0.47172532706130293 25 2991.0 56786.0 -11.88560319525551 -0.4963803782137161
45 158.88972334018143 369.6798243937483 0.5052892915506051 -0.7101164750195456 -0.5851342732860971 25 1621.0 26306.0 -11.05013703944691 -0.12308795975848164
46 165.01850250054807 368.72984045396913 0.4020683712589623 0.7144443427737631 0.4371727830050987 25 1582.0 28633.0 -11.142167133168652 -0.10212955910711333
47 289.93230434802445 377.9547928528104 1.2021555484741002 -0.14178390351842324 -0.2274791593830567 25 1931.0 4349.0 -9.095973519163339 -0.7173031949193032
48 434.05258558949976 397.412384571123 0.43156576668830465 0.5669845396914079 0.054931663605816174 25 2939.0 53584.0 -11.822587825489478 -0.6177717854564166
49 421.0815297630708 404.3531924050279 0.397882622074706 0.07286476923005834 0.6024505192954788 25 2816.0 51156.0 -11.772241446736892 -0.582981319544049
50 799.2553622136 411.40362629970554 0.5762185840463666 -0.24286751140802595 -0.26419907132046655 25 2314.0 38199.0 -11.455129984493507 -0.32879795709357507
51 334.93622320431723 411.9729975238126 0.9235120662252368 0.03348984212845145 -0.013777366290749798 25 1240.0 1630.0 -8.030469011009894 -0.5348026516094947
52 390.9683469081676 416.52508568895774 0.8707892746570033 0.3683857991371381 0.15080286837844814 25 778.0 1776.0 -8.123607403606455 -0.03704225765735665
53 788.4827787079334 418.19727319797846 0.39710384299927776 -0.9277963847135153 -0.2775279523990073 25 2244.0 40648.0 -11.522597954755598 -0.3234576009800876
54 795.2119762714665 416.42175548798383 0.3478851275847314 0.03754985650181907 0.5378154741653722 25 2447.0 49260.0 -11.731236018757711 -0.21275873506419127
55 60.86354788068097 424.9842282340808 0.9508161175738388 -0.5940594681429757 -0.32110730148949945 25 839.0 1512.0 -7.9488794779129694 -0.07391314484643846
56 415.01056000314065 447.3713940622086 0.3365349364969275 0.150980533547737 -0.21808089254114174 25 1694.0 31178.0 -11.23462063178069 -0.32996497495869914
57 238.35665506720954 460.182250781215 0.777965216823545 0.714895207266322 -0.024599316774064926 25 1070.0 3456.0 -8.84643433451714 -0.4471850932034163
58 71.65150842320031 460.6321324149989 0.3219195590208146 -0.677879465842681 -0.4814559903976924 25 1714.0 34224.0 -11.335826918068632 -0.01623230936164645
59 484.6050232068722 470.7853238432207 0.42943934232745945 0.4014408993024379 -0.39500347504306366 25 3077.0 54275.0 -11.836499580316143 -0.7666558969632452
60 361.4465003338919 471.80423181637576 0.4232032189726878 0.036866249283388275 -0.6023459143139052 25 2529.0 50130.0 -11.750244261532634 -0.09061697552304934
61 368.3733870092123 470.2057606702334 0.48274548582761745 -0.1952451748629437 -0.46954053508945637 25 1888.0 33425.0 -11.310178539835054 -0.11076604032481982
62 759.6863602715496 471.9559221486785 0.47284686909526524 -0.3068687004827213 -0.6573574025728506 25 1870.0 32624.0 -11.283843021085163 -0.12226429486146137
63 754.9754526513844 474.47004047130434 0.44408198133673704 -0.3206074734158475 -0.28202875792588106 25 2667.0 52730.0 -11.80514442832866 -0.18930195885866646
64 749.1441560475091 478.7307491939645 0.3450651537891905 -0.7975492459894373 -0.2650776732912357 25 1788.0 31798.0 -11.255999512517757 -0.16950653275939156
65 393.09164830624746 480.96371004662484 1.0506587194909727 0.2682005185891882 -0.10828685464714588 25 1717.0 2458.0 -8.476454696376088 -0.7748346013034656
66 354.82524120984914 482.1154409657389 0.7900808991504492 0.0948103557150981 0.022212293550063465 25 980.0 4096.0 -9.030899869919436 -0.30299832611363686
67 678.0082011071905 494.3393260776437 0.45208295490683414 -0.34933150350843784 -0.8903885888573807 25 2625.0 52617.0 -11.802815207027791 -0.05372460862132133
68 682.0039355596103 492.4303756384659 0.43695066271518807 0.18446759237210245 -0.19134016301060872 25 2104.0 39431.0 -11.489594478124019 -0.19352123727839762
69 671.4944600116349 499.4125610760086 0.41619958471999824 0.03031069433742682 -0.12092832651784367 25 1696.0 27765.0 -11.108744194521464 -0.41758025220827283
70 368.5991348923172 514.9127354873898 0.3775919368243247 -0.3239242450694789 -0.93759529477372 25 2006.0 38172.0 -11.45436228788747 -0.07546590227710949
71 358.6427316697468 521.1038955972873 0.3479986453168953 -0.5539748854569719 0.33486553884722625 25 1988.0 39773.0 -11.498970875523003 -0.05375540551220959
72 131.51504629350856 535.5233332172661 0.6369905605990634 -0.2582233976398702 -0.10710434565717684 25 1773.0 14665.0 -10.415705168291428 -0.9046739473357536
73 503.2928600597927 546.6484044747161 1.083630398404222 0.06864931397048522 0.289343386289154 25 1278.0 4489.0 -9.130374013504133 -0.35600806282263775
74 59.80137861133278 556.3284972543322 0.3962861798731132 0.3364880337134025 0.037533143220601514 25 2690.0 54162.0 -11.834236732108467 -0.16222130505025478
75 65.34465498273045 557.0450442424357 0.41540452727394916 -0.21229630694885118 -0.2648995814898746 25 2636.0 49128.0 -11.728322710935279 -0.4535588789925071
76 44.85526798977051 560.4764643959036 0.4011993822694788 -0.1825022771393354 -0.7048321013586818 25 2566.0 51358.0 -11.776520257381547 -0.15492697516195525
77 174.24168798806693 564.1295035914181 0.7823441033047098 -0.02487814910027579 -0.028979924469604477 25 1261.0 4836.0 -9.211215730471835 -0.5737756594297079
78 251.47647793300757 572.0065078968605 0.4376487103101473 0.0028637167521445767 -0.4280418353802444 25 1669.0 28011.0 -11.118321533816292 -0.23976852503399232
79 243.13021311056633 574.0000335033633 0.4832733559360004 -0.36668937910023014 -0.3561639612516696 25 2652.0 53330.0 -11.817428959207191 -0.0032275466559708223
80 236.73848203820037 577.6043283452074 0.37046040064529523 -0.4819557654083007 0.1588170831461291 25 1786.0 30757.0 -11.219859931612133 -0.4354163335522105
81 244.64375775931939 576.6451148780075 0.5217046861117386 0.32788095862125444 0.5295792384076424 25 2154.0 39412.0 -11.489071185294224 -0.045156215222005365
82 817.0915899521624 579.5026571072675 0.2376049843736418 0.4716885410020888 0.49037880789782756 25 279.0 541.0 -6.832993162766423 -0.018354010743115563
83 750.7678166519657 584.4778216729272 0.7379824621135077 0.025436101915699155 0.6620303722548722 25 1520.0 5921.0 -9.430987652705001 -0.8159454345633297
84 796.3081909485754 637.4758401111197 0.8321361691466049 -0.15623765350000246 0.2433871931866654 25 1009.0 2767.0 -8.60502289785238 -0.32353890723784146
85 370.1049434703941 664.2182554886936 0.732980138687337 0.45510528538316913 -0.08351323457412065 25 2296.0 5339.0 -9.318649802144773 -1.3484430408387063
86 507.6278875046867 665.3716883556651 0.7522758278487044 -0.08189088295762985 -0.06169060946843051 25 1973.0 5081.0 -9.264872987275739 -1.1558250069813698
87 796.9233227351057 674.1687616157235 0.9845836569260351 -0.5524483713253404 -0.07241173028950242 25 1478.0 3686.0 -8.916388327207637 -0.586845496225571
88 300.52184731799514 674.8977897729416 0.5239852915992584 -0.32434165657196445 -0.5093733587468324 25 619.0 2386.0 -8.444176098335808 -0.24630246116866053
89 184.6312530802079 688.4691070130152 0.7634627697660771 0.32733868096078833 -0.3374624852067437 25 793.0 2887.0 -8.6511169597018 -0.09327452823184348
90 488.8925165506831 702.9838865892651 1.3397153976333316 0.839993672018063 0.26147564476373386 25 1383.0 3657.0 -8.907812400845112 -0.22433602344752226
91 679.9575253497525 705.5863321507748 1.033868278305401 0.002260453595674375 0.40719334344856584 25 905.0 2725.0 -8.588416266531652 -0.07378849125343927
92 162.96966875876228 710.621810351894 0.4387988887617542 0.09721187005885117 -0.3917143463128226 25 1356.0 21823.0 -10.847286131658322 -0.06497010941825272
93 158.7486788267865 716.6987104874852 0.4674555200589891 0.8449097752958576 0.9398642009146393 25 1716.0 30582.0 -11.21366470993088 -0.05112010239662941
94 105.69887628379827 720.2550981118001 0.41851723780286093 0.3809369368491353 -0.02132119177549348 25 2472.0 44396.0 -11.618359606807743 -0.4734611280617991
95 98.99870921073988 721.3625276505282 0.34696495869931493 -0.4016633419302275 0.0651219548819827 25 2892.0 59910.0 -11.943748298975914 -0.154810402490189
96 24.25556292059891 720.7163327614504 0.7235795680035764 0.529566655664826 -0.3520234018941659 25 778.0 4734.0 -9.18807063398266 -0.011878392050200602
97 92.66084480302565 725.3579983501725 0.37173185347223275 -0.26808477484268395 0.3872454606727223 25 2539.0 46649.0 -11.672105845868847 -0.4650101622179893
98 42.143520882777594 740.5940249368076 0.4638049893604218 0.6537371218832073 -0.2124601097275901 25 3022.0 53152.0 -11.813799026928251 -0.6710403644047662
99 16.671592979908286 741.4646338496404 0.671589097735942 0.05862538704119194 0.842644486966114 25 1323.0 19398.0 -10.719392387488 -0.013750073742890986
100 29.222606137288214 746.5418332180411 0.3909325995434104 -0.5124193474892984 0.8851153415092706 25 3343.0 65330.0 -12.037781645474531 -0.5641675378862722
101 677.8550597936099 751.1623074774468 1.080453623096778 -0.6203960492734027 -0.2082555330984121 25 1238.0 3735.0 -8.930726515378545 -0.28809164827051637
102 61.17644065862437 768.0597869589382 0.3180344275134185 0.6440213550125089 0.17089721869908606 25 1785.0 16259.0 -10.527734577647408 -1.244422969521985
103 505.9395075756073 776.7324467635491 0.632497659839897 -0.9253858465740169 0.29230549948850365 25 1505.0 18794.0 -10.685048056298324 -0.37006508035210156
104 717.0245689402998 815.2470267904183 0.366398888435462 0.03495650460686079 -0.2824714065925847 25 2473.0 45840.0 -11.653111522398333 -0.45434058772854846
105 703.6551162008568 822.2513925260571 0.4009505277035056 -0.17313510667751628 0.38630188288026174 25 2633.0 46082.0 -11.658828298982485 -0.5680918297378285
106 712.464107045668 821.0375210580743 0.3878493974294943 0.31568170611833524 0.142312981629988 25 2420.0 49343.0 -11.73306387645533 -0.034158936508573094
107 233.94570873814195 823.6649409392072 1.0032904866774646 0.32153963215858844 0.35403841906729366 25 1120.0 3490.0 -8.85706356739795 -0.19339575077567706
108 819.1106810689221 826.6824742620586 0.38582597995705087 -0.9096723689511975 -0.06204439527929852 25 590.0 1757.0 -8.111929403738237 -0.08813907718273803
109 676.4688711972706 827.8853706883601 0.44132538143240796 0.8887636322795776 0.4731610134699345 25 1629.0 29612.0 -11.17866935177541 -0.0749363829152318
110 97.28477408456943 832.6876037343281 0.2924053776863216 0.17327478241917052 -0.8348475652752148 25 3001.0 47770.0 -11.697888103208385 -1.0803443651843956
