test_CNN/outputs/tables/03119_a21750m0s0_sources.ecsv
# %ECSV 1.0
# ---
# datatype:
# - {name: id, datatype: int64}
# - {name: x_centroid, datatype: float64}
# - {name: y_centroid, datatype: float64}
# - {name: sharpness, datatype: float64}
# - {name: roundness1, datatype: float64}
# - {name: roundness2, datatype: float64}
# - {name: n_pixels, datatype: int64}
# - {name: peak, datatype: float64}
# - {name: flux, datatype: float64}
# - {name: mag, datatype: float64}
# - {name: daofind_mag, datatype: float64}
# meta: !!omap
# - {date: '2026-06-03 17:11:32 Eastern Daylight Time'}
# - version: {Python: 3.11.15, astropy: 7.2.0, bottleneck: 1.6.0, gwcs: 1.0.3, matplotlib: 3.10.9, numpy: 2.4.6, photutils: 3.0.0, scipy: 1.17.1,
#     skimage: 0.26.0}
# schema: astropy-2.0
id x_centroid y_centroid sharpness roundness1 roundness2 n_pixels peak flux mag daofind_mag
[from data line 103]
104 736.9202783424957 462.98310322771704 0.9273036072388219 -0.17443860457475532 0.029171091220892273 25 2321.0 3949.0 -8.991217834341361 -1.4426888751830467
105 367.6248125393927 471.10480266818814 0.48775038318312197 -0.4341050086659475 -0.40152198947683265 25 1750.0 26718.0 -11.067009863787167 -0.6613200127069145
106 485.9174320050346 471.5912789100928 0.40019529205007326 0.6110779087270193 -0.3232192418709396 25 3038.0 54168.0 -11.834357001973421 -1.0295092726507353
107 763.514170459247 472.7862694178648 0.4962374024978764 -0.5964559581930583 -0.5379269372869872 25 1673.0 25876.0 -11.032242856171127 -0.5057879633503154
108 359.6841858429819 474.90984371190837 0.3884772765230216 -0.8502036395292769 -0.46119648983007766 25 1890.0 32007.0 -11.263112424621255 -0.6202485433254274
109 474.7834199250484 477.0318099164639 0.4853993981516745 0.47284575721497996 0.7463685356448271 25 2982.0 52780.0 -11.806173464710078 -0.840508173604464
110 751.8976734922911 477.60653720863206 0.44196178888005033 -0.3433656156667142 -0.11983749985405309 25 1713.0 26033.0 -11.038810545933073 -0.7159600799992637
111 733.0810044892204 489.4055496336155 0.8660369016065183 0.06864945619507429 0.08808209510690472 25 1368.0 3579.0 -8.884404245975011 -0.9075624519206351
112 683.3902435838845 493.20932364817725 0.38663617442630777 -0.30800882398842994 -0.469131447518316 25 2351.0 39832.0 -11.500580283168507 -0.8909043122343054
113 674.1667895783653 498.1743277168819 0.4990839632860872 -0.38998740053038294 -0.17502021709338839 25 1875.0 26970.0 -11.077202366132228 -0.8152628463810796
114 44.01681443340572 500.66727719208296 0.6208370931303125 0.2330729368389994 -0.2515787156997022 25 854.0 10948.0 -10.098336971845214 -0.013158357668400286
115 24.76556832069251 507.9293242475891 0.6178079753288118 -0.11508670337916803 0.6969279684559412 25 1129.0 7955.0 -9.751600459956501 -0.6940768080053467
116 262.1450421496353 511.7276217864346 0.37337320095852805 -0.47708398310931166 -0.906915918963626 25 1488.0 25903.0 -11.033375163870598 -0.3176833209260955
117 646.2249623928459 513.2446899429971 0.8854027541907217 -0.0616322077832204 -0.048012232067008054 25 612.0 505.0 -6.758228445296654 -0.07215757383669238
118 371.4215027049883 515.829253886326 0.477044601419104 -0.33446232073184573 -0.34783851777227937 25 2079.0 31150.0 -11.23364512748797 -0.8203236801292759
119 362.28929670019306 519.9680031937374 0.40788259428473217 -0.31098598388198684 0.17282476162319046 25 2102.0 39336.0 -11.486975488205262 -0.40381248331226754
120 442.6760632768555 527.8711377899214 0.6963262363305575 -0.8286554942882747 0.05619049589647072 25 1429.0 5391.0 -9.32917332957159 -1.0601529438380184
121 757.1407858504449 530.845698082514 1.0157483200686785 0.1060877977356671 -0.06381032927640017 25 1385.0 2053.0 -8.28097237342648 -0.8410734726287776
122 141.34724636537933 532.2254213547537 0.40100776317874365 0.02696411191191114 -0.3317678556964558 25 1526.0 28342.0 -11.131076234248997 -0.14175640125020525
123 124.6462008009007 533.9241936044978 0.7655244790985916 -0.40135650788944205 -0.040920406215667275 25 693.0 1250.0 -7.742275032520141 -0.2880357895927763
124 15.64247403698771 554.0182054161584 1.079160630226684 -0.9975265322791542 -0.6083833619468392 25 860.0 3055.0 -8.712528036446432 -0.11438933810189897
125 277.01787480736493 554.6154599392625 0.994189146589633 0.6440603455830982 -0.015653273460243332 25 688.0 1546.0 -7.973023723955766 -0.04079548663952752
126 71.49378560524258 558.0277403170602 0.4947584336933882 -0.09157332256015693 -0.4948168577300228 25 2266.0 36551.0 -11.407248158333257 -0.7632926455930146
127 627.9477599274743 560.0204651277259 0.9970121671090605 -0.5896757459916017 -0.018960211666363275 25 1186.0 1488.0 -7.931507328024649 -0.6621851012454171
128 59.713492009909864 561.5601874750479 0.36971788877389705 0.32738929438050696 -0.4586304838594434 25 2413.0 45972.0 -11.656233495076755 -0.6115962432408917
129 44.981447141318654 563.8876343447087 0.4330444503834734 -0.591521802278564 -0.5095420934502681 25 1338.0 22287.0 -10.870129032670896 -0.2166498526901412
130 65.55627517887098 563.6586599894163 0.38435387962616874 0.6545923990707991 0.33291558920710584 25 2311.0 44605.0 -11.6234588592635 -0.6608916699629576
131 251.473058145139 573.4089365121291 0.49153072475425674 -0.14349045105444072 -0.3995886124157902 25 2374.0 36670.0 -11.410777274901507 -0.8207787290421247
132 242.27755904757635 577.2480290261068 0.385062192840857 -0.25451885802082935 -0.3659684245814874 25 2038.0 33555.0 -11.314393107880779 -0.8236664174891881
133 673.9352578268978 599.929050645137 1.0371280056687662 -0.1466604714149915 0.2863706776076861 25 801.0 1845.0 -8.164990926237698 -0.1629752805179709
134 122.10454926178639 600.6085206516061 1.1768490832727743 -0.4891055924415433 0.08247699106556228 25 812.0 1159.0 -7.66020858990899 -0.11356229766272012
135 223.85116078584548 607.0271683059751 0.3850041093566226 -0.7590515436595222 -0.8092298141367452 25 289.0 567.0 -6.8839576472322666 -0.09490584976633284
136 494.43872722485077 608.2038929881328 0.7253807710549972 -0.017699315684415712 -0.048424681659925424 25 2112.0 7496.0 -9.687073944699305 -1.4663409874603062
137 297.7618902435115 609.0693664871138 0.46491776300297244 -0.2648717325584091 -0.19212298758804724 25 1106.0 17440.0 -10.603866201491371 -0.17800969700077746
138 260.0833210821427 618.9369483610453 1.1381150016559791 0.062282857069648104 0.02817242849562854 25 850.0 1360.0 -7.833847270925544 -0.11996714020599396
139 514.1842399950784 620.4250992442386 0.7202705661040769 0.5335682919798987 -0.03397087009356034 25 764.0 2128.0 -8.319929059057525 -0.4270511393405889
140 166.48979837627934 621.1754104352044 0.3573662590312681 -0.004217266122583874 -0.5742366817889223 25 1214.0 20800.0 -10.795158337406905 -0.28687755457399167
141 578.434721134395 624.4628089423671 0.2857076880047525 -0.717741884978634 -0.24798785332580023 25 1261.0 22643.0 -10.887334916397865 -0.240830323126017
142 307.5199772819158 624.8831295307405 0.2790608132960412 0.4276797393512842 -0.027988370826901265 25 990.0 18540.0 -10.670274324521197 -0.047862781682811543
143 730.6567632730348 626.199504322619 0.5012375935635173 -0.22658962807705563 -0.7515007271959949 25 1552.0 26814.0 -11.070904012610008 -0.2898437670410488
144 98.02169520458617 628.1274929001947 1.4409586437648092 0.41948602005472824 -0.5193194753766303 25 967.0 2109.0 -8.310191449348716 -0.04956106316448339
145 773.1371987235016 639.1073190443567 1.2132745554561455 0.13815195602598834 -0.10016469007030224 25 1046.0 1706.0 -8.07994756707876 -0.2850486467165065
146 816.156791256916 639.2622896676762 0.6753299988743177 -0.016130452582865547 0.4072643494122019 25 1070.0 3570.0 -8.881670540280483 -0.8233151454001506
147 276.6631521769371 642.1509981443629 0.8511787449679309 -0.6731501873478731 -0.34506736228350443 25 792.0 3343.0 -8.81034094148142 -0.2114342030307105
148 130.43374200676595 646.0780183210196 0.8480849739586193 0.45638076330571564 -0.27956759651931684 25 914.0 2432.0 -8.464908926501742 -0.42909177333505805
149 365.92247229693436 646.8878241599675 0.9448476960020104 0.09196342474909573 -0.3063627080332581 25 868.0 1624.0 -8.02646506226289 -0.40923966696056757
150 697.9332586653308 656.8467799638421 1.1655598071001576 -0.28496736119345395 -0.2179832862806722 25 1104.0 614.0 -6.97042092785292 -0.46639071648637986
151 186.42624088371034 661.5315022235485 0.6533679180308788 -0.5002239034027633 0.11393444866558045 25 1119.0 5713.0 -9.392160560151373 -0.8126652730785258
152 833.8620112995912 664.0579623724336 1.3592181175379623 -0.3232623191362069 -0.08780686884208262 25 886.0 1381.0 -7.850484196446578 -0.046070202868687155
153 107.67367620091657 675.7193340288236 0.5682293907839284 -0.4018028310410646 -0.12363545743890972 25 869.0 4326.0 -9.090216287757682 -0.6833642065542103
154 229.2464007229996 677.2686134046747 0.7263582458650809 0.3646681536105239 0.042243119981004155 25 2265.0 9210.0 -9.910649075492122 -1.5241946603252514
155 356.3921922246228 677.7109725120088 0.881419138294661 -0.3267515623923041 -0.03904017540737798 25 1394.0 3878.0 -8.971519511856716 -0.898612773864206
156 547.8123903584212 677.975025491286 0.3770506359435506 -0.7291849021843707 -0.6407490745006739 25 1193.0 20192.0 -10.762948343910102 -0.21643388745047693
157 685.2308176161362 692.014689083472 0.7483494077554835 -0.3588153801230445 -0.7069231382531558 25 1448.0 5425.0 -9.335999356301418 -1.004723496686737
158 802.6765086061874 697.8755276398477 1.3594284500825924 0.3053488933425312 0.3041523549540811 25 907.0 1507.0 -7.945283130786579 -0.0662941688231659
159 647.2579327701816 704.4915307540255 0.7764807009215913 -0.7412532678604045 -0.43733796853550566 25 1231.0 15558.0 -10.479884417882488 -0.11173639112373379
160 124.61023642817098 707.9931842181254 1.0177138299206352 -0.40183460171314545 -0.3409501272563152 25 1443.0 3345.0 -8.810990305259605 -0.8102846731559266
161 701.8763828795212 708.029119834918 0.3939875026931756 -0.5684397544361731 -0.21444630451102137 25 1174.0 19412.0 -10.720175706608119 -0.17839233729064574
162 803.7990667209817 711.4017454444133 0.8654595881408494 0.045449174033274614 -0.019155959941166232 25 974.0 3209.0 -8.76592429273876 -0.4784822925923382
163 158.07298590791888 716.537475649506 0.4910793710699995 -0.2611653672064057 -0.07441249788348643 25 1617.0 24903.0 -10.990629171450692 -0.48618030403533563
164 663.9968392815495 716.8006661352816 1.1231916683093826 0.1890527759064497 0.12977137974997788 25 1002.0 1863.0 -8.175532137240607 -0.39483814154417707
165 144.75828714814708 719.9560823193821 0.7568172113457229 0.6074493456069519 0.3565732092645509 25 512.0 1165.0 -7.665814813405094 -0.0013584446944620862
166 110.49763958309241 722.0792018221385 0.42735459131806286 0.260104443330861 -0.09321326460497137 25 2598.0 42303.0 -11.56592791827486 -0.9953531944139364
167 99.74642008102687 725.7773142434587 0.3572365268668413 0.3513527353158777 0.07284162235976203 25 2702.0 48183.0 -11.707234592045205 -0.9624330126236462
168 347.95123018781806 731.9623189122115 0.3308896722545904 0.3419264728960225 0.3391170590868037 25 409.0 4503.0 -9.133754867407331 -0.054366862881247924
169 731.2699479183079 732.9051425430795 0.7518559888185242 -0.23084907020582907 0.1505105940121706 25 613.0 2033.0 -8.270343446595096 -0.19214146121295694
170 19.469584294879294 733.062511600541 0.3319469252548754 -0.14894505630137117 -0.39451793963143456 25 1177.0 20903.0 -10.80052155139561 -0.3669897937555603
171 25.29458445295942 739.4148197956954 0.6524626419078989 -0.4624945465034842 -0.03422525609180231 25 1395.0 21820.0 -10.847136865630809 -0.13255679973097245
172 47.54058791216299 743.1491992567807 0.420515620763073 0.7851952149516684 0.07285432741302696 25 2954.0 50665.0 -11.761770117468608 -0.9948851778183382
173 343.38427316028236 744.7553946983547 0.7203317613782566 -0.007896863090571611 -0.09042172270210029 25 571.0 3055.0 -8.712528036446432 -0.020051853921978204
174 497.9983444871994 745.4374902931297 0.843311629954818 0.3067712543347461 0.8366521324411014 25 690.0 1621.0 -8.024457537121288 -0.184603469935075
175 580.275235369749 747.8289606470241 0.3664627762334498 -0.5517320856341531 -0.9709124917245535 25 836.0 13465.0 -10.323015894368822 -0.09435097034634578
176 191.64089295679796 747.8278010735901 0.7525078522946461 0.467151146571608 0.10599392114699445 25 600.0 3075.0 -8.71961280027859 -0.02375057027659881
177 36.08820378310808 747.342343802241 0.4290817468064771 0.7034712076386037 0.13574544972814226 25 2883.0 50881.0 -11.766389095546163 -0.9161356392058307
178 204.73430219160608 749.9885751186613 0.7643324042431051 -0.28324815091882 -0.03307533100361366 25 1010.0 2920.0 -8.663457128621046 -0.6418147717046305
179 721.912801329454 754.3943724378629 0.81466915360721 -0.25288104581563264 0.3756777299709868 25 2226.0 6796.0 -9.58063342549252 -1.441465570912809
180 98.97193060902372 759.2341239228779 0.6891923799218614 -0.4356263877592223 0.014449232800523529 25 672.0 4144.0 -9.04354936684294 -0.04173483572980284
181 88.58619129330698 764.9813185525974 1.182062001522219 0.43574995763106583 0.031072257714867702 25 849.0 841.0 -7.31198998949478 -0.21084545578418104
182 502.3207784421225 767.0885534979406 0.4263000335102681 -0.3901339975875996 -0.8118776727022812 25 964.0 14097.0 -10.372816749356534 -0.20976672878134311
183 515.7716782946969 776.1806279791133 0.4515063977653712 -0.65163657604553 -0.5464421875717683 25 1255.0 21210.0 -10.816351671291404 -0.15371282047471885
184 584.6899405065103 776.5094181252293 0.797174152210066 0.6278241536522076 0.3363476503003943 25 621.0 2843.0 -8.634442149226105 -0.04925625732508123
185 526.5326416126511 778.0288070205625 0.9524627022681917 0.7841858091788187 -0.05854653088781402 25 803.0 1359.0 -7.833048641831236 -0.34324428602213386
186 354.5611157362914 783.1918422732803 0.5983942837001487 -0.529307214182145 -0.09342571454580731 25 743.0 2572.0 -8.525677410630461 -0.5296433854459023
187 582.046745028356 798.7308425076592 0.9934882925239531 0.31487091540199325 0.09689734216044557 25 1465.0 3755.0 -8.936524853350468 -0.8510528435403548
188 729.3354319916566 801.2938177076301 1.0645902244827372 0.20675308434180806 0.12448746108324893 25 886.0 2958.0 -8.677495424152184 -0.1585573262553578
189 125.61178993473114 802.4391017297271 0.7943758293926837 -0.9837498315531581 -0.7304560503968196 25 684.0 2743.0 -8.595564519011324 -0.14100907390694822
190 251.06923820887724 803.2478277137192 0.706340066869549 0.9133281587654097 0.030051209534099427 25 691.0 3045.0 -8.708968242422236 -0.1822103964687999
191 247.91338099120745 810.5330133713752 0.7592340743335447 0.28354698430981085 0.18807159784004934 25 1627.0 5348.0 -9.320478496474866 -1.165245532178953
192 568.119489854386 816.9409084013262 0.828914760385614 -0.8750985504987181 -0.3647806743336652 25 629.0 1384.0 -7.852840225301847 -0.0611888484792698
193 720.620723246053 818.0774858745727 0.4455307717002906 0.14923999139563404 -0.3708960732233876 25 2554.0 41022.0 -11.532542075709205 -1.0519382129848174
194 627.710872961394 818.9392001244483 0.9234874708828917 -0.28926446741152545 -0.11917825288877125 25 830.0 2586.0 -8.531571301360938 -0.2950177383710218
195 687.416779618821 824.745977742212 0.5455696190575338 -0.7154652598431263 -0.9369549969287058 25 1412.0 19280.0 -10.71276757391703 -0.5743357575126764
196 709.9355242557841 823.1113280627231 0.3531631513568722 0.5246123883179352 0.01001740821975335 25 2553.0 43579.0 -11.598193150854945 -0.96954464412201
197 611.4388438557207 827.9118625069358 1.109652837050634 -0.08533309927784583 -0.28598815315137815 25 830.0 2479.0 -8.485691316919553 -0.13734065360046172
198 546.7925556384058 830.4414923201888 0.6429752143211706 0.6340130224262476 0.20757720166073654 25 629.0 1620.0 -8.023787536356577 -0.37305557020586677
199 675.2333354771141 829.4778004789121 0.49091844706987764 -0.6193588266802599 -0.2696484701908328 25 1475.0 24164.0 -10.957922067643572 -0.337617529069687
200 96.29397402799012 833.6823647891712 0.3038183707787868 -0.10990028386613372 -0.8855162103250483 25 1867.0 23089.0 -10.908512809351564 -1.207026962216424
