test_CNN/outputs/tables/03118_a21745m0s0_sources.ecsv
# %ECSV 1.0
# ---
# datatype:
# - {name: id, datatype: int64}
# - {name: x_centroid, datatype: float64}
# - {name: y_centroid, datatype: float64}
# - {name: sharpness, datatype: float64}
# - {name: roundness1, datatype: float64}
# - {name: roundness2, datatype: float64}
# - {name: n_pixels, datatype: int64}
# - {name: peak, datatype: float64}
# - {name: flux, datatype: float64}
# - {name: mag, datatype: float64}
# - {name: daofind_mag, datatype: float64}
# meta: !!omap
# - {date: '2026-06-03 17:11:32 Eastern Daylight Time'}
# - version: {Python: 3.11.15, astropy: 7.2.0, bottleneck: 1.6.0, gwcs: 1.0.3, matplotlib: 3.10.9, numpy: 2.4.6, photutils: 3.0.0, scipy: 1.17.1,
#     skimage: 0.26.0}
# schema: astropy-2.0
id x_centroid y_centroid sharpness roundness1 roundness2 n_pixels peak flux mag daofind_mag
1 311.68614831665053 4.802619997897161 0.48345851553833546 0.007250631629197442 -0.2479038961192178 25 2119.0 31697.0 -11.252545399621647 -0.33953846184526065
2 610.0236770665592 4.746896985059492 0.4439990763310059 0.04804424966613383 -0.3701868633522452 25 2411.0 36099.0 -11.39373792855243 -0.6719595051834454
3 824.0364979553843 5.12021469925886 0.977720974621498 0.05967725978851986 -0.4088202588959791 25 1025.0 770.0 -7.216226812931205 -0.06766624293758534
4 301.09860881364415 10.071518217449423 0.5332269768334369 -0.686094128881913 -0.06705487332302959 25 2357.0 35556.0 -11.377282243819188 -0.4465163163982566
5 598.6934119959482 10.648027906048952 0.41502740117503917 -0.003854615363374823 0.3173318834649615 25 2450.0 40156.0 -11.509376113900288 -0.5288136673011586
6 606.4635450634287 11.69330335940221 0.3147181965463911 0.7339133687013359 0.7920172022996037 25 2315.0 44061.0 -11.610135873977041 -0.11813491913365436
7 352.6664952069146 31.722756225896084 0.4236552265590769 -0.5254231515040566 -0.5379344910872438 25 1692.0 26258.0 -11.04815410997752 -0.24437409160367257
8 347.32187131515207 33.24930099013792 0.41556037702289506 -0.33507528344671905 -0.7540811448518514 25 2073.0 38000.0 -11.449458991542025 -0.055132876885629595
9 528.1469065970077 34.959431007984236 0.3965855826512934 -0.2712221550470094 0.26970021599503513 25 1374.0 22365.0 -10.873922256271689 -0.08884439566433616
10 342.2699098833381 37.249492231445956 0.31473092228777544 -0.4102577515551464 -0.011369365522277502 25 1541.0 25541.0 -11.018094742692403 -0.2672186156017413
11 584.0614991491482 49.236769053168096 1.1324024207557426 0.07846475559064892 0.10590194857536925 25 1510.0 618.0 -6.97747118772204 -0.41063747823005503
12 355.8208136321417 76.61144132340685 0.8453667109947478 0.09533726129470026 0.35272910787829476 25 1002.0 2521.0 -8.503932114191116 -0.09574580082597649
13 180.95599167068107 79.31132480849384 0.34012321425485476 -0.42016857109495653 -0.1960047988042727 25 1395.0 22555.0 -10.883107078584324 -0.11624815525040227
14 114.07324593639159 91.26956655958479 0.42398737996048036 -0.7999769914128277 0.6703603156344088 25 3159.0 59667.0 -11.939335506199026 -0.5238905557407677
15 454.9351604224385 91.39759428126764 0.9622840920216814 0.5912893556965688 0.14823378533372739 25 2130.0 16814.0 -10.56417760770286 -0.5121412058573762
16 249.68044472996857 97.10184250819322 0.7040689413594097 0.5244881618404387 0.19025091401072525 25 1296.0 4308.0 -9.08568923656486 -0.44168010229464544
17 798.7483752016061 101.0547258775059 0.40114664752681933 0.28671883903776346 -0.1957194092008617 25 2907.0 47424.0 -11.689995454908038 -0.6897843040544276
18 832.7357292168408 105.40581823182661 0.38408738152919636 0.423449200893325 0.577578762372913 25 1284.0 18399.0 -10.66198554851789 -0.16548237080142847
19 786.7627849429751 107.4996455403453 0.3126381516495792 -0.026670036879134298 0.4253103669041026 25 3054.0 57725.0 -11.903409853973034 -0.4301056358286697
20 173.6303396430599 108.7103870462647 0.5098802652088639 0.31659012070842163 -0.38285600589546503 25 1123.0 4649.0 -9.168398865457718 -0.471550086178967
21 608.1108567403287 115.18493765356236 1.0636677142177764 0.47742763985944103 0.6924990201885898 25 1003.0 137.0 -5.341801417891016 -0.04171418791716924
22 56.98274336584262 126.6251477032418 0.70980734376129 0.5016778919669773 0.46390965841617654 25 1169.0 1816.0 -8.147789610462667 -0.48762898673310173
23 39.40053700874871 135.6945696505101 0.4086923838344792 -0.02676769902469732 -0.7385007546604537 25 3144.0 62774.0 -11.994449507646348 -0.17866751404658127
24 45.33769398609811 135.0186896340939 0.4434254337197563 0.18834502038017406 -0.1686481774795582 25 2745.0 43291.0 -11.590994044774625 -0.6421434898629258
25 495.9055848254359 135.1099190367132 0.8632145578603507 0.2816312862596822 -0.473769177367132 25 2016.0 8261.0 -9.792581555405985 -0.7359025628692617
26 34.087938853077915 139.77511564639485 0.3514339525963033 -0.017982122441712677 0.31819087386017614 25 2986.0 55500.0 -11.86073245780669 -0.37318616557752066
27 41.27250647043617 141.7205355650231 0.4352454622778655 0.6068731271135375 0.36336075555213543 25 2888.0 57197.0 -11.893433126282673 -0.1362417927677429
28 814.2997904792262 152.07734405459416 0.808541842502879 -0.7170643178325938 -0.3348769225973364 25 778.0 -1022.0 nan -0.11237252976198309
29 787.7620276631432 159.1946481207222 0.3871677259154441 -0.41565700869793065 -0.40808155342499813 25 1996.0 31855.0 -11.25794402354515 -0.3831472559945769
30 781.6272082717197 161.47138924205092 0.3628808003732989 0.42013788436896 -0.22865924374216443 25 2476.0 48239.0 -11.708495740627534 -0.17688736591335497
31 157.59059928078608 164.31307854156307 0.6353247937021623 0.5561068593575347 -0.18113237499732715 25 875.0 4970.0 -9.24089097183333 -0.027392822241038905
32 775.9842970206558 165.0475320642535 0.3802886547750782 -0.45690268781951937 0.5110043466463888 25 2076.0 34424.0 -11.342153332686246 -0.46882834501345705
33 832.3383500375709 174.41123244989868 0.40023666556819726 -0.006304848950559342 0.3173610838302103 25 1528.0 22283.0 -10.869934150695094 -0.19163817513025982
34 776.1079994083675 187.27428258812856 0.4450293078144125 0.20276156571322598 -0.03294114486509957 25 2061.0 32855.0 -11.291503678816335 -0.3242168700064264
35 763.8522566210224 193.77542031587237 0.3869681715072583 -0.5323567966166255 0.04563292300748032 25 2157.0 36523.0 -11.406416108213621 -0.3008813142462581
36 158.53290709252025 230.47102483348704 0.39111103039036854 0.6755775603303229 0.1424999043687923 25 3320.0 57588.0 -11.900829989950115 -0.723437029075344
37 511.63761359943635 233.5329253232764 0.3411156996412862 -0.5532006272104382 0.275686287425254 25 524.0 3490.0 -8.85706356739795 -0.07546145874211697
38 146.04324744067407 235.88483717665753 0.3521198815168639 0.09295715868662673 0.7124127234157328 25 3359.0 63132.0 -12.00062386961196 -0.49810004452289314
39 449.24238502796027 242.37031990358216 0.6139515714961369 0.22451058033734983 0.17232679935732928 25 1276.0 4232.0 -9.066364147567823 -0.657140205368839
40 673.8520687757107 243.45046285377273 0.8251680782984612 -0.8839280457272722 0.01913408321932688 25 830.0 1083.0 -7.586571141563301 -0.005758907092777507
41 617.2143250276246 251.97607479924093 0.5654721342511388 0.17983064624545694 0.13462924711045263 25 643.0 1839.0 -8.161454323095194 -0.06577967486993566
42 311.97220153122197 252.6706163659219 0.7243224501712987 -0.02974118964034241 -0.04775461232688213 25 730.0 -386.0 nan -0.11057796514118647
43 355.3912690891758 255.2406414787906 0.7575267178116836 -0.40994157028621003 -0.0006582011110078478 25 805.0 712.0 -7.131199984092142 -0.06976356481786081
44 665.7420408466343 267.3686522759023 0.7078733804669678 -0.07015320993879055 -0.11706654912389648 25 792.0 1648.0 -8.042393018402743 -0.13017220897646525
45 601.237867595567 277.1871134200585 0.5184894728427516 0.3314918743793216 0.3091617170340858 25 1372.0 19335.0 -10.715860441022711 -0.03744338396338152
46 301.2104892907811 292.49380693523966 0.45303736569090897 0.21921073659434856 -0.09044995793850474 25 1910.0 34182.0 -11.33449367460081 -0.06359065271677321
47 336.0533815095868 305.3982313505093 0.49996851798913544 0.18704330805525707 0.9907416704841754 25 885.0 5713.0 -9.392160560151373 -0.26247144544854195
48 466.2467404416705 311.0182155089803 1.1452986100858953 -0.2600373247833965 -0.4550362272328352 25 1450.0 438.0 -6.603685276260249 -0.3986366391113799
49 216.87685171637747 323.6753162687781 1.0433995420506244 0.10229628802683989 -0.0028886008534403434 25 1580.0 1676.0 -8.060685035735645 -0.49745245784943504
50 715.7190348683815 325.8450340424073 0.41883958207519556 0.754285565960988 0.2137850693530746 25 2910.0 18532.0 -10.669805728827795 -1.5775656586359823
51 722.7524374382468 344.85438723295 0.40673339717480855 0.7350507099241016 -0.12089560162025073 25 3377.0 59232.0 -11.931390992682026 -0.5497230981365943
52 372.9197604930175 347.59250848730386 1.01896367478501 0.3421590976801382 0.14239859806971195 25 1405.0 2005.0 -8.255285942390502 -0.33494344230491147
53 157.79698389161786 357.95034195849934 0.3707620214328095 -0.4011137488844345 -0.5816464820423201 25 1810.0 29977.0 -11.191970419793186 -0.12985779415189547
54 729.1722145994657 361.60960983598625 0.5580880733025156 -0.2075382434113383 -0.510819362298887 25 1253.0 14963.0 -10.437546689841572 -0.11867511501614889
55 469.98692380466724 365.1949073243588 0.6236163687843682 -0.5945400332371226 -0.5898061450675217 25 1775.0 11968.0 -10.195053951300965 -0.7907982135025344
56 784.5827546861758 381.05666853710284 0.48640847329319314 -0.2675951123614363 0.32390952036040666 25 1316.0 8750.0 -9.855020132555783 -0.6006184188396909
57 119.1499336672235 388.0732357832028 1.1972848663019906 0.29911918887706435 0.10112354454322293 25 2355.0 4403.0 -9.109371713648814 -0.7307994813547293
58 422.0440968079093 390.31389076044354 0.3951557214937115 0.5815118776330483 -0.37068033024088737 25 3328.0 57667.0 -11.902318396936513 -0.7148166781090949
59 366.02700552796875 391.8179589318554 0.9036515968417985 0.0489053408329585 0.1033947792280956 25 1312.0 2754.0 -8.599909839802262 -0.3840940045416725
60 409.65175960572407 396.89774538224435 0.4370138727656576 -0.6201210282795524 0.6765337438760666 25 3162.0 56752.0 -11.88495292781967 -0.5345866007901191
61 626.3200715188789 395.33229589358456 0.479863250925947 -0.2725461904459776 -0.6290483680165888 25 1359.0 18960.0 -10.694595832505119 -0.05212787424859433
62 417.8023568258434 398.7844029273731 0.4151739824316798 0.6390020823538595 0.8355062624062433 25 3224.0 63860.0 -12.013072285508565 -0.18434531234918786
63 786.265894905019 404.2334854406623 0.3169605600376014 -0.4343455138146014 -0.4247869083266761 25 1716.0 28724.0 -11.14561229513783 -0.2694102795075667
64 774.1292105461027 410.83581433122436 0.4265047090036833 -0.4486114810170286 0.002289341776698749 25 1802.0 30310.0 -11.203964840919056 -0.09936807637345654
65 790.9423160862724 421.2760043879896 1.0567107621107572 0.02680673137324822 0.2143986149658287 25 1712.0 3131.0 -8.739207669042289 -0.5131596561174975
66 424.22131216251205 422.8358822081546 1.0736100580265486 -0.0006041010296302872 -0.08878272182486023 25 1621.0 3292.0 -8.793649566350581 -0.4553875248163656
67 689.1072504960977 437.0083628643107 0.8167923609151627 0.44256862447899226 0.7257854668000332 25 812.0 1081.0 -7.584564234883276 -0.02244623425376785
68 749.286807580581 437.1892808323071 0.7908955245475128 -0.28408546657823375 -0.11646108818950038 25 2517.0 7135.0 -9.633484943626664 -1.1775521245377312
69 319.1130860492914 447.9123505606563 0.934802902251292 0.5850088763556068 0.30464795607967127 25 1319.0 2538.0 -8.511229044396716 -0.3548977010640485
70 92.49476882276166 461.0991010326087 1.0950260718060378 0.6101875437046693 0.08214764967927618 25 1651.0 5246.0 -9.299570715635836 -0.3249526823526304
71 472.58544820495274 464.26044361834863 0.39991786313006505 0.996433121610504 -0.12218730549774046 25 3438.0 60325.0 -11.951243326452058 -0.7575395502173654
72 747.6297074692521 464.3566957586768 0.382492983581918 -0.5380332925153346 -0.47314947548683534 25 1808.0 26327.0 -11.051003433591639 -0.39563050240011066
73 459.8712280238255 470.4914350219514 0.4090558642487946 -0.849074457063292 0.604870389363319 25 3136.0 56896.0 -11.887704337385252 -0.635476616312502
74 342.7977154772563 468.2842616515218 0.31887974429825505 -0.20586443331264612 0.2737400819266375 25 1790.0 32987.0 -11.295857051163358 -0.051369846483816504
75 350.3887182269629 469.7405182432764 0.411046078690586 0.9122898281378411 0.9613071849906594 25 1937.0 34450.0 -11.342973065609112 -0.19835114911704047
76 735.078129482315 470.9664049629824 0.3977711996729657 -0.5989068698752819 -0.21125456066946327 25 1818.0 31139.0 -11.233261653732525 -0.11786964735109719
77 669.9801553947027 485.09691918280146 0.49389766703687216 -0.2269024744853463 -0.3067039271007672 25 1773.0 25133.0 -11.000610828095375 -0.37405550061941706
78 657.3789956636418 491.41221698910357 0.34263993538352144 -0.6729146288511919 -0.02388181064574684 25 1967.0 34117.0 -11.33242708871768 -0.18243268273718244
79 138.98952604134877 501.1457172616272 0.798213189148045 -0.5211490208399483 0.2077291829659538 25 819.0 -843.0 nan -0.1586929553040191
80 357.86503172817277 507.9301729175289 0.3985803787509618 -0.23271133834087254 -0.0578380420616097 25 1541.0 24291.0 -10.963613484989603 -0.20162358066539918
81 351.42951966712803 509.5119813352065 0.41939757322207355 -0.6912994932045907 -0.3579128944470471 25 2475.0 47892.0 -11.70065743457912 -0.03105420791464191
82 520.7147172925595 511.00443774134453 0.9674952753216088 -0.9313830206356302 -0.7519202425940482 25 953.0 2393.0 -8.447356746533593 -0.0025506526605493804
83 65.79763375550107 522.6707574269155 1.0232922360225964 0.23736435789868401 0.1869326112442388 25 1719.0 6391.0 -9.51392204387139 -0.5099426761189016
84 726.5402291277584 524.8876273276751 0.5902546244188249 -0.25245277634389035 0.10189080227132433 25 1610.0 5773.0 -9.403503893746578 -0.8784972620957204
85 149.33287467704275 530.5857249562575 0.6078744058904534 0.10999450206804859 -0.2997849113182614 25 765.0 2118.0 -8.314814889428666 -0.0025370737754629065
86 662.5405444898313 533.1961717503464 0.655575822781985 0.26985742328289003 0.4323571369461026 25 860.0 2902.0 -8.656743520254294 -0.18299078523747736
87 199.36513131703296 534.9509876478319 0.6098172587185732 -0.8501751839248456 0.35638418589301574 25 1762.0 10800.0 -10.083559388717374 -0.8310772727304361
88 86.98608542580862 535.3580199603687 0.6863826353461323 0.787757821721477 0.10912166836473006 25 981.0 4697.0 -9.179551400458122 -0.12167099737372847
89 183.22398867744835 537.0871812062435 1.1521023601718083 -0.39899797035146933 -0.3855694779285774 25 1398.0 2385.0 -8.443720958440332 -0.24851869317120923
90 260.096099148337 536.6042429619941 0.917648501270516 0.2203411086375259 0.8412324742106724 25 1779.0 3557.0 -8.87770966296445 -0.7166172816259163
91 336.23069622221306 541.1533874687523 0.9459223695356217 -0.25689704662208207 0.36821467984062967 25 1999.0 3603.0 -8.89166065530642 -0.8224101970879005
92 54.48015886954597 550.2052572728119 0.4310060697936917 0.17993481957152155 -0.4988272011959228 25 2242.0 34977.0 -11.359456392550848 -0.5176074211263784
93 237.185312755498 564.8713306300366 0.46441980867176125 0.004224631892260012 -0.35315351724755767 25 1996.0 30143.0 -11.197966183865613 -0.3625207701882721
94 224.6823347266128 569.8086223501485 0.3011588114185402 -0.514341722181526 -0.10066681726256746 25 1874.0 35208.0 -11.366603388887222 -0.1011666899901141
95 765.6801543951009 571.3839812603841 0.5892788718025498 -0.5921322148339141 0.053665403743217 25 889.0 3940.0 -8.988740554563936 -0.1855487317695959
96 773.1394284038016 573.8809107198368 0.7394512514451835 0.031763199086496004 -0.36057095176718906 25 1053.0 2328.0 -8.417457439944627 -0.28078101015949053
97 169.16332063813803 579.5973629470403 0.8599449211791823 0.01709017069482573 0.2816899822109973 25 1154.0 3416.0 -8.833794655042418 -0.1778652414742997
98 489.20818220462587 581.8339140656939 1.2213123921724494 0.590367684574092 0.4650612497396014 25 1650.0 3297.0 -8.795297367857883 -0.3378253657118451
99 493.6764492803006 590.7057368223699 1.2044266324941775 0.42250703655718 0.22243374589880055 25 1301.0 3057.0 -8.713238596815224 -0.056091967001055155
100 211.96037675296165 599.6830365593994 0.9152258840488844 -0.17562293313391195 -0.06204003805757409 25 821.0 -367.0 nan -0.005529563278938624
101 564.0486885450928 601.6665543285449 0.8972453901591525 0.09077800271295963 0.0012474153905945493 25 1966.0 4874.0 -9.219713812121764 -0.7988160651606799
102 300.60820630450814 615.6570389251972 0.4084609685131432 -0.3531918374861151 -0.4425923768000661 25 1087.0 8298.0 -9.797433576232386 -0.4930407974164877
103 368.78289079645725 620.5019756346612 0.9058860718039881 -0.10075992603178796 0.2716728546116174 25 1406.0 3569.0 -8.88136636988915 -0.40161501387770593
