test_CNN/outputs/tables/03119_a21750m0s0_sources.ecsv
# %ECSV 1.0
# ---
# datatype:
# - {name: id, datatype: int64}
# - {name: x_centroid, datatype: float64}
# - {name: y_centroid, datatype: float64}
# - {name: sharpness, datatype: float64}
# - {name: roundness1, datatype: float64}
# - {name: roundness2, datatype: float64}
# - {name: n_pixels, datatype: int64}
# - {name: peak, datatype: float64}
# - {name: flux, datatype: float64}
# - {name: mag, datatype: float64}
# - {name: daofind_mag, datatype: float64}
# meta: !!omap
# - {date: '2026-06-03 17:11:32 Eastern Daylight Time'}
# - version: {Python: 3.11.15, astropy: 7.2.0, bottleneck: 1.6.0, gwcs: 1.0.3, matplotlib: 3.10.9, numpy: 2.4.6, photutils: 3.0.0, scipy: 1.17.1,
#     skimage: 0.26.0}
# schema: astropy-2.0
id x_centroid y_centroid sharpness roundness1 roundness2 n_pixels peak flux mag daofind_mag
1 320.51882028934847 10.183281514606888 0.39968282394068627 -0.2239304728326958 -0.2752336920389339 25 2097.0 35250.0 -11.367897803318543 -0.7253571973616146
2 619.4229088252287 10.162700423023724 0.41919892508744483 0.20965849084721047 -0.21644044638161783 25 2525.0 41543.0 -11.54624463904375 -0.9660837082050661
3 313.0354007074587 13.96644885574886 0.4934320426504594 -0.2475881122268836 -0.16415589878437653 25 2028.0 31534.0 -11.246947658216484 -0.7373613595068023
4 610.9386986627248 14.517178822769901 0.36985432451482836 0.12506142155273078 0.15137996105824814 25 2717.0 47629.0 -11.694678658322278 -0.9112604740641583
5 252.33507071198062 27.569161702705685 0.3609421962894883 0.3990694156980353 -0.17860946050869317 25 1146.0 19447.0 -10.722131535499368 -0.059719618438016785
6 833.1324507116194 28.581786405326785 0.30891963162475017 -0.055976730155563724 0.960238081323344 25 1873.0 26355.0 -11.052157551377439 -1.0429541674637655
7 167.90088808679917 32.900116304821665 0.8655981326280517 0.4857061991935957 0.006210762822496281 25 1232.0 3341.0 -8.809691189095329 -0.7992051408665534
8 717.9512234343907 34.0211164594965 1.1301135331293974 -0.20111307491951513 0.05647750883819161 25 1075.0 4240.0 -9.068414641481832 -0.3009704413518704
9 115.21573518856029 37.2080998820945 0.3161948684617779 -0.5200104265256422 -0.8149739866443074 25 1195.0 21673.0 -10.839797577476782 -0.06755859706697553
10 361.74283402238893 37.21360844269638 0.4712840558963599 -0.4884323750500606 -0.48765963730468853 25 2207.0 35638.0 -11.379783308744873 -0.7501719242540659
11 540.7209424839033 38.93980518358712 0.365506169739224 -0.9057920394210105 -0.3665654356240989 25 1319.0 22267.0 -10.869154272804051 -0.3227934313194359
12 354.3970747131681 40.94441434646224 0.3813830697167449 -0.5734460103189939 -0.2803236013237229 25 1715.0 28207.0 -11.125892246341236 -0.6223559149869297
13 276.3061706457936 44.93937961144505 0.8366963391267999 -0.35767984941362263 0.07419861817113553 25 1133.0 2177.0 -8.344646072602735 -0.741050273519977
14 811.9029102000688 52.13744553549255 0.9689983267570405 -0.26494796135514864 0.4048443511788617 25 830.0 1754.0 -8.110073972575055 -0.2519665997642851
15 160.60950336311538 53.17159869353581 0.5576629672148142 0.17610396346209853 -0.253328740487113 25 1110.0 16514.0 -10.544630700649734 -0.05790919892239204
16 342.8045427549262 53.969644990623436 0.8239293475065355 -0.02041433487867051 -0.01982737690258608 25 1450.0 3736.0 -8.931017168895139 -0.9990481169433268
17 230.69386269255475 57.2979129779347 0.46285348010278654 -0.7857876225861424 -0.6082187432329594 25 1074.0 17384.0 -10.600374283281171 -0.09862904343111135
18 421.16520207547177 61.26064991975312 0.7826984779144182 -0.21137732468826112 -0.1288440836401123 25 616.0 2084.0 -8.297244286568716 -0.08316732748287284
19 340.71797822187244 65.4120845057958 0.38983250716931744 -0.277841834767076 0.08848188963974417 25 1023.0 16576.0 -10.548699345162849 -0.04533577134374623
20 736.6818882309549 69.8778450300926 0.9017604051252109 -0.2217164125197157 -0.5228488452571162 25 596.0 880.0 -7.361206680375422 -0.069614014678815
21 691.6613604656944 71.38366363513065 0.797640355991076 -0.3774001810576096 0.08063424004868738 25 1266.0 3603.0 -8.89166065530642 -0.8114146132139305
22 200.02404469517685 79.61854420465265 0.362502462918737 -0.6455209605833826 -0.6538214766617816 25 1806.0 30269.0 -11.202495183407642 -0.6116872065161645
23 484.7338235186505 78.98605784338136 0.46093616082704597 -0.684266378093689 -0.7318110379705082 25 1680.0 28136.0 -11.123155888272215 -0.38629775573319985
24 193.33334068526614 82.8421276973317 0.358104619569698 -0.5246563811926087 -0.28159880888478533 25 1764.0 30277.0 -11.202782102103795 -0.5692734352229183
25 275.2146411199902 84.51638749994252 0.4646404823326278 0.2901380984958476 0.49321001891706306 25 419.0 1835.0 -8.15909017147027 -0.016173837320613983
26 464.79133192412013 92.37655743910913 0.43144384412746256 -0.7278131578310971 -0.8088920166508927 25 1628.0 31049.0 -11.230119043368813 -0.044582181627997944
27 679.1073027192784 105.9237291463047 1.1268578142304317 -0.11723951413307283 0.0326805280948954 25 1014.0 843.0 -7.314568936561856 -0.40312603349735177
28 808.6592101541564 106.76235128646789 0.526972166819091 0.016033735027959045 -0.2734226691420998 25 2730.0 43018.0 -11.584125538074055 -0.9668061943949185
29 749.9416551605786 106.97910346099961 0.6296866227526726 0.712589634429336 0.34247601557728136 25 1177.0 3515.0 -8.864813323389606 -0.9605549280064031
30 91.68726212658541 108.8182330689295 0.7236869330360646 0.07541198558050362 -0.08825271694411416 25 524.0 1695.0 -8.072924256347752 -0.0622716210516536
31 323.24756475473424 111.24312889644682 0.6356342544020978 -0.30183620300097214 -0.06225954130794641 25 883.0 2512.0 -8.500049087662896 -0.6731957054356161
32 799.8068090758834 111.92784102872321 0.4338494184721627 0.2980716569566658 0.3249430431586197 25 2754.0 47257.0 -11.686165370007693 -0.9230802315953678
33 302.093551324819 117.74106346621672 0.7926827692961589 0.056791510713995956 -0.09125564368685535 25 611.0 1286.0 -7.773102421470508 -0.10272944890397477
34 511.1336061223906 121.5748527073819 0.7592755769279672 -0.27885584725479223 0.13114734955442517 25 766.0 3090.0 -8.724896198562087 -0.2856852213737281
35 363.1428461060938 128.76172860601557 0.7023896784064992 0.025105290980476407 0.2547326209872743 25 897.0 4155.0 -9.046427570300326 -0.5202576376154523
36 149.27563863208414 129.94040200479606 0.4474050617749742 0.3837994567309107 0.8611364502393064 25 414.0 3086.0 -8.723489804317824 -0.11651515942579878
37 252.01849974420097 135.92228429340477 1.0914240852969035 0.8451441002324069 -0.016891501416541492 25 781.0 2113.0 -8.312248742630784 -0.07990958312717159
38 328.1424269557193 138.10534683680277 0.6944412197768389 0.30779440438504646 0.30264185433146107 25 524.0 1567.0 -7.987672491171476 -0.015041202772404765
39 55.63472039550096 140.36347590832426 0.37761191474181316 0.44744184020130573 0.14519778680046744 25 2964.0 52914.0 -11.808926482466767 -0.9301950629675275
40 158.1029264822946 140.37238774561294 0.8418823526040387 0.2520839048405132 0.1785429452576825 25 658.0 2018.0 -8.262302904752229 -0.1339411683549865
41 773.9607292855499 142.56456864249546 0.5978801179701158 -0.49895940322126026 -0.21216400299353333 25 527.0 2427.0 -8.462674440829836 -0.19937292613218086
42 46.80800373488563 143.8747547123455 0.5030678647735983 0.12481670351058814 0.12356987857748589 25 2554.0 41419.0 -11.542999023228171 -0.8699562248156911
43 232.02300007285947 147.43696847350128 0.4921846040288793 0.8499574278428285 0.18003861745583266 25 545.0 2396.0 -8.448717034293184 -0.22249998482440222
44 292.47011938363255 148.3644938675353 0.48582689296477216 0.1215635918488659 -0.1698037028114644 25 2083.0 35812.0 -11.385071439552183 -0.55651758892704
45 807.0616344452685 153.19186249206942 0.8585612891347001 0.42597010813834024 0.31516090647937095 25 627.0 -121.0 nan -0.14772281876573845
46 798.1323788794043 165.29186900698605 0.41306025439261645 -0.23488668900261775 -0.48667483032171144 25 2373.0 38890.0 -11.474594857868649 -0.8636456014294053
47 790.2465051227558 170.1395367538602 0.528850509603683 -0.2227502750616394 -0.25321241450567966 25 2188.0 32524.0 -11.280509880981189 -0.8502108799540371
48 385.5514931747101 173.09299857349313 0.9206400707532004 0.43594533880065955 0.15753931791691098 25 763.0 1614.0 -8.019758825965129 -0.23224092263743928
49 177.02873740974357 177.09122578308097 1.0915604168160677 0.3802781153295324 0.07278498681957576 25 1069.0 2421.0 -8.459986973604332 -0.42021605818257374
50 795.6825238217168 184.04240606089644 0.5333790420015945 0.22537160305555368 0.008952941594955657 25 1298.0 22689.0 -10.889538387789429 -0.05783632592918114
51 135.10772235155903 186.03247424301875 1.108733736969819 0.36453997276516503 0.18966084924385437 25 1692.0 2863.0 -8.642053370053997 -0.9454768390816114
52 786.7442489143119 193.60603408235943 0.4244298661029705 -0.29913066957949824 -0.325544963178983 25 2340.0 37968.0 -11.448544302183159 -0.8294341069955834
53 644.6137482826718 196.1569943850366 0.5296459915168515 0.14754863233001192 -0.064496775833279 25 1134.0 15675.0 -10.488018873756886 -0.25495435646595976
54 777.9909808422527 198.55780856919506 0.40940802341806093 -0.005840994438220427 -0.07091793427234785 25 1925.0 32111.0 -11.266634576413876 -0.6585728790591507
55 270.5309410480447 199.4910052445487 0.5839357031393284 -0.7150955919260901 0.018742840654233178 25 961.0 11668.0 -10.167491051124237 -0.10243973940839741
56 805.8480609358264 203.27104614421623 0.3947452871375846 -0.422873248448068 -0.6634287936872912 25 1891.0 35228.0 -11.367219969177945 -0.3605410410075633
57 144.9760764680205 208.92540808070538 1.0356272056885656 0.31184838435055434 0.3595748376031159 25 908.0 -98.0 nan -0.44335220786970336
58 711.1413283247091 214.8323814558635 1.0879531541344203 0.660043548069118 0.0599164046103108 25 717.0 12.0 -2.6979531151190623 -0.13571313545272698
59 269.7149389190143 225.22719521072403 0.5212371908050227 0.2023082581252669 -0.08624957187347831 25 1240.0 21349.0 -10.823443843056817 -0.025766358490314667
60 169.4874259914036 236.37901972531347 0.440162863261257 0.5212094347267755 0.15417160384306372 25 2879.0 47792.0 -11.698388013150131 -1.0798419835331752
61 159.6733383039964 240.35379768892483 0.44180710652701055 0.5494230036214128 0.46277661919968455 25 2900.0 50099.0 -11.749572643070499 -0.9232603598228145
62 247.60088430943142 247.77787223266972 0.314239433859769 0.5763956511121037 0.17066897312312573 25 980.0 17320.0 -10.59636971920332 -0.041948549559407904
63 398.5839540538429 249.95463719234525 0.5353572248646976 -0.7904278278673657 -0.3853747600549039 25 1271.0 19801.0 -10.741717809431004 -0.16542731904503638
64 13.342442034640943 255.83003420257745 0.5132498712271977 0.020054541026142517 0.05884738921042123 25 442.0 1816.0 -8.147789610462667 -0.04476273550262491
65 807.7897920403184 258.1558370366306 0.9312984618891178 -0.5059761557095854 -0.01700863248066754 25 762.0 1680.0 -8.063273204314656 -0.23014324398305477
66 581.8808450818581 268.23425366056887 0.374438738626075 -0.3317011219706652 -0.46829045186555796 25 1139.0 19405.0 -10.719784117690082 -0.1531107888680461
67 252.07248754961728 274.9416360765522 0.8322481882674877 -0.11695691361616842 0.14387030874028234 25 753.0 1689.0 -8.069074123927521 -0.2771126841297987
68 755.7586833237858 277.51988586934044 0.46713556806216494 -0.7132440658817961 -0.3951768400956857 25 1594.0 29169.0 -11.162303851178837 -0.18501021659223374
69 624.9464587431457 277.932111569962 0.35805167802380927 -0.025262193592089893 -0.7827302885594618 25 2487.0 50867.0 -11.766090312140838 -0.32561909466945566
70 682.948264388278 277.68565655091555 0.9177910105116462 -0.22666684034967804 -0.03001840328144295 25 1249.0 2536.0 -8.510373123024237 -0.7565323029158095
71 318.4599187452666 282.48405160389603 0.43565477999429925 0.20557652132509804 -0.3384254678188425 25 2237.0 42564.0 -11.57260608629892 -0.39750925657765546
72 613.415414692834 282.98645892841995 0.5031717121960612 0.22560325659731226 -0.5429428356825554 25 1227.0 17762.0 -10.623729664313162 -0.3576237563309246
73 124.00183733333795 297.04852452241016 1.003048978597353 0.24657277694548294 0.14997479208729905 25 1237.0 1373.0 -7.844176343091887 -0.7192401227910726
74 317.5150273390078 299.35216910761073 0.45469759025752365 -0.726394156451445 -0.8015555536434673 25 1595.0 24203.0 -10.959673002006362 -0.5543327467949593
75 498.682912797258 313.15883676151014 0.6782895521513513 0.06387920634997132 0.06809596418418253 25 769.0 2211.0 -8.361471856446785 -0.4231198223843862
76 235.90981941232718 319.6532416762172 0.8105222279644664 0.3255766326967576 0.35290297298430257 25 1394.0 5488.0 -9.348535256746738 -0.8949502208162784
77 119.16274734347195 340.2229673876625 0.817188486246712 -0.2578128258977636 -0.4688178061815673 25 670.0 2010.0 -8.257990143551222 -0.21369036632551158
78 735.2712027510809 352.22607249364546 0.4587841856740266 0.7283675151287042 0.25378667804987476 25 2960.0 50012.0 -11.747685556264988 -1.038602610556733
79 439.03101677007714 353.4658201163268 0.7365148747155225 -0.426028559304945 0.13619918596423644 25 638.0 4019.0 -9.010295015480088 -0.026944027513521963
80 724.15714896243 357.44255511761276 0.3899684659621143 0.5486541979941599 0.7521286102233278 25 3157.0 58230.0 -11.912866975270063 -0.902578409416497
81 763.7636248825373 357.63550044838576 0.4682158099400514 -0.35507465079633327 -0.16681690212664674 25 983.0 12642.0 -10.25453946497936 -0.3417728410841022
82 172.48596304765584 364.6674024942899 0.49694263741221 -0.6467239405835442 -0.8923105057652286 25 1659.0 24765.0 -10.984595830796186 -0.5675391443923662
83 436.0494825858845 367.2377941577044 0.9705311576243651 -0.177562865676272 -0.17006505288998677 25 970.0 1599.0 -8.009621159365587 -0.424507275558439
84 161.69543818577608 368.4017332220089 0.3544567106167976 -0.4622804480591964 -0.20942641372086843 25 1383.0 22921.0 -10.900583902894581 -0.3624600852039164
85 743.4839603403417 369.2589318597207 0.4335491091243404 -0.8954033360471068 -0.9131044445583749 25 1215.0 19002.0 -10.69699828438889 -0.27218849857391797
86 519.6081003929997 371.4906065191732 0.878642298612266 0.3663141830363441 -0.014509198586567707 25 769.0 2261.0 -8.385751405863399 -0.23718107041826442
87 809.234277399701 375.3400525000654 1.4555018924868044 -0.08007089437479718 -0.3625820609858046 25 958.0 1597.0 -8.008262290346208 -0.06971027009793213
88 434.80567602824897 397.839256936721 0.442394159454331 0.33955405955553103 -0.050531643159105875 25 2782.0 48416.0 -11.712472265857732 -0.8639877636797745
89 99.31746377056523 402.36850761918583 0.7502994932567111 -0.13031952817302994 -0.21554180674793033 25 944.0 2610.0 -8.541601268345701 -0.5617486496320122
90 424.3451178855563 402.5649531553958 0.45445738955737214 0.558978260022615 0.2957904511478767 25 2879.0 48564.0 -11.715786126097978 -0.9733589195308384
91 630.2806499268033 407.6859862488327 0.41395777411016 -0.954394892451378 -0.2875731086267354 25 1463.0 23435.0 -10.924662394640572 -0.4682759584600247
92 166.97509889084856 409.7199191891235 0.6370553065458985 -0.0856875949485116 0.4015056923070767 25 1281.0 6257.0 -9.490915387443803 -0.9323843704821315
93 318.2116111566933 410.11117234162515 1.2119029255490363 0.21239967865532913 0.10041851543741734 25 943.0 2075.0 -8.292545252620279 -0.1886422757811732
94 799.4107590099002 411.8003049257093 0.42297346967897803 -0.26148834604122817 -0.2907202381187788 25 2264.0 35333.0 -11.370451283520069 -0.9482951998106836
95 566.388155098776 412.07530896955967 0.8085085188543738 -0.12275229428064859 0.3539833660927718 25 727.0 1721.0 -8.0894521758189 -0.3643352274676558
96 789.9073242593378 416.6515233375809 0.43146704798012264 -0.32801818158834223 -0.03848774668749557 25 2444.0 40261.0 -11.51221139415906 -0.8575090901626063
97 291.9250796803625 427.24492151419406 0.8743834565074079 0.18321349384543906 0.30268675220499025 25 859.0 2007.0 -8.256368431218714 -0.3896481010992606
98 310.3029628686471 428.1862386873862 0.5115971046433777 -0.7750248837481234 -0.5254681793791198 25 1115.0 17289.0 -10.594424685752546 -0.06099909422743216
99 801.6382049732982 440.3158439373454 0.5447208223768416 -0.3767183617684319 -0.8185240577329693 25 1293.0 20926.0 -10.801715552458324 -0.07705515976279566
100 424.908140809513 443.4299950676836 0.28412800031775953 -0.5374368070451149 -0.5296508725021823 25 1155.0 19858.0 -10.744838765899118 -0.29783294977813185
101 416.49360689934645 447.47493346452296 0.43972914997500245 -0.6733914276318516 -0.29506249582048655 25 1221.0 17687.0 -10.61913543954756 -0.4787479375306985
102 526.1042906667926 456.96340442087893 0.8918111631305711 0.4911143416849806 -0.03571657017519073 25 750.0 1406.0 -7.869963301709513 -0.2676973202940698
