test_CNN/outputs/tables/03110_a21734m0s0_sources.ecsv
# %ECSV 1.0
# ---
# datatype:
# - {name: id, datatype: int64}
# - {name: x_centroid, datatype: float64}
# - {name: y_centroid, datatype: float64}
# - {name: sharpness, datatype: float64}
# - {name: roundness1, datatype: float64}
# - {name: roundness2, datatype: float64}
# - {name: n_pixels, datatype: int64}
# - {name: peak, datatype: float64}
# - {name: flux, datatype: float64}
# - {name: mag, datatype: float64}
# - {name: daofind_mag, datatype: float64}
# meta: !!omap
# - {date: '2026-06-03 17:11:31 Eastern Daylight Time'}
# - version: {Python: 3.11.15, astropy: 7.2.0, bottleneck: 1.6.0, gwcs: 1.0.3, matplotlib: 3.10.9, numpy: 2.4.6, photutils: 3.0.0, scipy: 1.17.1,
#     skimage: 0.26.0}
# schema: astropy-2.0
id x_centroid y_centroid sharpness roundness1 roundness2 n_pixels peak flux mag daofind_mag
1 309.80129954978025 5.496124913578299 0.4217855425463256 -0.25647744478469925 -0.73840412654237 25 2458.0 42069.0 -11.559905471886825 -0.45871410784644184
2 611.4416704266306 5.399359762214912 0.447115543982393 -0.007709746591753164 -0.7252003660189028 25 2643.0 43303.0 -11.591294962495034 -0.6501072543482861
3 303.87679425869925 9.525181442229282 0.3830831137569643 -0.3017709876107548 -0.6626441969718213 25 2593.0 47282.0 -11.686739596639065 -0.3867885313228031
4 598.5667905452195 10.391487075664886 0.4187380265976538 -0.27684700676612867 -0.4323708953095208 25 2676.0 48580.0 -11.71614377617278 -0.49599536507527253
5 360.85012683603327 18.866411794528076 0.8889112315476922 -0.30661819942048657 -0.12398011434636108 25 1064.0 4112.0 -9.035132764968047 -0.20478043842451132
6 824.4974104341766 22.94069279438022 0.412567738918976 -0.5452162583318643 -0.5309849848668178 25 2558.0 47887.0 -11.700544076097017 -0.316973923653206
7 669.2080970641564 29.535216397374896 0.7179212830931064 0.40752546709044557 0.10934494961307767 25 1109.0 2953.0 -8.675658617412696 -0.51628807164005
8 533.421899223906 31.775003810785567 0.3295881868016479 -0.8479593245391854 -0.8988841420729178 25 2697.0 50499.0 -11.758206945356955 -0.5087728111303078
9 344.64834620979013 36.467432618445656 0.4780441982223852 -0.19021579310372821 -0.3507098882156607 25 2095.0 34791.0 -11.353667279704585 -0.2526669301704872
10 219.83458869959662 52.37585509504881 0.32676672183314504 -0.49389148880679523 -0.44496136060177055 25 1442.0 23741.0 -10.938747520048459 -0.2315630441235914
11 330.3848548412544 60.73511815352038 0.39902989741360145 -0.11045824935977662 -0.34071135500638944 25 1315.0 20575.0 -10.783349609710768 -0.08600025395467054
12 189.5335277271011 74.99900186673219 0.3879639102056495 -0.5459364560875962 -0.8315761283659102 25 2137.0 36962.0 -11.419388656739752 -0.3867405149456237
13 790.9618633493782 76.063616298388 1.152989291937731 0.640326491461069 -0.4379507398005083 25 964.0 -85.0 nan -0.07235472942224219
14 377.9731387737757 79.68514943200516 0.9834495423461073 -0.4777280415456763 0.13017211350244337 25 968.0 780.0 -7.230236506726201 -0.16534398137469097
15 453.52079332938143 87.40379791701774 0.4293060697578057 -0.7343708450673346 -0.5457367947700293 25 2194.0 39378.0 -11.488134136601417 -0.184729278309192
16 791.3200067900273 93.79562262666096 0.3268800159426537 -0.6641800600159323 -0.8631539660519131 25 1208.0 20836.0 -10.797035871901649 -0.08212567383851488
17 800.5280124260709 101.50416187347216 0.42061199319282716 0.12636246198995543 -0.7171512755546681 25 2872.0 44856.0 -11.629551357726095 -0.9444888404304653
18 832.8878346053936 105.60243079208013 0.43925279223552055 0.12917769986852348 0.8678705003373948 25 1932.0 25554.0 -11.01864722614348 -0.6749434663516147
19 788.3190403521567 106.87426371730554 0.39945595196597067 0.566731571500728 0.056248751683753616 25 3125.0 54957.0 -11.8500575434345 -0.6820073274850578
20 491.06907549520815 133.21156918241635 0.38038268886143267 -0.4196556196808262 0.2857384477613476 25 3182.0 23329.0 -10.919740307787016 -1.7875541569395936
21 44.32152980319313 135.41323882576086 0.39370933443304607 0.2596248201532673 -0.4764620762262381 25 3342.0 60113.0 -11.947421006035928 -0.7027648030442468
22 35.98571304981119 139.3507056396491 0.40878807165065734 -0.017336549238777442 0.08762148694902763 25 3114.0 54218.0 -11.835358733084242 -0.7920001303303997
23 697.1730068824838 148.94119434666382 1.2118716149470676 0.06649253535000718 -0.04788627023395013 25 1586.0 2028.0 -8.267669876653246 -0.5118476131268371
24 373.9186260495804 157.2469073539754 1.296368192919611 0.2844479068179042 0.19688221789865262 25 1293.0 2079.0 -8.294636223328673 -0.16982978342324626
25 786.2436073281511 159.45186547701502 0.38842695439723895 -0.4711334052391525 -0.8090840497049584 25 2741.0 41800.0 -11.552940704437589 -0.8855135502559233
26 778.5340172069324 164.5814003226662 0.32566741351186057 -0.5177318144596716 -0.28351222842047175 25 2686.0 49990.0 -11.747207841881476 -0.44159596261858713
27 403.4742448871241 165.86618371711216 0.861112288772461 -0.760249510104658 -0.8566409394920338 25 743.0 -816.0 nan -0.13947698330687386
28 832.6044533837253 174.44634201625004 0.20201624031461593 -0.012039135868833232 0.44446048583854836 25 1856.0 30144.0 -11.198002202781957 -0.6825960050370459
29 515.5939798081741 175.80882872039368 0.7400306184363094 0.30991500920381243 0.14517865791807716 25 1177.0 4790.0 -9.200838783536408 -0.42467451539003576
30 774.3572840115827 187.66777466873913 0.37560240672414286 -0.34765004001542216 -0.7137191078563305 25 2472.0 40282.0 -11.512777562809758 -0.6697633668202652
31 263.66065984068064 191.22981505528045 0.40471444467047785 -0.8124122654976051 -0.5608115776533333 25 1659.0 25966.0 -11.03601263189721 -0.45421943772236467
32 316.1162289891213 210.39519059935577 0.6005971681964314 -0.9021646461194468 -0.9540997391604096 25 1680.0 24694.0 -10.981478609522384 -0.12235612685602956
33 610.2550558656704 209.4470434670573 0.7991000246788126 0.11811452186395646 0.487769262644052 25 731.0 663.0 -7.053783821011933 -0.06437359481409916
34 833.3812575120199 217.35914336839457 0.44462218339667187 0.07426610560941449 0.055968668106326176 25 700.0 6314.0 -9.500761443890497 -0.09124177319499086
35 157.3637616921222 230.97217477274546 0.4032116006357268 0.6683507169613031 -0.4856039857308696 25 3403.0 60332.0 -11.951369305938401 -0.8091343761630815
36 148.12304941978562 235.37636702670957 0.4341945788023324 -0.004706201818652295 0.24229919238491535 25 3144.0 56261.0 -11.875518617947566 -0.6561576331113945
37 393.6428304326488 240.12189473116624 0.4968711288496369 -0.6530070020357152 -0.890795533880404 25 1870.0 28940.0 -11.153746316957546 -0.24563481392849
38 568.741334015357 262.4367202299929 0.37648885913459224 -0.46163657791909535 -0.6046452754542245 25 1771.0 30425.0 -11.208076467255257 -0.2411417463724719
39 618.7615555193479 268.62928450019456 0.4343964380692279 -0.6818420314096718 -0.573888417110711 25 1554.0 22264.0 -10.869007983314967 -0.3659552408512332
40 660.8407822518959 268.67477913253316 0.4898939294266914 -0.35647464205215473 0.3562042725423972 25 673.0 1905.0 -8.199737450029096 -0.2194446886421617
41 742.659984659684 271.40323472943766 0.37479474946169905 -0.4571958327360609 -0.5792285278284716 25 1794.0 30856.0 -11.223349064644964 -0.34773878676738007
42 396.61434128611825 271.3843132402016 0.3389567539566202 -0.7514621238131511 -0.6332910031664134 25 1470.0 25324.0 -11.008830762123585 -0.05741875871011706
43 555.8763080463169 271.5623379726984 1.3401236386107878 -0.348794746461765 0.051096508205581426 25 1140.0 1198.0 -7.696142045133232 -0.045907454151609996
44 305.5714115155253 277.02384996324827 0.2901703658623285 -0.7347413230462946 -0.20872101827949632 25 2486.0 50069.0 -11.748922293914747 -0.2264571000048193
45 297.6806712607797 297.4491452375709 0.4276137485283916 -0.5272873609777495 -0.13234520744796707 25 1686.0 25413.0 -11.012639841152104 -0.4410536872430686
46 455.9256917722392 298.55280752625566 0.8567990352637345 -0.03599567576803935 0.1775893248747608 25 903.0 587.0 -6.921595253119036 -0.286477640858195
47 789.8947047962622 343.15997097683 1.2797285514860977 -0.47318190244116703 0.19739355717293944 25 1192.0 868.0 -7.34629931294123 -0.13147883729450927
48 491.8865765173375 343.97379990499655 1.3913576337022708 -0.49952920666080525 -0.22299129648525168 25 1501.0 1636.0 -8.034458248338261 -0.246304904955062
49 721.563639380088 345.5375639437978 0.46695568691767264 0.441486783835406 -0.32332800414789464 25 3273.0 53892.0 -11.82881075277585 -0.8257996063265359
50 754.7144515077603 348.0653524373406 0.5587340270120211 -0.950197104154421 -0.3297096557598022 25 2107.0 33232.0 -11.30389119797756 -0.33922528205985875
51 710.7299589499701 351.17836807465136 0.3954038197726236 -0.5350551463171117 0.4272223688052753 25 3374.0 62042.0 -11.9817144734569 -0.7754841328312629
52 719.4249448892526 354.7695318420513 0.39422541809054945 0.6895855113743823 0.8829487115880881 25 3210.0 65098.0 -12.033919114957099 -0.3341631220455002
53 152.87114239525582 359.8251395174112 0.3710875850073891 -0.8419208197067426 -0.87979143324156 25 3026.0 59401.0 -11.934484390686412 -0.423962079891771
54 722.6884935829983 364.9728761530768 0.44918663777364154 -0.9664197527982418 -0.19455018861660295 25 2541.0 49257.0 -11.731169893954574 -0.21151868467103205
55 421.0231603313682 391.2835336911742 0.3873877568859105 0.7360406198829101 -0.22577683785966585 25 3372.0 60837.0 -11.960419474844201 -0.8041553647810924
56 410.91356203468195 396.3413348928316 0.42098361936170875 -0.5285133985579004 0.33249970420302594 25 3252.0 58309.0 -11.914338983324264 -0.8041691324420163
57 784.4050881306712 404.60434367132063 0.40925734785452866 -0.2020669353523815 -0.762190512536847 25 2780.0 44570.0 -11.62260658521544 -0.7794473380125656
58 776.2473592075681 409.68369749600663 0.4129631346702787 -0.3617018290477459 -0.41245281699754605 25 2933.0 55320.0 -11.857205428593183 -0.3917114068076485
59 276.925969037286 429.3665196121822 0.40628889419908987 -0.33131279026272364 0.7590131266501277 25 484.0 3400.0 -8.828697292605638 -0.0059822328193644015
60 832.5465783260252 430.41847610675626 0.4179014751080663 -0.4889092013582996 0.11641104808681645 25 1754.0 23807.0 -10.941761679867447 -0.4715120643451403
61 631.4863201643568 450.89961494468145 0.7131651059236231 -0.10107819705630491 -0.852425679684754 25 1011.0 6803.0 -9.581751177401419 -0.15578202276972852
62 274.77104617556114 462.36565996023614 1.1403912947251165 0.08628876209742102 0.24447197640202503 25 1169.0 4327.0 -9.090467237996812 -0.08599137362171308
63 355.3836554287436 463.6797688029252 0.36170743500437585 -0.4432960655806056 -0.9846833929812872 25 2097.0 34532.0 -11.3455543305978 -0.49555556235586073
64 471.53840530593874 464.935126194811 0.3668611709207184 0.9310549210414315 -0.4234760566426332 25 3560.0 64789.0 -12.028753191959572 -0.8273279102875941
65 745.8792250451253 465.2646618263763 0.5851537661077754 -0.6154476470216814 -0.6274538266314633 25 2338.0 34109.0 -11.332172467614939 -0.512560723762756
66 0.9256160613959392 465.0502194260626 0.6411780116754058 0.17105302325348157 -0.7717660220881353 25 846.0 4726.0 -9.186234293240876 -0.114956077217263
67 741.2406456368673 467.35667770965046 0.317870852685869 -0.8579905775420583 -0.4262755795858973 25 2909.0 57854.0 -11.905833478136119 -0.45925544118312656
68 459.88960111612846 470.4073262298237 0.4222131542778823 0.062428278060540805 0.3751777259098713 25 3332.0 55953.0 -11.869558442018702 -0.9776061115130226
69 468.92272155769746 472.5258414833764 0.40451706885135036 0.3884953282761234 0.844364895745394 25 3174.0 61937.0 -11.979875414765406 -0.30804186363236935
70 337.0510188859423 487.0355800796612 0.4089539557010443 -0.9557224552618815 -0.6382523134220442 25 1460.0 24294.0 -10.963747567880143 -0.027809686317602007
71 656.5302463083459 490.95052277590855 0.2833250877327438 -0.471742107763747 -0.6807053250097083 25 2001.0 37036.0 -11.421560188563182 -0.35331782051641825
72 337.9692939758786 507.9552593575209 0.37113865270743734 -0.9376336081345138 -0.7069250911491602 25 1804.0 31706.0 -11.252853638219456 -0.21606838721170304
73 351.7364389423709 509.9102373387964 0.4095483687329722 -0.27104915572813115 -0.5390779326379859 25 2819.0 53333.0 -11.81749003396817 -0.38127217994914114
74 626.9454079707274 515.0837476001025 1.0144127847545112 -0.24805871996028214 0.024596552449692725 25 1534.0 3644.0 -8.903945920752403 -0.5977178893621317
75 126.21480990423538 524.8931977844587 0.4698134049486049 -0.6497502126227178 -0.7506326781793999 25 1954.0 31909.0 -11.259782984999053 -0.2539201361615
76 495.66270100062565 542.4378301535761 0.473814989910287 -0.7546680242442078 -0.9110459051304852 25 1558.0 25744.0 -11.026690066887387 -0.046459604622976984
77 310.26999244137085 544.5879171593542 0.5197001359952774 -0.9223854611667844 -0.7910549090303678 25 1721.0 27806.0 -11.110346296066233 -0.15439270284364068
78 52.61645074465185 550.5425243887264 0.42355468800142 -0.1449131887463492 -0.9429092438023734 25 2773.0 44694.0 -11.625623061644676 -0.7424291173999391
79 586.7856362074865 562.9793638470812 1.183448922100867 0.5629480621794687 0.2582764289442816 25 1231.0 1369.0 -7.841008620334975 -0.26386456021263394
80 224.58710674912612 570.0300517243759 0.40162390858507896 -0.6117526130528816 -0.8135094435376623 25 2311.0 41248.0 -11.538507239183273 -0.33749740733551015
81 286.1137178961652 598.7596447587594 0.5770631526664882 -0.6285089595723912 -0.761330248576906 25 2539.0 42728.0 -11.5767814124027 -0.36324160802077593
82 150.08748271341855 613.396216371806 0.5481492324395579 -0.3030974291416876 -0.3239327605480358 25 1759.0 29267.0 -11.16594551891168 -0.017858510744592358
83 713.3201997688634 617.7554618134789 0.51065018889165 -0.7579652545546188 -0.8110604404501481 25 2161.0 38640.0 -11.467592794358639 -0.0567253059018381
84 161.96860047902388 625.2222709340219 0.4802199207372921 -0.7950735508556086 -0.8154438288900234 25 1776.0 28967.0 -11.154758798338133 -0.21980977672162927
85 543.8647496579955 673.0037937879234 0.6611824925665921 -0.5645383631130096 -0.7971286579976483 25 690.0 3536.0 -8.87128064085259 -0.043927086802799345
86 657.281602260859 676.4241641720109 0.4174253623748329 -0.805273808113351 -0.7322642009824265 25 2229.0 41763.0 -11.551979220474557 -0.21061445010105
87 683.5631329670606 698.9570227590324 0.49473491646674816 -0.2573877945892913 -0.2356879508156526 25 1659.0 25480.0 -11.015498559158281 -0.3251022065423448
88 149.46009603248433 704.511354462577 0.4479450270307302 -0.2968547589641368 -0.6048790755071333 25 1697.0 27015.0 -11.079012429688035 -0.2655217652542583
89 141.34031975318857 708.3434910954875 0.36946664597529083 -0.773694517323663 -0.6789334472034892 25 1573.0 24919.0 -10.991326525225062 -0.38349960983677706
90 95.4515349773528 713.1709587187366 0.4774811579137766 -0.02072309321405714 -0.9466929905018328 25 2780.0 46205.0 -11.6617224364506 -0.6101960661973701
91 82.74205730957758 717.5301797199605 0.3691532264930996 -0.1717695387852183 -0.19779742398290617 25 2960.0 53569.0 -11.822283848126684 -0.627623289222829
92 2.2154487809920114 724.635792824717 0.39261306114640027 -0.8033546408061016 0.2295139356256523 25 1839.0 29651.0 -11.18009836205495 -0.44489168654906786
93 2.009459176095549 732.6490563106223 0.3897092263049265 -0.9449237918464545 0.08895730500166994 25 1761.0 27789.0 -11.109682296927602 -0.3812664311860434
94 32.47690906864181 734.5594768517154 0.4073146044308941 0.458192764538273 -0.5997110257510501 25 3023.0 51964.0 -11.789256435249255 -0.8403838793420049
95 15.432231391143974 739.0060816303402 0.430440756919414 -0.12943844843471472 -0.0212972793399876 25 2893.0 50140.0 -11.750460824055494 -0.7693205780472392
96 401.8068337792713 746.3266449977687 0.9791340830698175 0.9489947093288119 0.5134928082158501 25 824.0 225.0 -5.880456295278407 -0.03807798824221325
97 13.436076403621417 749.2992752927198 0.8716816845389406 -0.6019813405669315 -0.5836192534511072 25 822.0 756.0 -7.196304488753016 -0.09905385748012147
98 186.82426158892335 750.3192613425722 0.9112027629519691 -0.41162397996354816 -0.1945540938504713 25 1226.0 3098.0 -8.727703533557968 -0.430977547772976
99 660.1234662734514 758.2019414530008 0.8997003314961498 0.6470403459062117 0.9383820358054824 25 950.0 2984.0 -8.686997047001578 -0.1362625558566345
100 501.08082816845337 781.745339874464 1.036512084496442 0.4321234587391791 0.1311830708897946 25 1424.0 2376.0 -8.43961609077289 -0.48419386702107825
101 222.44388503944577 791.5106796971056 1.011304563977598 0.5078955919610092 -0.24987837857718564 25 1247.0 3194.0 -8.76083727950616 -0.37634496964043707
102 701.2527360738508 807.5606750935773 0.3983943240231324 -0.18733924220506645 -0.7044222560671369 25 2933.0 49024.0 -11.726021859041227 -0.6981465397414395
103 691.0129624722229 813.3502608009302 0.3973713446015631 -0.32743928930421523 -0.3868239606527787 25 2614.0 44400.0 -11.61845742528655 -0.6188993632721812
104 660.6206399209009 816.3158878148553 0.3832031601667862 -0.5389005436418869 -0.7933486264371648 25 2513.0 48731.0 -11.719513308877298 -0.16256499237191854
105 86.43412672697238 826.3171301724559 0.40575010271369855 0.40604961099986064 -0.5067055493585417 25 3027.0 51584.0 -11.781287539472444 -0.7899807904386119
106 72.85101150317304 830.7156496625726 0.4083124151241091 -0.5150536432025643 -0.026834193869948387 25 3256.0 58870.0 -11.924735089530422 -0.670862472103563
107 79.97676749516943 832.108499861045 0.2770431287183184 -0.5397919512544691 -0.5136375448901742 25 3184.0 56902.0 -11.887818828276737 -0.9186874032470702
