test_CNN/outputs/tables/03118_a21745m0s0_sources.ecsv
# %ECSV 1.0
# ---
# datatype:
# - {name: id, datatype: int64}
# - {name: x_centroid, datatype: float64}
# - {name: y_centroid, datatype: float64}
# - {name: sharpness, datatype: float64}
# - {name: roundness1, datatype: float64}
# - {name: roundness2, datatype: float64}
# - {name: n_pixels, datatype: int64}
# - {name: peak, datatype: float64}
# - {name: flux, datatype: float64}
# - {name: mag, datatype: float64}
# - {name: daofind_mag, datatype: float64}
# meta: !!omap
# - {date: '2026-06-03 17:11:32 Eastern Daylight Time'}
# - version: {Python: 3.11.15, astropy: 7.2.0, bottleneck: 1.6.0, gwcs: 1.0.3, matplotlib: 3.10.9, numpy: 2.4.6, photutils: 3.0.0, scipy: 1.17.1,
#     skimage: 0.26.0}
# schema: astropy-2.0
id x_centroid y_centroid sharpness roundness1 roundness2 n_pixels peak flux mag daofind_mag
[from data line 104]
105 32.43461380720625 630.940566183181 0.9427092942494246 -0.5854268916419606 -0.40018077244408984 25 1222.0 3238.0 -8.775692111043387 -0.218340685080064
106 68.53306291580205 669.375918454344 0.5034300596470694 -0.3918351072101313 0.06761772273729309 25 2587.0 14534.0 -10.405962889643103 -1.383467731838698
107 120.32428059703649 671.0338773348104 0.9932660659794325 -0.49134485753704954 0.04527337156279817 25 1469.0 3371.0 -8.81939688130243 -0.3832239609247829
108 188.88788084725644 675.8905778310839 0.9982997660477427 0.643599779568363 0.23831761516280042 25 1570.0 1492.0 -7.9344220578416245 -0.5629615195003667
109 715.2304318107928 677.2533910837449 0.6662851577870595 -0.23160504441593602 -0.541423421184763 25 835.0 4020.0 -9.010565132711175 -0.0510875544367828
110 420.2635099525282 679.0371521537551 0.79066873399769 -0.2646608239358877 -0.2294734109797982 25 1261.0 4607.0 -9.158545530631699 -0.3819702922367192
111 789.4733547377344 690.076288229402 0.5477791106717538 0.9511970310382392 -0.15477112270906423 25 1388.0 9083.0 -9.895573285470956 -0.6019636904437619
112 415.74907219973676 709.1901475224971 0.8615668529143178 -0.1515435600463839 -0.48922905844075815 25 1535.0 4364.0 -9.09971185479076 -0.5660355205496459
113 350.97336556566097 711.215833642762 1.044553793801136 0.45027573000682014 0.17023748538234107 25 2248.0 3985.0 -9.001070814330328 -0.8216018611221141
114 87.58310520805573 713.5803979937361 0.3747140248566933 -0.15840446501358896 -0.8016948259125366 25 3186.0 64436.0 -12.022821432105149 -0.167690662795753
115 94.50284614772977 712.5888219230861 0.44933152899418477 0.5320448096611339 -0.37040688130300814 25 2868.0 45125.0 -11.636043037284285 -0.5965083604634176
116 81.36991016835374 718.1298052641371 0.4661882860785326 -0.15173206017876364 -0.00022670437434341455 25 2537.0 42396.0 -11.568312208706175 -0.45582214304317403
117 89.23255851069628 717.878260714682 0.4844423018667006 0.5886178027180268 0.2575575246118297 25 3017.0 58878.0 -11.924882623070719 -0.1339521963453069
118 173.08299568222967 721.6978603753906 0.755680664487704 0.4978838344666226 0.4457735780128217 25 904.0 2529.0 -8.507372073361012 -0.170388427131188
119 30.71387298939241 733.8408132392452 0.45524653206588483 0.5563133337281455 -0.15957036513437473 25 3067.0 51709.0 -11.78391534758811 -0.6208351866970621
120 17.855229822908925 739.3060465201693 0.4204219126813622 -0.7862562660027844 0.5122346779064515 25 3125.0 57901.0 -11.906715161077292 -0.5447425414032147
121 25.707745964321887 741.785900485373 0.3572888580799317 0.48453655135264656 0.6974454165251182 25 3237.0 65629.0 -12.04273946722502 -0.2046197016189226
122 679.319646963013 745.1003582430095 1.0831954457231492 -0.12694310896463115 -0.23033965710584953 25 1422.0 3630.0 -8.899766562590282 -0.286504660572574
123 131.35764756005466 754.030325281615 0.4187283590698198 -0.6310702235143913 -0.8664046762188075 25 1132.0 9322.0 -9.923772746491418 -0.4405491485434205
124 736.303941480004 773.8881919440541 0.8460895044475358 0.7546132589016344 0.10207478195902381 25 1191.0 3745.0 -8.933629555088714 -0.2845449542381501
125 64.83829364073844 778.3514984865169 0.7215839208742784 0.5374896736993205 0.33177547520863965 25 949.0 5211.0 -9.292302682916903 -0.08681988644432077
126 417.19755410746365 781.9431593080171 0.5983644078523759 -0.18665624686837434 -0.040715822000193434 25 2973.0 12249.0 -10.220251586606647 -1.4951689421923129
127 68.76523423757946 794.0038934149879 1.2137235973589726 -0.31126921712226224 -0.05529910076929485 25 1420.0 3259.0 -8.78271090116286 -0.1283747717267186
128 452.40346309227726 802.9917709578696 0.781797537255944 0.08092194760635572 -0.5425009023837416 25 1141.0 3568.0 -8.881062114260214 -0.2700198456757585
129 703.5331414934114 806.7618660145351 0.4350926008607715 -0.25949486377850745 -0.4959607529141579 25 2591.0 40458.0 -11.517511025150709 -0.5660938601150229
130 697.2681791752118 808.6262708036363 0.36706070902251164 -0.5226700314010417 -0.8986513385649527 25 2800.0 56733.0 -11.884589373374885 -0.0009104397225293742
131 292.83581045572845 809.0580786674342 0.7392468150397703 -0.6395810339910062 0.7811356709508509 25 1515.0 8364.0 -9.806035060364085 -0.5775276129852718
132 689.175725566087 813.7889083655411 0.34334063031590584 -0.6890616173869782 0.23722837661223412 25 2476.0 43547.0 -11.597395603392314 -0.4070792984963853
133 734.3393007885967 815.7474920591571 0.5686452306321949 -0.38412298255220917 -0.07125912456888353 25 1057.0 5729.0 -9.395197055624031 -0.3371940018546854
134 332.03376559717816 817.761828102245 0.9672747960727431 -0.02867148984062346 -0.21761825573574917 25 1595.0 4219.0 -9.063023813454702 -0.4890509723965359
135 85.53692759260645 825.5128559005218 0.3644594770224344 0.6279770363722933 -0.1273393656159389 25 3322.0 57101.0 -11.891609285092686 -0.7782725409808394
136 307.174387673542 828.9859605801652 1.0169956503351905 0.043076982105634 -0.2489887545929512 25 1178.0 3628.0 -8.899168195970145 -0.10640801835196807
137 71.42032069762175 831.1287925033794 0.40059539703972463 -0.5452946487041093 0.35430205785998997 25 3281.0 58194.0 -11.912195524287155 -0.6367816799404089
138 79.9970662343625 832.0116389962263 0.3124459802283037 -0.6305286298482393 -0.47701456528788744 25 3201.0 56309.0 -11.876444536771176 -0.7868475780929354
