test_CNN/outputs/tables/03117_a21743m0s0_sources.ecsv
# %ECSV 1.0
# ---
# datatype:
# - {name: id, datatype: int64}
# - {name: x_centroid, datatype: float64}
# - {name: y_centroid, datatype: float64}
# - {name: sharpness, datatype: float64}
# - {name: roundness1, datatype: float64}
# - {name: roundness2, datatype: float64}
# - {name: n_pixels, datatype: int64}
# - {name: peak, datatype: float64}
# - {name: flux, datatype: float64}
# - {name: mag, datatype: float64}
# - {name: daofind_mag, datatype: float64}
# meta: !!omap
# - {date: '2026-06-03 17:11:32 Eastern Daylight Time'}
# - version: {Python: 3.11.15, astropy: 7.2.0, bottleneck: 1.6.0, gwcs: 1.0.3, matplotlib: 3.10.9, numpy: 2.4.6, photutils: 3.0.0, scipy: 1.17.1,
#     skimage: 0.26.0}
# schema: astropy-2.0
id x_centroid y_centroid sharpness roundness1 roundness2 n_pixels peak flux mag daofind_mag
1 311.01454963300085 5.429472868318871 0.4059651594667492 0.029817017572618135 -0.5584771134888525 25 2292.0 35910.0 -11.388038512815182 -0.5090103071291874
2 612.5274119190799 5.428382843780814 0.5048549604955749 0.03827333808794212 -0.6534156367167585 25 2541.0 38075.0 -11.451599780020201 -0.5693359645995226
3 302.55918810066834 10.161875646321992 0.44857437845476594 -0.6452719416475327 -0.35298545995836195 25 2369.0 40340.0 -11.514339734691868 -0.2262765662727343
4 600.1698358770502 10.794177070008747 0.38026759629811996 -0.2985265360181661 0.09321965221922512 25 2745.0 49012.0 -11.725756062098835 -0.34068390108975305
5 825.1319824589353 22.645973116451724 0.3991203348734456 -0.9639953993014739 -0.7598114263374888 25 2358.0 43973.0 -11.60796523949849 -0.07770488244023092
6 352.9987267149684 32.90844658246244 0.41572398248186715 -0.05226995623669088 -0.13737975415134462 25 1638.0 26123.0 -11.042557626054911 -0.14478569917957212
7 533.5425757876385 31.937232630140702 0.4073458117215486 -0.47221268867390725 -0.38025566012755163 25 2421.0 45018.0 -11.63346549208452 -0.09685930422442936
8 343.29971152809946 37.151450889741724 0.4520588239845276 -0.17921614804054 -0.2616726645288043 25 1920.0 29407.0 -11.171126803880622 -0.342042594448532
9 627.5706701246098 54.421471191445164 0.5393335836381913 -0.4017252348772055 -0.06033994416398326 25 1273.0 6094.0 -9.462256124716637 -0.646336775225651
10 190.7103300114303 75.07451096966454 0.45165414582968827 -0.40166489798618976 -0.5417066919541962 25 1863.0 30043.0 -11.194358244464865 -0.14996953306329092
11 181.6262301063745 79.04243471448957 0.32626598744288476 -0.280283032684675 -0.051380960966043186 25 1789.0 32642.0 -11.28444190112013 -0.08009209590003594
12 114.360308424647 94.22656484786683 0.3890022665705663 -0.9728168638329676 0.9571610227027352 25 3554.0 69069.0 -12.098207920541435 -0.5398357247948707
13 798.2980066511785 101.7352476041547 0.4196067469017022 0.49158665794598244 -0.37765817106719796 25 3135.0 51228.0 -11.77376850212893 -0.7464524649721787
14 832.8615951679182 105.8086045591374 0.30296006751738414 -0.08380291335313378 0.8285270378122718 25 1495.0 21607.0 -10.836486179830704 -0.2954767797718704
15 787.7246727825031 107.90908851720383 0.4382341573411692 -0.11400923740037004 0.3410465692952702 25 2924.0 48879.0 -11.72280578057988 -0.5197647773563886
16 45.11638356698536 135.59768938334204 0.37219397437141727 0.4542277299802445 -0.2569138637344405 25 2971.0 50315.0 -11.754243692564621 -0.7177624241269148
17 35.21080689879988 139.83408915545044 0.41482651152579775 0.4074147750212384 0.07183140843617809 25 2964.0 53007.0 -11.810833063654435 -0.44689431280697683
18 284.7603529587585 141.89576664885598 0.33478795692370006 -0.6691145415183322 -0.7621949968344859 25 1227.0 20183.0 -10.762464300516681 -0.013000118003069331
19 41.78087791949374 141.7027416149572 0.3638700636884079 0.847818021619012 0.7479791999735205 25 2862.0 56433.0 -11.878832845363842 -0.18509256116127001
20 788.3123113800799 152.1465095148305 0.6741071317593984 0.06951616187919184 0.01236609994775956 25 1296.0 4707.0 -9.181860495766497 -0.49772801650345583
21 777.1382512247628 165.43160720667603 0.4618287112688821 -0.5406753362550493 -0.022219500119920865 25 2466.0 40153.0 -11.509294996998925 -0.4015918969202906
22 783.7543799208039 164.25052024776195 0.4668238682388565 0.5809209816766401 0.37450277601087306 25 2733.0 50226.0 -11.752321480781102 -0.288184792812161
23 317.3413153156353 167.84201657266217 0.4976855080971489 -0.7087900711776571 0.19135159485183825 25 1190.0 9675.0 -9.964127434227372 -0.37586545091852
24 832.4676137687121 174.65635399965714 0.3691181434991498 0.04969960542125742 0.4352345342486438 25 1687.0 25382.0 -11.011314599434368 -0.213614914918569
25 774.9557485490897 187.94229464546086 0.3659706486342959 -0.20884703328940066 -0.8140690923678956 25 2382.0 42221.0 -11.563821288282881 -0.33133017783921576
26 765.2633684463942 194.0091025884868 0.4190266223119777 -0.47895704862810584 -0.29728313236118614 25 2100.0 32911.0 -11.29335269630748 -0.4542459610994856
27 793.4439242195685 197.52273907265803 0.4935813938140969 -0.7474451981125031 -0.9923560388956155 25 2077.0 36145.0 -11.395120572707471 -0.09777476007801114
28 158.20024292278265 231.28158662484094 0.4179593894993422 0.575612377845947 0.10046495924973484 25 3257.0 56347.0 -11.877176996246845 -0.6477299729387778
29 162.1438246285365 247.00086215546816 0.7103330782025471 -0.29546402468509964 -0.20326833464509503 25 1603.0 6924.0 -9.600892648008392 -0.7079868271406227
30 497.2542668269287 248.00884494254387 1.2579610336713731 -0.15419504005110482 -0.41688235103801935 25 1607.0 1163.0 -7.663949286821121 -0.3283246952956312
31 524.0800549483706 255.33808500025128 0.6668698998270634 -0.7564920208646753 0.2654269390634037 25 1227.0 5869.0 -9.421410273783934 -0.3539237269305751
32 765.8500141319238 271.9099325804833 1.1661509988764986 0.5961382396901505 -0.027851647869341953 25 1501.0 3276.0 -8.788359732720952 -0.2826673789154741
33 153.08892380727463 274.9532466741868 0.8620054399236012 0.01858864984511557 -0.05507274322681736 25 1657.0 3425.0 -8.83665143957111 -0.6385146998624143
34 306.5074016872637 293.77386935763764 0.4674192299588936 -0.49434820860513135 -0.31859098366387617 25 1542.0 24374.0 -10.967317016988922 -0.16478203993262427
35 301.782129252675 294.83619502051437 0.45916067755871104 -0.026732076945417137 -0.2511938819999998 25 2320.0 42189.0 -11.562998078705423 -0.07738596426733989
36 205.13040582588343 305.848830202051 1.0863246145761614 0.17165585057238514 0.23587757651360777 25 1217.0 507.0 -6.76251989833334 -0.23039414018193566
37 479.5294693226604 331.73010770486064 0.9635131178807423 -0.4039053733380174 -0.40413051144052325 25 1272.0 2137.0 -8.324511305410173 -0.2881277571667939
38 369.22024188026455 333.2655899807742 0.5408824424193784 -0.2682683503523782 0.02464329696966323 25 3020.0 14074.0 -10.371043866728442 -1.5584354184516065
39 684.8764540188192 337.9196234411648 0.7544118370508417 -0.07142720023100059 0.04938102590977352 25 691.0 1389.0 -7.8567556143440385 -0.018749078846584978
40 34.73252066288732 341.8580708693044 0.8010131982973295 -0.6564850281129005 0.6026500470195891 25 1765.0 6137.0 -9.46989030820983 -0.7169393996660509
41 721.9064931962153 345.30246978930404 0.3946070055105833 0.5211800260696758 -0.6274029820349153 25 3432.0 60996.0 -11.96325338937582 -0.6875450005954803
42 755.2424722875778 347.6832099910208 0.4823969176117972 -0.3686401279648246 -0.716820782310963 25 1876.0 31755.0 -11.254530292687733 -0.031434506945174925
43 14.391900467303863 357.9322156464896 0.8213903232204315 -0.43015547503184337 -0.09675965548379646 25 1452.0 3006.0 -8.694972440627224 -0.6107521877025935
44 146.95229525964518 362.76168184244455 0.4357596689328515 -0.5191886114503574 0.3948507138392423 25 1566.0 25476.0 -11.01532810053406 -0.04735683422998658
45 717.7050566771233 368.65457599690865 0.45233299988444386 -0.8065492368621204 -0.4047151393181504 25 1207.0 16023.0 -10.511859581721998 -0.1395078625099777
46 42.87449326568176 371.09673761939484 0.8439082338962639 0.3793927306268045 0.18761724294743176 25 918.0 2011.0 -8.258530176491854 -0.06078106822306273
47 421.67342750739783 391.06738327367447 0.3996509357814124 0.6606615511427346 -0.3587427911421851 25 3469.0 60688.0 -11.957757063396787 -0.7236341899746093
48 625.0005753289511 396.214394374375 0.5229422604670831 0.11680913393102611 -0.8416253000376748 25 1783.0 28483.0 -11.136464324668855 -0.07386190423794488
49 410.13127225664545 396.8787263534257 0.5365128922934366 0.2571578984362884 0.5795246738931402 25 3075.0 51805.0 -11.78592919509742 -0.45669286086685124
50 418.12041944960583 398.70479597530044 0.44626630701965436 0.8989088696168331 0.509240090525436 25 3163.0 61519.0 -11.972523168332119 -0.276438225039063
51 615.2125284686479 401.920318459038 0.35592882938705667 -0.4814956418468445 0.23232898914913028 25 1578.0 26804.0 -11.070499023159693 -0.07519333583188396
52 785.7470062464716 404.68747035994875 0.4495502547152403 0.10302025277990842 -0.5349995973950044 25 2567.0 40786.0 -11.526277787250212 -0.570535686398074
53 774.7284007537293 410.80562376696884 0.40994854824147314 -0.15282527075743207 0.026515349619026643 25 2106.0 33864.0 -11.324345638664886 -0.4104311126824365
54 781.7360753976525 409.65129859390044 0.3102725851108832 0.6275677529737524 0.1912218784744391 25 2521.0 49393.0 -11.734163512148053 -0.19510928453341916
55 832.4297812177657 430.85447368874014 0.2835643310846347 -0.40364829660353985 0.055934133619390855 25 1474.0 22765.0 -10.89316913661052 -0.37920120491476206
56 580.1849930751868 431.40018946884544 1.1883897405972284 0.5341536147415947 0.5399171498838007 25 1387.0 1575.0 -7.993201395314048 -0.24561224393849948
57 823.7308024125767 435.7991357858007 0.4018647766117386 -0.6182209952833577 0.1444552204898944 25 1335.0 19779.0 -10.740510826158413 -0.12391671064882884
58 760.959317761345 438.4585205966418 0.7730025370485656 -0.32269977995304766 0.2825662530622449 25 2142.0 7737.0 -9.721431492144001 -0.9384545238806679
59 100.9454490178603 450.6947123853088 0.7837715499919711 0.4873496322562249 0.5231755948483973 25 975.0 1437.0 -7.893641920335565 -0.18786078845317036
60 62.447850045839836 453.0927585852429 0.5545344768390496 -0.736869965424277 -0.7326635822395926 25 2392.0 42837.0 -11.579547620790125 -0.0009478436766958309
61 348.80966805999833 463.47062545860905 0.531868958899627 0.07527777264655039 0.3077585374705611 25 2365.0 42328.0 -11.56656937131 -0.12676927406608765
62 354.31059398309753 463.5620711911429 0.4672473754796296 -0.3609023073758599 -0.5705133081490443 25 1968.0 30867.0 -11.22373605485538 -0.22571313655213177
63 746.560042754026 465.193094673276 0.3636866846751661 -0.5438732674435084 -0.7969300484461557 25 2188.0 35582.0 -11.378075888357431 -0.48127360169041766
64 741.7187218906549 467.1312109941239 0.5061562604398604 -0.07454418519118206 -0.5844892388235183 25 2847.0 55046.0 -11.851814414489073 -0.025149634493805587
65 460.9113431921604 470.3123047348853 0.4611925045276955 -0.9693224048003879 0.5130842191951679 25 3360.0 60049.0 -11.946264448660466 -0.7097232477400334
66 343.7063326168869 468.5118214730432 0.3585812892248776 -0.8517733839064079 -0.2769895661560933 25 2045.0 35635.0 -11.379691907832433 -0.3071662807563529
67 350.52127014256246 468.114613396969 0.47023225127352297 0.9337056592498022 0.6507211926641767 25 2135.0 36552.0 -11.407277862619122 -0.15880242549507162
68 735.5730055605435 471.4604176357429 0.49732330369063815 -0.7726616814785099 -0.12767965306946788 25 1742.0 25654.0 -11.022887726006452 -0.18184291560924895
69 16.801161753481022 483.17969845624293 0.8411584808396501 0.23596472121091333 -0.5721073711040492 25 837.0 1398.0 -7.863767928524156 -0.024911372414673803
70 669.3653215697336 485.6093764817461 0.33640316990161107 -0.019297632144104047 -0.3457044435148869 25 2162.0 35975.0 -11.390002006521607 -0.5330778153331652
71 657.7253362653166 491.39959302320176 0.37202526794655116 -0.32031310963346865 0.24029523117840895 25 2287.0 37979.0 -11.448858813574942 -0.5049015556612996
72 665.0927408782978 490.9874546821644 0.36889119556561994 0.45590160569409005 -0.4161508606924866 25 2321.0 43058.0 -11.585134633555176 -0.33937720432422613
73 50.84882235133708 497.2119738066757 0.9992757860944904 0.7147727729084956 0.17978501515103032 25 1122.0 124.0 -5.233554212905588 -0.17614119675338769
74 619.9300575522268 498.3506438982247 0.8098197168185759 0.015803041203748685 0.12744990925436642 25 1421.0 3004.0 -8.694249820830326 -0.5944646640769733
75 357.34460034691693 507.9901855622413 0.4199413147177134 0.11088019438927127 -0.6222013801288551 25 2114.0 31889.0 -11.259102251283055 -0.4668627528367924
76 339.03601530734574 510.9194850191704 0.533453542460774 -0.4148877343141295 -0.12305984569846976 25 1357.0 20134.0 -10.759825160688422 -0.023801278403957883
77 824.9094745028302 515.0654741722219 1.2306674793069876 0.09395844744098356 -0.0882276743212527 25 1447.0 1717.0 -8.086925737902291 -0.21776967190563268
78 404.0937571081037 517.5161708946695 1.04382721872573 0.3780948295498579 0.31429474637625626 25 1400.0 2384.0 -8.443265627670497 -0.36333559332012455
79 590.5804189982821 518.040464089735 0.9179605380846128 -0.515582570582626 -0.3401909842438339 25 1116.0 742.0 -7.176009763197567 -0.24163145737295746
80 779.0220190020256 527.0154480307287 0.8101303307917063 0.13138073372215586 -0.5930507992447293 25 996.0 2766.0 -8.60463043943323 -0.1978259913557457
81 677.2692964603866 530.3468350800249 0.5489094381312251 -0.239768213883409 0.737383795874926 25 1142.0 8712.0 -9.850294666869296 -0.27115501796259717
82 672.5916851715634 536.6591268317848 0.5468569530795819 0.49412771916486536 -0.5321723266456094 25 1465.0 13230.0 -10.303899610468752 -0.5629161176135284
83 135.02260408596487 542.665420606877 0.9488951336683957 0.03758747632446343 0.34682106920178907 25 1217.0 2132.0 -8.321968000886336 -0.25784929055549394
84 266.6580383909249 542.908117416787 0.8976707077050701 -0.1652799937510613 0.06656955411693893 25 1009.0 885.0 -7.367358176744564 -0.16040983382454127
85 382.6391617194066 543.9429106794598 0.7233509776893982 0.6787577070622878 0.7526287581999139 25 1392.0 7664.0 -9.711138740176219 -0.49088532085700803
86 48.70448862597032 552.3389114400177 0.3846967330585433 0.1555637638722059 -0.15329762541147632 25 2832.0 56836.0 -11.886558763961254 -0.05429043795951757
87 54.06204612478632 550.6985593564114 0.44623392871549283 0.01073718051231312 -0.6151330041094304 25 2566.0 40608.0 -11.521529001036528 -0.6094020267382079
88 42.92709042628353 554.7274345619157 0.3588471455273356 -0.3185150269449632 0.027271473356212418 25 2465.0 46721.0 -11.673780324228867 -0.27091684082346834
89 534.0547933061472 555.7174222854048 1.0763970025536638 -0.2562073696620594 -0.6911645930636011 25 1197.0 4782.0 -9.19902392944939 -0.013385459790641945
90 716.9918406280763 556.6229435482975 0.5417586362658857 0.2596691703940232 0.5677805912455415 25 733.0 2355.0 -8.429977278662287 -0.30531447974256437
91 50.24290877807761 556.6950439857155 0.40546993727582803 0.745917040671788 0.5652741755887519 25 2577.0 49299.0 -11.732095274922965 -0.2382646944141957
92 27.910341771568064 557.3735324127659 0.463472678813609 -0.7153076554282582 -0.31940988693486144 25 1632.0 25856.0 -11.03140334773623 -0.053572626654071226
93 231.0767985266597 565.4388276287125 0.4630016624030713 0.15750107197221047 -0.07554229742748737 25 2469.0 46887.0 -11.677631114736522 -0.030698149292468363
94 236.4302785260595 565.617502689943 0.4488001855779681 -0.26113709321571993 -0.5823391601050356 25 2290.0 37359.0 -11.43098810704461 -0.27651001418291865
95 225.39415837398502 570.7497882277822 0.4296550337044856 -0.6121813585980238 -0.27132292235297445 25 2144.0 34867.0 -11.3560364543666 -0.2925573104678147
96 232.55891493896866 570.1331531206182 0.45551667681064734 0.5747397106364464 0.4931549428335058 25 2236.0 38462.0 -11.46257965882924 -0.22321535396844977
97 730.082541981896 586.9269540645643 1.1764876696098554 0.1769975980428556 0.019511671097023984 25 1656.0 2167.0 -8.339647278299545 -0.4089762838168399
98 737.1910951631012 614.0618382499143 0.7430708521994058 0.6690128292962995 0.14683862740883813 25 2092.0 5836.0 -9.415288208053536 -0.970380777278625
99 719.5484156581144 615.697526080157 0.4636542983324605 -0.5490787887708332 -0.6357364389152608 25 1220.0 15535.0 -10.478278143977484 -0.14078810541942596
100 707.0430908391038 622.151179732084 0.508451933436135 -0.5166586760146509 0.27927346270864883 25 1208.0 15697.0 -10.48954164568218 -0.12293447947551035
101 504.078898454865 624.9289961746315 0.8979236800180145 0.0007153189552012847 0.9002030792443279 25 1959.0 6334.0 -9.504195147589732 -0.6851191451283594
102 523.7734511120389 673.5523930257234 0.4619818387784403 -0.8113786683723341 -0.32283655792025295 25 806.0 7033.0 -9.617851543533515 -0.05487629931434205
103 509.9855505895833 679.003886296588 0.6235876598479833 0.7020948398574919 0.934542107430163 25 1415.0 7020.0 -9.615842780324513 -0.5855782010282942
104 212.92204325670582 689.9664196402117 0.7937766577546054 -0.25568676453448963 0.590320061469698 25 2093.0 7361.0 -9.667342044329098 -0.9328940380474997
105 37.12734064280752 699.9691513255009 0.5534261301666 0.25672683356716547 0.39068046805680146 25 2555.0 16870.0 -10.567787706472814 -1.17003250766163
106 151.15221796629774 704.2245332450685 0.47891751972178803 -0.3501533962106599 -0.5069862283049169 25 1748.0 26269.0 -11.04860885128873 -0.1444443616689346
107 145.4921175958484 705.3473898006785 0.41122685424107924 -0.018614833172006094 -0.5029925875026009 25 2265.0 42415.0 -11.568798678344208 -0.035941170600023616
108 473.1860300133196 707.235247077247 0.623904997685412 -0.583287458011814 0.44519319886799846 25 813.0 3199.0 -8.762535600210267 -0.22421533884234304
109 87.36206123838816 714.1511227495141 0.5376234188321164 0.0801495800215586 -0.6370159249817845 25 3043.0 56918.0 -11.888124078309957 -0.18044931552300775
110 93.49447635105092 713.3524028612075 0.366298695928739 0.25350433648481446 -0.602283646548839 25 3084.0 54293.0 -11.836859598956346 -0.6031534185735924
111 81.77625328016563 718.2430524792611 0.4538774386481156 -0.37500972945092603 -0.02529917059602172 25 2859.0 48274.0 -11.70928321524406 -0.5248527449379536
112 6.196886560328353 722.1456500590473 0.45838631401170304 -0.4062060895098734 -0.7077174168592366 25 2464.0 47136.0 -11.683381812906342 -0.03646990688011899
113 1.9962699438460527 732.778048596309 0.48117505981274145 -0.9277547479252388 0.048434705348783004 25 1490.0 22022.0 -10.857141895753813 -0.052979915791961166
114 30.359577798455824 734.4459521182132 0.4686729191376999 0.6083448795054454 -0.25029385268213167 25 3183.0 51815.0 -11.786138756226183 -0.6899535614664375
115 17.492458009248793 739.6055149341321 0.42198023955098185 -0.2520545824591791 0.6245074818134158 25 3351.0 59464.0 -11.935635299487233 -0.6314376314431063
116 25.939390620132333 741.7454870371379 0.4068990981179659 0.6892370549073058 0.5721247286555581 25 3226.0 63394.0 -12.0051203887816 -0.30511668679020276
117 471.7597290539576 763.6651089757332 0.5522464175122545 0.11114628510661513 0.024457435943604517 25 867.0 5302.0 -9.311099308492686 -0.2068811882520757
118 297.30757295129155 788.895618448394 0.6354637629361738 -0.5657160277050407 -0.5489914156531577 25 1602.0 6645.0 -9.556237463196878 -0.7759772849898906
119 696.3915139583688 807.5479914586948 0.5666460132232699 0.49256702771555877 0.16668944362917848 25 2358.0 43358.0 -11.592673102587563 -0.04180939961328181
120 702.7225595148976 807.6159620915624 0.4007804783167605 0.1282150845108854 -0.5721364839464153 25 2882.0 47992.0 -11.702922122323496 -0.653983580838807
121 690.075856162815 813.8829981493004 0.39689288121565786 -0.5823220505513242 -0.17825665517089256 25 2856.0 50628.0 -11.760976928573765 -0.5039836776242276
122 698.2903772817292 813.0084776576523 0.45147053526784614 0.43885259080115224 0.625126350025319 25 2580.0 46149.0 -11.660405736904977 -0.2501094841420485
123 87.52965206854769 826.5612283965934 0.5310183751952143 0.5366439812072995 -0.31502884994565084 25 2990.0 47973.0 -11.702492194992491 -0.6457047931382822
124 71.74946848779905 831.5683301896509 0.385270169333829 -0.16719459187633545 0.2345757128242966 25 3075.0 53206.0 -11.814901525284647 -0.6687700420931675
125 79.65240513057525 832.147994624488 0.27978194674504014 -0.6179902864978928 -0.891076921178721 25 3333.0 60343.0 -11.951567244173917 -0.7466881696106032
