test_CNN/outputs/tables/03129_a21770m0s0_sources.ecsv
# %ECSV 1.0
# ---
# datatype:
# - {name: id, datatype: int64}
# - {name: x_centroid, datatype: float64}
# - {name: y_centroid, datatype: float64}
# - {name: sharpness, datatype: float64}
# - {name: roundness1, datatype: float64}
# - {name: roundness2, datatype: float64}
# - {name: n_pixels, datatype: int64}
# - {name: peak, datatype: float64}
# - {name: flux, datatype: float64}
# - {name: mag, datatype: float64}
# - {name: daofind_mag, datatype: float64}
# meta: !!omap
# - {date: '2026-06-03 17:11:34 Eastern Daylight Time'}
# - version: {Python: 3.11.15, astropy: 7.2.0, bottleneck: 1.6.0, gwcs: 1.0.3, matplotlib: 3.10.9, numpy: 2.4.6, photutils: 3.0.0, scipy: 1.17.1,
#     skimage: 0.26.0}
# schema: astropy-2.0
id x_centroid y_centroid sharpness roundness1 roundness2 n_pixels peak flux mag daofind_mag
1 300.5119770933724 7.525495340845598 0.5040092580155389 -0.6110934646553914 -0.9110267469715893 25 1961.0 31118.0 -11.232529191160776 -0.563781037836804
2 602.3457534230889 8.343892903644514 0.4550782193309641 -0.9839386344883816 -0.3960721210604184 25 2548.0 44040.0 -11.609618275749284 -0.7969017902591157
3 609.531822995691 7.90379218886692 0.37741620946471327 0.7602268180056616 -0.1791336544654795 25 2845.0 49744.0 -11.741851761747792 -0.9412817061688811
4 313.4777743403231 7.791652816879049 0.5315318010975986 0.4773442359137659 -0.6104182591529067 25 2410.0 35629.0 -11.379509082921004 -0.9045394587897795
5 525.9757291921135 12.376635153414014 0.8187373279381523 -0.19318269806345167 0.022164653966280878 25 972.0 3119.0 -8.735038436892859 -0.44933376764217464
6 825.6860728914646 23.568883833860934 0.432632035390581 0.30029835900502333 -0.4063751287081748 25 2373.0 43086.0 -11.585840442777034 -0.4902014997350945
7 242.7315998761832 23.533495670222383 0.5309188311020979 0.3649911231934435 -0.45818065134135677 25 1533.0 23208.0 -10.91409428948652 -0.25130441500427253
8 93.52712350086168 25.080875599521246 0.7433040441025419 0.13140821854059026 -0.396155348559923 25 844.0 1953.0 -8.226755608219635 -0.4342335682926269
9 104.96656662506922 33.73220735312781 0.4835571938438924 0.5971700503280251 0.17249003230023205 25 1344.0 20668.0 -10.78824613218406 -0.2479697386020643
10 354.4301483960137 34.54549492959026 0.42984688512151453 0.38133546075063507 -0.8520021259913741 25 1902.0 29437.0 -11.172233869646536 -0.7447306329028591
11 482.56262160547055 44.000209626187086 0.8578605604185231 -0.19044808847320438 -0.2846277411383464 25 938.0 1934.0 -8.216141174367458 -0.3652924754427359
12 509.8973842761222 46.918934706875945 0.7616821352991148 0.026894753440632302 -0.33990573110718725 25 797.0 2334.0 -8.42025212927338 -0.3321295646764709
13 220.33595501999454 52.94199858896592 0.46483186667632337 0.05351105133332094 -0.9085840008072824 25 1281.0 20239.0 -10.765472626001065 -0.04212120749933108
14 554.1453873011255 60.25757797684813 1.0789751545028234 0.45610584422306544 0.2950145313901087 25 788.0 1640.0 -8.037109620119246 -0.04437310579835273
15 331.087262721381 61.021651406858915 0.4728264453107917 -0.04496287227976156 -0.26842014237811473 25 1279.0 17967.0 -10.636188919509678 -0.15507779969363003
16 284.6517305494172 62.5422308875339 0.5146260535198383 0.15997667261877666 -0.5300332408710964 25 1503.0 21210.0 -10.816351671291404 -0.42249830489422613
17 47.78314853724905 71.39164809874605 0.5191346632490793 -0.6593074321146906 0.18266647879432005 25 667.0 4410.0 -9.111096473669596 -0.23865256706195756
18 472.0606109876891 75.80969769983258 0.47004761154238867 0.33279043803270997 -0.10814952015185064 25 1989.0 34452.0 -11.343036096360326 -0.377921919377418
19 192.42332218226173 77.14228891564198 0.4833367542701262 0.5416425045848395 -0.9197447407882632 25 1883.0 30056.0 -11.19482795513832 -0.5029247453425005
20 454.69301505571525 87.56555804972669 0.5126827169113933 0.35037356230392913 -0.6764253943572084 25 2195.0 35928.0 -11.388582605136646 -0.5048135420678967
21 559.868631438617 93.15198970225619 1.2353271647342627 0.4315412457438187 0.20119449531478004 25 1011.0 1657.0 -8.048306271048343 -0.157551153507832
22 129.55537978625347 94.3184841502465 0.4881322831195592 0.36565821795046655 -0.4283307911307489 25 2626.0 45267.0 -11.639454283144579 -0.8310279411410879
23 515.2487019729605 94.28276097017013 0.859171292257535 0.5586678010723783 0.33677136672381763 25 690.0 1641.0 -8.037771452632732 -0.09665112988380348
24 793.0505551623884 94.70249477360815 0.5192552547441016 0.15648146373631264 -0.48375422140164587 25 1377.0 20881.0 -10.7993782334408 -0.0747360847001481
25 227.31953610143842 102.70015251257844 0.7880332101724785 -0.6231734497856167 -0.38764965162326176 25 718.0 2396.0 -8.448717034293184 -0.15696879409402265
26 427.07975127462805 102.54453724088455 0.8018889240136228 0.5129301608621872 0.3397581983780315 25 558.0 268.0 -6.070336985071973 -0.03363537857704446
27 798.1839655303663 104.5357466151788 0.47063751265370807 0.7336391363563637 0.07686713517400187 25 2870.0 47294.0 -11.687015117585753 -1.003784414880958
28 786.4790250996715 105.26661563446969 0.4279192956822682 -0.3244800015441652 -0.25889325761738546 25 2629.0 43938.0 -11.607100711301237 -0.9630990380360717
29 833.1686317317437 106.23239622279787 0.36300739593618353 0.2211585384210858 0.31792271420842116 25 1407.0 18571.0 -10.672088224991466 -0.6074150146365271
30 85.73488150684716 117.6939395895075 0.48523369375991143 0.1804575053897322 -0.34636065044418574 25 1608.0 23252.0 -10.916150785710876 -0.4196506618688203
31 345.1908568274565 121.13254105761774 0.9481645048306365 -0.3214285415161094 -0.25374028080208233 25 881.0 1265.0 -7.755226313779592 -0.31396833610296637
32 33.574687574424345 137.62125715979104 0.49186303879190707 -0.7789656178906658 -0.24832016888196684 25 2602.0 44730.0 -11.626497245431642 -0.7955196537097768
33 730.6887898588923 136.55765450420827 0.44006167216952063 -0.0561575453399385 -0.7412847063768513 25 1238.0 18476.0 -10.666519883936271 -0.1437087058440412
34 47.50636490458871 138.2315618806791 0.4409090519585393 0.8401512136291923 -0.23211280458437886 25 2652.0 44187.0 -11.613236292224741 -0.9308975484997368
35 281.69192874653544 144.1674860364828 0.44115192535272374 0.45856120853024357 0.13443813966518675 25 2233.0 39340.0 -11.487085888958294 -0.5726760740352264
36 488.8237351949781 144.53451321399177 0.7527559367960419 0.7226863575725568 0.14852530688607274 25 1106.0 3032.0 -8.70432299240004 -0.6918767343062565
37 308.76227048033434 152.8438941673313 0.6855314575351553 -0.43522473430041014 -0.36185194603589377 25 943.0 3625.0 -8.89827002726753 -0.5178294269987768
38 786.9361954471972 162.16133175349833 0.3846229416193805 0.39421359424612323 -0.5854447055278239 25 2601.0 42274.0 -11.565183357669213 -1.029313954487844
39 779.1937283708297 162.96540761065253 0.43331924278204614 -0.6504644392157289 -0.4198901194379512 25 2231.0 36727.0 -11.412463637453454 -0.744876811473917
40 578.5669252854725 164.7662654124411 0.4742674006784744 0.022221841708103374 -0.4780874726037985 25 1177.0 16271.0 -10.528535612694938 -0.3890134125375271
41 833.0058364203262 175.14758363855526 0.25180719860567 0.1014018778734542 0.2663095329036583 25 1909.0 27322.0 -11.091281217499231 -1.0243962431997977
42 80.76748630893177 179.0177460286366 0.3192006661008552 0.5338694578593722 0.14984226487407146 25 920.0 15301.0 -10.461799537875677 -0.07567773308389723
43 258.16080261211107 177.20461305735628 0.623997868254027 0.4945824461108887 -0.6938343672122815 25 1366.0 18379.0 -10.660804694407515 -0.21781622244632842
44 784.9372975889911 179.1500654285078 0.37479192145695406 0.35423887622714717 -0.17784677187489717 25 1563.0 26566.0 -11.060815420773238 -0.2753124405435613
45 474.146589831585 188.9346453451147 1.1572641178344216 0.011722258052479216 0.3289456439090548 25 964.0 218.0 -5.846141234011512 -0.3045660993616795
46 633.7329856784677 191.56342991473988 0.45927337599353124 0.11000686120793472 -0.020168708306423686 25 1313.0 19460.0 -10.722857089830832 -0.38697275966062417
47 775.319067841754 190.35191597303444 0.43967510398451626 0.30496040045140926 -0.43881408160682306 25 2519.0 38984.0 -11.477215995933093 -0.9517711489597274
48 222.62850169565795 196.2395351048311 0.620942208394041 0.12952576987176992 -0.3852258301215364 25 1148.0 13857.0 -10.354173042415521 -0.20816256220656482
49 316.35789719307417 210.74819897152014 0.528462182221651 -0.21334434649972397 -0.47381884286670806 25 1352.0 21161.0 -10.813840467980185 -0.02102231545606524
50 134.90334226020116 219.2000887933837 0.9317485563047356 -0.14968343247890503 -0.029814231372077418 25 1013.0 2701.0 -8.578811460468627 -0.398978112979275
51 758.8867175886496 223.53036869868149 0.7702965968587739 0.16341771628138577 0.01731000399340741 25 1443.0 4525.0 -9.139046458853056 -0.9352475490788735
52 157.14208784278816 233.74342151583284 0.44687469354069836 0.7647771038185531 0.12281952261106789 25 2875.0 50512.0 -11.758486411370354 -0.9064060974290211
53 144.48918990302985 233.46450940011098 0.4670790494973617 -0.5664061966080453 -0.8524668612717458 25 2636.0 44471.0 -11.620192238373797 -0.9190265269147403
54 796.2914720719771 232.8939988336535 0.728511726797522 0.49218970889573366 0.14312243081797824 25 727.0 2519.0 -8.503070418745281 -0.23858509705807868
55 152.49645170290785 238.71636467098364 0.41289144062099653 0.5779565191468523 0.904864697793345 25 2724.0 55394.0 -11.858656816694355 -0.3976438659032378
56 605.1817730987759 238.67930901274264 0.8375595134231207 -0.4894557841645314 -0.09438527473700284 25 777.0 2139.0 -8.32552696142882 -0.2224482198782905
57 347.5706874598163 245.12221385145932 0.5845139614007772 -0.11823611436164398 -0.43815833849844216 25 1451.0 21790.0 -10.845643075615639 -0.17263740810600472
58 682.1716140823423 247.65709475443663 0.895521161064266 0.9532485876705046 0.42241814098451225 25 818.0 2334.0 -8.42025212927338 -0.20989545139954818
59 476.4815839362888 258.3306077501793 0.7345278220130299 0.20703330148394436 -0.005978641980353543 25 618.0 2257.0 -8.383828897694405 -0.049069064075371926
60 569.570622677911 262.7594151694659 0.5195192720032324 -0.1934780104655523 -0.993494800634562 25 1802.0 27562.0 -11.100776820956265 -0.45088888647400893
61 615.6628665134607 270.8616849600686 0.42038995594965806 0.7845455025627344 -0.5432912558600898 25 2182.0 39385.0 -11.488327124513338 -0.4543733081400416
62 397.34764727675713 271.8295965730556 0.5214163101409415 0.22505360502975744 -0.4208875158783853 25 1511.0 22849.0 -10.89716799416726 -0.308314035651298
63 743.8040945712296 271.85994404055793 0.4082804007179916 0.25131644061292496 -0.4162059121989454 25 1987.0 34460.0 -11.343288182780025 -0.47675264137472634
64 608.9893728533256 272.38296436740507 0.505125261732464 -0.3582984421029527 0.24268926354642734 25 2265.0 42566.0 -11.572657101743767 -0.3220004654916332
65 728.0238430214522 283.4821067972895 0.7630856796353294 0.3021230978599415 0.2477136706158976 25 662.0 2313.0 -8.410439081926548 -0.08279257425811229
66 604.6214561493937 290.6405940318106 0.5827360660523323 -0.026190042293322186 0.021895109796677005 25 867.0 2956.0 -8.67676107430697 -0.5853098837571842
67 144.92874416066576 292.4069510670983 0.4885713940269787 0.3697310605814294 -0.672674047079513 25 1617.0 23698.0 -10.936779237850661 -0.45383689480351563
68 301.96953275366616 293.44835995283523 0.45125854323287745 0.3893655057859741 0.159515740897721 25 2324.0 42009.0 -11.558355858828858 -0.5344842707055029
69 263.0422311776746 293.8697893605813 1.0703408348282426 0.15585035427019228 0.1818073969049582 25 983.0 1657.0 -8.048306271048343 -0.3293588417121912
70 53.24578298669884 322.18058378568634 0.6689207110183238 -0.13213672225232145 0.03265692731637871 25 566.0 1439.0 -7.8951519848415135 -0.16354243606881452
71 195.606081308889 328.3490007171686 0.6119088676127135 -0.11559522356365709 -0.017680193794074203 25 593.0 3023.0 -8.701095367944543 -0.15219722115141276
72 721.2345210851083 347.8703656916482 0.48416538402253545 0.5936853256852948 -0.40664493587670186 25 2962.0 51302.0 -11.77533574085131 -0.9183503175853185
73 756.1621681888633 348.56404466617573 0.46300695093088484 0.06908768139976232 -0.12789833684631025 25 1832.0 30848.0 -11.223067530556843 -0.34279905734165067
74 19.551084918738372 348.8119230669501 0.3242390212664829 -0.34445951407895437 -0.15393253113599875 25 449.0 3146.0 -8.74439679571817 -0.21576771986072427
75 301.0395414959833 356.3389934843577 0.6619710988564501 -0.36661348162812396 0.27163495816656064 25 1057.0 4062.0 -9.02184979767197 -0.665132628519488
76 718.906217419467 365.34631919381434 0.45088504412915437 -0.7423625577127181 -0.3640943477626558 25 1146.0 16863.0 -10.5673371000315 -0.3361547341315072
77 781.9158707159906 365.9389143181585 0.5992058603696803 0.3286272986955539 0.738722987088409 25 560.0 1896.0 -8.194595832505119 -0.07388793094964143
78 831.9250647330272 365.84361574791166 0.6007497353640191 0.5247336238875535 0.5270494470769949 25 1457.0 6305.0 -9.49921272727275 -1.0975845993347182
79 702.2075669227951 376.17688042114884 0.9523512108079955 0.9309242442730822 0.6458223778453459 25 675.0 719.0 -7.141822225957206 -0.04323462891337179
80 411.19613693261084 394.2572524752788 0.44996920411324776 -0.9087454051245821 -0.06763730283571508 25 2972.0 51361.0 -11.776583677169807 -1.022980420532476
81 416.1632899760344 398.7489090363719 0.42751105003712603 0.2824933485580087 0.5763350893731803 25 3014.0 59658.0 -11.939171724495921 -0.5374095840676968
82 774.5778076623317 407.9550804412989 0.4746304832416932 -0.8798619692333628 -0.6579249532251678 25 2150.0 36141.0 -11.3950004126537 -0.6155088427602082
83 785.237078049045 407.2756425082953 0.33800626593704036 0.3159939466607106 -0.7878151494307367 25 2660.0 45713.0 -11.650099309003938 -1.0022927772915617
84 532.0478524809911 407.5935791363631 0.7920995914096433 0.662442489837643 0.6679623023289722 25 927.0 2514.0 -8.500913183374848 -0.4770574241206438
85 115.28033839044687 412.05190403894767 0.48141015225257855 0.16509243066080054 -0.7160034611111976 25 999.0 12822.0 -10.269889431369283 -0.20197821074421293
86 712.8829312349693 412.91236398942726 0.4630294283619039 0.012481661241633683 -0.7096944331865247 25 1316.0 20649.0 -10.787247560683488 -0.22084288460382678
87 165.93755517810246 417.70163125701674 0.5295830880292153 -0.5540404018237154 0.03966789113559983 25 625.0 3621.0 -8.897071312042529 -0.1533460664758034
88 296.8658908785915 421.8526708582741 0.6481974775830802 -0.045594185683274224 -0.19533512744364234 25 1426.0 19378.0 -10.718272378924931 -0.1975327262319236
89 716.922212236443 424.2079198247958 0.44329993443833443 0.6408703162954104 -0.6354864917661117 25 1197.0 19142.0 -10.704968279734004 -0.05958019263487935
90 378.84838553530983 430.8182594712888 0.9870191352297546 -0.02367856079153319 -0.0012208290985812914 25 1043.0 2010.0 -8.257990143551222 -0.41371636061588474
91 831.9043891263997 432.14737615812976 0.44273848267531163 0.19749622567597108 -0.47008848490779204 25 1877.0 27461.0 -11.09679087035948 -0.6883799763710186
92 572.2071729440054 433.1439736743013 0.8533147061446298 0.5535670381473748 0.4402869181946957 25 644.0 140.0 -5.365320089195595 -0.14698380238823502
93 786.2878637411501 434.2199494587424 0.5369777058128707 -0.015233741201018263 -0.828427057405877 25 2042.0 33243.0 -11.304250523990689 -0.325412015247053
94 175.25040115477498 437.1599777941365 0.7936184439531908 0.013834429271219242 0.12685543832018417 25 886.0 1675.0 -8.06003702843216 -0.4719332360065175
95 562.1179356891298 442.7711701849661 0.5353214716936868 -0.17575735280559837 0.22609615072232944 25 1991.0 10594.0 -10.062649921498947 -1.4303742093191336
96 419.18503473143585 449.2100694329308 0.5356054334255568 -0.3687055890428515 0.18980583282576685 25 665.0 2725.0 -8.588416266531652 -0.3631442462198384
97 622.4567307413952 448.67380261964 0.6899307934992212 0.7454297867536895 -0.013865494940863688 25 1502.0 6200.0 -9.480979223745635 -1.0061221920581562
98 62.66766013841762 453.8631441413898 0.5259511303047358 0.3585025881615472 0.03212068132320418 25 2240.0 38219.0 -11.455698298885169 -0.5261379429233627
99 345.8847013577285 451.6410660604054 1.1161010519873051 0.2961285408801929 0.05360094858604605 25 687.0 -1371.0 nan -0.1130481935058414
100 345.3402703906242 465.81847929405006 0.4667350259316827 -0.9202051179725994 -0.8443664887892831 25 1740.0 27840.0 -11.11167307734631 -0.4620458130361659
101 353.61162048905356 466.0719302211617 0.42157533551594 0.2170166759074138 -0.617565006081132 25 2057.0 30632.0 -11.21543838334908 -0.9007479448017607
102 749.5552916045154 467.71086462142785 0.45000764410468397 0.5609821943747242 -0.9169923100933808 25 2006.0 28386.0 -11.132760496080522 -0.9268130791866301
