test_CNN/outputs/tables/03127_a21765m0s0_sources.ecsv
# %ECSV 1.0
# ---
# datatype:
# - {name: id, datatype: int64}
# - {name: x_centroid, datatype: float64}
# - {name: y_centroid, datatype: float64}
# - {name: sharpness, datatype: float64}
# - {name: roundness1, datatype: float64}
# - {name: roundness2, datatype: float64}
# - {name: n_pixels, datatype: int64}
# - {name: peak, datatype: float64}
# - {name: flux, datatype: float64}
# - {name: mag, datatype: float64}
# - {name: daofind_mag, datatype: float64}
# meta: !!omap
# - {date: '2026-06-03 17:11:34 Eastern Daylight Time'}
# - version: {Python: 3.11.15, astropy: 7.2.0, bottleneck: 1.6.0, gwcs: 1.0.3, matplotlib: 3.10.9, numpy: 2.4.6, photutils: 3.0.0, scipy: 1.17.1,
#     skimage: 0.26.0}
# schema: astropy-2.0
id x_centroid y_centroid sharpness roundness1 roundness2 n_pixels peak flux mag daofind_mag
1 307.5559189068454 6.9352514658875055 0.44043691761023307 0.11353839320088292 -0.3779978846268707 25 2958.0 48712.0 -11.719089902616165 -0.6963158043754852
2 606.484641993153 6.905429104748379 0.4365793879170526 0.295994874169107 -0.31577902935268676 25 3078.0 50313.0 -11.754200534151263 -0.7916064755618945
3 678.9288610189674 9.99338273898315 0.7917543941827155 -0.7030009054610783 0.192281463458185 25 679.0 -2486.0 nan -0.302901673211679
4 602.9322552901741 9.911546889773396 0.3933091665123384 0.044317904737232704 0.20611184328809887 25 2950.0 49064.0 -11.726907379198593 -0.7523481742931879
5 493.56234724162726 14.55488528108729 0.48359983337738954 -0.428260914900724 -0.2634035655278809 25 782.0 6852.0 -9.589543385733682 -0.053625782224013305
6 825.4055630922883 23.00061227217766 0.3612966659740537 -0.7969266795617337 -0.42681826127994305 25 2749.0 48204.0 -11.707707694448242 -0.5068085491571568
7 242.1737523114107 23.59895709622272 0.4373653339441893 -0.7614461136470201 -0.3212263285522195 25 2319.0 34699.0 -11.35079239729852 -0.6473986400497824
8 536.904228364922 22.522928976216694 0.35838488347850184 0.2695581225678409 0.04796438497370818 25 966.0 12485.0 -10.240971366718416 -0.10794565649521679
9 442.6703478185332 28.82535644333375 0.41878420528608384 0.07493371836782221 0.06771641902417008 25 1488.0 19866.0 -10.74527607783928 -0.4288160964330026
10 534.1810744699364 32.12234252276527 0.41896686223845864 -0.6353548310843902 -0.4595383987803314 25 2782.0 45971.0 -11.656209877483143 -0.629141954172546
11 105.11585605122649 33.4010324650064 0.43330935287553335 -0.47920240926473096 -0.37230992674067864 25 2582.0 37083.0 -11.422937152862843 -0.8331756958208204
12 348.83078679596076 33.80396237484568 0.3826989118604984 -0.4858150822582271 -0.3618209755218261 25 2808.0 44770.0 -11.627467735958612 -0.7836772706676715
13 745.7733035124681 43.848765004901715 0.31571140692675614 -0.046553756161802656 0.30808814888993813 25 993.0 14031.0 -10.367721561570416 -0.2253352767837283
14 150.18379505071584 49.367630546172805 0.4372443680630341 -0.2940057446666836 0.20872808042011362 25 2073.0 30261.0 -11.202208188869772 -0.5597113533710548
15 138.43962137857287 52.099966412135444 0.5082481390513078 -0.8718931287818762 -0.30045351180783636 25 1191.0 15232.0 -10.456892327600997 -0.049016487112980504
16 219.66935670628675 53.317466194058504 0.40603735619107173 -0.357611370820894 -0.23726162573275011 25 2234.0 34485.0 -11.3440755758124 -0.6156373520685345
17 77.00383148232204 54.81464642392608 0.5226569008703881 0.12630623388969328 -0.733861336418923 25 498.0 303.0 -6.2036065712557615 -0.15492656223242166
18 106.84756032380695 59.7787073311898 0.4794835788255942 -0.8003134432397497 -0.12517383976025714 25 1264.0 17077.0 -10.581028946052115 -0.2759689666357398
19 330.57655495530776 61.45595824078217 0.40707679910629796 -0.6787148546871824 -0.29230487693909674 25 1994.0 29373.0 -11.169870763217853 -0.5452565804023257
20 284.2353127734844 63.41379028528181 0.4143004295460973 -0.524041379923237 -0.22566778146254637 25 2210.0 36100.0 -11.393768004764144 -0.5624189733809711
21 80.04591704469638 67.81275017217779 0.7996400477904585 -0.40304970258342515 -0.02075589777427474 25 739.0 283.0 -6.129466088810726 -0.023332524272024292
22 242.57268086091295 67.94964064130473 0.45178739706107984 0.17557364239564566 0.5327342151661527 25 1407.0 19494.0 -10.724752404321567 -0.3998738524859947
23 800.6520216200107 69.52947044087797 0.33615962729845755 -0.11523330402940735 0.17847888380020077 25 1794.0 30884.0 -11.224333859456024 -0.2875013204459776
24 372.9492551174955 72.22841630478321 0.5204236796229241 -0.7290884530264586 -0.5324724183951663 25 1234.0 15430.0 -10.47091481515787 -0.1266665666928454
25 471.7180640797988 75.96371306371849 0.3612496167168623 -0.39131233415579136 -0.2432043365821838 25 2826.0 49478.0 -11.736030340644596 -0.6852550198149026
26 189.44184976911615 76.15849148178452 0.4589220956568188 -0.2718639195640263 -0.4608208155755701 25 2699.0 44500.0 -11.620900027452329 -0.6327723048746982
27 289.15168415473516 76.23903609406342 0.5018908498423267 -0.5152707542470536 -0.1979089411466796 25 1644.0 23006.0 -10.904602788638318 -0.3276176910828618
28 595.2772988148807 84.68876355637067 0.42812421556156854 -0.5578245570878283 -0.04674667582735421 25 1680.0 23171.0 -10.91236194303237 -0.47476642010604286
29 454.3540679963801 87.95197491756909 0.4113394365076587 -0.5457186479855326 -0.319841609047426 25 2805.0 47132.0 -11.683289672523145 -0.629096161779116
30 121.51665818738876 89.76575651037292 0.4570185729957658 0.8566296232225391 -0.46736060661620366 25 3174.0 64766.0 -12.028367688768311 -0.11648471170695221
31 792.0207700568261 94.85230303473426 0.5125673300737774 -0.6223527410063457 0.011279141074378274 25 2162.0 32901.0 -11.293022745473857 -0.4092084575451671
32 116.38446931486409 94.40451783272302 0.3534001140790855 0.7936606832476807 0.6440946427236544 25 3119.0 66293.0 -12.053669182178204 -0.042670578115581274
33 772.5442374686488 99.97209527435544 0.4525029173249858 -0.3770970119882974 -0.023105105771828373 25 989.0 13142.0 -10.296653657136241 -0.05956904525287329
34 794.9484449330216 102.98315613810209 0.3963490707909328 0.23560921173442148 -0.41424391153685636 25 3253.0 56762.0 -11.885144223379259 -0.7370038412432793
35 833.0620387534866 106.67375062627387 0.3431873998229172 0.018168654083661636 0.7592085194879848 25 2558.0 33194.0 -11.302648974141064 -1.1455476263661413
36 790.4175685386864 108.50937279862353 0.4438110432214326 0.025472739230980555 0.7072836121774686 25 2606.0 44121.0 -11.61161336784968 -0.5698927235653678
37 85.34239043080456 117.98691580151377 0.39167890194850064 -0.31343964779720346 -0.11489531439984639 25 2434.0 39077.0 -11.479803037216596 -0.6630936828344903
38 670.007817830714 127.54592772754204 0.9600357426421752 0.35421340348126795 0.1014469713686355 25 1434.0 2394.0 -8.447810365175979 -0.5916557268767123
39 248.32773091728956 130.5200212399315 0.4192376287240924 -0.17468568823839306 -0.2491056798918356 25 1372.0 17790.0 -10.625439870209812 -0.3604902240354946
40 44.50577549846626 136.87758783241983 0.5173739716600892 0.3886704187724173 -0.2893335514445751 25 2844.0 45852.0 -11.653395709340085 -0.6711688674339066
41 729.9837431196172 137.25060791933262 0.4023152780130385 -0.3381068790064129 -0.15486842553243507 25 1949.0 30705.0 -11.218022754295466 -0.5659829612299379
42 281.34066361993393 143.6028905861961 0.3555762712452041 -0.6770996444231916 -0.5577943399107098 25 2825.0 49658.0 -11.739973060375453 -0.5828882778690744
43 341.51326864230856 152.92405754521528 0.4425423650830587 -0.3196539905797126 -0.36504190283392834 25 1299.0 17286.0 -10.594236271660142 -0.2783517382229064
44 783.6353058393063 161.37412029269322 0.46792155430007615 -0.1838641814574466 -0.45075591315963026 25 2886.0 45679.0 -11.649291469528606 -0.794579939860277
45 577.6116669831895 165.13570449944203 0.5362398818240686 -0.46270770296622427 -0.22434172384973483 25 2174.0 31241.0 -11.236812317136966 -0.5588353892858288
46 780.3785364250946 164.38140649442164 0.36247461900966615 0.009382890768821227 0.09731494387859958 25 2786.0 48906.0 -11.723405358802992 -0.6334100383230155
47 312.28839832388354 170.77721831222456 0.5354262297037441 -0.3046402464873524 0.037693978222718194 25 1215.0 14547.0 -10.406933597087967 -0.18747815991522704
48 504.7652580778637 175.51027013315755 0.8322444168341246 0.10979601651633032 0.013428466639903214 25 735.0 266.0 -6.062204091577668 -0.01179736599610866
49 832.7286001092086 175.43607913860555 0.30428322069090835 -0.08414619356736945 0.5861669265507393 25 2717.0 40604.0 -11.521422047758133 -0.9690498259171255
50 257.46684154642753 177.7904519430327 0.4965211842265119 -0.4620682174604514 -0.17279485465354041 25 2200.0 30765.0 -11.220142298560118 -0.6024109669899542
51 80.48108721212846 178.61195732354366 0.3253064374837173 -0.3847017361888505 -0.16006532434266432 25 2064.0 35265.0 -11.36835972045155 -0.5868609648598525
52 784.0288867489594 179.4534717805029 0.4219858258850403 -0.5375104518707404 -0.33486721303496786 25 2492.0 41630.0 -11.548516027216944 -0.6184714989351677
53 771.4821757877542 189.47730360367456 0.364896499369062 -0.03891390489441535 -0.35485766222362886 25 2993.0 51254.0 -11.774319411399423 -0.7515422310791755
54 534.5206130363816 190.18531301701375 0.7847567042998601 -0.2280663776351712 -0.01620452038418338 25 1928.0 5836.0 -9.415288208053536 -0.9621515372258044
55 264.08286662446733 191.8776078337933 0.34547620351420205 -0.6868066007604395 -0.4049051308004553 25 2674.0 45275.0 -11.639646147465239 -0.5979921031247897
56 632.9864869192803 191.50745637033995 0.4512135495260563 -0.6590924427590524 -0.2765184586477868 25 2304.0 35467.0 -11.374561137338103 -0.542445158679668
57 767.8716245987063 192.81083624313425 0.4741843347960215 -0.5104630013269839 -0.005327137762209835 25 2755.0 47399.0 -11.689422948116482 -0.4284251436328178
58 222.10050583627086 196.7058716300274 0.3388460124361114 -0.7954519259434814 -0.03621193449333818 25 1694.0 26425.0 -11.05503748994866 -0.4050508699957496
59 294.46303422052625 197.0465105064295 0.5029845638987923 -0.5273143136305677 -0.05316178237305359 25 1349.0 17385.0 -10.600436737548193 -0.1518589110133882
60 826.1533283558608 197.29175396810896 0.4567656637145222 -0.2782461129875094 0.07297282100069998 25 1540.0 25299.0 -11.007758387616915 -0.1309249482063664
61 793.6502978622437 198.69246681017825 0.37040887443294596 -0.45675883060853273 -0.3225938545599856 25 2847.0 52187.0 -11.793905829756321 -0.5610515402029617
62 144.70849978161542 198.72495615910353 0.2616877471290142 -0.47905572339880687 -0.2803639652611338 25 1794.0 30698.0 -11.217775204388582 -0.4874706622570164
63 597.2890037436367 204.59462160671538 0.44209237884755603 -0.792223589147471 -0.16218004240345005 25 1964.0 29659.0 -11.180391260038116 -0.44652820319201514
64 322.9348832442426 207.74688497231588 0.4232963681633193 -0.3836368851556417 -0.46105654197318224 25 2135.0 33869.0 -11.324505935153557 -0.42595380086988327
65 315.04285738019263 211.37837463346352 0.3862338376175797 -0.46240742767845794 -0.35490500562364136 25 2073.0 31228.0 -11.236360426731624 -0.5633206557089714
66 253.762597092979 220.53454281856528 0.34342857296597956 -0.4640630531775755 -0.4059075365062329 25 2601.0 46286.0 -11.663624127535542 -0.5210589815227659
67 56.095132566110756 222.11116089917928 0.29407595715595963 -0.49415528938813125 -0.4958973220669575 25 1114.0 16136.0 -10.519489713011772 -0.3805026631320099
68 260.76529133439107 222.60587586834677 0.33868591393316605 -0.2897676982294914 -0.1677045656829657 25 2287.0 40324.0 -11.513909015176246 -0.5295593272104241
69 154.46354442435268 232.29140214128563 0.4410562651204283 0.7328075101645769 -0.161699560071843 25 3113.0 55514.0 -11.861006302672152 -0.6061611987750392
70 36.15092731089458 234.5446462448635 0.39164875229338947 -0.4204911896256888 -0.39157394668745105 25 1912.0 27920.0 -11.114788534877809 -0.5523331791015065
71 150.12967433284152 235.2083822973324 0.42347866861252204 0.47446636900604233 0.41055518268714863 25 2787.0 52640.0 -11.803289701514748 -0.30798511186870375
72 505.5016132765956 236.14411725733936 0.4319777192371383 -0.6985937446169455 -0.5841319730911892 25 1648.0 24332.0 -10.965444519477215 -0.2995044841085166
73 327.0767407284814 239.20264928963803 0.5383475838463995 -0.49249410957639095 0.09152470912843097 25 1240.0 14501.0 -10.403494881364493 -0.17988179819283137
74 390.6584593046115 241.76152675715838 0.42885725179097356 -0.5618048784536592 -0.5243281409018405 25 2578.0 39722.0 -11.497577767678749 -0.6586744532201612
75 235.561963573994 242.71440695958202 0.43176928883989707 -0.6744863270043415 -0.38103887624474186 25 2276.0 35484.0 -11.375081426434356 -0.575589945678102
76 346.9037937831306 245.68378877301572 0.45489992471764085 -0.5752221892893618 -0.2690273979347795 25 2296.0 35764.0 -11.383615215520637 -0.48925883092277916
77 299.7132293058431 246.73890211810476 0.5020790596807577 -0.7075656266137027 -0.308525811940802 25 1427.0 18179.0 -10.6489249741089 -0.22649390251019474
78 22.780553576273412 247.53628178377133 0.4220242660614204 -0.6264864025605035 -0.49894087970989354 25 1722.0 22989.0 -10.903800200690872 -0.502746691554182
79 189.1072129008275 254.21054300422162 0.47020505766740617 -0.44891374937188105 0.006717871291931249 25 2566.0 14635.0 -10.413481816924525 -1.553287821895992
80 326.9035820961876 254.8931379385812 0.7572265860816638 0.9037869645972368 -0.5462725198453041 25 1281.0 6198.0 -9.48062892975816 -0.48029970761484136
81 450.05840284136366 256.48104923029274 0.39895223732467594 -0.5524707427353036 -0.10515432284233137 25 1624.0 24612.0 -10.977867266039977 -0.29357690244640183
82 569.1708813247869 263.2620301073235 0.4039838267237523 -0.6302958067250056 -0.3349413527228856 25 2640.0 45283.0 -11.639837977886863 -0.5865507105591032
83 787.542254819993 266.3497688377433 0.361118407731247 0.02539202523174557 0.14749855966141082 25 1393.0 22903.0 -10.899730932717782 -0.17487505220521973
84 282.8225041664588 268.9555092203678 0.39377580427362613 -0.28353554374207374 -0.33717445019162645 25 1852.0 27967.0 -11.116614706032241 -0.42612700789180025
85 615.2276941748237 270.4525850339953 0.399106706233256 -0.5140515649275974 -0.47960903625381746 25 2491.0 41742.0 -11.551433134353232 -0.572138460548778
86 743.2129806683587 272.025581519043 0.42944432165322455 -0.6500405826350402 -0.4843324030933231 25 2679.0 46917.0 -11.67832558591586 -0.48238110078325375
87 90.30698169664286 271.1659085881325 0.41830324814321124 0.08929337551292954 0.2902684075442009 25 1146.0 15005.0 -10.440589999402178 -0.28976197127608483
88 396.8650998597007 272.4305882096545 0.3892347662699926 -0.456287348111935 -0.24578828715040535 25 2258.0 37717.0 -11.441342854432857 -0.5402585656702987
89 607.9946956060617 274.84178980766376 0.3435645408043506 -0.4838772434091806 -0.4044380631775539 25 3109.0 61168.0 -11.966310701687382 -0.4351256736028687
90 134.86306749823297 275.71572209837456 0.3878972214609626 -0.5426370416673352 0.505451568823203 25 860.0 11011.0 -10.10456690659386 -0.05593934611241298
91 305.9939491876091 277.3061552856031 0.4180105112489351 -0.6505036909081411 -0.652096670532855 25 2829.0 51804.0 -11.785908236759731 -0.4499984715629637
92 256.3814773861555 283.1851406569412 0.4846681709987695 -0.35485057396058406 -0.4029920374607272 25 1043.0 13345.0 -10.313296445308817 -0.04974967595769929
93 544.6121846977044 285.7837116956608 0.3471037644831598 -0.4092934638263727 0.18596473903088878 25 1128.0 17795.0 -10.62574498084966 -0.020504929657645974
94 144.38429031420364 292.91535379302746 0.38932739796360544 -0.3438671114989407 -0.1420462946971323 25 2448.0 40505.0 -11.518771591269946 -0.5710800416570019
95 301.6616394512721 294.6485244180262 0.4631681731465198 -0.19953243853540226 -0.6314875041818693 25 2501.0 40820.0 -11.52718250095013 -0.5098586090545143
96 611.0348525496306 304.322437385939 0.4405570915479742 -0.571074282519986 -0.059733155232793836 25 1608.0 26215.0 -11.046374655124357 -0.06063315844184388
97 174.18075790737575 306.5402970572437 0.6200209602148806 -0.6640834827298852 -0.04719293306536289 25 1244.0 13580.0 -10.332249424861207 -0.1679693282890153
98 38.03394381744956 307.9796136273898 0.46050235307654636 -0.6552711380238466 -0.7071672396829487 25 1262.0 16757.0 -10.5604906741506 -0.08412783563153255
99 71.57002100175032 332.9447649314014 0.4692360578937778 -0.462402940129224 0.11735044604251015 25 1855.0 25383.0 -11.011357374425204 -0.5638403081044935
100 445.69021062109306 341.2251031777543 0.7051385849376535 0.16761426080104552 -0.07576694304701838 25 1343.0 8824.0 -9.864163748580335 -0.4747890463688993
101 718.6657665636953 347.1107663075005 0.3778219549768509 0.9164458912465809 -0.10415836436593141 25 3265.0 61143.0 -11.965866859261158 -0.6359229088200402
