test_CNN/outputs/tables/03127_a21765m0s0_sources.ecsv
# %ECSV 1.0
# ---
# datatype:
# - {name: id, datatype: int64}
# - {name: x_centroid, datatype: float64}
# - {name: y_centroid, datatype: float64}
# - {name: sharpness, datatype: float64}
# - {name: roundness1, datatype: float64}
# - {name: roundness2, datatype: float64}
# - {name: n_pixels, datatype: int64}
# - {name: peak, datatype: float64}
# - {name: flux, datatype: float64}
# - {name: mag, datatype: float64}
# - {name: daofind_mag, datatype: float64}
# meta: !!omap
# - {date: '2026-06-03 17:11:34 Eastern Daylight Time'}
# - version: {Python: 3.11.15, astropy: 7.2.0, bottleneck: 1.6.0, gwcs: 1.0.3, matplotlib: 3.10.9, numpy: 2.4.6, photutils: 3.0.0, scipy: 1.17.1,
#     skimage: 0.26.0}
# schema: astropy-2.0
id x_centroid y_centroid sharpness roundness1 roundness2 n_pixels peak flux mag daofind_mag
[from data line 102]
103 263.2372773915472 349.0771597327801 0.3948099729240305 -0.4288940541282124 -0.3850832522289889 25 2182.0 34668.0 -11.349821969729554 -0.5544294112954137
104 712.9796479760163 351.2309960255331 0.42751411942473994 0.5121159312853052 0.38319426651536803 25 3065.0 57129.0 -11.892141555325411 -0.4084863728861119
105 153.1796142778931 359.76529732530554 0.4706321802986399 -0.4018015723803715 -0.6235504630717333 25 2755.0 41956.0 -11.556985191848694 -0.7169187957927746
106 723.1238242692117 365.54086139913204 0.2996742085687148 -0.3506925604377202 -0.12791273861779037 25 2915.0 57934.0 -11.907333787498086 -0.49002173317509956
107 319.2289651388516 366.7124909927043 0.4794588931495412 -0.7217951993522022 -0.22967928762385942 25 1500.0 22352.0 -10.873290971925266 -0.15334096665938268
108 257.1226394212535 373.07998268223 0.4839921092705547 0.23470734963804551 -0.13790211539721925 25 1156.0 15263.0 -10.45909976055338 -0.037637446474544214
109 661.7414860674588 378.94853628121916 0.47063933650027057 0.06304613592144846 0.07304352267808244 25 1190.0 17301.0 -10.595178015326399 -0.02473476735206362
110 44.42693641747944 391.3292160735566 0.4203731541410721 -0.6783034271734951 -0.5166771785567097 25 1122.0 15055.0 -10.444201899621945 -0.1076261685914959
111 417.7730974091672 392.38143371027064 0.43739372786358205 0.5065745454990721 -0.5818141014115737 25 3195.0 57034.0 -11.8903345782267 -0.622018473641886
112 621.2279209813029 397.89675898612495 0.4460827000315576 -0.47734013311381 -0.6865672584166573 25 2590.0 40762.0 -11.525638711621955 -0.6742398490468239
113 412.93158863630805 396.42288104917844 0.4179805003957255 0.4435348110483667 0.2511412100830501 25 3062.0 55237.0 -11.855575208490878 -0.5517361985126947
114 781.7147176500602 406.40021196613975 0.3637436994391688 -0.07399759637847243 -0.14761130637580272 25 3106.0 55118.0 -11.85323362617117 -0.6796804637628302
115 777.7468123789045 409.55349958298825 0.4290668957420494 -0.3112166741366946 0.1604947819848484 25 2681.0 44983.0 -11.632621039932163 -0.5265540469323957
116 114.60095969673714 412.53925725553154 0.5375981630581824 -0.6989976556327889 -0.22280693716737307 25 1776.0 24236.0 -10.96115235956123 -0.31629394270542205
117 711.9151261400186 413.2651949011759 0.4171863179667321 -0.6075000906992265 -0.19649209056811656 25 2396.0 39357.0 -11.487554966960454 -0.5796077422755591
118 516.2609247792334 420.01111712071275 0.4628319833606504 -0.5077127062196309 -0.2016535400921372 25 1917.0 29626.0 -11.179182546250228 -0.4404495450243659
119 296.2813166220063 422.33539160063043 0.4061255493117891 -0.31479459380257263 -0.18221854381924082 25 2343.0 39327.0 -11.486727045458725 -0.4597202335605385
120 716.3141654975452 424.73485707606545 0.4333582222644678 -0.6067579060804353 -0.23035089817614074 25 2104.0 33642.0 -11.317204516205345 -0.4306909753584217
121 248.11015851621227 430.40629711383303 0.4746042871797413 -0.6999893624973725 -0.2724967302335826 25 1396.0 20420.0 -10.77513934437723 -0.05482511198977104
122 830.2461572883468 431.9148485915693 0.4087093100556883 -0.9483997586910035 -0.4178146369791507 25 2453.0 41237.0 -11.538217656875624 -0.4880895119249968
123 785.5773401608416 434.6231401969062 0.4333543671713784 -0.3815245969848599 -0.22395511356410966 25 2649.0 45278.0 -11.639718087845248 -0.5106623487287172
124 407.5624224045433 437.9571690455809 0.4470757936265654 -0.8062540621655018 -0.4902784399876608 25 2575.0 42908.0 -11.581345679875927 -0.5094483581065584
125 62.84296870848559 453.85304791339485 0.38274037625681623 -0.4093840958200969 -0.579250306389477 25 2861.0 52875.0 -11.808125950957747 -0.4608491132962655
126 646.7273573071731 454.45946366081205 0.43934510833002594 -0.5389276537771774 -0.46612735876311057 25 1498.0 23989.0 -10.95003036111031 -0.026823966161547502
127 468.5745984474401 466.1980343153046 0.40462789272192395 0.9391178876064711 -0.29737034915768407 25 3270.0 62880.0 -11.996281332578377 -0.45765570582931026
128 745.4435924326827 466.6492529453318 0.4291581688551653 -0.6104781391013486 -0.7764427767681478 25 2438.0 39671.0 -11.49618287004145 -0.581443884111233
129 268.93768817514507 467.004962635705 0.4177346084049262 -0.3020685025245856 -0.07882765514144 25 1648.0 25962.0 -11.035845363955922 -0.22310466453832142
130 347.19212481663664 467.6837065908163 0.4606708235480541 -0.5883406710257216 0.005121997549225373 25 2436.0 41647.0 -11.548959307251943 -0.40118993860644736
131 107.48038014691888 470.43749357508693 0.4759881356431441 -0.21138776764528358 -0.10083136711112894 25 1249.0 17471.0 -10.605794409287988 -0.062152153395925155
132 739.3329858452674 469.8946281286913 0.4679602893432995 -0.5660066067087255 0.1603396540005719 25 2361.0 37269.0 -11.428369349854258 -0.49752274976906274
133 463.12668044851165 470.5021666756396 0.42054714755503864 0.6547485398454987 0.07341701467147779 25 3124.0 59881.0 -11.943222610893285 -0.3526853276507992
134 179.07560375582247 480.99247793550774 0.4224296232137329 -0.40869274898620084 0.05750488511717018 25 1521.0 22789.0 -10.89431317100158 -0.18191339546427338
135 665.4676882853483 487.1711310649149 0.507898569729266 -0.30149043743708903 -0.42481999910875795 25 2735.0 42094.0 -11.56055049181048 -0.63911981962017
136 337.47265623466774 487.95799209538814 0.4215166863763575 -0.6828691101437974 -0.26180041807200183 25 2170.0 37241.0 -11.42755333548936 -0.32875849290834935
137 29.52764587917803 494.62603952757735 0.45898786915841666 -0.23641998109160545 -0.1735671228999832 25 1854.0 28208.0 -11.125930737388117 -0.3764396961412678
138 742.6451843354824 498.75851404301244 0.45995719473876767 -0.7236154140379593 -0.3123969369162634 25 1474.0 21390.0 -10.82552696142882 -0.1388802443609585
139 244.62482354868092 506.901172205104 0.3984863796153291 -0.48729679240379087 -0.11032431896228942 25 2635.0 49278.0 -11.731632683027392 -0.3567104518768356
140 339.0076180033953 508.6951714353274 0.3902251012695227 -0.3806686709331217 -0.3515291254384783 25 2676.0 49894.0 -11.745120806765723 -0.37518006309910523
141 353.0910735859596 509.62552441500804 0.4212527341256533 -0.24358665124825252 -0.45679751869899593 25 2697.0 46606.0 -11.671104577087263 -0.4838796584992621
142 348.30450807690687 517.5385705811032 0.4473434985810217 -0.3275759903841624 -0.0034619031160074737 25 2448.0 45832.0 -11.65292202310389 -0.1782747702141967
143 699.9000723878179 518.2712493780194 0.42131215775376274 -0.5173217594719193 -0.22821571532712276 25 1500.0 23291.0 -10.917970338464066 -0.04992646766060163
144 126.78685377141807 525.9470969400013 0.4133440210842048 -0.4214116021515672 -0.43170386458748977 25 2562.0 43420.0 -11.594224547796003 -0.561681507212027
145 218.00497393226058 542.023149958571 0.8239481358342781 0.4051830294904885 0.1951704466929008 25 901.0 3073.0 -8.718906400640945 -0.07194713348435391
146 496.6407781781431 542.846631281293 0.41772317852873886 -0.7992375094357166 -0.686914468858018 25 2029.0 33841.0 -11.323607969846627 -0.2450942962789256
147 310.6570498085478 545.4640632744083 0.40935767889748 -0.21002325185235837 -0.2534080787070509 25 2454.0 44323.0 -11.616572869787841 -0.2865704480650278
148 50.57240295082967 551.9436236670542 0.4177923667437828 0.239236189690047 -0.45611981907557253 25 3067.0 53721.0 -11.825360220827498 -0.6287389946655717
149 34.37929631365208 554.2746579501728 0.39131294507259984 -0.53682433625492 -0.472404655091571 25 2836.0 51311.0 -11.77552619675588 -0.43164923686137213
150 235.43264355579214 566.942000519582 0.4324717956983516 -0.28760557162817485 -0.6205609278885885 25 2433.0 41139.0 -11.53563432682164 -0.48289984309959844
151 98.53384943987771 570.5238750299095 0.39292100590700585 -0.590536857835198 -0.5565264181499057 25 1380.0 21594.0 -10.835832742591387 -0.06691650256841793
152 229.67749485371175 569.598181470818 0.47682373500486064 -0.3598293103970085 -0.021486164730481885 25 2722.0 46449.0 -11.66744092127319 -0.47045567929446724
153 505.69110498299403 580.5651752230236 0.4457699113891978 -0.057068510864594316 -0.24608474787329734 25 1613.0 27076.0 -11.081461263563053 -0.050393967910074736
154 286.9738920065029 599.902889216356 0.39975948643485554 -0.471734020183022 -0.5110514000799202 25 2746.0 50937.0 -11.767583407624524 -0.4106729791231711
155 150.5982195825399 614.2700165703618 0.44501468230524793 -0.27890747490562096 -0.3254835026650643 25 2386.0 39706.0 -11.497140345623274 -0.4322690840419928
156 562.360997795357 616.631926845269 0.3724816857358261 -0.4094220497254895 -0.274402344120479 25 2450.0 43394.0 -11.593574211625162 -0.414154222244391
157 714.5144818559884 617.6511644083158 0.4276961674129469 -0.9665663872698191 -0.6012405708599938 25 2372.0 38475.0 -11.462946571258792 -0.4989268715570909
158 756.662519800556 617.2983074512914 0.417465951476086 -0.02823391688673427 0.01824123577364143 25 936.0 12353.0 -10.229431103549206 -0.01921662248048573
159 0.43489113286083847 618.5956357702231 0.2904918813141153 0.09964242281008141 0.4422711557233114 25 893.0 9539.0 -9.948757121968503 -0.30740397873926056
160 287.2613343115914 619.4147776557231 0.3947469418906269 -0.5210705313224782 -0.5343215648936612 25 1850.0 32952.0 -11.294704447370902 -0.10123988632345543
161 162.63829640049462 626.2567866979537 0.3435142111053513 -0.46312714652748604 -0.3423030525354575 25 2345.0 41744.0 -11.551485154390363 -0.4325601786551543
162 718.3697911413794 626.2693960420103 0.4507158659260753 -0.4262130740889184 -0.17819864822323567 25 1643.0 25516.0 -11.017031483696059 -0.27672672177134555
163 420.4120744429421 635.485356008804 0.5024220088425401 -0.8383415261634084 -0.7951150898058145 25 1620.0 24415.0 -10.969141821550357 -0.19404995538779016
164 3.9113706285660648 648.9862315690996 0.43125984765278075 -0.15082041413003922 -0.03807666764451924 25 1382.0 21272.0 -10.819520810808775 -0.1273844797043161
165 829.9050963652488 656.3382654970768 0.394033121270933 -0.7504052653688088 -0.553481900539518 25 1384.0 20475.0 -10.77805977608114 -0.3192995268268659
166 531.1229744216133 669.7549213547146 0.4808358873904401 -0.56955692957379 -0.48399706742589255 25 2350.0 37412.0 -11.432527314183467 -0.4555027506451803
167 112.54645359900526 671.5219471231771 0.6667018386807252 -0.020620338191191728 0.12244342752765713 25 1402.0 6081.0 -9.459937508531679 -0.7052582586456618
168 658.6039640810462 675.7178368865306 0.3997793957526254 -0.43173959217288743 -0.9712395938823679 25 2893.0 55314.0 -11.857087663399211 -0.31449031389400167
169 629.9199982804831 696.0373653523527 0.4040433514437 -0.27170805065177517 -0.16296517260100954 25 2042.0 33380.0 -11.30871583085807 -0.44149935408508834
170 684.5571430110829 699.5376371977774 0.4542058373977144 -0.4387747375505301 -0.4081719628502903 25 2258.0 38238.0 -11.456237922158774 -0.33893144752328025
171 149.42117099345063 705.2651013725275 0.42192989466117936 -0.450015983816567 -0.7690451617367203 25 2471.0 41333.0 -11.54074232013399 -0.5264315491385433
172 89.92791833359203 714.5069197165235 0.39847930483206107 0.49188145836218666 -0.23274204824638764 25 2989.0 51988.0 -11.789757775663624 -0.7528137639765973
173 85.39003559535762 717.3153808396678 0.42046509510466196 0.22945301713980074 0.3782462526085668 25 2954.0 52612.0 -11.80271202860686 -0.4870535542926161
174 6.890897679591395 723.0412834250927 0.37384796794291497 -0.3877903031365178 -0.5761405349198345 25 2952.0 54546.0 -11.841907270371308 -0.5530901127267569
175 427.9280958902473 729.2570212958001 0.6885621902697197 0.6346924278533231 0.16282280973785232 25 838.0 1353.0 -7.828244491494058 -0.3177020695968997
176 440.95069052342734 731.3448596554663 0.4449865715126658 -0.6794390811720297 -0.5089547039977814 25 1353.0 19836.0 -10.743635249047681 -0.16573116693599405
177 4.4353238424966035 732.5728656033123 0.3794769254885019 -0.3415715828289618 -0.5510857747403695 25 2662.0 46680.0 -11.67282711843333 -0.5621071239803529
178 662.8956645131094 734.3901838964963 1.21039328219797 -0.18792235124308926 0.3104659673046015 25 1096.0 684.0 -7.0876402543002905 -0.05684555867525119
179 21.178403960121535 738.8910125687369 0.4176903800258454 0.3575493563063121 0.4027690552329991 25 3087.0 56064.0 -11.871710200379919 -0.4899946995513838
180 557.3150610748993 740.3594670124546 0.40963925569034837 -0.6215800883019745 -0.38321142126249813 25 2565.0 42725.0 -11.576705178481937 -0.5497178276553225
181 48.1768618892856 752.5620122014674 0.5023904078785412 -0.12008800990307401 -0.6288021125767607 25 1746.0 26407.0 -11.05429766361455 -0.3493926916428084
182 480.08183691981526 759.1155314165549 0.3993824872077496 -0.6639569822002628 -0.5549937368132353 25 2173.0 36075.0 -11.39301584941383 -0.4283128573112275
183 497.38040283053283 767.244685289025 0.358549345634332 -0.4697270579523335 -0.1564194975373858 25 2388.0 40464.0 -11.517672030000822 -0.5726115707542979
184 119.03186746168393 786.1388147913651 0.50594719584595 -0.6058776763851043 -0.2400986360323933 25 1338.0 18176.0 -10.648745785077312 -0.16661902573839146
185 48.056619897748355 790.9578573331422 0.37917724218441523 -0.5330140899186604 0.02358636037128077 25 1372.0 21508.0 -10.831500069512705 -0.1048029334597625
186 307.83711198614566 808.654067483001 0.39960157969300414 -0.6461691570633635 -0.6332427186134548 25 2177.0 38175.0 -11.454447614321147 -0.294272696576141
187 698.8521564082265 808.8135782998351 0.4075486879748312 0.17201169431073626 -0.4607008873854868 25 3144.0 53052.0 -11.811754402383748 -0.6782108568130338
188 693.826887058647 812.6634614380004 0.42855623035432305 -0.12171733930647999 0.037979809568923883 25 2819.0 47004.0 -11.680337043988727 -0.5819422172590285
189 661.7294569949095 815.7286682767223 0.4847413957644287 -0.8007829193620377 -0.9442203626236523 25 2446.0 38114.0 -11.45271132409307 -0.5541040551904849
190 59.19142673852712 823.9994608076028 1.1573238562753831 -0.11104851417284038 0.11837617760760008 25 1334.0 796.0 -7.252282669344172 -0.35166491831897567
191 815.7308243944278 824.1383808080063 0.7218779117031469 -0.10545438534991614 -0.01249026617352505 25 1670.0 6012.0 -9.447547429787177 -0.8644782648606798
192 81.10709476433732 827.5129255037589 0.4223649721341926 0.7269801203712458 0.12149629446088255 25 3081.0 55722.0 -11.86506673982919 -0.602860318479913
193 75.83387078406697 830.6225890167693 0.4602764308168538 -0.10242503238377959 0.44175079707822196 25 3084.0 55701.0 -11.864657480330347 -0.5220080730140043
