test_CNN/outputs/tables/03128_a21767m0s0_sources.ecsv
# %ECSV 1.0
# ---
# datatype:
# - {name: id, datatype: int64}
# - {name: x_centroid, datatype: float64}
# - {name: y_centroid, datatype: float64}
# - {name: sharpness, datatype: float64}
# - {name: roundness1, datatype: float64}
# - {name: roundness2, datatype: float64}
# - {name: n_pixels, datatype: int64}
# - {name: peak, datatype: float64}
# - {name: flux, datatype: float64}
# - {name: mag, datatype: float64}
# - {name: daofind_mag, datatype: float64}
# meta: !!omap
# - {date: '2026-06-03 17:11:34 Eastern Daylight Time'}
# - version: {Python: 3.11.15, astropy: 7.2.0, bottleneck: 1.6.0, gwcs: 1.0.3, matplotlib: 3.10.9, numpy: 2.4.6, photutils: 3.0.0, scipy: 1.17.1,
#     skimage: 0.26.0}
# schema: astropy-2.0
id x_centroid y_centroid sharpness roundness1 roundness2 n_pixels peak flux mag daofind_mag
1 687.0691393621088 0.6281903892996924 0.3317301940909966 0.23959926479740076 -0.7647235196457461 25 2884.0 33999.0 -11.328665358718233 -1.284265881905996
2 785.7073702611076 1.0147789098962612 0.3653129511778224 -0.6913947514383346 -0.9682175019753109 25 1643.0 20139.0 -10.760094754761457 -0.5661475808792972
3 307.13400375342115 18.09028232322679 0.4264161843261768 -0.5233909333952111 -0.7058473799401942 25 2275.0 35902.0 -11.387796606457638 -0.4573283293061015
4 608.3952992471171 18.480644005550925 0.41869526880635777 0.07560298789954574 -0.8053659880631923 25 2777.0 45369.0 -11.641898017193688 -0.6480909079374697
5 299.02207795435226 21.851484645971567 0.3788444712236485 -0.8470518178997644 -0.27098984923319197 25 2672.0 45826.0 -11.652779876924878 -0.5600628784595466
6 597.0580024046252 23.313311098723123 0.46168359067899123 -0.567927123688795 -0.1033255914162433 25 2463.0 37342.0 -11.430493936530173 -0.6242556112807223
7 709.3170250126549 33.37677468982148 0.51523395426888 0.8603505676810391 0.5380238661766995 25 1549.0 22472.0 -10.879104315483804 -0.10168551414451407
8 825.2937903296103 34.55463870548983 0.5779551073871683 -0.7396706008076025 -0.7333083066480549 25 1843.0 24089.0 -10.954546929064335 -0.2982314702124397
9 814.5162500493623 39.589437264392195 0.4610548090119617 -0.94628214878096 -0.7904859157567173 25 1420.0 19924.0 -10.748441332650865 -0.1963573893342691
10 187.23650040872016 43.6197192169472 0.8068786980228132 0.3655762522814094 0.3832357819375987 25 996.0 3591.0 -8.888038512815182 -0.14434720547036692
11 347.77346514468206 45.03979028886375 0.4372891805376736 -0.26044259909976614 -0.8365877053885273 25 2305.0 35771.0 -11.383827703210791 -0.4886531778166294
12 716.9360476177029 45.71469209858746 0.5034984681186289 0.9123709409052931 0.7322558878081562 25 1481.0 21986.0 -10.855365559083666 -0.14031902853704942
13 525.5953522453125 47.75215107290429 0.4948261777804124 -0.8099871076368202 -0.4279049958738137 25 1655.0 22677.0 -10.888964000152829 -0.27289962701930326
14 340.02964792347797 49.46335283741516 0.5623439036738113 -0.6651755663044129 -0.3740072166992477 25 1815.0 25010.0 -10.995284229326256 -0.2968079182485211
15 186.36471748987603 87.50336216130042 0.45771800494956744 -0.369297155646536 -0.7904357735912311 25 2283.0 36012.0 -11.391118103681192 -0.25675424469082936
16 178.02310444334282 91.24268957344795 0.38279212776473515 -0.7896772092064032 -0.2863691245141455 25 1891.0 29065.0 -11.158425818231017 -0.42657072093975135
17 123.05955938855233 102.32446341109048 0.4644275499139901 0.4452935466062109 -0.023351617130622858 25 3099.0 52600.0 -11.802464360384349 -0.6421432810930936
18 793.8902295687529 115.63220823308652 0.40211407346244255 0.02285303399828515 -0.7969140213347297 25 3177.0 52729.0 -11.805123837649727 -0.8008137934502069
19 832.3749245376847 118.57611655269382 0.3015160938366001 -0.17122079890818276 0.21367521986741067 25 1468.0 23084.0 -10.908277664091564 -0.1982663058714057
20 784.2017524854098 121.03041632944348 0.3706932508083045 -0.03438795304640921 0.2776622830952139 25 3264.0 57350.0 -11.896333555593216 -0.7249316232501888
21 833.7760860754114 142.57063513312255 0.78493777647997 0.21318390744004984 0.9459151847123093 25 1258.0 5266.0 -9.303702136925123 -0.30901853994720974
22 40.575289675968406 148.25405091672874 0.39425402297587214 0.2353855870428257 -0.6100888182064125 25 2998.0 52160.0 -11.79334395680966 -0.6338284323224437
23 31.398976736367807 152.18589065494248 0.3911243626349597 -0.16363764162780386 0.25514340076791225 25 3151.0 54287.0 -11.83673960600672 -0.679125645499511
24 277.2717949964563 156.31190169972857 0.44192066675265484 -0.41457798358322073 -0.6202056443232529 25 2650.0 49422.0 -11.734800790918321 -0.15783931543329188
25 413.47752561715606 160.80377437912222 0.8362636083930322 -0.12027195298511922 -0.04177292552116317 25 893.0 2225.0 -8.368325038292376 -0.019341374926566103
26 785.4678938534312 174.03514380608402 0.493269215738989 -0.19162701525945905 -0.8416664320360291 25 2579.0 38604.0 -11.466580767373987 -0.6691242329741752
27 774.1152460692532 179.23250030946303 0.46027808648607516 -0.6463150914928186 -0.2987050560028399 25 2434.0 38264.0 -11.456975919659769 -0.5173510168219297
28 831.8228023163052 188.09965964456455 0.24170313090151171 -0.2367573404194923 -0.12793501152235368 25 1366.0 22673.0 -10.888772470061083 -0.07778539149915509
29 770.7970691121784 202.48084016781743 0.3813842503279742 0.08815613484677307 -0.5457155112079717 25 2754.0 46519.0 -11.669075925762813 -0.538300138689689
30 262.8327339287514 203.72791483306844 0.44057404172897086 -0.5928864894528174 -0.9057025475541464 25 1788.0 30329.0 -11.204645227751474 -0.009874947373342075
31 254.2618647712456 207.84636662088735 0.7236759544755873 -0.6299974487429637 -0.3173822315402419 25 1397.0 15183.0 -10.453393980071127 -0.017154022120060675
32 761.0672160031208 207.8259641015271 0.4281108482490408 -0.7404643507019161 -0.3152302205169879 25 2693.0 43726.0 -11.601849376109534 -0.5952062371591648
33 789.3422597056202 212.06565878699442 0.41451468255398033 -0.5856982643010192 -0.47142371376500847 25 2393.0 43283.0 -11.590793386617147 -0.1949732213226275
34 628.0564811942081 218.330309853482 0.8874041807435917 0.5145145293588527 0.6737686263163052 25 1109.0 2764.0 -8.603845096755403 -0.22488569921215174
35 153.3586656526414 244.69568856557413 0.359797763673968 0.6049842402805717 -0.5796584666585827 25 3356.0 62585.0 -11.991175641419263 -0.558488446974398
36 143.2283747228822 249.15419498769052 0.5076537669690874 -0.006443652754187854 0.2752791944507022 25 3100.0 50014.0 -11.747728974424463 -0.7430970524655585
37 150.27238150852753 251.7631855247152 0.4144950079680792 0.9246166801786445 0.8736522469673174 25 3135.0 62358.0 -11.98723044417476 -0.190405876893136
38 69.19382112260543 253.60880010637055 0.7002830702388186 -0.1041088033142578 -0.1089867149479936 25 925.0 3236.0 -8.775021282350586 -0.16121765134661037
39 389.3825516148257 254.48002855128968 0.32662172222544306 -0.7269059329812539 -0.9268827379753243 25 1732.0 29289.0 -11.16676136007667 -0.1369458652817845
40 342.5827657209034 258.81111095312895 0.25971891874704267 -0.5740326261807897 -0.8169008341454345 25 1319.0 23267.0 -10.916850974607275 -0.06870270001205471
41 268.79580782729164 266.114651131709 0.9509636804502616 -0.43289478604955883 -0.3701609759497481 25 964.0 1230.0 -7.724762778598495 -0.07212313607788362
42 497.809686833677 277.18509949556034 0.4751549711015642 0.46245830403201216 0.4341488563625133 25 572.0 319.0 -6.2594767076429525 -0.1186461962302407
43 614.4359487410621 283.39115230610645 0.3966045283183161 -0.696196666753574 -0.9403016934954193 25 1680.0 25418.0 -11.012853438407376 -0.36773308340272015
44 738.4604464410893 286.43756662728714 0.4930442974836526 0.04776721096542488 -0.07082590819294318 25 2003.0 34132.0 -11.332904342401502 -0.05673399369953132
45 304.5370937894312 289.98701008844 0.4055648882460766 -0.43276609287562634 -0.7973064014017385 25 1851.0 32860.0 -11.291668897747606 -0.10267407944019102
46 179.49375355428012 291.11415217129394 0.6377169086190857 0.2157974819912582 -0.6251660984953633 25 968.0 5167.0 -9.283096153864154 -0.23895499796892497
47 595.3991701244813 292.0096565781006 0.5082070672981802 -0.6859988812175126 -0.7421565730317045 25 1434.0 19339.0 -10.716085033505232 -0.14776655403357394
48 296.8756585669752 293.4771645338798 0.49808596243702985 -0.7881867478535383 -0.4700305300958328 25 1436.0 21462.0 -10.829175476331534 -0.05900083805639298
49 441.78856339028215 315.59159580736775 0.7402245546809799 -0.6985699862605405 0.20179169188870663 25 995.0 1610.0 -8.017064690079623 -0.23601586293239363
50 823.2607366477132 322.26201281185956 0.2900900011422185 -0.18758802154831827 0.7302781462391661 25 1033.0 14465.0 -10.400796094960006 -0.25358632680346405
51 364.99122219481285 328.9967973047564 0.9870517569703458 0.14149680183155022 0.17254549549704498 25 1787.0 2220.0 -8.365882436126597 -0.684759921511638
52 717.2089921647205 361.02526175465084 0.4269866774936814 0.39169144276951656 -0.7079203870405067 25 3269.0 56459.0 -11.879332954172666 -0.6270616010437075
53 705.2161314461289 367.2506496612277 0.4161620853910805 0.24286851040776147 0.42343844914992007 25 3253.0 56135.0 -11.873084317454536 -0.607806173772011
54 140.4746766564815 377.145427772283 0.5616994050896871 -0.49242165235175983 -0.754482504557184 25 1814.0 25556.0 -11.018732198650255 -0.29360572752710623
55 36.89505262642279 379.2059736450869 1.0048889171341864 -0.3987486012508787 -0.06671764386722885 25 1006.0 2766.0 -8.60463043943323 -0.09116835897814266
56 419.4048792751041 406.60844395748893 0.4124924414753744 0.14867912360804147 -0.7423359665804172 25 2906.0 50358.0 -11.755171183741872 -0.5695751025666657
57 405.7776565454181 411.8629274015744 0.4132619260668815 -0.7480339698610207 0.5297145496401509 25 3130.0 56124.0 -11.872871539890323 -0.6806753020533762
58 619.6013962842229 411.78996610159373 0.42359130647720994 0.23220914518023497 -0.6806939326510641 25 1850.0 28251.0 -11.12758456284842 -0.39766073169555927
59 611.1240426485332 416.88716476383263 0.34292434554515355 -0.7242857857748116 -0.5507149470898598 25 1605.0 27414.0 -11.094931021098372 -0.10452636074650344
60 770.3012427415518 425.99215752069637 0.36272640258478894 -0.6064514586023884 -0.23360901682435345 25 2575.0 42832.0 -11.579420884607144 -0.6381536847778717
61 405.5822695046825 452.239633884212 0.5356625875523633 -0.621827839562962 -0.8273006630907693 25 1846.0 29134.0 -11.161000289724663 -0.1214395289907469
62 818.6801995675111 451.7054690546602 0.5825058633431801 -0.7033990768525403 -0.20154184227517932 25 1619.0 20132.0 -10.759717304312755 -0.2448929874658873
63 762.473851362108 452.5855186770029 0.6276336805315308 -0.4908338616396572 0.6965976136117439 25 876.0 9150.0 -9.903552735166121 -0.018664770605252467
64 751.2992500642906 470.6589693057432 0.6941853553147354 -0.8299773777374118 0.781882959926824 25 1046.0 8320.0 -9.80030831572681 -0.18409039596541737
65 131.21510850273185 474.78116132533864 0.7523626214366224 0.7886177050156341 0.19771808385890047 25 1623.0 6596.0 -9.548201617431204 -0.6628265661455767
66 348.5309996392275 479.58619609736115 0.3343326059336223 -0.3871757869454865 -0.7409003438604926 25 2291.0 37044.0 -11.421794688824301 -0.6156561127464067
67 466.7845507003721 481.00344679222366 0.4140906771036211 0.18855838599662042 -0.7401910974057393 25 3069.0 53342.0 -11.81767323764037 -0.5754552737780612
68 336.5025220565308 484.0947502913635 0.426988938581666 -0.8096289805108015 -0.6083878236762852 25 1863.0 29085.0 -11.159172670335966 -0.3151009490235602
69 454.6433594714847 486.68519986991805 0.44733379255467076 -0.5005551538230321 0.8413080240107764 25 3258.0 56783.0 -11.885545834380357 -0.7260618540335129
70 731.2155980372589 486.721215018953 0.38290602916357136 -0.8941857451850106 -0.3296419222540528 25 2181.0 38217.0 -11.455641480830586 -0.3842462508192146
71 737.6691953041726 486.00449328718145 0.4799778183696889 0.6809994337534144 0.5127104578835788 25 2264.0 39853.0 -11.501152547981906 -0.2501969287632353
72 463.10995957758655 489.76867867353036 0.44024219017826577 0.7546000520964535 0.8939715364943775 25 3180.0 61901.0 -11.979244162573474 -0.24290492383387052
73 666.4588647778661 493.1141146690867 0.7365507997689558 -0.2981098269921779 0.5557325883511085 25 1247.0 6910.0 -9.598695118435497 -0.38104932031809097
74 724.6929880157999 495.67693061968913 0.5833710231692186 -0.8378673877149649 -0.33017600977022754 25 1145.0 10240.0 -10.02574989159953 -0.28365217350228517
75 663.2266816263838 502.0860353348256 0.3812484170149 -0.3423486717872303 -0.7497921379610891 25 2601.0 43682.0 -11.600756286299802 -0.5133090719989388
76 652.8451705570018 507.1352850552852 0.31098122040607157 -0.21887878787195147 -0.1643301715220495 25 2256.0 40068.0 -11.506994162754989 -0.4286818501117985
77 749.8936395893568 508.82581647828334 1.189099260962045 -0.17922871672392016 0.1570736588294278 25 1119.0 -156.0 nan -0.05464801338937623
78 459.19140804600664 521.5180195240746 0.7097666358851068 0.2634380449384816 -0.7587018140700926 25 980.0 7139.0 -9.634093454896485 -0.04711281280374707
79 350.6041825736828 524.4314854511845 0.3859748132901739 -0.3808623498127738 -0.8413853866174801 25 2516.0 42357.0 -11.567312982366712 -0.3965150698809722
80 327.19728454557946 526.9726297724932 0.4498222166229974 -0.29389032031459705 -0.4172661976754361 25 1344.0 17330.0 -10.596996406784793 -0.2879210972654344
81 338.5545103418992 529.247680346261 0.5439973863857155 -0.6702531468333716 -0.3610155996490613 25 2093.0 34183.0 -11.334525437526423 -0.21487978373762093
82 792.8474181051819 536.5405335423648 0.847530004063174 -0.07196051349441848 0.38175668804406887 25 1102.0 2346.0 -8.425820019448777 -0.26363483647252706
83 408.1946506092921 548.389989027506 0.6207008263617426 -0.07252133928286411 0.3859561487304803 25 1188.0 1406.0 -7.869963301709513 -0.7085471670513575
84 450.72896304539825 549.9658326480484 0.9387126458985351 -0.10468989829507568 0.1264604774769951 25 1093.0 2235.0 -8.373193818669888 -0.154896717645931
85 143.26633795707215 554.2899850664489 0.7297747968095782 -0.10855801400746155 0.42128901069988905 25 1092.0 3104.0 -8.729804281465377 -0.3809653397048839
86 490.36285258460003 558.7885522929323 0.37588033941436094 -0.11529317581079564 -0.027456022203599897 25 1585.0 25519.0 -11.017159129767107 -0.2501178199726004
87 47.76551747724993 566.7096051837033 0.4644736406364956 -0.197653217862566 -0.8829942893746935 25 2699.0 41371.0 -11.541740046451562 -0.6680242091963835
88 37.76747954698127 570.2394820939733 0.4590233416606603 -0.05290490324935834 -0.4793379983868501 25 2673.0 48012.0 -11.703374493566553 -0.37456837053917913
89 191.0489211935354 575.838885208484 1.3299965963000975 0.23651117757874668 0.13595108939834302 25 1500.0 1522.0 -7.956036631086385 -0.22988129052838935
90 173.65319736786108 581.8011624540156 0.8397135568768737 0.2097011145939849 -0.3234654530673552 25 849.0 1846.0 -8.165579241724734 -0.04060401637698482
91 232.32371703446307 582.004921740935 0.376664595403263 -0.3676294866840148 -0.9417389306081038 25 2435.0 41818.0 -11.553408145705916 -0.40790556988277993
92 220.6495691113685 586.343035357979 0.3442230730853005 -0.8087805320823122 -0.36953054988195055 25 2249.0 38626.0 -11.46719934039356 -0.43569331949501766
93 226.67007824296962 585.5524794050767 0.4222070675661971 0.6430708183689781 0.9324492861520333 25 2488.0 43277.0 -11.59064286865876 -0.4220033370654048
94 606.1857136991767 594.9697108668562 1.349421586848568 0.43375218144953775 0.18831126231306303 25 1371.0 2839.0 -8.632913481314644 -0.036247554723097944
95 739.0047885786569 608.0791623414606 0.5840147317302099 0.8491677540521468 0.1625956163189159 25 834.0 4278.0 -9.078101950588772 -0.14528265962786702
96 591.7205102495054 635.9111218927272 1.17191661701472 -0.23349723707818995 -0.3119702891004687 25 1628.0 6392.0 -9.514091915764837 -0.2580475887069071
97 164.01667871082049 657.2893828038584 1.2372406169688375 0.06780416496410062 -0.18841205647802328 25 1299.0 1267.0 -7.756941537208604 -0.16670502356570205
98 757.1991454673845 662.095408517961 0.5774627192735975 0.8910054326750101 0.9784914002055366 25 1141.0 4752.0 -9.192191079932844 -0.6275245887628872
99 613.5585168977043 696.2173317042426 0.4868447928779986 0.25287173709017563 0.25064815910039473 25 1250.0 7717.0 -9.718621250624883 -0.5131217700721898
100 161.68281191879092 704.7165165279227 0.60469780932163 0.6208148136164989 0.02660375042295754 25 1124.0 6210.0 -9.48272900044145 -0.415964852598943
101 133.62171562165332 725.8784354028306 0.3778212191403986 -0.8427591925167838 -0.4542270326095576 25 1651.0 27225.0 -11.087419721069532 -0.14032987337882094
102 86.67038722951284 730.7475770575039 0.4111802275680312 0.3025063500515311 -0.6051269522367707 25 3184.0 54125.0 -11.833494773403554 -0.6398212077507149
103 738.6934248278476 731.8828032908941 0.7165293862722978 -0.9896349182935877 -0.16193140073912432 25 1103.0 1791.0 -8.132738964622579 -0.46228254463603763
104 75.38188263071864 735.1189949096906 0.38331161020258236 -0.5086527825724924 -0.03184679549015951 25 3076.0 52655.0 -11.803599042759469 -0.7595280655022816
105 1.2285261147390014 739.2716051602741 0.289521464095243 0.01293913283167811 0.321336565762859 25 2529.0 38355.0 -11.459554967705042 -0.8532658183647348
106 1.1656340681886819 748.4089576478623 0.33961491459842647 0.3261859458513313 0.6890300792741763 25 1716.0 24042.0 -10.952426482040858 -0.5503578404424552
107 23.328440781049903 751.8782780632749 0.37423494456001155 0.534587538188922 -0.8097469109471537 25 3299.0 59947.0 -11.944418635140712 -0.5583698061963646
108 556.03346766422 756.589939587174 0.4971434976195292 -0.12765095158694403 -0.9246656162345267 25 1368.0 18873.0 -10.689602349761671 -0.13361885027086776
109 11.365464121872924 756.7585576081244 0.47786414826696477 -0.27424493054953525 0.10908900184835385 25 2926.0 47333.0 -11.68791007810195 -0.6864642178498865
110 19.2524850421291 759.7138189524912 0.41018303998667877 0.7882115917210653 0.9225317024352404 25 3068.0 57861.0 -11.905964838002038 -0.40138878224652763
111 478.1178600817124 775.3077768323438 0.6265871081413138 -0.6280255294225581 -0.7084610145424516 25 1303.0 14088.0 -10.372123357398051 -0.09114192502740942
112 63.19126677198061 785.0192518766712 0.570533556576992 0.5487733731799073 -0.7287838194494592 25 663.0 1856.0 -8.171444929707107 -0.07351151073808028
113 39.82864957690818 808.1265042736919 0.42947984292239844 0.2235816110033996 -0.15213593243934453 25 1086.0 13426.0 -10.319866607122254 -0.26198622937231597
114 388.88342652292147 822.1940664841089 0.8593262891551758 0.4055657643904698 -0.18713093446346907 25 1162.0 2774.0 -8.607766141843165 -0.29905211790864356
115 695.099791743497 826.8964887331906 0.47523427414570113 0.00863947508573568 -0.7432350110142476 25 2843.0 44102.0 -11.611145712290261 -0.6623055731575999
116 195.91430467638193 827.411706162489 0.3389420275904366 -0.6121407594957453 -0.9018215745161555 25 1032.0 7994.0 -9.756910359810215 -0.49643036747127367
117 748.7254484342791 829.7022805670653 0.9736746014398602 -0.5692651500634122 -0.3422420049866565 25 950.0 2182.0 -8.347136865630807 -0.007259009365917709
118 682.9621794723125 832.4609320405276 0.33817056385327454 -0.6318253717274818 -0.5305513547450897 25 2801.0 40937.0 -11.530290032358453 -0.9284355739108464
