test_CNN/outputs/tables/03129_a21770m0s0_sources.ecsv
# %ECSV 1.0
# ---
# datatype:
# - {name: id, datatype: int64}
# - {name: x_centroid, datatype: float64}
# - {name: y_centroid, datatype: float64}
# - {name: sharpness, datatype: float64}
# - {name: roundness1, datatype: float64}
# - {name: roundness2, datatype: float64}
# - {name: n_pixels, datatype: int64}
# - {name: peak, datatype: float64}
# - {name: flux, datatype: float64}
# - {name: mag, datatype: float64}
# - {name: daofind_mag, datatype: float64}
# meta: !!omap
# - {date: '2026-06-03 17:11:34 Eastern Daylight Time'}
# - version: {Python: 3.11.15, astropy: 7.2.0, bottleneck: 1.6.0, gwcs: 1.0.3, matplotlib: 3.10.9, numpy: 2.4.6, photutils: 3.0.0, scipy: 1.17.1,
#     skimage: 0.26.0}
# schema: astropy-2.0
id x_centroid y_centroid sharpness roundness1 roundness2 n_pixels peak flux mag daofind_mag
[from data line 103]
104 394.2645323723296 477.60178865238066 0.8477173964737862 0.28879543779278743 -0.0687894322267645 25 609.0 134.0 -5.3177619959120195 -0.07282811117939332
105 100.66593230671683 479.8928807790414 0.730077740285661 -0.09215175247724403 -0.16038349012694136 25 613.0 846.0 -7.318425907597559 -0.18056270965939292
106 25.280874552336783 481.0162544227174 0.5658453498589544 -0.32459100998271373 -0.7087919991587103 25 616.0 3733.0 -8.93014497481576 -0.08483519585357963
107 239.59330703541886 480.41510221298466 0.6297800466264871 0.5478301556971726 -0.1592309662892065 25 1057.0 3698.0 -8.919917267057885 -0.7579866932850893
108 337.70485930069725 486.45302854938274 0.3159065150417909 0.27018550655017737 0.6235852441462317 25 982.0 17104.0 -10.582744219661757 -0.14940400404739723
109 367.1511832289701 487.73813065846207 1.0397460433738548 -0.19616254347129986 -0.19950458269639074 25 701.0 161.0 -5.517064690079624 -0.022510080676212504
110 669.1349307147866 488.1484992694726 0.4184071733562484 0.3799679074759516 -0.5471618873211967 25 2513.0 37840.0 -11.444877819324388 -1.1080362310962841
111 14.655502246603334 490.9024871003394 0.7773150667450246 -0.08535511602536301 -0.29128180221269917 25 1761.0 11780.0 -10.177863226127709 -0.8664312894488985
112 429.91740857863 489.51989170181935 0.7954038076422846 0.939259798003224 0.9453713265942034 25 733.0 2881.0 -8.648858145701032 -0.1701657253934683
113 215.31223872073858 499.25950655231514 0.49779882832877304 -0.36440948737726975 -0.1488014434653872 25 726.0 3670.0 -8.911665160630223 -0.4254735413676878
114 338.758671497343 507.7548575022282 0.44945967213538035 -0.4255169904575824 -0.765730530559359 25 1616.0 27699.0 -11.106160225700712 -0.31499325315180116
115 359.49781253417916 510.5996299085546 0.5135212521549659 0.7450800291186228 -0.7565507743066234 25 2000.0 28974.0 -11.155021139459976 -0.7286715025875059
116 61.775052578074025 517.1172850541668 0.39052155822945905 -0.806304050723799 -0.552253176121038 25 287.0 -69.0 nan -0.012768181141718297
117 700.3830829306821 518.2163877353355 0.6237821432338015 0.255044391974017 -0.743406335966341 25 1153.0 14924.0 -10.434713100921979 -0.04864483870799424
118 280.0897036787671 524.0293557936857 0.5570677675199328 0.23616525089137141 -0.38469954419389046 25 986.0 12698.0 -10.259338306845834 -0.042779982638017786
119 14.974012106772772 530.9823699849451 0.6512771101364975 -0.30361213898419837 -0.445209698973483 25 804.0 5595.0 -9.369500227160922 -0.16371082463518488
120 26.688983968794837 532.1463445108502 0.7118864555512088 0.9063749757427372 0.26386055476509135 25 608.0 1736.0 -8.098874302101182 -0.10587253918902823
121 442.0042845894152 534.0846472462061 1.001522264559142 0.16814419839173358 0.03354946793048064 25 1402.0 2674.0 -8.567903507314913 -0.7474168311560202
122 822.8924362684389 541.95923744378 1.03634306544587 -0.37154857368937994 0.17881764942381534 25 773.0 1149.0 -7.650800071720712 -0.0840720306511391
123 310.83200906398594 545.0212357075379 0.5361294747456563 0.30391605465319493 -0.9496355531604407 25 1756.0 27006.0 -11.078650658305307 -0.38549942509448987
124 53.37059832810131 553.1880430738765 0.37570976991384286 0.46019590439242863 -0.6203565410511334 25 2731.0 47312.0 -11.687428267955106 -0.8858456433734069
125 643.1075088044348 564.1558092829251 0.6325922111655521 0.769156185409623 0.7956830507143248 25 712.0 3997.0 -9.004335370650264 -0.11275739719651735
126 235.94110883052994 568.0948140437596 0.4942389403042323 0.1310327673151742 -0.707213989086687 25 2461.0 35417.0 -11.373029428652321 -0.979778811601276
127 98.70036989925676 570.3304309792186 0.5816975085666795 0.749409537359057 -0.5165135399681303 25 744.0 8115.0 -9.773221310405626 -0.014982219878990427
128 12.054830621321775 575.7753112071838 0.7998173091950129 0.034218991810353414 -0.15273048874037698 25 848.0 2984.0 -8.686997047001578 -0.23233146356512419
129 239.0396822316103 587.5046146263622 0.9389313615321474 0.3810959119291732 0.5255485761235378 25 805.0 1968.0 -8.235062735238307 -0.13753742570653688
130 801.8174188194645 596.3070879157966 0.5644155573844124 0.6334572315361238 -0.1466049600272206 25 906.0 10357.0 -10.038084940616772 -0.11041230764274974
131 69.05976896499864 597.1340554936527 1.0082348068379843 0.3083015567674869 0.1887594955279582 25 2102.0 3072.0 -8.718553028398686 -1.1891960348195378
132 286.4212237635589 599.504725600975 0.3774239129126658 0.37556139908644426 -0.2289024477072927 25 2027.0 36969.0 -11.419594258001904 -0.41487707362693643
133 827.0399088859613 611.1611509127075 1.029444642715814 -0.9341639478512731 -0.15567834760527965 25 810.0 2831.0 -8.629849673412757 -0.07751753026395082
134 150.30970740550327 613.7664800251741 0.4756517602104155 0.16065371645394982 -0.24550194682644916 25 1470.0 21235.0 -10.817630663316747 -0.3797135521769571
135 85.80524553594853 614.0824188289348 1.1078128434647558 -0.5471590688846102 -0.12881032067827058 25 1188.0 2007.0 -8.256368431218714 -0.45932414788469994
136 562.5823568380459 616.2639941637382 0.42601495588636085 0.01500316932550927 -0.8353556526169676 25 1690.0 27205.0 -11.086621825604809 -0.5101898258307278
137 640.2238380150278 617.566522457682 1.06018260530668 -0.01160261924018406 -0.12033025511226876 25 820.0 2782.0 -8.610892814140069 -0.03778484734861164
138 714.3701966055636 618.2500690447542 0.3350100376368167 0.3289732527494409 -0.6076104630759886 25 1816.0 33647.0 -11.317365870394998 -0.41052842750903545
139 127.14947545730907 618.7726467810232 0.908572961244938 -0.04306801517415029 -0.23681756783628405 25 935.0 2980.0 -8.685540660190638 -0.3175853887261304
140 56.96121081411751 626.2188288367058 0.4627750280995203 0.33333040018738064 0.49129513875853953 25 622.0 4392.0 -9.106655828605088 -0.26704839990907914
141 16.846908625408716 629.1321793164616 0.8711089828112131 0.43873471570587 0.2708619851453971 25 929.0 3108.0 -8.73120252532219 -0.35543061638746826
142 162.02498963949196 630.608200166301 0.8758357310290993 0.34255882837139834 0.5090688572891439 25 1745.0 10358.0 -10.038189766704688 -0.862814248944387
143 573.2355612877255 631.4446558129029 0.6218579658095504 -0.10437956878691639 0.019311125369378172 25 534.0 2231.0 -8.371248925709594 -0.012246338571613854
144 412.6538513211287 632.6998488030563 0.4354776355622008 0.13101281527378528 0.24967102149729248 25 1468.0 25089.0 -10.99870837876113 -0.24340213744284064
145 711.7367690733366 639.9392639505663 0.6005289093015566 0.5742600844322203 0.2217861562315409 25 836.0 4353.0 -9.096971667893495 -0.4804939467889063
146 486.72619821072476 641.1493343872197 0.7466784859330013 -0.36754504109931885 -0.7220911609772089 25 632.0 2651.0 -8.558524319332733 -0.022576890989221884
147 531.4167577899543 669.792999026182 0.5644212113831577 0.45257559901457456 -0.6476254956809158 25 1637.0 24281.0 -10.96316642239383 -0.48316328254574054
148 619.1912202443846 668.6276867409731 0.8564949695973001 -0.5007682978953516 -0.30499675460938536 25 633.0 1726.0 -8.092601978447977 -0.015647673899902223
149 178.7148764030139 685.6460686209717 0.8105552657016903 0.3522814454992817 -0.07345967553588928 25 1663.0 5634.0 -9.377042106624385 -1.0262435787329736
150 255.66176109334364 685.5443285239584 0.5641948160773274 -0.7216091868382856 -0.27091654843239465 25 733.0 2758.0 -8.601485654599578 -0.4801365978420725
151 725.9800952892929 687.2087058482623 1.1418598658417227 0.47537971241555904 0.3352394546605974 25 953.0 714.0 -7.134245529440436 -0.22203747851275737
152 484.1371787807602 687.9965499554796 0.4694520044759095 -0.37861804809647104 0.5661056655660937 25 2101.0 12123.0 -10.209025262905776 -1.5578732968342504
153 417.9958626225237 694.7138098633438 0.38693422399696475 0.22609577215542934 0.7196701133537281 25 2403.0 22471.0 -10.879055999340913 -1.4878942354022364
154 630.4773732832595 696.2190105075514 0.5156844804671155 0.5536844272792834 -0.5965640683637579 25 1214.0 18688.0 -10.678907063580763 -0.10706998468605156
155 585.6776398574881 697.1316869798079 0.9387217610512719 0.6100283128760009 -0.2687392489272203 25 761.0 1050.0 -7.552973247674846 -0.18765062204260397
156 56.93671134318753 697.9554258519679 1.131482098436814 -0.14508678353717921 -0.04911764593036292 25 839.0 1161.0 -7.662080549346435 -0.07400908548506266
157 685.0025257852075 699.2552666996719 0.5954147626503185 -0.040488796817539224 -0.9720948054294049 25 1603.0 22973.0 -10.903044281454203 -0.3089816342606796
158 296.9527612206089 700.4819144043569 0.8334138079584156 0.4675611917364242 0.33532940716052384 25 847.0 2607.0 -8.540352577920823 -0.25980456844341254
159 150.15778885301444 706.6067161495866 0.5060148319591964 0.4210377306182702 -0.9303435670309693 25 1750.0 24728.0 -10.982972480138123 -0.535852748484175
160 145.31825193700115 708.1577403121311 0.48220034028986397 -0.21049124659430773 0.9478017616928157 25 1874.0 29714.0 -11.182402797549871 -0.5103343838552769
161 229.48790122489308 710.9323562974886 0.9791455442497975 -0.6848107384709812 -0.5332826310802928 25 818.0 2894.0 -8.653746316957546 -0.09628076274203815
162 79.61093204661186 715.2567422281047 0.46299419275779197 -0.6685995380924054 -0.7483998603192189 25 2595.0 43694.0 -11.601054510858926 -0.879162112171394
163 520.9035095773423 714.2865362086526 0.9040521768614619 0.6010227969031 0.3927036968472946 25 1191.0 2695.0 -8.576396923806893 -0.6392349150822635
164 93.42697392857552 716.0968211387978 0.4052785369269044 0.8916070679547935 -0.03414693600478466 25 2860.0 47005.0 -11.680360142547476 -1.097498308095169
165 3.107252481241048 722.2781433102764 0.35286470074121784 -0.4614000780868762 -0.8980732362111805 25 1433.0 21409.0 -10.826490955412119 -0.5466196370320282
166 477.2208714839145 728.0486520242154 1.1510675542076492 -0.44757843895846683 -0.44567179178759264 25 820.0 1702.0 -8.077398889371421 -0.07159259338326894
167 4.309885355404585 732.2270145405281 0.47291239812097724 0.10506017092058353 -0.4654234167826455 25 1957.0 33290.0 -11.305784487891668 -0.32416686710844556
168 557.401075903369 740.2226062016852 0.35698293152908067 0.1774181746014888 -0.3117375871355672 25 1462.0 24462.0 -10.971229904589501 -0.37719196584094317
169 120.75377289210797 743.9124966047505 0.566968892120179 -0.016990032772110388 -0.1866952363882578 25 1028.0 5309.0 -9.312531813352892 -0.8067235450928232
170 501.1794495211206 745.8691187758275 0.9961375850375545 0.1908656184689751 -0.23036746385896653 25 899.0 4269.0 -9.075815387009866 -0.1357721833792775
171 479.9660060608831 758.8637809205551 0.394838999950549 -0.2537960661277961 -0.9836179862429465 25 1293.0 22522.0 -10.8815173853413 -0.15257520771660132
172 4.700843501177011 758.9144767444386 0.9630353957472421 -0.08406101515633828 -0.1951591013186077 25 2136.0 5271.0 -9.304732540537394 -1.1735738878901363
173 420.66797709770685 765.7927547644874 0.8441913156937875 0.5232620092339362 0.3079153149373053 25 990.0 3431.0 -8.838551795140434 -0.46236208752754276
174 497.952520371246 767.0945940642572 0.40044665465707185 0.23047776416169136 -0.09497380287098242 25 1516.0 23383.0 -10.922250574150016 -0.5460786853532941
175 24.88436547142481 769.367829453278 0.629364449121669 0.8291759017624981 0.08889838340984862 25 521.0 1274.0 -7.762923569998329 -0.04172599877457759
176 587.7602990562671 769.2831299569801 0.5830387921532252 -0.17039033859004288 -0.11199530937917355 25 863.0 3526.0 -8.868205769908258 -0.5674319385698425
177 662.7401708490194 780.9811703856512 0.7153220444218219 -0.4634175277880745 -0.052262211737286714 25 997.0 3141.0 -8.742669840996262 -0.6275481296183496
178 21.31590612780506 797.1600246607322 0.5327404462182084 0.4848513265162615 0.3138793191746604 25 459.0 2162.0 -8.337139224043229 -0.04963244844758213
179 596.9963816423073 799.3824675383355 0.5187623472126976 0.7827922640129619 0.4384745189324633 25 1000.0 5786.0 -9.40594607327991 -0.7241014084832532
180 36.48478577633878 802.0530133345399 0.7454608028264404 -0.04744043544688616 -0.004557189760500646 25 777.0 4602.0 -9.157366535831562 -0.2120884504749585
181 352.9431132082702 809.0769375401969 1.2588981027049313 -0.1884430543837398 -0.04869485126032262 25 1767.0 3003.0 -8.693888330497453 -0.7875754514074698
182 691.9106110779517 811.0022885395973 0.43708395886248486 -0.8574434277006495 -0.4238339560377245 25 2623.0 43069.0 -11.585411970471993 -1.0129819252998702
183 702.6068615450673 810.4573697580479 0.38159922717956835 0.6441826882662535 -0.3043210002788919 25 2911.0 49309.0 -11.732315487524067 -1.0173332633591712
184 697.3254721836893 814.6925560764846 0.4755313626850302 -0.48935596997416053 0.6776160823399469 25 2708.0 49206.0 -11.730045155699706 -0.6556261127577001
185 763.2039554976528 815.3932465121195 1.0835900714707571 0.9584404179423565 0.8712161633853589 25 847.0 3313.0 -8.8005535897049 -0.06384869522441446
186 515.8976751780434 819.853275303625 0.8764260056785123 -0.20476486650234407 0.21818228730408515 25 1562.0 4894.0 -9.224159912539426 -0.9539457184234933
187 608.1170909750066 826.4783962320702 0.6180766243105509 -0.7235346055930177 -0.23277164659306168 25 485.0 2477.0 -8.484815016464593 -0.00647517317110414
188 72.17436478098777 828.43836365006 0.40681851960894977 -0.8159061183750225 -0.4535519295627499 25 2894.0 48360.0 -11.711215730471835 -1.0797500337141368
189 657.7904374701241 827.8392823430145 0.5252705310106063 0.7708111842613224 0.6817336006846326 25 1548.0 12848.0 -10.272088819836513 -1.0251688106810464
190 530.1214832486295 828.7403565097337 0.664365672370468 -0.2645487207691727 -0.028387045598852335 25 721.0 4269.0 -9.075815387009866 -0.22882989734070244
191 77.95714553545442 832.2196838636155 0.2936684954053092 -0.7632738166034568 -0.9741632396307571 25 3144.0 56460.0 -11.879352184527253 -1.0596466709880221
