test_CNN/outputs/tables/03133_a21779m0s0_sources.ecsv
# %ECSV 1.0
# ---
# datatype:
# - {name: id, datatype: int64}
# - {name: x_centroid, datatype: float64}
# - {name: y_centroid, datatype: float64}
# - {name: sharpness, datatype: float64}
# - {name: roundness1, datatype: float64}
# - {name: roundness2, datatype: float64}
# - {name: n_pixels, datatype: int64}
# - {name: peak, datatype: float64}
# - {name: flux, datatype: float64}
# - {name: mag, datatype: float64}
# - {name: daofind_mag, datatype: float64}
# meta: !!omap
# - {date: '2026-06-03 17:11:35 Eastern Daylight Time'}
# - version: {Python: 3.11.15, astropy: 7.2.0, bottleneck: 1.6.0, gwcs: 1.0.3, matplotlib: 3.10.9, numpy: 2.4.6, photutils: 3.0.0, scipy: 1.17.1,
#     skimage: 0.26.0}
# schema: astropy-2.0
id x_centroid y_centroid sharpness roundness1 roundness2 n_pixels peak flux mag daofind_mag
1 613.2527867683708 6.934585695208531 0.46201522094088276 -0.03235922999601113 -0.3905272121349439 25 2826.0 39787.0 -11.49935298479961 -0.9636618015557805
2 313.41178293200215 7.006757090131175 0.3808898213605397 -0.5354442680132178 -0.6995696137326579 25 2772.0 48348.0 -11.710946283590006 -0.5506089994771421
3 304.9545128905033 11.098297861426833 0.38283035422984435 -0.6263419163447252 0.12753532564456527 25 2306.0 37220.0 -11.42694092198687 -0.6290002966864776
4 604.0488837511771 11.965803740420842 0.339449460328822 -0.5122309195739075 0.003087930973155774 25 2995.0 53276.0 -11.816329025618625 -0.7026447953300006
5 832.0170423451915 23.278472249280753 0.3053539009315472 -0.26749345327294677 -0.000571010485007159 25 1983.0 31629.0 -11.25021365309414 -0.5383042020487826
6 823.6790840028672 27.956352412255907 0.4171962695009639 -0.5731849677746661 0.09990939344250686 25 1432.0 20870.0 -10.798806122663635 -0.21068080083834184
7 541.6022936867257 31.570710422672644 0.4888320140498156 -0.9125921410667582 -0.5288517861309915 25 1884.0 24996.0 -10.994676289988428 -0.5662589152530014
8 111.68558035061554 32.80306780454427 0.7927933869844561 -0.6797726554284845 -0.3774754310735694 25 1795.0 18667.0 -10.677686318689751 -0.35468492422497394
9 355.189456243793 33.762492022386276 0.5274940618687746 -0.5696726592223391 -0.5397884684419082 25 2115.0 30109.0 -11.19674082919257 -0.44768237879876116
10 346.7166846204357 38.32381041087232 0.5133186975825348 -0.40982147923904616 -0.20819584975349098 25 2078.0 30533.0 -11.211923694290434 -0.48145570815372957
11 385.2843411528712 54.00196067898974 0.8718454219492572 0.27780368022618085 0.8965990258056106 25 827.0 1960.0 -8.230640178391189 -0.012136410665965994
12 193.5884528228054 76.22588236594873 0.49792645332972596 -0.40272662769779655 -0.37226012300502537 25 2013.0 28201.0 -11.125661271399629 -0.5489115833068612
13 474.8259359842095 76.31060449446034 0.4313377581362225 -0.6154264202928891 -0.9800429103592819 25 2344.0 42619.0 -11.574008138341226 -0.2468440493584631
14 184.6817156614479 80.16106445832935 0.4280963779430842 -0.3398226222895863 0.02376722332773106 25 1815.0 28295.0 -11.129274245678367 -0.33766183765121827
15 467.3831946308725 79.9324093728364 0.46902939735001586 -0.5317329266538666 -0.822172404879952 25 1140.0 14445.0 -10.399293865450538 -0.23905301027253567
16 457.2655988387833 88.56615727529399 0.42007403881475647 -0.5545214915111311 -0.45381805435799627 25 2150.0 38745.0 -11.470539163072495 -0.13585655199290658
17 795.7074610520493 95.81147116524127 0.4175168199625728 -0.24895591230925568 -0.4467796377859518 25 1432.0 24011.0 -10.951025619367696 -0.039444252210848754
18 802.2470033934757 103.36696047448547 0.4195312678346765 0.26966560181873667 -0.23313915914710584 25 3194.0 51093.0 -11.770903509161846 -0.9282915877847475
19 791.8779826491974 109.0246564131759 0.32700080030001005 -0.10252943733971202 0.5619529421149794 25 3280.0 60909.0 -11.961703673353497 -0.6093383027916024
20 799.0257920168606 108.14327907413077 0.36858555745063576 0.9282821933609278 0.2198205011933605 25 3173.0 62553.0 -11.99062035750375 -0.4435259739143594
21 833.1519199592414 110.84741092884252 0.40190217996851185 -0.4201540281661801 0.8408378568029206 25 1158.0 14422.0 -10.397563728062263 -0.20088977851309897
22 88.18003440172751 118.27653158588447 0.4846759520497019 -0.5658869946181232 -0.3945099535839021 25 1732.0 28843.0 -11.15010107490402 -0.011543940344238095
23 47.61339395947917 136.5940067020879 0.3829975023394542 0.48092567912688533 -0.21317895611949864 25 3252.0 52779.0 -11.806152893537467 -0.9488877364666426
24 668.5765652180661 139.97800825446905 0.8073504670052641 0.18173332704636846 -0.22292539510549259 25 1046.0 2374.0 -8.438701786546432 -0.26194550216843404
25 38.09890907745716 140.92058348007075 0.48894442991913545 -0.27234916411485804 0.10756658018089363 25 2853.0 45923.0 -11.6550756284012 -0.6626503880347991
26 284.12251617585207 144.6229621016987 0.5054676055560188 -0.17125825206427184 -0.45261450216775595 25 2631.0 47051.0 -11.681422145384104 -0.2337304355801702
27 40.29639630798896 149.12600571406094 0.5327503536496119 0.05290383808086058 -0.2509974105369691 25 1673.0 10350.0 -10.03735087448234 -0.949087931954738
28 781.9650126421685 154.29870667889122 0.8582463949757281 0.3845580446690858 0.3067676927830872 25 1157.0 3082.0 -8.722081585956001 -0.2995432633625299
29 790.6188386024106 161.27929879268794 0.48390632752188073 -0.5164735278973908 -0.7069055892232934 25 2515.0 36316.0 -11.400245018565748 -0.6952024583830408
30 38.00989483045669 165.77359714491703 0.8686528925953221 0.06201059631763608 -0.2892772450971721 25 958.0 1371.0 -7.842593636973781 -0.1482279661105546
31 781.4573126667296 166.874752351244 0.43274654484001557 -0.7671948617179869 -0.15196994418415408 25 2566.0 40008.0 -11.505367103849029 -0.6801103919597578
32 832.9017207521945 179.02543504878764 0.3174079465169732 -0.631621836571923 0.6721911639194609 25 1360.0 19138.0 -10.70474137561515 -0.36783875689737144
33 748.229665175243 185.30247022243088 0.8565067024540829 0.8616915540143426 0.2010712041411157 25 1028.0 3327.0 -8.805132002172055 -0.1980794369762497
34 779.0083505117949 189.55824495842091 0.41284515277858425 -0.28688302216567857 -0.600069169642253 25 2777.0 45721.0 -11.650289301559448 -0.64583957362092
35 768.8104043584502 195.2170841619963 0.3671428946867275 -0.3870398236278764 -0.123776116763771 25 2483.0 42436.0 -11.569336101845767 -0.5631966581552411
36 797.518044143229 199.24542508486502 0.43594599110234195 -0.4554271821349316 -0.6116010130902397 25 2330.0 41517.0 -11.54556491011898 -0.2353060205147016
37 791.576581369782 203.060034968094 0.4968057398282603 -0.705449089259308 0.29108752640540153 25 1153.0 14428.0 -10.398015334115813 -0.13719385533261733
38 160.4693383421167 232.1994474913421 0.47478005877408985 0.5309734550281013 -0.3024331431081889 25 3273.0 52090.0 -11.791885893581744 -0.8552516240795559
39 150.16996924386726 237.14410748432414 0.36837862547818667 -0.5155157333294955 0.784463060497991 25 3383.0 61814.0 -11.977717119524772 -0.7351774941473066
40 748.1014092287141 239.85257797844716 0.8664327386841584 -0.2865874472875024 -0.36665609373280567 25 798.0 1001.0 -7.501085193698297 -0.025291670985068335
41 397.54387189655745 241.5498700155364 0.5827142801292233 -0.6037542882780741 -0.5541597827827168 25 1490.0 19153.0 -10.705592021662758 -0.21451118813022152
42 388.7426809083135 246.30723963603205 0.4398051446388458 -0.5673454072309608 -0.32732486757445106 25 1446.0 22534.0 -10.882095724952682 -0.07674431705683149
43 235.05817638335972 257.05433190453897 1.2755764399746492 0.2098646106717317 0.07829920274779227 25 1152.0 1312.0 -7.794834587599103 -0.019101731314550164
44 572.616537499804 263.65300842131984 0.47676581087540476 -0.514166886966384 -0.7897391980253664 25 1925.0 32903.0 -11.293088743662727 -0.17238417962501915
45 796.0741402279548 265.7329449727975 0.6093882633881968 -0.3162204794252514 -0.35841017333614167 25 966.0 8973.0 -9.882344169377452 -0.09838645229199562
46 400.0156548852024 272.71313216914075 0.3708237360474195 -0.526636122019057 -0.4298241460059138 25 1577.0 27884.0 -11.113387685161173 -0.05085714237448859
47 616.9321713285401 273.11137227598334 0.37014390119363977 0.12050524699793845 -0.2713046590125264 25 2680.0 54445.0 -11.839895005357313 -0.13481114982258166
48 308.74319536018373 278.08484521744066 0.42006815639533146 -0.366917519960103 -0.24074925359541507 25 2652.0 49953.0 -11.746403938828509 -0.24021280898741937
49 741.8736359593179 276.1916791706886 0.4541222517782885 -0.819177095733244 -0.4843003393749776 25 1152.0 17360.0 -10.598874302101182 -0.02181486317774533
50 606.3340747401814 278.8738367504048 0.3927199497281603 -0.9943258529316249 -0.2326495004617479 25 1737.0 28743.0 -11.146330237213878 -0.34635748721305804
51 824.0334411149557 283.00778312454025 0.9926770219220423 0.6545240596093033 0.13646480345643192 25 1383.0 776.0 -7.2246543031454715 -0.5287896947390558
52 309.32016744564055 294.5639665245555 0.5169983469693779 -0.3513856610038672 -0.5145630441541329 25 1854.0 25916.0 -11.033919928183222 -0.4301637670791186
53 255.04572250943878 299.895699739425 0.8171901919362554 -0.034590700045416395 0.4191862358551809 25 902.0 1825.0 -8.153157171981233 -0.18458032872201544
54 283.76658584021885 310.7632086381811 0.7105634465875718 0.09603365529658263 0.09602226082282647 25 1311.0 4239.0 -9.068158541420551 -0.5619036748178371
55 621.8440975792278 325.8115377109923 0.575106896752118 -0.061401521161310056 -0.18548840289589572 25 816.0 3772.0 -8.941429210163227 -0.25816423133376337
56 463.90757861928813 329.1636517448937 1.3012466221471275 -0.2391765367696705 -0.40739439968287106 25 1524.0 1535.0 -7.965270949533013 -0.37366760811745003
57 725.694355915841 347.1955455486 0.4034706309971778 0.7277859205108749 -0.350749857505124 25 3368.0 56131.0 -11.873006948619434 -0.9275881957128264
58 764.0154871148767 348.01334516208374 0.34630344900427196 -0.1929427321257695 -0.7095791283021817 25 1207.0 18258.0 -10.653633006854527 -0.15908250997609946
59 714.4188263840564 353.5736816635308 0.42371538159820793 -0.5351482679565627 0.8573600049987534 25 3375.0 61876.0 -11.978805576964062 -0.6752418167371925
60 160.05541210590556 359.6448242316757 0.4562628289073959 -0.4280822290918962 -0.7368649264596475 25 1952.0 27117.0 -11.083104102781704 -0.5995230687788722
61 150.359712679208 363.8413335157365 0.45867829671969323 -0.9183524394759596 -0.1224643193162711 25 1905.0 28299.0 -11.129427722895961 -0.3940656031737885
62 156.53990222722788 363.30811436500755 0.4222300184856184 0.6284648679083434 0.6935644180446437 25 2218.0 36974.0 -11.419741092212906 -0.45222427468856025
63 722.0766341977327 369.58955124752646 0.3839733714317952 -0.8889859866888261 -0.19743331129398034 25 1543.0 25588.0 -11.020090855113814 -0.29268813918835784
64 52.205384893151795 372.078472219393 0.5963148154376783 -0.1284446053978001 0.04897056752406619 25 716.0 2666.0 -8.564650362694602 -0.17640683512577807
65 510.1497325387697 375.3917135521068 0.4839795052584396 -0.3732377127041659 0.18193248577899768 25 1301.0 7717.0 -9.718621250624883 -0.7740897691121058
66 155.6525627088632 381.8950250540848 0.5542934422731227 -0.8447453902103377 -0.9269083481603033 25 738.0 3352.0 -8.813260024895598 -0.17891789959777663
67 556.0668482034841 391.102355675373 0.8783090037407398 -0.7022757046539916 -0.2723713723871613 25 845.0 1351.0 -7.826638372555077 -0.03617642877808044
68 424.75280106159585 392.7170695533404 0.3523867213163092 0.730325280776235 -0.11668673386059733 25 3369.0 59920.0 -11.943929511728527 -0.7939980022204711
69 413.39867990756414 398.5168289955909 0.419402551790768 -0.3892132494561719 0.9401086632136889 25 3268.0 58467.0 -11.917277025816432 -0.7108790232717334
70 629.0035088935232 397.9957058532627 0.5304960380226756 -0.40305847196281624 -0.42841143197177856 25 1655.0 21962.0 -10.854179718021296 -0.3956209318939745
71 177.3786150829641 399.00446335424357 0.953275649637189 0.5986510433546989 -0.26693064280183865 25 834.0 98.0 -4.978065189231237 -0.003965147549964824
72 420.9880407308224 397.71405284624484 0.36799283970675956 0.8570400300402433 0.8282518509593142 25 3262.0 65106.0 -12.034052534662314 -0.3787073724313845
73 789.7349912389764 406.3537136677733 0.40884499728925083 -0.32388613127937044 -0.4307204732958461 25 2743.0 40571.0 -11.52053928097696 -0.873751986217789
74 779.0783076481518 412.0085717975624 0.36745192615897626 -0.9816482972674964 -0.21287118677639605 25 2607.0 44835.0 -11.629042935237406 -0.5700638203361433
75 785.872734277733 411.00859111193813 0.42073462588805466 0.9126748052056296 0.5666454616667763 25 2678.0 47220.0 -11.685314956856772 -0.5258825075104574
76 715.8284095376522 413.85663902452654 0.27759687124965055 -0.31254584031714516 -0.5930354158774119 25 1391.0 25214.0 -11.004104371244427 -0.023214483691646463
77 130.43184559463296 423.33797208843293 0.731410646002299 0.8612542638401708 0.0024032941743750012 25 2702.0 9363.0 -9.928537558462487 -1.3385035506125742
78 832.8597892538103 433.58694362094724 0.3524567770031289 0.010524205373339245 0.6697521313731449 25 2063.0 28515.0 -11.13768343980281 -0.8353035660541929
79 414.7237246202744 437.8212646870608 0.45915362209269983 -0.2335531951149101 -0.5975125290046701 25 1604.0 23333.0 -10.919926452608484 -0.24355176671449974
80 309.1656715160304 441.9647083738395 1.051865075847925 0.22307990259200403 -0.14435257752876487 25 1192.0 3043.0 -8.708254880895417 -0.2166292495236546
81 642.7695480609564 442.83096325049024 0.9120209618245623 0.35695962541189813 0.7553194990831169 25 792.0 -1234.0 nan -0.11275047135449076
82 737.0026425869831 444.8230611589502 0.8281470601485759 0.5971586287857916 -0.12018442410056826 25 812.0 563.0 -6.876270987128366 -0.07353345702905716
83 69.3063038393859 452.99827572824177 0.4906544221736086 -0.2926220600109846 -0.682643258948386 25 1507.0 21377.0 -10.824866893100594 -0.20787828121494129
84 192.6905005370205 453.7562249672001 0.6212838402016027 -0.5637697489617123 0.33536140074885984 25 2795.0 17986.0 -10.637336472693601 -1.3623671109081104
85 59.87197501012924 456.96856819657063 0.39924822234995866 -0.7615559314473854 -0.5651218698174771 25 1170.0 15834.0 -10.498976601509234 -0.13880493139357364
86 65.85135034756615 456.6593267766427 0.5537258152775932 0.3557559577656183 0.3036818992981802 25 1787.0 27910.0 -11.114399591221577 -0.15261579134623593
87 356.54491263086254 465.07481804922844 0.48138606626874964 -0.3094553191180568 -0.8745073221865736 25 2194.0 33127.0 -11.300455269267315 -0.5053339347917799
88 474.75979198497515 466.17170423490955 0.3785685424175962 0.7684096067017455 -0.7555553853080552 25 3435.0 61770.0 -11.976944003344235 -0.7990244272191981
89 750.7090329826178 466.94540505939614 0.40771183842594494 -0.19881167823733636 -0.5511799748497829 25 2137.0 30264.0 -11.20231582071172 -0.7008716844834728
90 739.6082488573327 472.2067441383038 0.4184652707917357 -0.5566808450810152 -0.27280799224380325 25 2236.0 35769.0 -11.38376699668549 -0.5661582298813976
91 288.95042084491 477.0780879486303 1.0350346383909284 0.15718582168478287 0.10968616162352605 25 1279.0 2281.0 -8.395313213191622 -0.30346462168787974
92 95.97039359022492 477.7662466315396 0.3985713726342277 0.6752235226053065 -0.6529660774521655 25 2215.0 22918.0 -10.900441787725448 -1.1337881904477138
93 668.1522923276967 489.14690767997354 0.435539190088614 -0.2186030390874334 -0.8538696248030541 25 2469.0 46032.0 -11.657649611365628 -0.27301176104205593
94 675.5355842961247 487.2156802907457 0.4013435317504341 0.20031522037433644 -0.7227158889914637 25 2263.0 32789.0 -11.289320429359872 -0.8062463521465404
95 167.71695733470506 493.34394341644384 1.126138877747602 -0.023338796865687576 -0.17306887919880673 25 1077.0 1111.0 -7.614285147352168 -0.11497110277398791
96 661.7981093644438 492.8366128990737 0.375139040540115 -0.8302820475025511 -0.11761375999131429 25 2528.0 41867.0 -11.55467960606591 -0.6433472584497341
97 668.9699869992456 491.98325965900455 0.4200008785882494 0.8380152374955844 0.20060597801236862 25 2404.0 43148.0 -11.587401675151597 -0.45420474963010277
98 251.7423146174581 505.4914377813855 0.4300217362150749 -0.5934414562028771 -0.8341412160397185 25 1632.0 24719.0 -10.982577243786038 -0.21498593913281422
99 341.61019502705904 508.95190937351117 0.4336149667039337 -0.31728226725121333 -0.6455108727443111 25 1742.0 29843.0 -11.187106197299553 -0.12102489299145243
100 354.55679065792185 509.44925619009587 0.5105581395461065 0.5658905077648184 -0.039629735489929145 25 2516.0 45722.0 -11.650313048291396 -0.2766110423757389
101 360.1697488835875 509.6839555593999 0.37865475527180187 -0.3994184103780072 -0.5246880885148936 25 2382.0 37543.0 -11.436322433592158 -0.6256316599031322
102 335.1447425243815 512.6749450184021 0.6063576940249278 -0.8563061838147394 -0.01877270690579399 25 1226.0 14600.0 -10.410882139461092 -0.06335438142703037
