test_CNN/outputs/tables/03133_a21779m0s0_sources.ecsv
# %ECSV 1.0
# ---
# datatype:
# - {name: id, datatype: int64}
# - {name: x_centroid, datatype: float64}
# - {name: y_centroid, datatype: float64}
# - {name: sharpness, datatype: float64}
# - {name: roundness1, datatype: float64}
# - {name: roundness2, datatype: float64}
# - {name: n_pixels, datatype: int64}
# - {name: peak, datatype: float64}
# - {name: flux, datatype: float64}
# - {name: mag, datatype: float64}
# - {name: daofind_mag, datatype: float64}
# meta: !!omap
# - {date: '2026-06-03 17:11:35 Eastern Daylight Time'}
# - version: {Python: 3.11.15, astropy: 7.2.0, bottleneck: 1.6.0, gwcs: 1.0.3, matplotlib: 3.10.9, numpy: 2.4.6, photutils: 3.0.0, scipy: 1.17.1,
#     skimage: 0.26.0}
# schema: astropy-2.0
id x_centroid y_centroid sharpness roundness1 roundness2 n_pixels peak flux mag daofind_mag
[from data line 103]
104 355.68193508998604 514.9115760318126 0.3851129856439693 0.29461267626830295 0.20544702007590676 25 2625.0 50350.0 -11.754998687224091 -0.3194549068538732
105 576.6661759690612 517.7963052119311 0.8290226939907668 0.8981851547156702 -0.031036465245890862 25 778.0 665.0 -7.057054113257761 -0.10794905650649936
106 253.28263877064103 522.8618560257495 0.8709596411262417 -0.13339714538823932 0.009276085763467749 25 885.0 2860.0 -8.640915082822607 -0.00943337897474235
107 319.98076795707743 522.8305185717948 1.0620426152394344 -0.26015768894601865 0.15337891776277496 25 1063.0 2399.0 -8.450075619919577 -0.008270282284809943
108 128.99371000138106 526.3088003137543 0.6617230951324559 -0.4623694645082871 -0.9273131164482782 25 2189.0 36387.0 -11.402365626932498 -0.041546433320168316
109 788.9576360197241 548.1070332318393 0.6961557416915988 0.2267968922025665 0.47584813625792005 25 972.0 1822.0 -8.15137093159245 -0.3706609473567301
110 51.15938883429719 552.8638577190125 0.4180237170461535 0.3495313061954475 -0.578358157568748 25 2951.0 57356.0 -11.896447140187474 -0.29376410660562213
111 56.76637410713904 551.8927393747007 0.44711896817533453 -0.10294163591044346 -0.5392036379447767 25 2736.0 41934.0 -11.55641572714367 -0.7043870519545975
112 36.22823923092058 555.1844865338272 0.3890048834069133 -0.12334082233954197 -0.5813527412762792 25 2580.0 48404.0 -11.712203130668229 -0.3150004153229423
113 160.48483854060203 554.9934533779148 0.7686605732066445 0.12170436410676268 -0.18515209374622993 25 1844.0 5123.0 -9.273810889690852 -0.9615317642031447
114 45.72334542723317 555.5310862218722 0.5564173318347213 -0.4640872693219643 -0.09794126647126454 25 2432.0 41434.0 -11.5433921542735 -0.32627340698048257
115 565.4219353041852 564.0003310885431 0.46745823456041186 -0.6224427112711008 -0.541449623639744 25 429.0 772.0 -7.21904325083934 -0.018273601619932578
116 239.27168205299648 566.9232360656135 0.5371238839288708 -0.46122623134984014 -0.5710833382150596 25 2420.0 33531.0 -11.31361626412721 -0.6557626390867605
117 228.2383243322534 571.4465061848382 0.4326220948862258 -0.7415552276729711 -0.04070944703555421 25 2236.0 35029.0 -11.36106934838409 -0.5533977484663083
118 567.0383254094238 573.9567063084562 1.3786456849295359 -0.10781267391825 0.1330341844546759 25 1548.0 1644.0 -8.039754533010079 -0.30642024159557957
119 352.90336996452834 594.9386264168213 0.7423457680762415 0.4352105554224636 0.48260733189094157 25 1333.0 4299.0 -9.083418612792517 -0.6099930062415173
120 288.7142660150502 600.324842214249 0.42512571892975753 0.15248452993410336 -0.697326340627662 25 2119.0 40226.0 -11.511267123169661 -0.054812631087652844
121 441.7215690503099 600.3548425972884 0.7969389733366624 0.12481343695528448 0.1536782474092056 25 1182.0 1917.0 -8.206555282195156 -0.4928108113363186
122 14.838239929574403 604.8542461223265 0.6304729930810533 -0.23311655769874948 0.8414743250431388 25 1151.0 4039.0 -9.015684632924971 -0.5631495790812574
123 424.6343216079066 604.6880098765927 0.5013494804711964 0.10874073803161984 0.6266985217546335 25 1012.0 7317.0 -9.660832637583482 -0.3194893294811979
124 525.3013507175273 610.9252990740929 0.9971476951723324 -0.01327506467252935 -0.6098379718164765 25 1203.0 2208.0 -8.359997672642903 -0.2672679992699029
125 187.75320170720164 612.1777758577053 0.5607947940805591 -0.5377615613126887 -0.001310410764653344 25 820.0 4402.0 -9.109125095543323 -0.08461205722943482
126 152.95105465371734 614.6067547609857 0.5187312437323068 -0.008738552060990836 -0.5909284986382799 25 1822.0 27738.0 -11.107687859554314 -0.17786659060716134
127 493.59756554530554 613.7993374264024 0.7197646203132192 -0.047379979542675706 -0.24154957458793236 25 2146.0 4838.0 -9.211664660064653 -1.197800359880276
128 723.1446139618172 618.05015916651 0.3640438266782619 -0.5413338409362165 -0.2681641587371335 25 1380.0 20162.0 -10.761334026016293 -0.2917267280844589
129 711.3412558454214 623.1918646449761 0.5706423178044603 -0.9602897911338633 -0.24137185682107146 25 1478.0 20343.0 -10.77103749774168 -0.16420555640226317
130 533.8485261497243 670.9073328507352 0.481982128821261 -0.13272701290607802 -0.31059311982832694 25 1758.0 28262.0 -11.128007230142781 -0.22371053119315396
131 587.119768419957 670.914828794935 1.280591947998067 0.17361970923247183 0.026948175231135595 25 1484.0 3086.0 -8.723489804317824 -0.23240117856623502
132 441.925879529617 679.1584459215063 0.9252300230056196 -0.5991404108083644 -0.213039055970971 25 1407.0 4259.0 -9.073269100184373 -0.44071987693533715
133 636.2557205933341 696.5872486923579 0.6336053527981571 -0.4381359332229107 -0.5902423848493676 25 1500.0 18244.0 -10.65280015892225 -0.26743970999941047
134 78.06235429911186 699.0189341350845 0.7289114842742603 -0.1936781113654307 -0.348286476194496 25 685.0 499.0 -6.745251364058475 -0.04127708522116895
135 148.2599687021698 706.7343953510651 0.4375892340221903 0.05236245729055366 -0.6253482013784369 25 2318.0 42618.0 -11.573982662639246 -0.1722176009292184
136 153.62879453208672 705.2670495151024 0.3472821030768362 -0.657567021595211 -0.5338277076405122 25 1846.0 26338.0 -11.051456983327746 -0.6152285784579468
137 139.3714872675426 710.0734162078785 0.5258305647042639 -0.4684787262344941 -0.8372569932146867 25 1335.0 17542.0 -10.61019776668097 -0.3122348006024336
138 89.48798569694505 713.4409046037871 0.4957386801171567 0.6545401303557609 0.7073910711741974 25 2783.0 50571.0 -11.759753853835562 -0.36631558478906456
139 95.73345173750099 714.6281678621551 0.49961046356281064 0.3844445199914499 -0.45034564906455354 25 2935.0 42797.0 -11.578533316860637 -0.9131535952709013
140 161.4798432398914 716.0374890632527 0.668451837963787 -0.6031151726636361 -0.4923630416002834 25 1245.0 3593.0 -8.888643043011623 -0.6296396471120658
141 268.19601430951906 717.1934951255172 0.898151496025612 0.3907945167574324 -0.0351823381993322 25 899.0 2224.0 -8.367836957275049 -0.0266929208058602
142 84.27677551636091 719.0461944560275 0.45784809425411943 -0.632545690429746 0.05212129145817518 25 3101.0 52436.0 -11.799073886979475 -0.6433134699855911
143 32.06465653009305 735.1564733719401 0.37459388114117714 0.4966593208011381 -0.8445100974527335 25 3351.0 59195.0 -11.930712562241617 -0.7794397705524471
144 20.416901805104455 740.5818246855167 0.4139116873252621 -0.6008233414837166 0.8059680289195839 25 3280.0 58499.0 -11.917871105453576 -0.7697843220492778
145 560.1121474970446 741.2899726234692 0.4694157212184608 -0.44956019273158776 -0.8977364768445495 25 1950.0 31555.0 -11.247670461276986 -0.27288164247764485
146 336.8353547752958 747.075247849147 0.708305287380749 0.08267183388267212 -0.04393496034471991 25 2810.0 9561.0 -9.951258295483488 -1.4404950122305253
147 445.21101504612665 750.3067907600026 0.478083527752826 -0.43440000547254043 -0.5199793689626321 25 1471.0 11814.0 -10.180992416304404 -0.8207080328343426
148 488.0745465754328 750.5656242790907 0.7909170792559956 0.035612902656752564 0.2863490397121717 25 1259.0 3087.0 -8.723841573705238 -0.5589668378366794
149 60.59567977219452 751.5421554213128 1.3826308882961535 0.09090521518917674 0.18359265607186137 25 1211.0 2913.0 -8.660851211569168 -0.012167708139955876
150 30.02146257976957 752.8845765262494 0.9327819086640657 0.022623010289215283 -0.08492473266560663 25 2226.0 9556.0 -9.9506903526946 -0.8965031919281697
151 42.002107498856454 755.2617446555761 0.6281298404291673 -0.7697804747015591 -0.15691736390239042 25 1168.0 7780.0 -9.727448992474223 -0.3938113671961451
152 676.9000836736617 760.1266350064703 0.8132598512388914 0.12593132742616076 0.32888636174005415 25 1589.0 2876.0 -8.646972204277112 -0.8272152127288145
153 734.7110852892642 780.4588718811262 0.6392507402083337 -0.10354733373031194 0.6356192656467409 25 726.0 2155.0 -8.333618186241875 -0.10983553628309303
154 511.60321820963253 782.1008142446497 0.6888601457124072 0.07761362707180808 0.061494123403713866 25 701.0 1641.0 -8.037771452632732 -0.09263468428159387
155 78.49249146867531 790.3910594107812 0.483213333117823 -0.19638111024922855 0.9176864237231461 25 574.0 2413.0 -8.456393304771964 -0.12354046853953174
156 700.2722218367715 809.4866390883006 0.41509675532216983 0.057787716285088 -0.5784813528500777 25 2570.0 49914.0 -11.745555936702917 -0.24189385386510964
157 705.788185609128 809.4197808027676 0.4246618468546688 0.03174598285513203 -0.7589146068489674 25 2871.0 42597.0 -11.573447534768297 -0.9616300206752206
158 304.2513365483952 812.3609276148015 0.5646128325649641 -0.6982495035752326 -0.639857139484741 25 1105.0 13777.0 -10.347886646017262 -0.019434282857219966
159 619.1750529549007 811.8419725340615 0.8737932775430137 -0.4352271282934993 0.07088195476311933 25 968.0 1732.0 -8.096369719203318 -0.19656615497784938
160 693.9132427338437 815.4949075122186 0.4977201689067598 -0.23706099589398627 0.16448252852884804 25 2657.0 41016.0 -11.532383261080856 -0.6635015325460085
161 669.6282415104603 816.2608002952243 0.4479307508010082 -0.44960725343485547 -0.9821494203912362 25 1947.0 29796.0 -11.185394914005473 -0.3486144525862166
162 506.37141040591865 822.1683392477432 0.592928784912754 -0.051339597204667 0.0004735606274533396 25 2486.0 9466.0 -9.940416250329937 -1.4368019198700177
163 89.46975213516001 827.7721210029915 0.4770088860567583 0.5596391115695261 -0.39327294867317075 25 3025.0 48812.0 -11.721316506498862 -0.8209896162711027
164 238.89519475892862 828.7350856742789 0.7427783847606544 -0.2920424291342792 -0.07676289720634297 25 951.0 3542.0 -8.87312139213514 -0.21167081025843232
165 73.9784186316739 832.4543396548561 0.2927154391521983 -0.37078161799378573 -0.4664115262380146 25 3135.0 49113.0 -11.727991158056177 -1.0391539511675194
166 209.80314854346602 833.5721422566113 0.2996224625769458 0.1559853936482976 -0.9616740267861695 25 784.0 9065.0 -9.893419521078819 -0.08071669785202733
167 734.2514207073036 833.6526308794354 0.6570005383038671 0.6791177702850589 0.30175893533780596 25 1331.0 2644.0 -8.555653627034006 -0.7888765090806078
168 524.058233220938 833.3219031345429 0.9125286672983619 0.29847979648067824 0.255581957218802 25 1436.0 4486.0 -9.129648173117372 -0.506116375397627
