test_CNN/outputs/tables/03131_a21775m0s0_sources.ecsv
# %ECSV 1.0
# ---
# datatype:
# - {name: id, datatype: int64}
# - {name: x_centroid, datatype: float64}
# - {name: y_centroid, datatype: float64}
# - {name: sharpness, datatype: float64}
# - {name: roundness1, datatype: float64}
# - {name: roundness2, datatype: float64}
# - {name: n_pixels, datatype: int64}
# - {name: peak, datatype: float64}
# - {name: flux, datatype: float64}
# - {name: mag, datatype: float64}
# - {name: daofind_mag, datatype: float64}
# meta: !!omap
# - {date: '2026-06-03 17:11:34 Eastern Daylight Time'}
# - version: {Python: 3.11.15, astropy: 7.2.0, bottleneck: 1.6.0, gwcs: 1.0.3, matplotlib: 3.10.9, numpy: 2.4.6, photutils: 3.0.0, scipy: 1.17.1,
#     skimage: 0.26.0}
# schema: astropy-2.0
id x_centroid y_centroid sharpness roundness1 roundness2 n_pixels peak flux mag daofind_mag
1 308.92470704046013 8.122122854590428 0.49774512934496556 -0.3413797837570969 -0.6752310542193549 25 2331.0 36165.0 -11.395721173582839 -0.4037614666702422
2 607.358553134898 8.266634870683017 0.4108907629894115 -0.33402797998447037 -0.6922325619076705 25 3087.0 51054.0 -11.770074435101067 -0.6216032581820138
3 301.3197215183463 12.075616250119918 0.40178869374229653 -0.6704070718590724 -0.26896206718309956 25 2463.0 42853.0 -11.579953077190591 -0.4346977874658271
4 598.7515632269593 13.236979501925099 0.37038017417105207 -0.591437205423075 0.005578762357676509 25 2395.0 40914.0 -11.529679852070691 -0.49966912487840803
5 53.295840236447155 17.25796272020106 0.6804515381156172 0.7530042783158112 -0.03469721885300337 25 850.0 3643.0 -8.903647928104789 -0.09095928682172959
6 823.2742073047195 25.601663504378255 0.33712316744868476 -0.3506667349837131 -0.9161111685210062 25 2550.0 48749.0 -11.719914278346069 -0.24325430627732647
7 532.6292961425322 34.706026966552166 0.3452041366999223 -0.8092637386184877 -0.6270234783081021 25 2524.0 48782.0 -11.720649004661276 -0.19536754728647765
8 798.7375008777973 72.12651709552213 0.37126744461146927 0.0011250237201056706 -0.3684886631266771 25 1193.0 17793.0 -10.625622946882494 -0.020763743933056314
9 472.69388685949866 76.3902416723307 0.44985437762501324 -0.5851017772953548 -0.9302747020950053 25 1605.0 24354.0 -10.966425754252322 -0.10396281242094914
10 452.76070824851394 89.8350339924087 0.42338842635454554 -0.48084177768152647 -0.7111754762674453 25 2185.0 37766.0 -11.442752472002537 -0.24323051467878432
11 832.4252014585021 108.23782699213164 0.27719776924155326 -0.09730295871475218 0.28512925187450033 25 1733.0 27704.0 -11.106356196353511 -0.4124115135319224
12 786.0298119605684 110.799285133996 0.46221532959515127 -0.2244915456763302 -0.010189094983255199 25 2857.0 47592.0 -11.69383488979227 -0.49340273663382345
13 727.6410038595038 139.33951249443925 0.6311079874286828 -0.7070610624709 -0.6623322008957122 25 1681.0 22975.0 -10.903138800145374 -0.14996771073360315
14 34.24864596981825 142.2716562227042 0.37326346107569075 -0.525359255888744 0.03082233971977025 25 3282.0 62386.0 -11.987717852214324 -0.4289242830500181
15 786.3375178671307 163.3168878731294 0.44492474834755064 -0.5127610339863047 -0.9708049574626317 25 2674.0 43577.0 -11.598143321298519 -0.5316825100068117
16 9.37939172268345 167.66846719818545 0.4619730108100449 -0.2194331818748509 0.847888543235835 25 1332.0 11344.0 -10.136915544597478 -0.5260822178218543
17 775.4753889274748 168.42530241230276 0.3856947875630145 -0.7681991035078216 -0.24082756501420743 25 2398.0 39747.0 -11.498260887033826 -0.5504160588221708
18 83.99172646909356 173.170216495502 0.8497410583531392 0.4234717163311507 0.07728423429474206 25 1639.0 3226.0 -8.771660907632358 -0.6811506362505602
19 830.7765211503705 178.1766584395414 0.37204016744105817 -0.6452296498193767 -0.3904550588674132 25 2118.0 35886.0 -11.387312631989378 -0.42875031149751186
20 782.1938729245959 181.70314348517093 0.39591804407853426 -0.982503565931051 -0.8292487725325098 25 1747.0 29103.0 -11.159844398262997 -0.1595791001006375
21 772.2056101395405 191.61908365547845 0.4268461645694329 -0.44458718552204524 -0.6904293388408161 25 2547.0 41722.0 -11.550912796854174 -0.47037348673061363
22 268.4974325769098 193.04378725688153 0.39516772038782944 -0.37651811346199915 -0.9081010762564515 25 1211.0 17284.0 -10.59411064409798 -0.12650982298695018
23 763.1861401983682 196.88659627501633 0.38240628792607917 -0.5712839389441183 -0.07588179540339567 25 2565.0 45083.0 -11.63503201999325 -0.46531140983883235
24 791.6612484888379 201.25056308852362 0.5952978263123216 -0.20815508734048518 -0.8329395043848321 25 2233.0 38112.0 -11.452654349506709 -0.07857450595393668
25 317.0620238295941 212.54798149223492 0.4295267715876461 -0.9109759593357637 -0.5062387470778433 25 1740.0 28955.0 -11.154308923173481 -0.079670943836353
26 158.36284963375272 234.4589776155875 0.4111543112447598 0.4559492000946205 -0.7249785869264026 25 3161.0 55582.0 -11.862335424713335 -0.6437796118817929
27 145.79122455098152 238.93261348025135 0.44465882262707535 -0.3345058217103558 0.4014854343834736 25 3256.0 58580.0 -11.91937341836395 -0.5714879009022864
28 233.91984354286942 245.18186866099992 0.344008148664048 -0.7123409324416218 -0.4317096362831374 25 1352.0 22499.0 -10.88040803926361 -0.08624988638247863
29 299.98965771054185 297.61078824237114 0.45618845197340807 -0.40311937287188954 -0.9615944607235015 25 3012.0 55531.0 -11.861338735751087 -0.3032166056505491
30 230.15739972949768 317.2201993840661 0.6310022118491652 -0.39186591912639895 0.7710580102911064 25 1226.0 7231.0 -9.647995903834694 -0.32833356120523716
31 719.1006329374455 350.0283403275873 0.4549090246188044 0.6628917638496646 -0.5132763121305328 25 3397.0 59361.0 -11.93375302122762 -0.6267849649286682
32 752.8243644135696 351.50933354613437 0.38891067760468107 -0.8902295179455945 -0.7665945988616544 25 2163.0 35697.0 -11.38157929811019 -0.46149488536730543
33 707.4646883323938 356.07143548839514 0.42040240216542696 0.06913113381137705 0.48984011555349694 25 3126.0 56009.0 -11.870644546813839 -0.5131914357163792
34 38.430589490149245 373.2463338144897 0.8139408557675986 -0.5055320185860791 0.326376859834105 25 973.0 1089.0 -7.592569699389438 -0.19559595535095023
35 602.6860800921189 375.48491125590306 0.9263020662313151 -0.48078837129094454 0.010794559765610104 25 1182.0 1995.0 -8.249857250056918 -0.2792354163029771
36 421.32285500187334 395.4107730255229 0.39236594535768204 0.5577025265427364 -0.7022774779495567 25 3326.0 59606.0 -11.938224946151658 -0.6924436637527027
37 407.86068559074306 400.6299343206389 0.45945191012790715 -0.23612100864898472 0.3921935465680711 25 3195.0 55549.0 -11.861690612810083 -0.5559154094884754
38 621.9420194185219 400.608588514543 0.42908669672254746 -0.9129032199063103 -0.9377438131975504 25 1776.0 26772.0 -11.069202040828657 -0.23538655604441333
39 781.7268494945492 409.2327763280794 0.40176126213094093 -0.31914558911425567 -0.9148796741347702 25 2595.0 41927.0 -11.55623447117365 -0.5991791360988671
40 694.0767533708571 412.87726599363236 0.8901886668869238 -0.32425028846075876 0.0214894827180079 25 1422.0 3619.0 -8.896471457770499 -0.48719261308646744
41 522.9278655449477 413.85818949009064 0.6637610385819941 0.13942069553582465 0.5438558557785431 25 1001.0 2407.0 -8.453690225687575 -0.46100280206356303
42 710.0658935432243 416.2652532544976 0.37483212298043284 -0.3600318228449383 -0.8435410852459679 25 1460.0 24551.0 -10.975172965754092 -0.019199227573608327
43 294.6194687144399 425.32437735545443 0.374242178801421 -0.9692576105474219 -0.7839781179473986 25 1440.0 23985.0 -10.94984930700479 -0.06044115450247443
44 607.8344900020982 434.21397754119533 0.8524988744156882 0.043550842730145825 0.1862236862325423 25 1114.0 3850.0 -8.96365182377125 -0.2354536191605983
45 830.0465153670847 435.03169607929556 0.29423264720775427 -0.9856880379134586 -0.7182062621786042 25 1533.0 26740.0 -11.067903507314913 -0.10744676022182029
46 403.00324064115915 441.4732773029386 0.38046502012303646 -0.6555439801695682 -0.03229876179529159 25 2334.0 33744.0 -11.320491405988529 -0.7995812413840214
47 778.5304899593841 440.48956268499893 0.38498994666392844 -0.8144836090108286 0.3980380229767387 25 1272.0 21369.0 -10.82446049766058 -0.01011354786676479
48 204.63231353881977 441.76591584250286 0.8324792691123702 0.6713882654277843 -0.1904619571339067 25 913.0 2194.0 -8.35309155809673 -0.037692455217503064
49 802.9692142937787 452.3533747308136 0.6708853633334048 0.5868186496175846 0.28829575532084417 25 1596.0 5576.0 -9.365806912724882 -0.8271753180879005
50 63.66295208214775 455.9119717906778 0.3362200584662547 -0.4448013247412565 -0.8417004974965668 25 1311.0 20444.0 -10.776414680707997 -0.1984448916242892
51 350.7887683533441 468.2521786485052 0.4971393572694562 -0.7844093032816373 -0.7154587465728698 25 1899.0 29890.0 -11.188814787598202 -0.22929662251232966
52 468.55631902981935 469.3156948848649 0.41736591304182713 0.6669213999801009 -0.8219256408355029 25 3514.0 63868.0 -12.013208291547171 -0.6259098275091247
53 195.0697835273901 468.3106214774233 0.5386973862510186 0.19731911689748136 0.3006409503479201 25 665.0 1176.0 -7.6760183043503 -0.17669072272364558
54 341.3571964124619 472.60844311878157 0.4491775185528758 -0.7775447294708036 -0.33767170652975814 25 1908.0 31291.0 -11.238548606454666 -0.13425396762930428
55 458.02648525898917 475.04561006223935 0.45417840350345423 -0.730187449939192 0.4753673012668057 25 3283.0 60171.0 -11.948468073056588 -0.5979683096183123
56 733.9215684900239 474.965844461788 0.4593210732632539 -0.9424775438745422 -0.4310859409133101 25 2325.0 40537.0 -11.519629012369077 -0.2943162050741737
57 465.9976025149075 476.25076218659444 0.3841997678158945 0.7117250861061782 0.8001357471320203 25 3559.0 72853.0 -12.156118600512782 -0.19562936489063398
58 665.2674864985592 490.45645301436036 0.454358674230391 -0.31138099721371165 -0.9026589972394794 25 2670.0 43222.0 -11.589262147510322 -0.5107988158532598
59 655.77678356306 495.943470979403 0.4042857188977941 -0.8406204805742541 -0.3265952989415207 25 2144.0 36123.0 -11.394459527784612 -0.3185287298637076
60 353.6659640152012 512.7544114689047 0.4136431236196856 -0.3073416164758998 -0.7112267917542613 25 2402.0 38139.0 -11.453423254275265 -0.5187521243354176
61 277.9034500662047 520.0913101708883 0.6823309173978725 0.12265622010087367 -0.12408325074149683 25 1373.0 7577.0 -9.698743218123571 -0.5020194879114745
62 124.18370278763946 529.2882472140141 0.37700134521473294 -0.5896711515296479 -0.7021810099707532 25 2073.0 36731.0 -11.412581880390189 -0.2702280564801426
63 72.82202692208737 541.2899732626283 0.9671007931482568 -0.40459222116678356 0.03172199390672638 25 1134.0 3716.0 -8.925189263304011 -0.0646048295959196
64 41.61868033927528 559.1235095874767 0.43935681249647324 -0.4683717382018617 -0.7207468074339995 25 2833.0 54454.0 -11.840074467535386 -0.2245677894856838
65 525.3242536636877 563.26062353085 1.0281980916820317 -0.753121233026594 -0.2913584006675005 25 1601.0 2208.0 -8.359997672642903 -0.5401903976029375
66 232.54419128396526 570.3177020865455 0.508246989411738 -0.5071735499730597 -0.8673876115860695 25 2424.0 36127.0 -11.394579747710523 -0.5395577405340375
67 223.27325118647545 574.8524479844717 0.49670244627455934 -0.9309272929253254 -0.29469108542576944 25 2411.0 38742.0 -11.470455091973708 -0.34271904949225657
68 398.1176305857575 574.9771028842478 0.45094277019250645 -0.48500531234082767 0.7040577966033569 25 1086.0 6925.0 -9.601049444341216 -0.45672627526243986
69 447.73422039298663 605.031469914072 0.8030142398809503 -0.20050628195417683 -0.22446234261383627 25 1701.0 5151.0 -9.279728874701448 -0.7297997922177692
70 277.87180916786576 606.6254007037736 0.4697677795885009 -0.9035044788078241 -0.26788044581342346 25 1569.0 24590.0 -10.976896321846791 -0.12421840826545938
71 478.6125652074598 608.4654152865872 0.9155947378915148 0.8706058280207282 0.13384442170691066 25 1502.0 7017.0 -9.61537869132204 -0.3978034098432256
72 284.7271348263657 623.0625221571561 0.38029847981326714 -0.3467487487944071 -0.28968313832937925 25 1402.0 23798.0 -10.941351150470988 -0.013498455373347035
73 739.2352628241433 625.9089007559534 0.9562648027217077 -0.6918955144680136 0.050122943552023715 25 1424.0 3380.0 -8.822291750694136 -0.44883964207196714
74 377.2178721359935 641.8580741647233 1.1941042969837603 -0.0998785837749667 -0.04531604346466001 25 1709.0 3950.0 -8.99149273906615 -0.3924088118153811
75 702.8214050870607 658.1445156097336 1.0949246908132113 0.28105565700337976 0.39741128739741904 25 1348.0 2711.0 -8.582823793951214 -0.19634553461593596
76 649.2411799550218 684.8753817156894 0.5874976852672922 -0.8129572382137664 -0.997790377957721 25 1521.0 22446.0 -10.877847396454621 -0.04315537253134404
77 719.2564986521496 708.9247135774882 0.9347358519947236 0.16629755013289363 -0.4256957872894754 25 1392.0 3638.0 -8.902156736818661 -0.41738067554823066
78 136.961677831952 713.6182700916542 0.326480513243106 -0.950071423324258 -0.46268267305121313 25 1552.0 28193.0 -11.125353228356172 -0.023541262600467083
79 78.43973653052942 723.2714169280506 0.48528492892055586 -0.4671867385363783 0.12273853103670121 25 2751.0 45837.0 -11.653040464038757 -0.5024152585223589
80 630.9100742499428 726.1896368261666 1.022143472036072 0.13217692595344188 -0.03870436065539903 25 937.0 216.0 -5.836134377877327 -0.018799516599916213
81 1.2640974303018753 736.9078528369458 0.4021351534610628 0.1422725680243131 0.5675551992017305 25 2114.0 29836.0 -11.18685149619973 -0.5825324954919523
82 26.381799738419872 740.0129871745686 0.37898619522222315 0.6767262842890747 -0.7260489218758104 25 3400.0 61049.0 -11.964196386179779 -0.6986289332884371
83 14.563753503577496 744.8087486011034 0.417439812624575 -0.28274687938098997 0.6863677704745913 25 3247.0 58155.0 -11.911467650157228 -0.5913794350938879
84 608.1306720830003 743.9558970940988 1.230500427663371 0.7809049538596081 0.325452852242352 25 1172.0 362.0 -6.396771426332915 -0.0426269512887072
85 553.7987379359038 745.2039042534643 0.5142394040424744 -0.14545810032677772 -0.7975787705122107 25 1800.0 29979.0 -11.192042855326253 -0.04123481179684038
86 22.90645294461388 745.7315361299588 0.393996745957903 0.8914683482095238 0.9520220532893926 25 3281.0 63400.0 -12.005223144704331 -0.35429993484220745
87 261.50729116968085 751.184461433291 0.5660324283954993 -0.6523414691260228 -0.5764763072729645 25 1096.0 4314.0 -9.087200351916316 -0.5429006174260814
88 792.0064744784875 778.2782614167339 0.8341415978101913 0.049412598748105094 0.2600647007530805 25 2030.0 4637.0 -9.16559273973951 -0.9342588915264333
89 179.9603833236115 792.303133839044 0.8357510668588882 -0.19664545988559975 0.1597806710849349 25 1153.0 4289.0 -9.080890115597683 -0.17684160538118215
90 639.5548602489667 806.0416742634608 1.2362590168892649 0.3043054856399562 -0.26617440145761595 25 1314.0 3389.0 -8.825178922093444 -0.06355639965705379
91 693.1456728483159 815.5689733776298 0.39424437490833725 -0.3701544069552445 -0.8219792366830192 25 3069.0 60258.0 -11.950036782690418 -0.2243154643355649
92 697.5737779102291 814.2463335224493 0.3219841545503605 -0.29367046900354055 -0.843369939724885 25 3047.0 55757.0 -11.865748496364773 -0.5042026416867676
93 686.3000282207887 819.8651880409747 0.32835814924271406 -0.5359383241188681 0.01810315721237659 25 2670.0 47564.0 -11.693195926098745 -0.4701595260323376
