test_CNN/outputs/tables/03134_a21781m0s0_sources.ecsv
# %ECSV 1.0
# ---
# datatype:
# - {name: id, datatype: int64}
# - {name: x_centroid, datatype: float64}
# - {name: y_centroid, datatype: float64}
# - {name: sharpness, datatype: float64}
# - {name: roundness1, datatype: float64}
# - {name: roundness2, datatype: float64}
# - {name: n_pixels, datatype: int64}
# - {name: peak, datatype: float64}
# - {name: flux, datatype: float64}
# - {name: mag, datatype: float64}
# - {name: daofind_mag, datatype: float64}
# meta: !!omap
# - {date: '2026-06-03 17:11:35 Eastern Daylight Time'}
# - version: {Python: 3.11.15, astropy: 7.2.0, bottleneck: 1.6.0, gwcs: 1.0.3, matplotlib: 3.10.9, numpy: 2.4.6, photutils: 3.0.0, scipy: 1.17.1,
#     skimage: 0.26.0}
# schema: astropy-2.0
id x_centroid y_centroid sharpness roundness1 roundness2 n_pixels peak flux mag daofind_mag
1 400.4196479093944 3.1670471170576118 0.412531155014572 -0.7397017359591822 -0.29013395361896843 25 1092.0 13507.0 -10.326397249660035 -0.029029958539384865
2 309.3861352427307 5.9629895143346285 0.449672271425543 -0.326901015358875 -0.5366702380681345 25 2263.0 37401.0 -11.432208035492907 -0.2476012209932685
3 608.2859150163247 5.8651040077863135 0.41752138654175713 -0.15244242982676798 -0.3951484353690742 25 2500.0 42642.0 -11.57459391456518 -0.37953880579360433
4 303.66141214637446 9.387956357947846 0.3966946706201025 -0.41817257995441626 -0.39847461156718805 25 2333.0 40518.0 -11.519120000259566 -0.29589414359418387
5 601.5502552275743 10.141530239944531 0.3825702115962425 -0.36357085115403515 0.01700714628115186 25 2814.0 53013.0 -11.810955954000324 -0.2875356198057447
6 533.3714034320525 32.233739819858535 0.4356975232636185 -0.5754444681962805 -0.641218850522702 25 2446.0 46610.0 -11.671197757331464 -0.024525677573882812
7 350.78435617145306 32.707459922602375 0.4278266080807793 -0.5948766512946517 -0.6068634209727083 25 2021.0 31482.0 -11.245155786454957 -0.33086915825117835
8 344.83046621694336 36.35515266753166 0.4049927924244523 -0.7578438097380916 -0.4974863455430223 25 1920.0 32039.0 -11.264197381103891 -0.2107360831554984
9 17.419927789907007 55.69367293059882 0.4377513976132005 -0.2842311915770455 -0.18053258388451698 25 1029.0 10623.0 -10.065617953694435 -0.06580586344726115
10 189.52786478612728 75.28228584450595 0.43261133351791164 -0.9113370517514598 -0.47967405501587845 25 1770.0 28406.0 -11.13352520677896 -0.15867656516889933
11 471.1553037896282 75.3786158419735 0.3862424875036187 -0.7055731324014014 -0.653046392377423 25 2298.0 43233.0 -11.58953843224381 -0.17470508944152643
12 181.6213888029694 78.27579618832716 0.3726308140151728 -0.8062217749420096 -0.8753539199883397 25 1965.0 36408.0 -11.402992056245843 -0.09240329869922258
13 453.5908296412596 87.59287908690297 0.4409849883648387 -0.8273312184379379 -0.45797884059802274 25 2135.0 37853.0 -11.445250761889767 -0.1066300112006169
14 124.8277018073438 89.65851112506887 0.45081751168937095 0.9842479553530287 -0.0561462691881539 25 2853.0 54184.0 -11.834677656495762 -0.23325967651482077
15 114.51017738505892 94.48355319240952 0.4254047701681849 0.9318998404747577 0.6077307178676963 25 2953.0 57001.0 -11.889706187017735 -0.2171433628313566
16 167.51450161517252 101.37254706785222 0.5491006840997924 -0.5751534905851897 -0.3135111248324365 25 1098.0 4571.0 -9.150028053223327 -0.5423175882458384
17 796.8914796516323 101.85798693066121 0.42950739604293114 0.13099509532017248 -0.43464961694603105 25 2595.0 44670.0 -11.625039881179598 -0.3753548113116294
18 832.9628349062947 106.33317447260511 0.31276830242345466 -0.24685773391021187 0.9437054171022834 25 1532.0 21690.0 -10.840648880035484 -0.47157869321688417
19 788.9118636045876 106.93527675828062 0.39131137424534596 -0.09706084839601742 0.14066920114774759 25 2694.0 47626.0 -11.694610269080446 -0.48616278920771305
20 43.50644964906043 135.62720413791087 0.42228763944924896 -0.10143206364133105 -0.5399804713206795 25 2565.0 43967.0 -11.607817083545823 -0.4257751009813405
21 36.999751188580206 139.29809536152194 0.4042015713107451 -0.2672588916505111 -0.0015436702591979739 25 2791.0 51098.0 -11.771009754937463 -0.42181604734420464
22 280.9995344710986 143.75680490592885 0.4169302169885153 -0.759138187055121 -0.03854630632293638 25 2403.0 43002.0 -11.58372163713296 -0.27237737509143906
23 27.830756577797047 158.01176525378813 0.8917503350320622 -0.17262245973925652 -0.08544579640314197 25 1382.0 2007.0 -8.256368431218714 -0.5322064257248367
24 788.4406157658946 159.7158396728651 0.49911342949786863 -0.45462804065369067 -0.8275460063504816 25 2203.0 33040.0 -11.297600096620862 -0.3623845150613
25 778.8561770650118 164.5079144506396 0.33284145696103745 -0.8547896490844124 -0.3142061574785439 25 2247.0 39016.0 -11.478106856458774 -0.397180088971708
26 832.6420546401292 174.7461621668155 0.3902559315176813 -0.3392041665126546 0.40601049723992283 25 2016.0 27444.0 -11.096118526635934 -0.6393747196691957
27 773.7552113978217 187.91783861128522 0.4533830803041906 -0.48906900153637084 -0.6179856189652179 25 1990.0 28553.0 -11.13912936332838 -0.4908667866946714
28 263.5319847201504 191.64525305981448 0.4534464575890188 -0.9929295351222125 -0.6602603164246665 25 2013.0 34992.0 -11.359921914233905 -0.07121855025674204
29 766.4359867233134 192.86659884827702 0.46288173146224076 -0.6891150923928628 -0.24228382754191313 25 2614.0 43976.0 -11.608039309894185 -0.4053122221691081
30 222.3661143991608 195.30911567631472 0.48195346683367923 -0.5389181535560684 -0.25806841855104323 25 1260.0 13401.0 -10.317843017978753 -0.454307107500784
31 157.12846915758794 230.99411770118797 0.39530947958063634 0.38931735210151114 -0.26217602198236933 25 2772.0 46860.0 -11.67700571065236 -0.5721688284666373
32 148.7413551516326 235.49919749798138 0.4283475538837803 -0.6194561956026784 0.5474786413097186 25 2934.0 52785.0 -11.806276314727182 -0.5240743052833365
33 346.48767986048904 245.27561836970565 0.6249871174341299 -0.6278217133933668 -0.730751393664232 25 1769.0 24301.0 -10.964060363578707 -0.12550576845583017
34 283.6791839938807 256.88008071006067 0.7032431677436999 0.01174155523347049 0.13481228895865519 25 632.0 -959.0 nan -0.0802125435853539
35 636.9782623936799 261.02928058307947 1.0290306151082032 -0.5118244221484216 0.04913595051591813 25 1579.0 2644.0 -8.555653627034006 -0.510476263359916
36 568.906767001436 262.6015025247462 0.29934114924427435 -0.8846894015351349 -0.43153657053907146 25 1697.0 29563.0 -11.176871258452465 -0.19338505011206059
37 396.19884348234405 271.44564476656274 0.31273474687048713 -0.7161991810719261 -0.46679662941273015 25 1500.0 23369.0 -10.921600321441215 -0.40037897745533124
38 256.51849546892504 273.94593075534084 0.9604878545771207 -0.7136939502042197 -0.8420346144751202 25 931.0 472.0 -6.68485499658522 -0.05936855075819464
39 305.76567044848576 276.78277935016547 0.3738405638242967 -0.5139239894167026 -0.5831616369348205 25 2532.0 49550.0 -11.737609147053236 -0.030866482192801158
40 637.0316121886931 283.968542698357 1.1118483859936672 -0.7722500479258654 -0.1836089602488226 25 1139.0 -276.0 nan -0.1493696387549372
41 755.9005900024858 324.7042318456051 1.0914109412474846 -0.04518881582271405 0.36737578387151976 25 1118.0 57.0 -4.389687139181229 -0.17428803295370554
42 515.0594365649418 328.19462545409027 0.8608928509839857 0.12181218207950059 0.41732041306282275 25 1387.0 2081.0 -8.295680200529068 -0.519343944666671
43 142.65707617479504 337.1899596951751 0.637031412736108 -0.1839384472416356 0.13071775788455722 25 838.0 1036.0 -7.538399388523036 -0.2906592750110366
44 720.8661672522095 345.29491890086797 0.40934587185178883 0.480924499082018 -0.6432707441317386 25 3058.0 53243.0 -11.815656295009001 -0.5835297335540581
45 754.4735539447937 348.2141588469134 0.4667250390926416 -0.8808928797166281 -0.26846067836829673 25 2183.0 37030.0 -11.421384280123606 -0.25536687367050426
46 711.9124369160536 351.1301766917513 0.43403688624578485 -0.7899209950158474 0.5364180257601067 25 2978.0 54129.0 -11.833575009603992 -0.6090400636790995
47 719.1318132225374 354.7736558680229 0.3691854786950231 0.7508504081186764 0.8039873901012757 25 2857.0 57049.0 -11.890620090409325 -0.13816140431649868
48 156.01434920295142 358.55113121895005 0.5416072072688085 -0.8516350091436207 -0.7427830540935485 25 1986.0 27674.0 -11.105179841507574 -0.3556711304613794
49 150.20485540775582 362.10731171076486 0.39663876372567203 -0.9134041556255074 -0.5922720396292267 25 2058.0 34447.0 -11.342878512620844 -0.3312081341670661
50 743.6815843806739 381.1108751616034 0.8747872319839795 -0.19842750319457125 -0.16382286862568485 25 1407.0 2110.0 -8.310706138244232 -0.5652279916023968
51 450.59327666672544 386.74144319498737 0.7047356303253536 -0.3624779261992691 -0.0733308325522085 25 830.0 2370.0 -8.43687086502526 -0.04066036496897603
52 420.7660861548905 391.0924330614257 0.40017836865797807 0.5961259853682249 -0.37849883355069475 25 3061.0 51835.0 -11.786557757178711 -0.6831821791523927
53 308.6924424586141 391.86552261321356 1.3559493543425973 -0.8010049148867481 -0.4350614322816177 25 1547.0 2028.0 -8.267669876653246 -0.19520319228757912
54 410.99284899360055 396.2994765899147 0.42092245255022137 0.0011371591983696245 0.4060093053834106 25 2775.0 46774.0 -11.675011278290924 -0.5988517298514776
55 784.3847415233535 404.8554328854031 0.507133457241225 -0.45829432629060723 -0.5395211795516602 25 2444.0 35973.0 -11.389941644248573 -0.526287918072112
56 777.2208399040278 409.6794314204082 0.4197209740093845 -0.7522435376247179 -0.21985589966739516 25 2487.0 43966.0 -11.607792388921398 -0.37788268229118327
57 708.6142549061486 415.03680618256953 0.40083876477803215 -0.6172350462376751 -0.7091829796088363 25 1000.0 14262.0 -10.385451080279559 -0.02544148820023334
58 75.12038222088172 423.1445999924716 0.909122865884413 -0.08056845694263269 -0.026246151903262196 25 1246.0 1875.0 -8.182503180159344 -0.3621058769271349
59 832.4805082731796 430.53867374818344 0.40331502652932116 -0.5600287055907985 -0.09452610610192946 25 1625.0 22129.0 -10.862404471974205 -0.3188360456356023
60 784.7872085482388 434.3076428272273 0.3890011285688751 -0.5033590880163796 -0.26038501054091634 25 1663.0 28958.0 -11.154421409441408 -0.06042519520053267
61 406.62287307343416 438.1416863383286 0.4171583812991873 -0.7322975907901302 -0.40138049100311685 25 2417.0 43000.0 -11.583671138948965 -0.38957171554757875
62 470.85836457586333 464.68466364835575 0.44506172281916123 0.289670273476935 -0.6391384896777427 25 2943.0 49642.0 -11.739623175593447 -0.631201289310998
63 352.26738429631746 463.92333143910867 0.4199357997202076 -0.43640930037448217 -0.6061335260371391 25 2405.0 40184.0 -11.510132912878731 -0.3867158717632643
64 744.9204572005634 465.2080344948664 0.4666291211302192 -0.7534105496785172 -0.8249400027767159 25 2209.0 32419.0 -11.2769990360607 -0.47715766751094313
65 616.8167861092996 465.9811067143408 1.2142372951856906 0.5422659985748192 0.2518273472943611 25 1194.0 -772.0 nan -0.19437105272553917
66 345.986077186832 467.75325072160774 0.38444325560810266 -0.6717077508403712 -0.4683410567076106 25 2233.0 37252.0 -11.427873985707208 -0.5356929336503748
67 460.61930375677906 470.2853977118858 0.4370305377521675 -0.41284197420585983 0.7229852436639305 25 3048.0 53712.0 -11.825178309759842 -0.6111420654335951
68 737.9557144795539 469.9150100501078 0.39723097905350213 -0.767581450668812 -0.5222660375721203 25 2246.0 37715.0 -11.441285280129907 -0.37939472292997906
69 468.61146970591693 471.9471162640235 0.3565528431352902 0.33603383756567967 0.9427460217850504 25 3040.0 60733.0 -11.958561835741788 -0.1927819363635711
70 668.0086420663712 485.8089552693181 0.426236165899544 -0.560736831698411 -0.6238250656970781 25 2424.0 37935.0 -11.447600221000215 -0.4981318750413258
71 482.31443731824356 488.6938992512986 0.9139343084827931 0.004531399468388563 -0.08234717147076376 25 912.0 441.0 -6.611096473669597 -0.07821606957911037
72 657.5655299592283 490.79628893254693 0.3644877119005671 -0.6728839068724808 -0.5406917735944928 25 2148.0 38724.0 -11.469950528628825 -0.30376878406367913
73 27.64924177508149 491.6736821226051 0.986340723791331 0.4704589763805653 0.4665538599462504 25 1173.0 5912.0 -9.429336063466923 -0.09952910363001888
74 266.31097878073496 495.51546389040345 0.47269721038637813 0.16070837939773705 0.0604586982108266 25 420.0 42.0 -4.058123225994751 -0.04391399417006099
75 355.30045855317064 508.5420193651094 0.39740779423318645 -0.4639701456139068 -0.6487482672301764 25 2196.0 36996.0 -11.420386926935333 -0.2512301015905814
76 175.85335782881583 508.59398218100074 0.6596200556125262 0.17856256195309098 0.06500960543964118 25 1933.0 4999.0 -9.247207841881476 -1.064477755980488
77 126.2310467511303 525.2535967245609 0.409394384310536 -0.35025931560896656 -0.7123480887453975 25 1758.0 29749.0 -11.183680929213427 -0.1460263682556127
78 690.8826122994755 525.9516094422909 1.1050084109288039 -0.3259656624601958 0.3743279312727561 25 1371.0 2069.0 -8.289401226664337 -0.27210963312107805
79 52.7562649750593 551.0103472665317 0.43600907070776707 -0.1605898737092405 -0.5224751715927686 25 2600.0 43799.0 -11.603660487479445 -0.3661115582143901
80 46.2218095791234 554.3013976408624 0.3531534134100517 -0.7970426696813019 -0.7603464254727654 25 2767.0 52973.0 -11.810136422170604 -0.3580200115923352
81 234.95528582733775 565.6945854668777 0.5160375601742165 -0.5500081355197173 -0.6616761506433543 25 2211.0 32153.0 -11.268053751289154 -0.40884466306359335
82 227.6658092190196 569.6106428238193 0.39232166532673907 -0.7283200599638209 -0.4570636577386652 25 2377.0 41929.0 -11.556286261681423 -0.3354370023498593
83 349.1583687524071 579.7248476225412 0.9904383159077068 0.44781390475825855 0.37187976507571574 25 1158.0 1682.0 -8.064564978654733 -0.21209428140067288
84 833.6729512835807 591.0149310168281 1.0688233902927537 0.11083469495938633 0.06524453747719121 25 1863.0 4494.0 -9.131582670207775 -0.5939302837676443
85 746.1093383082838 592.7686785048595 0.9140324692292614 0.17068140516784958 0.1432682680702492 25 1276.0 3714.0 -8.924604748509404 -0.3039867980740916
86 41.98811008904668 596.9840634258607 1.1096045059509205 -0.5006852335058197 -0.0377300675470079 25 1053.0 -691.0 nan -0.07888863908637121
87 493.27498617278684 598.9307069696378 0.7323253636174244 0.7475555030328611 0.4286971296645499 25 957.0 3494.0 -8.85830725161728 -0.15173297980357167
88 594.805234905396 599.8618528014292 1.021898114217428 -0.5242267074734464 0.1173320910138313 25 1110.0 1730.0 -8.09511525782199 -0.1822095252811774
89 307.06546857227113 609.569661193029 0.3196152670375147 0.5502506670958581 0.11518811519041977 25 762.0 5351.0 -9.321087377435637 -0.4307246742785726
90 717.212280243158 616.3860236739237 0.32603445108210244 -0.6132031908737391 -0.7214876902836652 25 1478.0 23143.0 -10.911049138375589 -0.02383381170780893
91 162.14406795018436 625.5364775721032 0.49021430167849034 -0.6197098333095667 -0.4819105034329012 25 1778.0 26785.0 -11.069729126772197 -0.17961813286525938
92 741.1745505539187 630.5965299762444 0.79120021717141 0.001842555304621545 0.02785742819969217 25 1265.0 2956.0 -8.67676107430697 -0.4403738901434028
93 526.9868753801572 640.3398043318936 0.7237429071528358 0.12410359554432716 0.15858210843526474 25 989.0 5344.0 -9.319666123668723 -0.17258454399023124
94 349.0768647626831 690.552831415602 1.159494507607545 -0.5342925269140189 0.06143367199940164 25 1669.0 7254.0 -9.651443878111039 -0.2743012888097632
95 683.6125361083015 698.6380503256403 0.6064430754052316 -0.7620788946570031 -0.5969051831271 25 1697.0 24950.0 -10.992676374898522 -0.06826703570388168
96 536.9298985616608 699.9313430287986 0.8831283849151367 0.47381883789737883 -0.1187072389915336 25 986.0 3300.0 -8.796284849694718 -0.0498062591565717
97 148.69854331325473 704.3835153078427 0.31448291304466974 -0.8266421306826405 -0.9114087602876526 25 1682.0 28104.0 -11.121920341959923 -0.23870148126094914
98 142.2804866116961 707.9207416721309 0.3639900743022109 -0.8233177742154049 -0.5892387487736629 25 1814.0 30872.0 -11.223911913908351 -0.2706609015568985
99 92.35266715907731 713.4263452963148 0.4106777885582796 0.04973528784882436 -0.44265696032711377 25 2781.0 47073.0 -11.681929692809621 -0.44558379600653375
100 80.52425165824761 717.5458691705758 0.49045008014134206 -0.5904334464873585 -0.3479135891274827 25 2477.0 40207.0 -11.510754174795881 -0.4604611297466773
101 2.331746395389278 724.6194828673513 0.46874566779784715 -0.7357772473252873 -0.07417179697194878 25 1758.0 24480.0 -10.972028533683808 -0.4262218658163966
102 29.165031373270693 734.5679178645057 0.48015489921606463 0.5133807655585474 -0.3291304586146274 25 2732.0 44632.0 -11.624115871005783 -0.5451455657439005
103 98.34711599245364 732.9757778704908 0.6552526680680968 0.013870266119782808 -0.4460704165153405 25 986.0 4745.0 -9.190590541908279 -0.2508637708391729
104 19.723252222304968 738.677596100282 0.4023192940773142 -0.9434700190976577 0.23239990230539578 25 2964.0 55076.0 -11.85240597815389 -0.5008736262797936
105 746.6456291608059 739.0554860432288 0.8296707231742598 -0.17331079436600233 -0.2687186767288057 25 1137.0 4302.0 -9.084176015128609 -0.21437994429511004
106 26.24393058004308 742.6881370273264 0.39993957965801624 0.735397221516515 0.8906004641185278 25 2693.0 50777.0 -11.764167595916268 -0.26119006615738216
107 478.8628030342418 758.9509520983364 0.3658119051541797 -0.8531614763806431 -0.5379506249768736 25 1476.0 25329.0 -11.009045109982207 -0.04712656905864243
108 747.846303007712 766.9212173963572 0.9766190207063378 0.25055669605619185 0.35335981467884203 25 1480.0 2906.0 -8.658239024905006 -0.5068043346700493
109 701.1454428192932 807.8903200651052 0.3731230607950132 -0.16295190352626265 -0.6552585686410299 25 2796.0 47475.0 -11.691162433522637 -0.563204164903628
110 691.5128057838996 812.9471559193265 0.3683646482408387 -0.44832304065189665 -0.21399337099105012 25 2703.0 47170.0 -11.684164690614253 -0.5113072044864754
111 660.5656626861091 816.3528986368467 0.4665125714828415 -0.6615487870981273 -0.5642264265908551 25 2466.0 44025.0 -11.609248411598285 -0.24666869340570272
112 309.875710995184 824.7011681200796 0.7288766675330826 -0.2704813362887874 0.038572074140430186 25 1335.0 6035.0 -9.45169318608342 -0.4841661468805274
113 86.56486492061637 826.4119439976276 0.39379045298216653 0.14061141672983074 -0.7758357780759135 25 2309.0 40411.0 -11.516248993782218 -0.4208756794525691
114 73.32255446274368 830.8414884305945 0.46014317998886556 -0.042698408523487726 0.08767705707257996 25 2614.0 43855.0 -11.605047788361064 -0.4875061992105636
115 79.77429741223465 832.2221079528099 0.24225792224058548 -0.5156208810650939 -0.910303831520164 25 3016.0 55792.0 -11.866429825079754 -0.7156861007762474
116 798.4018924618122 833.0424074229253 0.7301409431378079 -0.30642286915135025 -0.23392799798868982 25 992.0 3412.0 -8.832522556238713 -0.2378973215157895
