test_CNN/outputs/tables/03132_a21777m0s0_sources.ecsv
# %ECSV 1.0
# ---
# datatype:
# - {name: id, datatype: int64}
# - {name: x_centroid, datatype: float64}
# - {name: y_centroid, datatype: float64}
# - {name: sharpness, datatype: float64}
# - {name: roundness1, datatype: float64}
# - {name: roundness2, datatype: float64}
# - {name: n_pixels, datatype: int64}
# - {name: peak, datatype: float64}
# - {name: flux, datatype: float64}
# - {name: mag, datatype: float64}
# - {name: daofind_mag, datatype: float64}
# meta: !!omap
# - {date: '2026-06-03 17:11:35 Eastern Daylight Time'}
# - version: {Python: 3.11.15, astropy: 7.2.0, bottleneck: 1.6.0, gwcs: 1.0.3, matplotlib: 3.10.9, numpy: 2.4.6, photutils: 3.0.0, scipy: 1.17.1,
#     skimage: 0.26.0}
# schema: astropy-2.0
id x_centroid y_centroid sharpness roundness1 roundness2 n_pixels peak flux mag daofind_mag
1 310.23569010084714 5.546245472401918 0.39430784592438295 -0.7024548938455619 -0.6985037960014803 25 2345.0 38902.0 -11.474929823792149 -0.28326583069288575
2 609.2352488399453 5.324671800700277 0.41298758823170606 0.01087237425302882 -0.3538813472339375 25 2775.0 43706.0 -11.601352653525723 -0.545533401754597
3 795.7669323229732 8.106430301725926 0.6282478738182611 -0.16229281640158452 0.054683425549288095 25 1625.0 4682.0 -9.176078523401515 -0.7977581599915506
4 302.8523926944859 9.888857849835949 0.39361288208711026 -0.8026650868694934 -0.3024368767288613 25 2170.0 36713.0 -11.412049685736388 -0.24278642592720143
5 600.5377028655112 10.537333702369315 0.4319927615802487 -0.6961783137120567 -0.15781976962445304 25 2533.0 40171.0 -11.509781607526609 -0.41678718329883335
6 212.63180262766454 15.80946825190741 0.7155110720718566 -0.005408386544867482 -0.014077937935236135 25 851.0 1022.0 -7.523627239496735 -0.058633987828387364
7 825.2232977475535 22.926738581521917 0.4153903297763838 -0.7932052398587001 -0.5954222813392187 25 2360.0 43423.0 -11.594299561524583 -0.09065620477985362
8 346.2953027587697 23.421805129907906 0.684248646319169 -0.6067338122544457 0.4401470670643155 25 1764.0 6708.0 -9.56648263483512 -0.7548826833811684
9 534.0111856942409 31.980686005480347 0.3908021967224167 -0.49872208409094965 -0.7370142142778908 25 2528.0 47746.0 -11.697342484265745 -0.10291114627365142
10 350.97383760802893 32.46321327912195 0.37525445622259207 -0.9066012125665214 -0.9018852751732106 25 2075.0 35346.0 -11.370850682799091 -0.10433071894427648
11 343.8809035868221 37.10542635838908 0.4525246009071251 -0.8121805505704315 -0.23530611802420706 25 1791.0 27445.0 -11.096158087794084 -0.15673835521260643
12 400.3445856044285 68.13277509382644 0.6590635280291318 -0.5350359311645526 -0.09259803939073316 25 1097.0 2491.0 -8.490934318841267 -0.3485689808914576
13 269.18427253345635 69.42590611185412 0.5737693800425315 -0.23875241266023695 0.12454367866698242 25 799.0 2586.0 -8.531571301360938 -0.06460674110161799
14 189.91906232331368 74.6659428570656 0.3994661514257595 -0.6135948570510489 -0.722072185677913 25 1754.0 26353.0 -11.052075155065284 -0.22275599595460693
15 517.2794417177655 74.12115966681804 0.8865787591600345 0.760136994503533 0.46605594329106625 25 1215.0 2707.0 -8.581220639426267 -0.16535569831684635
16 114.7661438350817 94.42711181083078 0.4569772810315139 -0.8672719884586129 0.8323549891954551 25 3215.0 61113.0 -11.965334008737722 -0.31347429104701374
17 800.5118731826761 101.51473191848201 0.4313267516789186 0.018025321967787396 -0.6607316077330294 25 2675.0 41974.0 -11.557450895458496 -0.5758325608700766
18 383.3371041689407 103.0563429112165 0.6639099198469919 -0.07548975670797255 -0.1843602735331637 25 2415.0 8136.0 -9.77602734978672 -1.1577140560584196
19 832.9953325399185 105.61474462587435 0.4193367086686888 0.23366943858015252 0.9214856457371636 25 1766.0 23084.0 -10.908277664091564 -0.369368434985325
20 788.301672960611 107.331480824171 0.3823676024505099 -0.23179935359651438 0.4287562301848841 25 3154.0 54653.0 -11.844035015333986 -0.6541664833349954
21 386.5772442223843 133.38612263983052 0.8245069254267882 -0.0390511664408121 -0.07033412673988583 25 1130.0 1296.0 -7.781512503836437 -0.20644680619519445
22 47.54523986755307 135.3922692292527 0.4629499694859481 0.240473990890946 -0.560164655297892 25 2649.0 42453.0 -11.569770964212566 -0.5058228311056538
23 35.52668559680186 139.735538642869 0.41756172853094825 -0.3243000750471738 0.04718249704177501 25 2971.0 49691.0 -11.740694341839275 -0.5381495648850514
24 281.35779892230806 143.17868593972617 0.39517990808257236 -0.36873630316935907 -0.39717616209506984 25 2297.0 41355.0 -11.541320062903637 -0.06341874947187602
25 125.5000268627303 151.56440640391122 0.7700646285235551 -0.5520585509601127 -0.08181474706240835 25 862.0 607.0 -6.957971727688143 -0.04866972204662738
26 398.4939913045596 159.05593703843857 0.4324642891604265 -0.2095998748362547 0.10619438485852306 25 3031.0 26043.0 -11.039227527351809 -1.262455222343073
27 417.10475820668717 158.76481267485087 0.4985366390592046 -0.12965838314655825 -0.4977020843211469 25 1618.0 7218.0 -9.64604219430872 -0.861392536199532
28 786.7108494681366 159.61411179762533 0.42522692534678824 -0.6524301975023088 -0.5492994421994818 25 2528.0 40663.0 -11.522998541226215 -0.33647706753286105
29 577.5382720053838 164.30880355473073 0.40003344445631833 -0.7903287598920987 0.03292427890154567 25 1369.0 20525.0 -10.780707914478695 -0.03922509451141509
30 832.7065168458308 174.55871655910053 0.35259656130227673 0.2218755291112079 0.5943247405550095 25 2006.0 26942.0 -11.076074579499691 -0.6440303938889465
31 93.14591024017906 175.19950103017936 0.5510267873047172 -0.4223664975402663 -0.1844825092165148 25 902.0 4186.0 -9.054498060006669 -0.09492433684534292
32 783.8411695315841 178.26724243190438 0.3957953902566248 -0.5629270941967774 -0.7098690282299659 25 1770.0 30253.0 -11.201921118450077 -0.03099045550791126
33 774.7843729652046 187.74208319293385 0.4222012045784372 -0.41515508568068604 -0.7825610128426661 25 2460.0 38231.0 -11.456039144786125 -0.44449612579124265
34 765.628570093615 193.45591347848259 0.4145869707801369 -0.35833914152755114 -0.10526842037657913 25 2472.0 39075.0 -11.47974746672806 -0.542515146806097
35 585.7441121446199 203.39515076635405 0.8451857657718694 -0.37861260934189284 0.38884560060529916 25 1622.0 2931.0 -8.667539546096089 -0.5652276827678016
36 24.84746234485556 221.09113706957902 0.8257009202417053 0.4487787385791392 -0.016154771154618455 25 919.0 1398.0 -7.863767928524156 -0.018801492461907786
37 248.98517685722786 222.67746736459375 0.5758760607549925 -0.9606255258149813 -0.45133289844736135 25 1373.0 17495.0 -10.607284867047312 -0.06004007801327596
38 157.792869971318 230.887640955646 0.3785844829223996 0.5149595612672473 -0.28074416249510264 25 3252.0 55248.0 -11.855791402513447 -0.6080644405591263
39 147.34423867609428 235.89172085427094 0.3890398678367834 -0.11669993249581098 0.44202810931383235 25 3152.0 56512.0 -11.88035169390364 -0.38736484288504175
40 394.6369257076204 240.15705545198153 0.6146610299432695 -0.794622267710349 -0.6287792968786491 25 1560.0 20321.0 -10.769862689614826 -0.017837556907887582
41 696.9903124832867 241.473344600702 0.86679048569923 0.22767312234558557 -0.07478071363640977 25 1214.0 1391.0 -7.858317824980116 -0.28919595157524264
42 66.74225365940954 265.24174436314973 0.8144469809261146 -0.4836658921454831 -0.15212512085801572 25 1750.0 3958.0 -8.993689474675943 -0.6976623658200442
43 747.6265933899831 269.2581526181305 0.5015735780331708 -0.5523051782130594 -0.6297242456908458 25 1265.0 14910.0 -10.433694108632487 -0.02672432942152541
44 608.7948944171422 273.8674236845174 0.40307784893144377 -0.7665334860306716 -0.7969833065951832 25 2620.0 49815.0 -11.743400336635165 -0.09929870690728507
45 304.8050626153698 293.11953768221656 0.4486128259347257 -0.9276054252771564 -0.9874215125219111 25 1929.0 31280.0 -11.238166860969525 -0.050592011475160986
46 121.80503181969027 315.9779404946784 0.8586963238845909 -0.23007443780983552 0.20918345846245737 25 1081.0 2851.0 -8.63749304327365 -0.10100228076503376
47 721.7237561680439 345.4021454046141 0.4522314848227667 0.5885020474479229 -0.34384507805666165 25 3211.0 52884.0 -11.808310741393859 -0.5978980241915879
48 759.8671493654981 346.0122506640125 0.5076308167969447 -0.40312755506597975 -0.799727939713585 25 1191.0 13275.0 -10.307586324383767 -0.12611742665970813
49 335.81474238799893 346.5465135247966 0.6600658655227051 0.3514665770371792 0.09376660304619042 25 1942.0 6702.0 -9.565511058748132 -0.9264284979806903
50 710.4709552870175 351.9792544529788 0.42998021655614604 -0.20469712080386782 0.8551105709338125 25 3258.0 57417.0 -11.897601242889788 -0.5199416771909328
51 148.12468779679946 362.36835911608676 0.4318708929340159 -0.8036125621291274 -0.3452351170041763 25 1990.0 32918.0 -11.293583602244436 -0.21529828836937145
52 766.7357499197035 369.83352781084653 0.8918180062949433 -0.33950355929411286 -0.3729260299469219 25 1240.0 1655.0 -8.046994995279345 -0.1977509829672448
53 421.49164421123766 390.98397655199733 0.44192663246567443 0.47098980541964064 -0.18402575898995838 25 3187.0 52401.0 -11.798348937418186 -0.5877034105504426
54 620.6497626646776 397.87972445724154 0.3702596021887133 -0.46153351931119274 -0.4678167128671108 25 2632.0 48905.0 -11.723383158105632 -0.10581396388171457
55 418.18128788802966 398.7414964670378 0.4321722477998133 0.952780082124882 0.8946209256606806 25 3046.0 59202.0 -11.930840946464903 -0.09321973523973615
56 785.0633145251408 404.64260400881454 0.39416437366416474 -0.516120453817856 -0.5747032492405808 25 2643.0 44500.0 -11.620900027452329 -0.3289956391583138
57 775.4970920261018 410.28968106593 0.2885910168861288 -0.5804488277071485 0.02322763683240858 25 2303.0 40778.0 -11.526064803834345 -0.4218507863798553
58 66.2702984165942 416.020677938783 0.9064069666230293 0.06506285283574123 -0.2432427420065501 25 1075.0 477.0 -6.696295947600285 -0.15724658952154275
59 804.3892073064482 422.44562198136487 0.7599866151569509 0.647580405464019 -0.3599705505112363 25 1313.0 3469.0 -8.85051074960515 -0.4210839570718933
60 832.4554923373048 430.4761063329974 0.30801144296604854 -0.0383445731715918 0.18242396793302956 25 1596.0 24846.0 -10.988141202215054 -0.1687895285612573
61 401.73630994374463 440.9676953783708 0.27985550916664076 -0.8061710925022892 -0.43368384417869227 25 1348.0 21274.0 -10.819622887263021 -0.22667429546481221
62 746.8555431730175 441.75497225102333 0.8743886377781094 0.38438040072245777 0.6031763788535006 25 1550.0 5191.0 -9.288127572197123 -0.4558920936624347
63 353.56621708838145 463.84754105167144 0.4809953446041982 -0.4773765225324211 -0.691532535229595 25 2219.0 33556.0 -11.314425464311313 -0.3221794237773579
64 471.8396054342944 465.15341468049235 0.4578937002924466 0.6968583166003199 -0.14233244348073293 25 3086.0 50597.0 -11.760311918479424 -0.6440506562148747
65 746.6496342336776 465.00347089292893 0.5438950304557731 -0.5186614433525146 -0.6893891037134771 25 2524.0 36845.0 -11.415946402147025 -0.42753144474747085
66 344.85368310060215 468.2522158443819 0.42406901531021884 -0.8470885777095406 -0.23078698303664025 25 2156.0 36742.0 -11.4129069820831 -0.21330942733123837
67 259.6444891982137 480.8330980565834 0.5583124276991484 0.006453783528013301 -0.07229083942331195 25 1939.0 10904.0 -10.093964607066543 -0.9124987699589389
68 669.0173336345667 485.4529319190516 0.4496701158953985 -0.3811301267731202 -0.45914949364379154 25 2655.0 40633.0 -11.52219722043254 -0.5076849580701301
69 393.0514215319325 488.9703462244514 1.081237882967811 0.20073730562161904 -0.059446576971891214 25 1514.0 2850.0 -8.637112150021276 -0.28579520510891515
70 658.3002856738076 491.13880683459826 0.48937714056893905 -0.8755486730660551 -0.048909225619668956 25 2157.0 33448.0 -11.310925386355898 -0.24407468635472507
71 733.2891839814355 496.3077942270435 1.250461631028919 -0.6094206749169744 -0.17907381156670232 25 1295.0 726.0 -7.152341551750235 -0.04904366688167731
72 244.01564320355004 505.60434224653807 0.4031703911980221 -0.8694457021734905 -0.486435606959737 25 2300.0 41445.0 -11.543680359930482 -0.12623926915471945
73 355.5673826171208 508.1586338989304 0.4282536912206979 -0.4278879934134726 -0.9416540074643623 25 2235.0 37758.0 -11.442522455327824 -0.09949540017065085
74 332.99963867137944 510.9135347356907 0.38951403345813534 -0.7849493207050824 -0.41906596650935074 25 1370.0 20551.0 -10.782082398123343 -0.05492648503408232
75 347.3323825272439 513.3082184674346 0.46568663436625274 -0.6027426896513285 0.03958991101602926 25 2130.0 37810.0 -11.444016693406338 -0.11339743306274276
76 121.34215355291022 527.7919936106991 0.5713883077255155 -0.7140709225302462 -0.34854085646399297 25 1351.0 17270.0 -10.593230843918647 -0.10052747693440119
77 547.1830301971129 538.7981851998817 1.1510866692859227 -0.6263495430507788 -0.27701356224258167 25 1728.0 4767.0 -9.195612879817606 -0.2916595156565554
78 53.45415053380397 550.5784271124998 0.37835866238523314 -0.36447246294597246 -0.699905224901543 25 2700.0 45197.0 -11.637774022499423 -0.49353878843732707
79 33.60305897218901 553.9709199522795 0.4036071798975572 -0.1410185947122678 -0.5292125671808592 25 2619.0 49665.0 -11.740126099519374 -0.08340392528470221
80 44.12102920514472 554.5338300408313 0.40239715162068823 -0.6591095160313737 -0.7421662524921222 25 2820.0 54334.0 -11.837679196045631 -0.13580060913611863
81 13.93926595486263 559.2275120326792 0.8098374222757304 0.2812082723995323 0.21561938568466493 25 2244.0 6467.0 -9.526757152367791 -0.9475885798556439
82 375.36691637164466 559.7723478882459 0.6312912010967278 0.2934627468915427 -0.5805173717338088 25 1999.0 9397.0 -9.932473067138371 -0.9651414043114015
83 238.43779071607125 565.2981320339504 0.42100006389156486 -0.37103935247283665 -0.787202040308939 25 2143.0 33903.0 -11.32559532410648 -0.3585255106329072
84 226.1751095211389 570.0114863332491 0.4208471025916636 -0.9089840217996024 -0.20218738377094972 25 2441.0 40121.0 -11.508429372752154 -0.35018323648390537
85 436.08792982168245 573.4037194175598 0.7067517226521235 -0.1988359107956181 -0.19905861239408076 25 949.0 4169.0 -9.050079737815743 -0.08892493977702357
86 235.96425581189558 573.5455988416236 0.4144026368885834 -0.08446296318935075 -0.4002768820306879 25 1007.0 11730.0 -10.173245030288822 -0.04236460785882808
87 283.3684361045839 576.0216574792464 1.0014151346579845 0.018703461877840798 -0.12647924282768006 25 1815.0 3904.0 -8.978774522486635 -0.5396938382526913
88 280.6906506693247 601.7115562009039 0.5133813963745806 -0.7520827628960959 -0.06559968943951876 25 1730.0 26157.0 -11.043969830957979 -0.05623805389796497
89 719.060007247935 615.82616646694 0.3344240038279676 -0.407319156902028 -0.580799570042447 25 1289.0 18624.0 -10.675182407424487 -0.16611977977912873
90 708.7386174717227 621.2453364961624 0.48367557600552363 -0.92872674817215 -0.6606948480445927 25 1418.0 19484.0 -10.724195302249331 -0.015252873971634207
91 59.30693901743651 651.4004314888673 0.46475803494602436 0.7901216775026755 0.513837055855159 25 699.0 3652.0 -8.906326922155653 -0.03367827633362859
92 622.0670396695247 659.9164443336463 1.410071025680942 -0.2051468612678861 0.2235091668603467 25 1982.0 1909.0 -8.202014820984168 -0.34723227121911093
93 442.7340582994835 661.2515353697098 0.6953750398122974 -0.4945960636154978 0.19668761480929112 25 2309.0 12157.0 -10.212066041743583 -0.9587367992543387
94 128.0265089818092 664.6095407475686 0.8149697618145587 0.35608534832942645 0.2736360150921608 25 1675.0 5534.0 -9.357597887012334 -0.5595074876587443
95 171.9931392170335 670.4148592951186 0.7477291243268547 -0.6192068376075618 -0.10531898917384222 25 1026.0 5762.0 -9.401433134860985 -0.018247891722728928
96 229.78344522395037 674.0684791463374 0.9441564885521021 -0.9536007458231892 -0.18173277358675322 25 1227.0 4492.0 -9.131099368973551 -0.12271586090574992
97 657.1039104093912 675.7701432579665 0.29590290793607976 -0.82621496192416 -0.7941876803936293 25 2223.0 43080.0 -11.58568923656486 -0.060837453787557685
98 140.42980012050123 708.5268459282174 0.4139813305553956 -0.7023277138618575 -0.07469277968883428 25 1882.0 30543.0 -11.2122792304141 -0.2193404719494586
99 87.30531083416994 714.4858459685555 0.44249721771945183 0.31825426746248836 -0.19301015009970346 25 2846.0 54864.0 -11.848218669427173 -0.03598987278002547
100 92.9436453790977 713.1595016248883 0.35750738869777476 0.3144513672169449 -0.3478093967846149 25 2769.0 48131.0 -11.706062212367627 -0.561069118449187
101 540.9886227625711 714.5449118505026 0.4389419415504573 0.03666743665419989 -0.3233144470321832 25 2076.0 14287.0 -10.387352611825818 -1.0485539335189036
102 82.09175860223601 717.7188186958591 0.3993705713342572 -0.26445251158466915 0.09337303075040847 25 3032.0 54232.0 -11.835639052253466 -0.39871159024888914
103 2.227578306956719 724.3072491568272 0.485175742504036 -0.6816714346972154 -0.021823993328185045 25 1847.0 27017.0 -11.079092806961153 -0.22669583817533523
104 57.79949244361755 723.8956895922379 1.0652947708460379 0.054445448666671954 -0.16968290624704196 25 1473.0 5505.0 -9.351893308269426 -0.14894229873493336
105 29.736313801980547 734.303048220391 0.47753861024757455 0.3070899570741173 -0.36430113832354205 25 2866.0 45358.0 -11.641634741690016 -0.5779631243336327
106 18.30857860028598 739.2595832426463 0.37595563170468055 -0.7680527239202115 0.6229793344047957 25 3281.0 62002.0 -11.98101424692929 -0.45167529419681585
107 763.1858239064719 758.082358319997 0.8058178858562417 -0.42513004734539744 0.1437773786432564 25 1811.0 4433.0 -9.116744328248336 -0.7756912735901926
108 235.24264543370398 762.4435941844554 0.6163406407373475 0.3189974981781308 -0.03227608889366359 25 2567.0 16040.0 -10.513010909870362 -1.0864839729013231
109 11.92555539141215 773.9487132197246 0.6906269632231552 0.07953214564611216 -0.09421849298246485 25 1411.0 5633.0 -9.376849378088377 -0.5612604542829535
110 219.39272430786025 780.2976098365829 0.8034666436394243 -0.5492354805892073 -0.04857016712078554 25 1145.0 4562.0 -9.147888202351574 -0.11310225829043519
111 817.5823892887091 804.3505029700118 0.8098003289999557 -0.5982185301972356 -0.03953680033468819 25 1289.0 4913.0 -9.228366910337055 -0.26560786970907413
112 701.6268747332055 807.5154054440817 0.3354033981312975 -0.08229685649909356 -0.825644985979364 25 2506.0 42667.0 -11.57523026960148 -0.4723046841270753
113 86.06864788586272 811.9401295388883 1.338065176751884 -0.664133991326925 -0.2852675135350111 25 1726.0 3299.0 -8.79595578886336 -0.22231680775132312
114 690.7942588969418 813.5660034255859 0.44027356296837244 -0.9127270156407632 -0.2034707145213849 25 2691.0 44325.0 -11.616621860682388 -0.48766631310635716
115 140.80079357994435 815.5782726875452 0.9234781953664102 0.02080954622444515 0.13243964909040387 25 1218.0 5627.0 -9.37569228788498 -0.1273865429349724
116 655.3256448795204 819.54114289857 0.5187272797902945 -0.95674915349368 -0.3776792644696058 25 1811.0 27606.0 -11.1025087091211 -0.18607705666601382
117 84.30958281122783 826.2202756230852 0.34583121084767954 0.622709440115048 -0.19582971991474496 25 3092.0 55536.0 -11.861436490818342 -0.6123790952642826
118 72.50049371038821 831.1498130234598 0.40339108722304545 -0.7693776605548303 0.3593785997420637 25 3150.0 57775.0 -11.904349885377867 -0.4513844504544854
119 79.91613744861769 832.0308434822227 0.29773074176177894 -0.218031938791906 -0.22402031921087878 25 2920.0 49992.0 -11.747251279148381 -0.6977161660492197
