test_CNN/outputs/tables/03135_a21784m0s0_sources.ecsv
# %ECSV 1.0
# ---
# datatype:
# - {name: id, datatype: int64}
# - {name: x_centroid, datatype: float64}
# - {name: y_centroid, datatype: float64}
# - {name: sharpness, datatype: float64}
# - {name: roundness1, datatype: float64}
# - {name: roundness2, datatype: float64}
# - {name: n_pixels, datatype: int64}
# - {name: peak, datatype: float64}
# - {name: flux, datatype: float64}
# - {name: mag, datatype: float64}
# - {name: daofind_mag, datatype: float64}
# meta: !!omap
# - {date: '2026-06-03 17:11:35 Eastern Daylight Time'}
# - version: {Python: 3.11.15, astropy: 7.2.0, bottleneck: 1.6.0, gwcs: 1.0.3, matplotlib: 3.10.9, numpy: 2.4.6, photutils: 3.0.0, scipy: 1.17.1,
#     skimage: 0.26.0}
# schema: astropy-2.0
id x_centroid y_centroid sharpness roundness1 roundness2 n_pixels peak flux mag daofind_mag
1 544.0368602914556 2.008461419743117 1.0708044348502572 0.19256201611927373 -0.35731116235663296 25 2279.0 5150.0 -9.279518072602977 -0.31206011346942514
2 299.5925987215482 9.850031022589901 0.30632564026122994 -0.8159594864668432 -0.45886362299395594 25 1813.0 30180.0 -11.199298088598928 -0.008193179834178351
3 79.65820215743885 25.248408816219914 0.6313115710293999 0.049526418832278575 -0.17902136320060447 25 1845.0 6403.0 -9.515958754560419 -0.4561289045194478
4 814.0544983271183 39.5357768245854 0.6420897140187206 0.26059875264731647 0.2532661453088487 25 1199.0 1699.0 -8.075483447172614 -0.09910033376433025
5 668.9985520785414 58.96127934975657 1.033772500322399 -0.6642176615705261 -0.12552068888594628 25 2301.0 660.0 -7.048859838854672 -0.4098657137541939
6 68.92545979446137 70.95633659183416 0.9066045176479696 -0.3502169538447584 -0.455088579664385 25 1561.0 2127.0 -8.319418724756822 -0.07047368909470982
7 752.9504197942067 71.7924018688521 0.8416218962862427 0.09602906083931441 0.03813192965556488 25 1849.0 2329.0 -8.417923721336702 -0.3886612536387151
8 776.8450142263828 74.15020356771132 0.8681458531609124 0.5818658363787219 0.28998072068334885 25 2705.0 6113.0 -9.46563598947445 -0.6411326579447751
9 334.55298390946274 85.01107996455396 0.8084642206461795 -0.5026815511924644 -0.42281042581682804 25 1954.0 5076.0 -9.263804033556667 -0.3489635540121356
10 796.1405302615773 101.39819239088149 0.38072776304062994 0.04091375470253649 -0.9767452480409842 25 3686.0 63290.0 -12.003337739186366 -0.3139579779986361
11 43.90217879710063 135.21794425941164 0.3359724449962831 0.4036309814336794 -0.874341844649856 25 3459.0 61904.0 -11.979296780942924 -0.2514011376314336
12 33.670717237340114 139.34225895614387 0.3571378823527461 -0.798906677847145 -0.23011390144139918 25 3329.0 62595.0 -11.991349109418474 -0.016297630476553634
13 634.3029115870995 171.77377021841116 0.7980337140121551 0.1604892671837169 0.1127044292375323 25 1452.0 2388.0 -8.445085806143329 -0.09267952609909505
14 183.35014235111558 213.62992966721674 0.26859005870678004 0.23241817622693003 -0.38469433634293315 25 632.0 2409.0 -8.45459199999586 -0.03670724737851967
15 257.70398529047196 217.782692217795 0.4964635293880244 -0.283808785210825 -0.012037515891634761 25 2063.0 24703.0 -10.981874245935565 -0.22507718552613795
16 125.43846268035536 222.30398213269623 0.8052346758181606 0.6251638859295334 0.05341660434736904 25 1791.0 2134.0 -8.322986037721128 -0.35639856969051525
17 156.60548069216495 230.91636966063726 0.4308482423782494 0.4797997399275029 -0.802161331411181 25 3520.0 60360.0 -11.951873077758881 -0.24100164518449818
18 144.64180891861383 235.72378350686668 0.4019339064324594 -0.6512410788131169 0.2991851699243034 25 3533.0 60725.0 -11.95841880869292 -0.32080404990333655
19 150.97599146996333 252.36189687583973 0.754177533550549 -0.6560838391475343 0.5500269859303032 25 1272.0 2117.0 -8.31430214504853 -0.04139404626295227
20 749.9027724315705 256.315931909426 1.0345802446355536 0.3834745703631516 0.4014273627786431 25 1810.0 2959.0 -8.677862412901582 -0.06005089087680306
21 340.81796102532405 282.2504419385011 1.0064947756615814 -0.1362559692359385 0.24754407670348283 25 2203.0 4228.0 -9.065337446588472 -0.33456253737819097
22 161.39889708508346 296.6438486599445 1.1395049295196247 -0.417826649767695 -0.12952480535422686 25 1973.0 4179.0 -9.052680927859065 -0.08524510855488769
23 720.2666507078927 345.5306526048907 0.3673823406567036 0.5730263774669306 -0.5319728516878787 25 3883.0 70714.0 -12.123763510476468 -0.24242326947054238
24 708.1287084114882 351.34607867853043 0.391176436217148 -0.9936157038549569 0.277870337774984 25 3520.0 68174.0 -12.084046940693792 -0.06603897957138447
25 419.75557540441525 391.0859024753829 0.4385476374722999 0.17963678262310062 -0.8623934984057859 25 3562.0 60242.0 -11.949748454401982 -0.27831608063060576
26 783.3531203643707 404.63377536475826 0.40587733573796814 -0.24653246889384298 -0.6875872646113539 25 2348.0 36849.0 -11.416064266418832 -0.19793652218806368
27 795.9748771149301 407.07579144135315 0.8878488583330594 0.5163665852351291 0.12909692231765954 25 1772.0 3310.0 -8.799569984439298 -0.22301021197876159
28 149.41273792927836 420.65012382822687 0.5482782499933477 -0.4966678566235493 0.2946162361861068 25 2590.0 13292.0 -10.308975831516685 -0.849418131993982
29 581.1067075510222 426.90201495436366 0.9220883393391089 -0.4123225504220134 -0.08324710688839353 25 1926.0 2970.0 -8.681891123293031 -0.3207353477851557
30 831.9763548025045 429.50709526369667 0.36768541609816735 -0.40770400229311343 -0.6152489421825525 25 1557.0 19088.0 -10.701901065815667 -0.08338794227821927
31 470.99486248438933 465.2905402417704 0.35796796308346407 0.8515822957843646 -0.3145035289177768 25 3725.0 68440.0 -12.088275002172658 -0.26294015278868604
32 456.4635775763325 471.06867377596006 0.3675432555336038 -0.7594302423033249 0.8347690108933953 25 3831.0 72301.0 -12.147860760230742 -0.29667002301734197
33 666.2508547577904 485.42152047865034 0.3702889102243865 -0.3102894617887263 -0.9764057413525479 25 2794.0 46367.0 -11.665522493589313 -0.17776702109873058
34 744.5977549447782 488.190564436168 0.43108212442524296 -0.3027267283193608 0.25963958548426774 25 1162.0 9838.0 -9.982267045558281 -0.0025435999119751995
35 121.8636892854892 499.2096634742747 0.8953319118082417 0.27151952145934616 0.34936344935557795 25 1644.0 4272.0 -9.07657811005125 -0.13506981469001714
36 232.63752773857792 545.7845061084155 1.0073059908474202 -0.0328705632619898 -0.2778666788488554 25 1912.0 3920.0 -8.983215167551142 -0.16976851649848695
37 282.2743561621347 560.8110473035009 0.37593827804291785 -0.5339791638616326 0.29896753297251927 25 1048.0 7950.0 -9.750917821641176 -0.14187000918269524
38 136.97556641800836 588.1430245601958 0.8747258219391485 -0.14152814711053985 -0.16164438920279015 25 2620.0 6426.0 -9.519851803038748 -0.6112873414332751
39 170.1095406056266 590.2987369524226 0.6415687595282985 -0.8392997752720286 0.6109175678758082 25 2036.0 10230.0 -10.0246890842804 -0.501982837811233
40 0.482075956655694 619.0253156533716 0.7578384539798483 0.3607352631372085 0.966896756154487 25 1899.0 11369.0 -10.13930566620894 -0.2034372004229706
41 806.3985764810127 639.1143026628484 0.7127644251638394 0.3499039416019426 0.08980686780567906 25 1151.0 1505.0 -7.943841249824656 -0.05470984828342751
42 444.79882969225014 688.0477837626572 1.2155139114231865 0.4043379573659425 0.24331759039208886 25 1974.0 1466.0 -7.915334925762773 -0.052009392255784215
43 240.6376244975395 701.0200609563514 0.6815564493116532 -0.3721020481033259 0.48162957490444536 25 3003.0 15632.0 -10.485036365936743 -0.7946242964684064
44 296.93665236257294 701.7497737380364 1.0194818743942997 -0.2103827952611205 0.1376930310079235 25 2532.0 6011.0 -9.447366819921543 -0.44796907649876316
45 148.6483499108981 703.7678215928958 0.41709938243504446 -0.5509374085414025 -0.8499412315330938 25 2102.0 32218.0 -11.270246442945195 -0.008242661020017856
46 272.891908977895 717.6364237052379 0.5776289219867309 -0.07919435804855783 -0.19320466581420917 25 2362.0 9335.0 -9.925285805712743 -0.835069106598952
47 40.956055031730415 722.6090487386871 0.7242294261159093 0.1282545912214352 0.10780751505586401 25 1374.0 1175.0 -7.675094666519388 -0.2269639098708765
48 14.64210579912923 739.1487530988728 0.37719935792336273 -0.9137097992855973 0.21997455757266884 25 3767.0 71898.0 -12.141792024251902 -0.14457142749377078
49 295.97512957125065 782.1035918439686 0.7458426236339722 0.2775964534015167 0.3737946925346164 25 1755.0 4559.0 -9.147173980504906 -0.3470520590502476
50 488.14785629693336 814.7161815336557 0.7496502469329954 0.014252142155822439 -0.1923970455880264 25 1374.0 5463.0 -9.343578001286456 -0.027741491758923563
51 81.80181950548676 826.1591999233174 0.4137979995922602 0.26441327803491343 -0.9058687926716992 25 3557.0 61117.0 -11.965405070585398 -0.31501509800059335
52 239.9422000489731 825.9317870672337 0.8022624207044132 -0.11588488182557526 -0.06967286187114513 25 1747.0 4061.0 -9.021582473725093 -0.3059808809247456
53 68.48919630247931 830.7313392375202 0.3584400184788218 -0.7726533918480075 -0.02225470424123158 25 3740.0 70584.0 -12.12176566554669 -0.19305503147179517
54 139.80026697855783 831.274898903505 0.7199408689550418 -0.1888313401122454 0.21295045620950018 25 1641.0 8673.0 -9.845423365975801 -0.08742474536156812
55 833.2748469448 833.5871702915614 0.24652160146250335 -0.40990235233825173 -0.19215384875509814 25 998.0 9586.0 -9.954093561639421 -0.07896460378602807
