test_CNN/outputs/tables/03158_a21885m0s0_sources.ecsv
# %ECSV 1.0
# ---
# datatype:
# - {name: id, datatype: int64}
# - {name: x_centroid, datatype: float64}
# - {name: y_centroid, datatype: float64}
# - {name: sharpness, datatype: float64}
# - {name: roundness1, datatype: float64}
# - {name: roundness2, datatype: float64}
# - {name: n_pixels, datatype: int64}
# - {name: peak, datatype: float64}
# - {name: flux, datatype: float64}
# - {name: mag, datatype: float64}
# - {name: daofind_mag, datatype: float64}
# meta: !!omap
# - {date: '2026-06-03 17:11:39 Eastern Daylight Time'}
# - version: {Python: 3.11.15, astropy: 7.2.0, bottleneck: 1.6.0, gwcs: 1.0.3, matplotlib: 3.10.9, numpy: 2.4.6, photutils: 3.0.0, scipy: 1.17.1,
#     skimage: 0.26.0}
# schema: astropy-2.0
id x_centroid y_centroid sharpness roundness1 roundness2 n_pixels peak flux mag daofind_mag
1 282.2682379263555 4.950783975709973 0.6039044265660216 0.2145161032432683 -0.02810324656606225 25 1521.0 8454.0 -9.817655608732501 -0.4214180192308059
2 607.8317616517035 6.042598395078097 0.43761711377775137 -0.5166512487715244 -0.7544531574491277 25 2936.0 50774.0 -11.764103446698332 -0.18157214862221827
3 301.6928243410006 8.914868441601648 0.4011030191585768 -0.69336199570058 -0.7894552281481917 25 2994.0 55187.0 -11.854591965464943 -0.11680449730905948
4 598.5506830775374 9.706053687163115 0.41958562525862897 -0.44878734404814524 -0.7930897772741997 25 2848.0 49751.0 -11.742004536328341 -0.234334520141333
5 533.0812080039625 33.14047038486889 0.4350842900586955 -0.6607826740652567 -0.4227267947779482 25 2882.0 53483.0 -11.820539399938966 -0.15473830005859468
6 197.9501299096548 86.37353801171463 0.6088750689084941 0.6770107381204591 0.3530416920681538 25 1876.0 8116.0 -9.773355095903272 -0.718945202397432
7 125.47934479722598 89.89082565862896 0.39159934557272397 0.9325332264259708 0.3851468611914151 25 3920.0 75684.0 -12.197510192602362 -0.3189946143825542
8 113.96747311544526 93.57272419819877 0.4415589870121822 0.4148013040787395 0.5280899772846014 25 3709.0 68214.0 -12.08468379216805 -0.3717767243321651
9 797.4616644412274 101.89978398328361 0.45575623051433634 -0.3324321207657587 -0.6463637778067597 25 3555.0 55874.0 -11.868024408655653 -0.5674831152890799
10 832.9746102205776 105.81272000116569 0.3753045278834613 -0.46112787503295977 0.3719906829606342 25 2336.0 29920.0 -11.189903972981059 -0.6084262071074754
11 789.4048782459137 106.46026800041265 0.36186018721574653 -0.5687630148548733 -0.3880592168342753 25 3432.0 59475.0 -11.93583612677326 -0.643386418963403
12 280.87711272376174 117.5159488843893 0.6660395247329659 -0.30550403652935715 0.025025354273518978 25 1694.0 5679.0 -9.385679671708647 -0.6390485840597939
13 43.9632707513482 135.58842813870024 0.3876746770067412 -0.40809700479156935 -0.6715038855929972 25 3411.0 56784.0 -11.885564955008794 -0.47886463070561686
14 33.47822260406735 138.79892665094914 0.4960666832941019 -0.3871367628509777 -0.8573989067856997 25 3287.0 52208.0 -11.794342641109498 -0.5402935212548287
15 785.6822604146511 160.01144485152886 0.4771657229661442 -0.8239499386742388 -0.8805049903594898 25 2716.0 41549.0 -11.546401439150616 -0.3358765856736942
16 628.1536955611296 171.89683679359842 1.0225826892577021 0.27991059892716247 0.3172931925556739 25 1587.0 1431.0 -7.889099084399441 -0.26609516085620083
17 832.6540945456558 174.86248859286852 0.3332642300335507 -0.3210381572517864 0.41813546193862305 25 2548.0 38516.0 -11.464102945084383 -0.4645697741062272
18 257.1661769149639 177.59338246570485 0.39844816401438576 -0.9731135078015158 -0.5816091004804663 25 1842.0 30435.0 -11.208433265222569 -0.017852573065080174
19 79.8530775610163 178.17448776998282 0.5683535104123271 -0.7696398315754853 -0.555352958590408 25 2111.0 33109.0 -11.299865159593823 -0.01481119325302667
20 710.958423201846 183.5415848675205 0.8524334576336151 -0.3244590960552854 0.714408144440468 25 1312.0 2893.0 -8.653371084119957 -0.1779519888780483
21 764.657857968538 192.44952275444504 0.3921067669556241 -0.5984641843826883 -0.7744645261731602 25 3035.0 56028.0 -11.871012799946076 -0.2703058748472786
22 248.02024614579787 197.2323001314692 0.34693384742758965 0.18215265998383498 -0.18833189307144724 25 990.0 6020.0 -9.44899122814456 -0.3634783754706466
23 157.36424489533186 231.06245038008927 0.43041904738413905 -0.11848650360072957 -0.4204974751877203 25 3544.0 57132.0 -11.89219856880534 -0.6104033728482732
24 145.51141180685778 234.79966149577143 0.4091901289767767 -0.2545554528867869 -0.2869007435478519 25 3457.0 60125.0 -11.94763772345472 -0.6402984826184944
25 34.56205970492485 234.7590062532955 0.5505485273450249 -0.6304057936274714 -0.4056542081178157 25 1605.0 23113.0 -10.909640798237671 -0.02675250809656684
26 99.94425754311527 248.54374427190766 0.8730022125033625 0.4362765194288305 -0.0020224929673751777 25 1684.0 5323.0 -9.315391165431887 -0.39597297421398137
27 563.5387281984617 264.9339588139986 0.2614703828670423 -0.6813107187990426 -0.9108982101086556 25 1225.0 19318.0 -10.714905404328483 -0.10658195923329167
28 21.54060477929539 291.55973324990924 0.8855522790533396 -0.6391401474817627 -0.06763210028213336 25 1047.0 769.0 -7.2148158495035775 -0.01837118675892673
29 297.7428445387419 296.1945873411764 0.39527748312891264 -0.9378508133763561 -0.7025282699001157 25 2856.0 54334.0 -11.837679196045631 -0.14832400734494894
30 528.4135780551418 295.56926566462243 0.73210227014235 0.6661781861072908 0.233486911668849 25 1569.0 10613.0 -10.06459541057425 -0.299260409984782
31 456.0183189873704 299.26601980266025 0.9740485493779599 -0.250041665514979 -0.18389687525995652 25 1748.0 2428.0 -8.46312170600805 -0.4282231499731194
32 757.1038811637379 301.93158702928844 1.1886701316078845 -0.031176821217382973 -0.12206575488091041 25 1574.0 1874.0 -8.181923966379399 -0.10621134948736419
33 192.15077026059714 309.0743700080205 1.2573735484547128 0.5403394453784706 0.176581416118974 25 1771.0 1116.0 -7.619160486503899 -0.23412644104310276
34 513.7045427662562 327.9059297177175 0.8196209634868207 0.252762603552843 0.2577452401476215 25 1357.0 1726.0 -8.092601978447977 -0.352465398104433
35 213.40780625284089 334.03348383312715 0.7462586430850487 -0.02697524653488981 -0.32229291757272166 25 2960.0 10080.0 -10.008651330273766 -1.1188812553878327
36 60.54025599409064 334.93802290195026 0.619698453137294 0.5069875301206753 0.0004172978733673784 25 978.0 2167.0 -8.339647278299545 -0.22621073350064816
37 721.6504773297644 345.73642562577476 0.3877758488835235 0.3344270386973205 -0.16279381959318606 25 3846.0 65208.0 -12.035752200323742 -0.6125129146145676
38 832.9113341091969 347.1193702787357 1.5681889878240112 -0.7527561830733442 0.24578519299540583 25 1789.0 1895.0 -8.194023035760228 -0.0064475481270710264
39 710.8480275382939 350.591208556947 0.4134175668721117 0.04223185085841658 0.10910909287273148 25 3686.0 64205.0 -12.018922125773964 -0.5705010154000879
40 684.9705634723347 353.5728864359407 0.7341894188471823 -0.08476239248501864 0.1020939240537782 25 1609.0 5579.0 -9.366390903525923 -0.47576187542391457
41 229.7467591111604 357.6970047722059 0.9163412759098689 0.7776147289647625 0.5160559669573067 25 1624.0 5232.0 -9.296669338290528 -0.3131745358751048
42 420.6635076669286 391.4406052932459 0.3972918373897719 0.09820440130105024 -0.4284033850003771 25 3489.0 59149.0 -11.929868516613041 -0.622494266463602
43 408.55659954243777 395.66608201047194 0.42465699049947325 -0.36645047220045207 -0.29936278118185466 25 3504.0 61221.0 -11.967251048000357 -0.504311210792968
44 535.9806084670886 405.1365973800616 0.7914148379772658 0.2206093072719322 0.2904103474193406 25 2946.0 7245.0 -9.650095974517983 -1.113084736505121
45 786.3518298244585 405.0274995175189 0.37741655767877236 -0.5314203779182604 -0.9051755527954236 25 2958.0 50772.0 -11.764060678447299 -0.36008803781471055
46 368.811379019351 405.8369642753264 0.9546766784997429 0.2886289156014025 0.5722276767655831 25 1637.0 960.0 -7.455678082598921 -0.42729740340139316
47 773.5262982450407 409.3294202561024 0.3955118304718628 -0.6247762550645047 -0.5969836559007159 25 2546.0 41202.0 -11.537295744444622 -0.42046501477968357
48 208.1281919307163 415.05062345270824 0.7766677602285819 -0.07490957912226112 0.5324539738155539 25 1493.0 5308.0 -9.312327285480995 -0.31491481665128884
49 715.3012898447618 424.3696366634928 0.49498579099426043 -0.9592698684711313 -0.6723098412196132 25 2091.0 34337.0 -11.3394058711828 -0.0051460111437865155
50 832.1972731254597 430.6399130546147 0.3360766944459032 -0.8194955954242523 -0.4328442748723557 25 2018.0 29127.0 -11.16073938951801 -0.38225053942571463
51 471.61397519176114 465.09705486713096 0.4224410853922864 0.5134251839525321 -0.23176985816967471 25 3789.0 62527.0 -11.990168980117595 -0.6507124103150502
52 685.0349489123078 467.7411940361112 1.0270556435994702 0.6801325596188044 0.5129825091803313 25 1804.0 4876.0 -9.220159242365861 -0.3399150382017668
53 460.47204651464614 469.60062391454824 0.37634734258629515 -0.2962072327130169 0.3326275131488967 25 3957.0 72996.0 -12.158247656276371 -0.5260032311401163
54 222.13257124146241 480.2794697798502 0.4043301560732641 0.18163930667232292 -0.8473203653348176 25 3617.0 40779.0 -11.526091429046277 -1.237127908676223
55 451.3701961899919 481.454802790959 0.831932876616042 0.5352819140516315 -0.12894684891734362 25 2068.0 5372.0 -9.325340009991693 -0.6885620438405355
56 667.9705255980966 486.0247237928833 0.49038173178788647 -0.7392911559008851 -0.617257554237893 25 2392.0 34199.0 -11.335033518003542 -0.29909832202200615
57 657.6494839819394 490.0399046629456 0.463183758162581 -0.48284690324573215 -0.7424892407290309 25 2986.0 51333.0 -11.775991615034016 -0.24022496430890122
58 243.17248763951824 506.77684155150047 0.35428801357542444 -0.9307841693944207 -0.7341290748505087 25 2622.0 50365.0 -11.755322095717203 -0.04499212461532302
59 730.4214492089246 512.9665595997179 0.826204655754298 -0.3408660457769145 -0.7142417807641644 25 934.0 -739.0 nan -0.07124264605495435
60 210.63523017522434 520.4328154126057 0.5649470759483081 -0.13105921943661616 0.31076152603713364 25 2089.0 5918.0 -9.430437402061536 -0.9687758380825456
61 125.86723981183597 525.7056107138897 0.25606043773750387 -0.999919292736393 -0.9768879082497139 25 2205.0 42085.0 -11.560318328779793 -0.09347315374996308
62 54.26734425296555 551.0237828095359 0.34100220027105765 -0.49678838161508704 -0.9044857365163502 25 3342.0 62382.0 -11.987648235889296 -0.26504682863893275
63 231.23030959466416 585.0528258850848 0.807751876469364 0.5061150376638388 -0.27513424173477924 25 1507.0 6268.0 -9.492822469491381 -0.2753907365115475
64 744.7655174807167 593.1327190144576 0.9322670264179825 0.48231594086852625 0.3866141489278674 25 1434.0 3101.0 -8.728754415593317 -0.21883260615582853
65 523.7036956831539 596.4416771730051 0.8312486685068468 -0.4738678552461524 -0.04876490987262443 25 2232.0 6845.0 -9.588433631175022 -0.7258581784998513
66 329.79931352765595 606.3732516552345 0.5805275499879717 -0.2899337863656235 0.5544403820058634 25 965.0 4591.0 -9.154768231915053 -0.01740516797148456
67 333.179559228448 617.0407162296076 0.7788078190836007 0.18093317084167085 -0.2079331708333528 25 2455.0 7647.0 -9.708727725472325 -0.8875622524968114
68 716.0282616867461 616.7137993594695 0.39390230496388734 -0.21103402086344575 -0.8355658444632813 25 2161.0 36863.0 -11.416476690638753 -0.12149711020973343
69 651.8235751088652 620.6882645831367 0.5926977154352333 0.7080185478880864 0.2552116247142293 25 1343.0 7947.0 -9.750508032542234 -0.34495119489419246
70 115.08214711764752 623.7925978869936 0.9540217012863078 0.018630535879949894 0.3329611576694082 25 1376.0 3739.0 -8.931888662885548 -0.10053056711024858
71 824.9092815609521 624.9787427417778 0.7926555960802228 0.18356813929438304 0.3268802301107469 25 1296.0 2931.0 -8.667539546096089 -0.2602332090050954
72 620.8120436179906 668.2386727992757 1.1581901180699747 0.14991881487779088 0.14408324654408303 25 1908.0 -365.0 nan -0.4206027068679729
73 148.4356405034785 704.6095880884103 0.4606742269759868 -0.6767275275189986 -0.9320705287240694 25 2682.0 43054.0 -11.58503376620052 -0.1742830476194929
74 505.476876574601 711.9127278980163 0.8693693247763722 -0.33343124739948216 -0.5402984346575213 25 1559.0 3676.0 -8.913438756785183 -0.35835228380850126
75 91.900072062894 713.4891489656867 0.3996607000970681 -0.4086307752804391 -0.7772277941492806 25 3338.0 55848.0 -11.86751906249584 -0.4710598927369136
76 445.0325499462658 712.3510008365789 1.002846532046713 0.09612177324236276 0.3049465226620557 25 1371.0 2431.0 -8.464462397108338 -0.0306191436797262
77 80.62101458259816 716.9495109483863 0.4572396009096014 -0.7170580831756059 -0.8431908184347133 25 3485.0 57477.0 -11.898735230360106 -0.5847016004254214
78 3.3255319315389804 724.2548488286326 0.4348379948582692 -0.5184411351838166 -0.34439901732573897 25 2218.0 36189.0 -11.396441456355591 -0.12934147294402457
79 2.318705326758053 732.6472771677605 0.3256890814726941 -0.3767740583568474 -0.053947811057589355 25 2094.0 34037.0 -11.329878186634954 -0.20067769760822998
80 29.48571011131022 734.5811689777005 0.39127987560782745 0.3465478307364669 -0.2709326574081258 25 3806.0 65340.0 -12.037947825348548 -0.5453037076465629
81 754.4498062536902 736.2311912133118 0.9786522658572023 -0.2744739263162035 -0.38253914761697405 25 1352.0 1916.0 -8.205988761856315 -0.12817645688441046
82 18.74617289921583 738.16446102252 0.39517427786444675 -0.2696620489387472 -0.05692216993747781 25 3838.0 66638.0 -12.059304885387654 -0.6442564138907656
83 797.02532750259 761.659108127606 0.6452317652688329 -0.04401652013871326 0.5871679996791921 25 1083.0 5846.0 -9.417147027553543 -0.05484944506819371
84 542.8902716194756 803.4675093234548 0.5848470151191236 0.4031005400316693 -0.013910844711567923 25 925.0 4104.0 -9.0330183802594 -0.06362237029888726
85 703.3639634067774 807.9470438597186 0.4151684566481125 -0.6130584508382542 -0.955950544547795 25 3095.0 53120.0 -11.813145165899904 -0.38126888523977115
86 692.3944543603222 812.3638778411565 0.3938768372886699 -0.7218479916835009 -0.6960338348677167 25 3331.0 59218.0 -11.931134339124618 -0.38464683230363483
87 407.84876716666923 819.9920319472228 0.397426933895131 0.6308457716276155 0.6674982854383296 25 3534.0 38045.0 -11.450743971091427 -1.2206217632103713
88 456.7231790333723 820.3608937071065 0.6741974635662101 0.8063054021569163 0.38467011409609014 25 2395.0 12672.0 -10.257112910613547 -0.8799741896757994
89 788.0930878297054 822.9297054217785 0.8222240732062637 -0.37566468903801165 -0.2297939603662989 25 1649.0 3709.0 -8.923142083321526 -0.4811763150181252
90 73.04336879925718 830.1020953082676 0.39715976842686634 -0.2659445942097809 -0.3871528882306902 25 3680.0 62798.0 -11.994864531206241 -0.6332282535115656
