test_CNN/outputs/tables/03156_a21882m0s0_sources.ecsv
# %ECSV 1.0
# ---
# datatype:
# - {name: id, datatype: int64}
# - {name: x_centroid, datatype: float64}
# - {name: y_centroid, datatype: float64}
# - {name: sharpness, datatype: float64}
# - {name: roundness1, datatype: float64}
# - {name: roundness2, datatype: float64}
# - {name: n_pixels, datatype: int64}
# - {name: peak, datatype: float64}
# - {name: flux, datatype: float64}
# - {name: mag, datatype: float64}
# - {name: daofind_mag, datatype: float64}
# meta: !!omap
# - {date: '2026-06-03 17:11:39 Eastern Daylight Time'}
# - version: {Python: 3.11.15, astropy: 7.2.0, bottleneck: 1.6.0, gwcs: 1.0.3, matplotlib: 3.10.9, numpy: 2.4.6, photutils: 3.0.0, scipy: 1.17.1,
#     skimage: 0.26.0}
# schema: astropy-2.0
id x_centroid y_centroid sharpness roundness1 roundness2 n_pixels peak flux mag daofind_mag
1 608.5958114297528 5.720446680475366 0.43007010695905823 -0.5251612689974742 -0.8168139459881933 25 3729.0 58899.0 -11.925269803259406 -0.42024542121419145
2 300.4108317692063 9.192359223330183 0.41645550137388976 -0.8303933293109915 -0.6324172997013993 25 2656.0 41338.0 -11.540873652306828 -0.2986187314837029
3 601.483369360072 9.586599408577719 0.39658768830523666 -0.7772909577230396 -0.09479977463854232 25 3797.0 65313.0 -12.037499081302167 -0.43674146895008586
4 530.1646203334686 33.88549307584949 0.3778959146050308 -0.8934945757852969 -0.4348767451068914 25 2509.0 40377.0 -11.515335119614242 -0.07849445900666206
5 585.6962055386322 33.93916185656286 0.8486924494336111 -0.365700017746982 -0.3868213589566928 25 1451.0 2923.0 -8.66457203839359 -0.04559600850720386
6 117.08586913450792 48.558370943332086 0.47064749971132736 0.1310931680204607 0.707008183941848 25 2848.0 26292.0 -11.049559059020826 -0.7743347986606239
7 216.41652330983774 54.104042950080164 0.4321432469565833 -0.7617011781116867 -0.8656614053634653 25 1533.0 18254.0 -10.653395115485312 -0.08404503796344248
8 694.5014908328772 63.3976498699918 0.5448528986409379 -0.022355147400164907 -0.43695821802350143 25 1498.0 9228.0 -9.91276896462264 -0.24465566339427336
9 189.46170304998628 75.01106184496557 0.5026260552765843 -0.5861801909296572 -0.9693782477657839 25 2967.0 42353.0 -11.567210445598391 -0.2645758960950733
10 180.51863406646152 78.06884927683045 0.4540632478265374 -0.7339482051851479 -0.7188501721750793 25 2616.0 37756.0 -11.442464943544312 -0.39512101504493313
11 466.9207598566713 77.35015624130673 0.4824386987963658 -0.8578513999428425 -0.1571938371889438 25 2116.0 25761.0 -11.027406794045959 -0.1723273239379988
12 595.2919051355229 83.4808688438141 0.43426519762570603 -0.8245932375721152 -0.7226187186654622 25 1927.0 26075.0 -11.04056079274642 -0.07438384908634246
13 124.25461170529334 89.21239054510903 0.3712189251055297 0.952078645618824 -0.8403803754375151 25 4294.0 80366.0 -12.262680882585306 -0.4514752364691449
14 114.67180149377954 93.98215448722323 0.438793169934213 -0.760033157966178 0.7588619959199094 25 4132.0 75360.0 -12.192852224462051 -0.4209757028251573
15 797.284841546637 101.75168190757987 0.414534039039908 -0.13776393230778042 -0.7705822091148712 25 3876.0 60719.0 -11.958311526040276 -0.5928458759383619
16 832.9988936885914 105.79632581896517 0.2903434182489847 0.07914753856183582 0.855890371217392 25 2179.0 31214.0 -11.235873565096146 -0.43953228771965136
17 665.8187203890611 106.04609412225379 0.6843701133741019 -0.37466872201242835 -0.02241948032442906 25 1254.0 3275.0 -8.788028260819505 -0.14445469556510465
18 789.0249270053481 106.51143654519002 0.4540725502282254 -0.4681879508213141 0.034165067244277224 25 3805.0 61587.0 -11.97372262358909 -0.5262339223453467
19 44.22722231449063 135.58578331158714 0.40176905827971543 -0.001222639433617974 -0.672437797772728 25 3904.0 62449.0 -11.988813720948361 -0.6162376459173298
20 33.490792282675926 139.12080320770963 0.4636468605036314 -0.8059298495901508 -0.44245932665310106 25 3505.0 54172.0 -11.834437174482577 -0.526496157030685
21 284.56826540079686 142.037903708921 0.4400310837119634 -0.6047731797330366 -0.6246817178499524 25 2174.0 30182.0 -11.199370036924375 -0.08160611583559108
22 258.1607126436602 156.57529711242898 0.6406324197005798 0.7162214083773272 0.3663210734535201 25 1825.0 7212.0 -9.645139295125912 -0.4460519643601682
23 786.1945219365122 159.87266565862063 0.47674657481050237 -0.7426355443390389 -0.73381165020175 25 3186.0 44406.0 -11.618604136482604 -0.4594286809673342
24 778.499611124853 164.03353306892544 0.39746092135187266 -0.9849129941348571 -0.37517996879232557 25 3481.0 56404.0 -11.87827475979561 -0.5108388402591579
25 832.6882831783793 174.2394962743542 0.3118977318744366 0.1029621557532674 0.3969348847505576 25 3032.0 43204.0 -11.58880989351342 -0.6450069503756013
26 552.3556553742029 187.15435894616266 0.6394302940332071 -0.4983438129026718 -0.3646616831088656 25 1129.0 3531.0 -8.869744293907743 -0.009302266711371033
27 773.5793563554322 188.1601124725715 0.3424423101122824 -0.8997789541982455 -0.9432377621881847 25 3670.0 60915.0 -11.961810621364295 -0.499708696221619
28 765.9343937417169 192.34206408487833 0.4107515250910732 -0.5084398160123742 -0.41868481502699173 25 3310.0 55019.0 -11.851281731472374 -0.261253239551163
29 793.7993316665536 197.37470352939766 0.34294930002237073 -0.9942866318301951 -0.7982357756157913 25 3110.0 57449.0 -11.898206183593757 -0.04415065698938021
30 606.3755901679046 198.6788542344334 0.6992749616374613 -0.33414207695297427 0.41593965731239074 25 2040.0 7083.0 -9.625543104495973 -0.4996835121678387
31 496.919334438917 200.0767933328163 0.956550475311856 -0.3092767311427302 0.22965788759906913 25 2002.0 2248.0 -8.379490767242558 -0.3334776648781051
32 671.8728883254473 200.11250811497368 0.674169604687845 -0.6637888978849358 -0.9164284598304163 25 1412.0 8308.0 -9.798741219657654 -0.006366160305024683
33 263.5160516733359 220.88897662773894 0.4959873395614309 -0.7141946213435469 -0.9174177516348784 25 2108.0 28827.0 -11.149498620257868 -0.028197964474725695
34 156.91534731375427 231.30623397958453 0.5128971848166483 0.44951316114688006 -0.5440819054142924 25 3801.0 60775.0 -11.959312418788432 -0.3926837701504246
35 148.21446830255857 235.16229463316057 0.461827807190616 -0.5425429546555611 -0.011682880603898143 25 3740.0 60724.0 -11.958400928986956 -0.4674744082379225
36 498.0442993913315 254.82838364220126 0.7794360024602895 -0.26424192052036755 0.16856962900065897 25 1671.0 5392.0 -9.32937470881816 -0.24917274664600586
37 75.27481631868355 259.7581190760229 0.8420417882952417 0.7410925043830241 0.43411183762897826 25 1470.0 2592.0 -8.53408749299639 -0.12655159196252072
38 388.8092563353164 260.09281762906267 0.6293355726299525 0.26594700714706776 -0.18609291169175277 25 2772.0 9884.0 -9.987331841825105 -0.9725300240743913
39 617.6336269796074 269.1068280478666 0.32097852694639106 -0.776867251666679 -0.8235725936945768 25 2533.0 41253.0 -11.538638841976702 -0.13516560085347057
40 743.509026660787 270.6320805575203 0.44868245265209156 -0.8824283576723004 -0.9701396875892114 25 3067.0 50941.0 -11.767668665380295 -0.13826842177706414
41 603.261073328866 276.3597816045162 0.40167699050739486 -0.891338159343743 -0.5254287569728565 25 2265.0 36207.0 -11.396981355026465 -0.015807391994523964
42 301.452583972786 278.58929664139356 0.4031628447193308 -0.740140387484824 -0.4480504993985815 25 2230.0 30841.0 -11.222821128330644 -0.3735882680267495
43 525.0464821139293 282.517183800098 0.4501952652051218 -0.40727523935014204 0.4234506667571483 25 1692.0 7333.0 -9.663204212489026 -0.6835121185103389
44 654.1835466437027 322.0203462305516 0.6395760778052568 -0.1791187239503252 0.014065330739466482 25 3273.0 12266.0 -10.221757400878687 -1.1161586593361348
45 579.9465150139167 340.8233621686029 0.7775720069207143 0.06786895599896782 0.35981272608216414 25 2670.0 8692.0 -9.847799294121218 -0.7913914480138389
46 721.4218073746742 345.79328324182774 0.4159201480620711 0.13577258929855518 -0.6279818772115648 25 4093.0 69295.0 -12.1017547477579 -0.43864716817440413
47 266.6306294304026 347.24536181177217 0.5211604982222796 -0.855276120174384 -0.974748737928883 25 1771.0 21639.0 -10.838092967274322 -0.003619429961720273
48 711.7108021554012 351.08563459156744 0.43311146903349845 -0.7236282085164516 0.6085110102004219 25 4068.0 72865.0 -12.156297423094571 -0.48061717814846144
49 576.9504278251525 349.84030000117986 1.042795767711916 0.34654247410050804 -0.04086037761067098 25 1860.0 2503.0 -8.496152124020558 -0.243681229189469
50 593.0281926770141 349.9059986984507 0.77796607534451 -0.4264374126672521 -0.05688342486290572 25 2252.0 1676.0 -8.060685035735645 -0.7150781040291281
51 101.14402776909608 357.91664948375455 0.934647502081025 -0.07637164054528832 0.12337889437833259 25 1312.0 -2273.0 nan -0.08215495360708652
52 651.9777684862281 363.3961093217799 0.9357760577072475 0.3589404637634087 0.10118359809641846 25 2519.0 4758.0 -9.193561094253118 -0.5670321944173284
53 629.4606424631488 365.4128943860564 0.4261597851763796 -0.5383888991599628 0.10555700066601142 25 2184.0 13267.0 -10.306931822846497 -0.8737471796839644
54 716.5214236143835 367.1252155042557 0.5797567876223152 -0.6904662792568214 -0.5550578572752645 25 2238.0 31900.0 -11.259476707642953 -0.05279231159158355
55 423.37239311387754 391.52162562765807 0.3791036248660089 0.39527185402081594 -0.779901422526572 25 3676.0 63340.0 -12.004195147589733 -0.44250538471772327
56 645.1834954062007 390.95757971413127 0.8788027742201581 -0.7783569046546109 -0.4937784941884161 25 1472.0 1276.0 -7.764626685962859 -0.14841850892011396
57 411.71995169578196 395.60286611477346 0.38339521693916695 -0.9733758304271339 0.19535922403116027 25 3978.0 72107.0 -12.144943567963866 -0.49991823068595687
58 784.5254509357723 405.0122279289503 0.42848559827887645 -0.5176298770454542 -0.7949402950849473 25 3123.0 47765.0 -11.697774455204433 -0.2580836289871997
59 712.1137010217155 411.95402123700666 0.5614826406281498 -0.6015264524327141 -0.6660278655868287 25 2715.0 41393.0 -11.542317258695222 -0.031048984850322783
60 420.4921689780527 414.20900207489876 0.4627925492479202 -0.7280867602109786 -0.9338172006628431 25 3086.0 47603.0 -11.694085808397357 -0.19360596236849462
61 412.63576072319506 417.50566109026647 0.444337160920036 -0.9249140793259899 -0.2761730798534517 25 2835.0 44636.0 -11.624213172274365 -0.21736178334127237
62 185.0761354446474 423.0831024063865 1.0484504618931458 -0.4931852879144637 0.23710225178197217 25 2344.0 2531.0 -8.508230362895636 -0.4743420557474123
63 832.4768273256137 430.61492695489136 0.343143792661941 -0.35314360516478804 -0.16739667525202123 25 2625.0 36377.0 -11.40206720017982 -0.4647105682673752
64 785.2181710145029 433.37403770146966 0.5052284339329776 -0.9206032514863727 -0.6457799286030066 25 3039.0 48656.0 -11.717841007000143 -0.14545141559404037
65 694.5753981243315 452.85425586677314 0.7801663116378532 -0.15900735105723376 -0.3049176594484561 25 1470.0 3444.0 -8.842657856954043 -0.12861145814201
66 471.0805621790165 465.44223747534386 0.49273543746212156 0.5901555663851887 -0.5976895215353855 25 3924.0 63152.0 -12.000967772628602 -0.4879625255151559
67 629.946339250861 464.684259685042 0.5758689569883961 -0.267015698918123 0.5264228958096818 25 1293.0 6310.0 -9.500073398110336 -0.17046276263979923
68 460.5617167217646 470.2516570194501 0.42365237716521026 -0.7655570200789813 0.5168149559668695 25 4117.0 74051.0 -12.173827319248048 -0.4070127603722763
69 229.0865494674538 472.7455642830386 0.5484645776794067 -0.239192225170625 -0.13438226381494525 25 1043.0 2085.0 -8.29776514827444 -0.18635602356773595
70 309.0248561745564 476.8341902624421 0.8491742468036124 -0.029646979555720012 0.114455390133918 25 1839.0 5519.0 -9.35465098516316 -0.26946081219848417
71 130.8205435987374 488.51535107754063 0.6685213710652498 -0.625522482146409 -0.0972585700550667 25 2623.0 9536.0 -9.948415605990403 -0.8578897883322514
72 658.6051426331051 490.461527880346 0.4502350875597503 -0.8851907666830952 0.0317999585663851 25 2742.0 41667.0 -11.54948058157588 -0.2842804070445689
73 732.2819180423655 499.565971811808 0.38223849086509687 0.3851651915302927 0.04000101662446119 25 2824.0 21230.0 -10.817374985414999 -1.0824576733309197
74 148.4047441948519 506.17429760681944 0.5500641589426727 -0.5476969988415045 -0.22070133770889705 25 1737.0 8249.0 -9.79100325900969 -0.503861554822374
75 764.5106283980115 507.1940278214883 0.6573557044666908 -0.2127445076205881 -0.9184756748961507 25 1740.0 7384.0 -9.67072922004464 -0.304086666095975
76 333.73531782564567 510.2931807002992 0.5293273127462147 -0.8086921762828461 -0.623640777818023 25 1961.0 23918.0 -10.946812153876417 -0.14586611539652966
77 0.07171771936274116 515.6679167535508 0.7325881669060355 0.1605444058863958 0.6439652859338139 25 2329.0 6451.0 -9.524067604735125 -0.6907321305938052
78 542.7614944737675 526.754016227822 1.0218415237668876 0.23402615039451918 0.15043270426070302 25 1811.0 5678.0 -9.385488470474595 -0.03479713502734801
79 268.6660757327204 527.9296539457895 0.3285413668134848 -0.001008041221481917 0.22463285743396935 25 3811.0 31793.0 -11.255828775116711 -1.4697273797724164
80 666.5222799269185 542.0578007839393 0.43557399406903863 -0.9772791660474408 -0.27235291262729194 25 3807.0 28425.0 -11.134251183399432 -1.373516025439011
81 260.6173786736351 543.113870033703 0.7897834928612752 0.6352841813632102 -0.6436891120556499 25 1589.0 5420.0 -9.334998216345967 -0.20788284449635433
82 373.6249776053073 545.9702144727836 0.6577486868631239 -0.4980893642430799 0.029072004498443865 25 2144.0 8115.0 -9.773221310405626 -0.6394277986183072
83 1.0089945391508486 549.0031375986486 0.9688003687951783 -0.2593671009906916 0.29949954858749817 25 1711.0 2683.0 -8.571551681679848 -0.14970604892952444
84 52.717825377274195 550.8350393903665 0.47293485502120136 -0.5472670327991899 -0.960832984977951 25 3349.0 49496.0 -11.736425257529861 -0.4220869112572174
85 44.61161962585483 554.0161448949619 0.34674860975745075 -0.7661311442592736 -0.687920323316184 25 3549.0 63679.0 -12.00999058681257 -0.4008172452980441
86 198.30462649104763 562.6295525286831 0.562978456079763 0.2522037122772073 0.17536820115164237 25 1093.0 5441.0 -9.339196814764762 -0.03970160746875437
87 472.44262992200487 564.799524043834 0.43763301138525457 -0.2725462485245971 0.1914779797849333 25 1594.0 8993.0 -9.88476148353365 -0.5595602009966709
88 71.75544291124166 567.8065837179905 0.5831675832583578 -0.20127753124573225 -0.6219128780066504 25 992.0 2485.0 -8.488315982673377 -0.10044025515880281
89 226.94855230719475 569.3453407826889 0.4459173104205243 -0.988230642524969 -0.4648114863335051 25 3113.0 47765.0 -11.697774455204433 -0.43719280039528174
90 261.4397030812219 580.9901667690141 0.9081833278544201 -0.11455444949910165 -0.3380761906950292 25 3210.0 9296.0 -9.92074028761564 -0.8177170241637342
91 301.96818568009763 588.8115894207956 0.7436990570575298 -0.03189481643786351 0.1810860427705619 25 2206.0 5281.0 -9.306790418721237 -0.6297069845021026
92 280.8820713518118 600.7742118459155 0.43301579502529897 -0.415269770170865 -0.027729680656857016 25 2218.0 32620.0 -11.283709891760642 -0.06313849890036363
93 682.0367333072799 600.8119138524944 0.661477824341631 -0.35741712039415746 0.0008719228542686886 25 1939.0 7951.0 -9.751054383644345 -0.4972139691715985
94 150.43315244857962 613.3140402420385 0.5055051047302317 0.10147190265916234 -0.30333879235841177 25 2361.0 36021.0 -11.391389413383514 -0.06596902424849072
95 1.152436621348826 618.1219332577465 0.32175905797347876 -0.17176604846809795 0.3411543842262528 25 1476.0 18341.0 -10.658557527168464 -0.17617530600640052
96 53.392103765485345 622.94424309725 0.5015684152963231 -0.8396490650131764 -0.06482454242437319 25 1415.0 15816.0 -10.49774164076404 -0.04944760024218317
97 245.66495159932916 627.3067281922824 0.5955854086460539 0.48294674775419383 0.44545107169065146 25 1694.0 9137.0 -9.902009062279424 -0.259966427026689
98 453.07178963381295 643.9508747832749 0.667758059451099 0.5897506119329691 0.15858382187068676 25 3574.0 12324.0 -10.226879224112258 -1.2003661794732619
99 802.9302319733216 644.0385316351089 0.7619958693343742 0.11331696772076734 0.017379071978267845 25 3693.0 10995.0 -10.102988084242025 -1.1486446003006066
100 772.4472270660062 651.256757291855 0.7286201621940479 0.06499948488673393 -0.14220505249398113 25 1699.0 3108.0 -8.73120252532219 -0.42213458593578246
101 549.0397639693849 679.7217247514122 1.0591015578042988 0.10284733279966855 -0.08419045330947998 25 1846.0 4995.0 -9.246338731405002 -0.06830769004530088
102 226.90582541817946 686.7247745645848 0.7712457899452035 0.9038150335728554 0.549375788855104 25 2755.0 9084.0 -9.895692813869243 -0.7663040437454048
103 467.18000889340374 696.1376325521944 0.3218002719163544 -0.25269323946635014 -0.1569030720233885 25 4063.0 64089.0 -12.01695873802281 -0.8758802725305703
104 258.72425876951104 707.3916473462256 1.2313426821468894 0.08905451371496392 0.028015152487699722 25 2400.0 2226.0 -8.368812899996724 -0.34453994040032104
105 414.36488513502445 710.8551290599833 0.8808243606903918 0.3646031950573955 -0.4283789354754591 25 1576.0 4705.0 -9.18139906940819 -0.0483264751084861
106 83.8221313202245 716.2839816025667 0.5034639209953127 -0.8657632724593038 -0.10220026084122828 25 4164.0 68555.0 -12.090097837938567 -0.5278763338627606
107 447.06773595261143 716.0831469476723 0.9519926196716963 -0.5245455833839698 -0.34517045294497095 25 3315.0 8997.0 -9.885244301197973 -0.8335786910369947
108 2.507537204470255 724.1159044397685 0.2337038003200508 -0.9172326433271418 -0.1109371018347667 25 2088.0 35705.0 -11.38182259352697 -0.21216014685026469
109 63.64979642398421 728.4320164077241 0.7922761507842971 0.6578930497696182 0.19322949484603447 25 2713.0 6314.0 -9.500761443890497 -0.7734424632497772
110 212.8059275825027 728.6460010038348 0.9569343031596002 -0.09762393210800151 -0.020148683696461653 25 1594.0 2792.0 -8.614788534877809 -0.13093768272437162
111 1.8707044191960782 732.4901702010474 0.29539076203623854 -0.9100682481320019 -0.013890304663006697 25 2081.0 34068.0 -11.330866596433705 -0.11638768615338921
112 29.373702030277723 734.7216846354021 0.3473987951890545 0.5177180989211406 -0.7350416150704311 25 4200.0 73415.0 -12.164462007817328 -0.5497985401785026
113 18.444724805891 738.7238658090695 0.36996503031686695 -0.6161387449841202 0.4103941403067482 25 4133.0 72993.0 -12.158203033618298 -0.550949553057123
114 505.3251834400964 744.1114786224348 0.9677653696619691 -0.22727215966996916 -0.06297578775319981 25 3120.0 14010.0 -10.366095338214436 -0.6476252083679186
115 661.4013801673128 756.3208024831903 0.5658190968512528 -0.07957622664292888 -0.37131127778167766 25 1025.0 4437.0 -9.117723571791387 -0.0033692788049806493
116 454.42192481983085 757.7256599635135 0.694622259020319 -0.6837421534190693 -0.06506306363586697 25 1734.0 10363.0 -10.038713745386136 -0.23523599960356997
117 221.69690142540568 762.1151266554647 0.7709215272321611 -0.47580683093048104 -0.25783975748905325 25 2714.0 10747.0 -10.078218122192496 -0.7570004034675115
118 150.70357095950186 768.1255473867959 1.1469694331268225 0.127659906753922 0.3479092730334875 25 1738.0 2647.0 -8.55688485325337 -0.02750388839732513
119 510.17925117452654 781.3722929151161 0.9317946924039321 0.7230773401452651 0.1330214370245614 25 1517.0 3136.0 -8.740940135031002 -0.01738694722175463
120 702.6222924518679 790.2054573591481 0.6510432815857174 0.08762498464011663 0.050193279035799364 25 3140.0 11618.0 -10.162828430350526 -1.0378080189596226
121 701.4089217088889 808.1338621340893 0.4593092691423654 -0.42303756666940256 -0.8071980150632234 25 3364.0 52122.0 -11.792552679741576 -0.36252397548350623
122 734.2334278581791 807.9528444547084 0.43681821375286184 -0.7297478414440767 -0.3198753284915408 25 993.0 4332.0 -9.091721119883207 -0.22993330978069412
123 554.4289333353797 812.136132512921 1.048771754856135 -0.49550524865003415 -0.2636024260528486 25 2471.0 5444.0 -9.339795291328242 -0.4578339550487662
124 688.4499305426424 813.0515121438491 0.45820742029991723 -0.3971198011338284 -0.32046617575904124 25 3138.0 50521.0 -11.75867984571099 -0.41193168639387095
125 42.23856082358345 822.438662485854 0.5294074205439397 0.22968236865022332 -0.43009416735012895 25 2834.0 12909.0 -10.277231502005543 -1.1066861379436632
126 72.58308956047034 830.452745023223 0.39322516280383163 -0.6253925086462021 0.030580019634961892 25 4004.0 68192.0 -12.08433357008527 -0.5054409557034728
127 79.56282591880151 832.2101174808787 0.28052971213469036 -0.24505247520562778 -0.3781030875783742 25 4131.0 70358.0 -12.118283714210968 -0.73127783395801
