test_CNN/outputs/tables/03168_a21899m0s0_sources.ecsv
# %ECSV 1.0
# ---
# datatype:
# - {name: id, datatype: int64}
# - {name: x_centroid, datatype: float64}
# - {name: y_centroid, datatype: float64}
# - {name: sharpness, datatype: float64}
# - {name: roundness1, datatype: float64}
# - {name: roundness2, datatype: float64}
# - {name: n_pixels, datatype: int64}
# - {name: peak, datatype: float64}
# - {name: flux, datatype: float64}
# - {name: mag, datatype: float64}
# - {name: daofind_mag, datatype: float64}
# meta: !!omap
# - {date: '2026-06-03 17:11:42 Eastern Daylight Time'}
# - version: {Python: 3.11.15, astropy: 7.2.0, bottleneck: 1.6.0, gwcs: 1.0.3, matplotlib: 3.10.9, numpy: 2.4.6, photutils: 3.0.0, scipy: 1.17.1,
#     skimage: 0.26.0}
# schema: astropy-2.0
id x_centroid y_centroid sharpness roundness1 roundness2 n_pixels peak flux mag daofind_mag
[from data line 104]
105 111.02821566914359 656.0370198612248 0.7883650075199824 -0.22146564371334762 -0.08777282244552592 25 1176.0 1589.0 -8.00280974301845 -0.2292255344211584
106 684.9699166043233 655.8974734090418 0.7886598506237619 0.1498821244211455 -0.246983360629161 25 2678.0 10960.0 -10.099526385370876 -1.0046192727035983
107 501.982045659253 657.1812153600913 1.0821243166668968 -0.49187961818045794 -0.22872558306966143 25 1282.0 2879.0 -8.648104162195205 -0.025806206242583066
108 733.946360402117 681.3400256360782 0.8465525001138137 0.11391560230789437 0.5176970692823921 25 1607.0 4897.0 -9.224825260045545 -0.45433574646215724
109 196.8017656894194 694.2718372602304 0.5486883539910455 0.07099096142000276 -0.10461353629605973 25 685.0 1772.0 -8.12115929387758 -0.03432412196582149
110 163.97175154432165 694.9055114749419 0.551903477343653 -0.7588475132636747 0.5676337533027968 25 1080.0 6528.0 -9.536950364364511 -0.3012058276297754
111 605.076859684496 704.5387844801245 0.9023527891574282 0.11083987701703837 0.5705478055415424 25 1676.0 4313.0 -9.08694864536488 -0.4681760766404872
112 221.03900319666312 706.3201400181415 0.7563342291550538 0.162057359201094 -0.18744140483014748 25 1184.0 3865.0 -8.96787374563586 -0.221364204460809
113 89.02483179202567 717.1748965162795 0.44127924937326324 0.1938680246188417 -0.5548109010560733 25 2619.0 42566.0 -11.572657101743767 -0.4056970539357372
114 53.25216666364998 719.1084930754083 0.6189596751601326 0.46564865302031777 0.2656665446583792 25 1537.0 8763.0 -9.85663202923303 -0.5073692848832013
115 37.94828527339675 719.6868157528401 0.7274054124184975 0.6372907061673648 0.23269025094521176 25 1937.0 5593.0 -9.36911204832062 -0.7898748095615077
116 76.15237894483357 722.3190652917563 0.4692851807938842 -0.2502130461652439 -0.01802832173505039 25 2589.0 44915.0 -11.630978510042635 -0.18375165177887687
117 1.3830054834481416 726.3033445709182 0.24622095231516725 0.39114673606608114 0.3709264968945517 25 2030.0 33641.0 -11.3171722424897 -0.37884818666862885
118 1.5545099500655075 735.1821928778577 0.41638435206870283 -0.07327321915542133 0.6147451154710668 25 1722.0 26384.0 -11.053351595751108 -0.06619920524553213
119 153.8485042158908 734.8914533502772 0.8926296758558077 -0.20358098677843173 0.17598741356414616 25 2367.0 6309.0 -9.499901318514958 -0.8439479456964517
120 59.93509595905248 736.6783224874998 0.9327215783630244 -0.4609320942829663 -0.3656736616078071 25 1324.0 879.0 -7.359972187684429 -0.24412596120532257
121 25.864697421327595 738.6745580381091 0.41634877938186154 0.7845896972775578 -0.1906702457292803 25 2980.0 51447.0 -11.778400137666821 -0.5083608292367306
122 720.1647726114232 740.9833710313292 1.069205109037348 -0.6498511897412995 -0.1408034493473802 25 1545.0 2257.0 -8.383828897694405 -0.2570332951985113
123 11.668504709129316 744.1604926511052 0.40456529483300935 -0.5167455257125183 0.5370344846485262 25 3023.0 55869.0 -11.867927244967056 -0.3065717355207451
124 531.5131535495333 760.1979574782088 0.6805000457096022 -0.4543575274694437 -0.4797041285103797 25 948.0 2218.0 -8.364903854532853 -0.1126914969990318
125 649.1384921480902 762.3278412714643 0.978013614789119 0.17289851901411354 0.18628119462141063 25 1853.0 4386.0 -9.10517156835376 -0.48562683595389977
126 49.69094652494293 766.9386709232283 0.9907562017255245 0.27697974141735815 0.2575939696066702 25 1246.0 2607.0 -8.540352577920823 -0.0771491785532181
127 126.45092670536543 801.2221949130287 0.5932993058134228 0.17105637298381424 0.04581949592813363 25 851.0 2629.0 -8.549476465265908 -0.04791436509479631
128 716.0636891979954 803.3096968794838 0.726192996595226 -0.6168960572395042 -0.1842103129181471 25 1117.0 5232.0 -9.296669338290528 -0.07003630694561502
129 753.8262182470415 808.5466927704183 0.6654740033403465 0.33287025580235025 0.7920176207428188 25 1180.0 7394.0 -9.67219861559272 -0.1637492710012847
130 698.5132374731658 810.5759688733457 0.37138720734418823 0.35188828011607215 -0.5321218843123645 25 2714.0 46505.0 -11.668749121777147 -0.36026387753073813
131 141.44822736285727 812.004472751568 0.6691010741107096 0.44420017198228684 0.21523397604927164 25 1738.0 6365.0 -9.509496019974184 -0.6821182115548224
132 684.9797273728539 817.3104161485927 0.47617920451558765 -0.7346663249939186 -0.06655984309486851 25 2463.0 41201.0 -11.537269392583529 -0.1777365879601583
133 502.4160180051711 821.041332649577 0.8084616265988228 -0.33504068821309585 -0.7566978521145484 25 1637.0 5509.0 -9.352681930933302 -0.5222684219806062
134 799.9174857985646 825.4471651840681 0.78365771218571 0.3022215871785367 0.11227600387163526 25 1139.0 4844.0 -9.213010336177536 -0.12502377686414567
135 475.43043317450304 827.9821444455824 0.8307571362114549 -0.4983702525172461 -0.14452212879603352 25 2152.0 5447.0 -9.34039343818283 -0.817725098782998
136 79.44606644559592 830.638361258802 0.3673146289175585 0.8014524458101034 -0.4985088527450647 25 3151.0 57346.0 -11.896257825928348 -0.42332919908300193
137 532.8636147152761 831.9192040157913 1.138067466103168 -0.18242090632121388 0.16604331229824257 25 1826.0 2009.0 -8.257449841870624 -0.39311717672819735
