test_CNN/outputs/tables/03164_a21891m0s0_sources.ecsv
# %ECSV 1.0
# ---
# datatype:
# - {name: id, datatype: int64}
# - {name: x_centroid, datatype: float64}
# - {name: y_centroid, datatype: float64}
# - {name: sharpness, datatype: float64}
# - {name: roundness1, datatype: float64}
# - {name: roundness2, datatype: float64}
# - {name: n_pixels, datatype: int64}
# - {name: peak, datatype: float64}
# - {name: flux, datatype: float64}
# - {name: mag, datatype: float64}
# - {name: daofind_mag, datatype: float64}
# meta: !!omap
# - {date: '2026-06-03 17:11:41 Eastern Daylight Time'}
# - version: {Python: 3.11.15, astropy: 7.2.0, bottleneck: 1.6.0, gwcs: 1.0.3, matplotlib: 3.10.9, numpy: 2.4.6, photutils: 3.0.0, scipy: 1.17.1,
#     skimage: 0.26.0}
# schema: astropy-2.0
id x_centroid y_centroid sharpness roundness1 roundness2 n_pixels peak flux mag daofind_mag
1 299.32167899778625 1.9850701393401742 0.9485243699377564 -0.017235850406778216 0.3816089145404115 25 1779.0 9584.0 -9.95386701261309 -0.2733452448119802
2 310.7179880784707 6.5874769355299065 0.4130226945449897 -0.5308892216833773 -0.7001142874361088 25 3457.0 55631.0 -11.863292166775425 -0.6836021825932631
3 609.6371678790962 6.506170176926201 0.413029250024938 -0.26519789536066185 -0.6388290882555376 25 3753.0 61117.0 -11.965405070585398 -0.7672815454961889
4 254.08290600770513 8.030552528968835 0.8214848398898297 -0.060805526888623326 0.3047523339730396 25 1736.0 3450.0 -8.844547737683184 -0.6559786165634408
5 304.40998748030506 9.81957150861318 0.3407728762288405 -0.7020848981506191 -0.3345115512404137 25 3169.0 53089.0 -11.812511362299391 -0.7207516754291478
6 602.2489937164619 10.655025248316036 0.402790311556458 -0.4544366949175506 -0.1426642734606395 25 3522.0 57393.0 -11.89714731606645 -0.6803270643999321
7 95.00272752989372 20.51656148323903 0.6018202691858876 -0.2531117846309215 -0.09943703348006544 25 1120.0 2971.0 -8.68225662950916 -0.45488127665039185
8 792.150756844718 19.884820631939032 0.7148505650838991 -0.6943365191284057 0.43410514259032323 25 1907.0 9029.0 -9.88909913255813 -0.6452893610290729
9 243.3428463355101 23.651309690804606 0.42340792906737995 -0.47920024003795353 -0.7005525120884138 25 2038.0 32275.0 -11.272165627346144 -0.1748155114325382
10 822.1521515576134 26.550590027121114 0.39898670264725944 -0.8955855292954731 -0.19613407049468967 25 1973.0 26983.0 -11.077725583411526 -0.4921441559652431
11 537.0113700376711 31.69429951663916 0.4641779850086742 -0.8638774618934131 -0.8784534301921606 25 2731.0 43946.0 -11.607298378445702 -0.3357020564164003
12 351.70685173002727 33.51478710699955 0.42647529241028126 -0.8433068846352232 -0.9042509356892422 25 3170.0 49257.0 -11.731169893954574 -0.6855580321279005
13 246.99584974513766 52.627858322399426 0.7829830674631685 -0.012389616523935967 0.30821502347447516 25 1127.0 1318.0 -7.799788525644978 -0.29418088524515185
14 535.8635154973337 55.718162931338036 0.7633290914527312 -0.11817565658223578 -0.30303908510535604 25 935.0 1136.0 -7.6384458284375 -0.06699540587673286
15 264.30397042488767 56.61028108102262 0.4088511902193508 -0.1969620362773278 0.2907971095490538 25 854.0 4398.0 -9.10813806256193 -0.2750240156193123
16 190.2534550451605 75.9241302068286 0.3914189969792326 -0.6727646190726356 -0.6450450581674211 25 2455.0 38052.0 -11.450943720186784 -0.49799998454278077
17 588.4307950938758 77.08133404064868 0.6967432080108676 0.11703464916704437 0.15736572527744194 25 911.0 591.0 -6.9289687022031385 -0.16469870572315748
18 622.89408861502 84.69704874926171 0.838875171892759 0.45013124384724096 0.04067476158288306 25 2228.0 4409.0 -9.110850247065805 -0.8991509225810168
19 671.2326787821848 86.67799050721355 0.7651168015388559 0.5292221209880582 0.6228965814581138 25 1062.0 2386.0 -8.444176098335808 -0.16706968892523527
20 456.33890325525215 87.39303566735661 0.4929652321823791 -0.519875024138737 -0.6382386219653523 25 2515.0 40884.0 -11.528883449038755 -0.3600164319819795
21 125.18127955578305 90.54264809558657 0.4272518072032607 0.9900155762584258 -0.2663763798188874 25 3919.0 75551.0 -12.195600542687204 -0.40794295120558843
22 115.67107810286309 94.89044429006655 0.4753624096045475 -0.673055959281225 0.841913285034096 25 3932.0 76981.0 -12.215958870938426 -0.25103387948602224
23 25.89075352934153 94.83852733547505 0.8208237631111681 -0.5916669441247396 0.024362374533310242 25 1088.0 3052.0 -8.711461323207107 -0.09193389334318042
24 332.89029646955134 99.1670671460223 0.5091454078253933 0.12455057432954499 -0.11884218078373979 25 853.0 1615.0 -8.020431316667803 -0.3152788996845626
25 260.2129928075189 100.70538519773214 0.6239545074553406 -0.26060205844761036 -0.06677425025114697 25 969.0 2731.0 -8.590804250349333 -0.2143405739587018
26 798.7205873927489 102.85651020085571 0.41706275211849214 0.007699113066568877 -0.3889372704022067 25 3783.0 60389.0 -11.952394595130343 -0.8390684489874607
27 466.7273590293907 102.69176980487569 0.7929548966523889 0.5174019588941623 0.19789420868886134 25 1065.0 1842.0 -8.163224064652075 -0.17549985805926677
28 592.182861452461 105.93943146659704 0.5371711275402097 0.8095364823936146 0.3793349457190223 25 665.0 1654.0 -8.04633876304132 -0.021423156621852988
29 789.9839484525173 107.6598031327883 0.34658492012909214 -0.2229718569330756 0.09710309675869835 25 3846.0 66983.0 -12.064911486490839 -0.7712942509780808
30 292.0032795944427 109.0137326252751 0.8556209880013664 -0.02732035968822685 0.38115192818148735 25 1387.0 2079.0 -8.294636223328673 -0.39393065348956946
31 60.045733376584835 111.21912856867839 0.8473972268337767 0.4418100347760158 0.3539584432874174 25 1203.0 2554.0 -8.518052232318492 -0.22725190571305512
32 303.7571843368454 112.39625555079519 0.502285078162891 -0.30729094602773976 -0.9434548579165511 25 971.0 10162.0 -10.017447976435692 -0.011163606461326848
33 120.96848400758431 125.79411336479019 1.075114680279316 -0.10625926893836965 0.03870480592168274 25 1836.0 3632.0 -8.90036459962262 -0.45604180961365676
34 760.9789518234476 126.76644867324133 0.9656743972119254 -0.24258115319575246 0.05774783311845194 25 1380.0 1877.0 -8.183660681553365 -0.28524632922783466
35 93.49809974946295 131.49302437709147 0.8837872399740635 -0.4008543585577873 -0.07804444312637622 25 1149.0 2966.0 -8.680427866730907 -0.09194231127196872
36 44.68848665233113 136.6085639611678 0.3845561867252275 0.08943377874414737 -0.4867615938058692 25 3900.0 66814.0 -12.062168681851178 -0.7220467396271566
37 468.89401896988676 135.68527653970867 0.9313611051394053 0.3744560750011518 0.033758330536565864 25 1096.0 1584.0 -7.999387943133687 -0.04510292580678251
38 730.9747033519673 137.06616539944275 0.29161156960453477 -0.4708505790075144 -0.38939664353390624 25 1565.0 26317.0 -11.05059095117472 -0.08493252630775618
39 664.3872002877865 137.25338280130765 0.579224463684618 0.013816329985608049 0.7427757533482799 25 890.0 4116.0 -9.036188415225988 -0.11100897322760372
40 639.9405275894142 138.84114022499443 0.7905319253598212 0.3648376849366093 -0.2662867286854275 25 1071.0 1720.0 -8.088821117268871 -0.1729240727157456
41 37.240729534565716 139.97279311860237 0.35429333171876926 -0.4115122509822713 -0.12700175392352567 25 3909.0 71480.0 -12.135461359584017 -0.6579316647104418
42 282.3382277052646 144.3972901873705 0.386456144506204 -0.8472595198179825 -0.5406926370895516 25 2937.0 54016.0 -11.831306051523855 -0.32104548624853835
43 555.1741196560496 143.9173377134011 0.8020425057834674 0.01643763726737933 0.1591325446441338 25 2273.0 5159.0 -9.281413819683271 -0.957287118320494
44 787.0564292289886 161.02502452298242 0.4142412199357911 -0.7382034809980783 -0.7454030346670483 25 3362.0 54682.0 -11.844610976383539 -0.6509300296353941
45 579.3626712410745 165.24661680550344 0.4243446336542251 -0.9871031167530472 -0.7030402479198815 25 1576.0 23753.0 -10.939296171866978 -0.08613774879785908
46 224.36213266732318 166.76383074193254 0.7853578450883609 0.05242580735943232 0.11060637893623528 25 2389.0 5313.0 -9.313349539774343 -1.026595303067531
47 752.1285893958943 171.4019012175523 0.6475315546502205 -0.5420435217332248 0.020001750490757045 25 932.0 3043.0 -8.708254880895417 -0.07097804136352052
48 404.23121698531895 175.142887528633 0.9094949426958208 0.438052886480098 0.28994178409540433 25 1085.0 2790.0 -8.614010508183993 -0.030534932490950177
49 270.293720912926 176.34367082717517 0.8631572457680526 0.04212252338548958 0.19091841321559297 25 1257.0 1664.0 -8.052883304886763 -0.319378464751774
50 833.0000067825165 176.1225821516203 0.29360763457930744 -0.39861831268391645 0.775119178105515 25 2345.0 32424.0 -11.27716647683409 -0.857354876934187
51 287.8807305987943 178.49836084806896 0.8904322827484173 -0.01988181682667319 -0.09424598507341676 25 2213.0 5437.0 -9.338398332504278 -0.8081532769116877
52 723.1064579147109 184.6501800989862 0.8291983071964658 0.5544706806609513 0.5317145947879548 25 1265.0 2093.0 -8.301923070846716 -0.3538279725489016
53 805.0269632040087 186.22071147658096 0.8877937683758783 -0.39132930346334294 0.2923084816534766 25 978.0 1131.0 -7.633656512313638 -0.03741872633790001
54 115.0483818946841 187.93906437309073 0.9087528996197138 -0.32724116109727347 -0.27666798786023755 25 2489.0 7458.0 -9.68155594756322 -0.8787310925620563
55 124.980361953246 188.3074452500259 0.35740079556297627 -0.9204833790921156 -0.9406702381717441 25 3747.0 42158.0 -11.562199998776958 -1.4833854083711908
56 664.6034015849476 189.4764141087993 0.49406738022586805 -0.21850290487407492 0.04996196042847938 25 2934.0 18120.0 -10.645395483351985 -1.3222204771998358
57 775.3837411930557 189.21070691065933 0.43278906059318584 -0.5229470759481722 -0.6515974516120544 25 3324.0 49697.0 -11.740825432458594 -0.7429316402081352
58 647.0193919568295 193.42983678139728 0.930314299192337 0.4867483092627175 0.45780772198859987 25 2076.0 4224.0 -9.06430977381439 -0.7050466790794665
59 767.7511546232588 194.03281665177585 0.4236399048159417 -0.6475915782731988 -0.20919990941433575 25 3011.0 45687.0 -11.649481603487853 -0.7715942806823828
60 37.42599573082805 197.00089804580665 0.8243207254066822 -0.18204944151940636 -0.16071814527803158 25 2294.0 6128.0 -9.46829689156137 -0.8945583027959298
61 790.8905567355534 201.4603719195015 0.43923643390545547 -0.9645809800257504 -0.39122027577086216 25 1769.0 24177.0 -10.95850602622954 -0.4131423302935857
62 563.6083886005097 203.72398948213004 1.0582673067834618 0.19583341528266585 -0.12401291018028826 25 1305.0 1900.0 -8.196884002382072 -0.1369321390469878
63 455.2590229370542 219.25082044795434 0.903719937831249 0.45848359315592385 -0.18306744218919255 25 1242.0 1891.0 -8.1917288221126 -0.25796208598104686
64 233.85997292930278 220.0815772661549 0.556184026239027 -0.44807266526535167 0.23120646278380796 25 784.0 1891.0 -8.1917288221126 -0.12816174611447728
65 285.0747633528348 220.91142349772335 0.8994086278733587 -0.6477197539427725 -0.02045410526239449 25 1295.0 2373.0 -8.438244345543348 -0.28354024843013204
66 221.18982173086454 221.83735805285392 0.9110805712056516 0.09214028644669268 -0.32054026793520085 25 1073.0 2387.0 -8.444631047516886 -0.03993522635990738
67 251.10880389613052 222.87888512768714 0.5284145356647377 -0.8330766634247806 -0.6007016420433197 25 1755.0 22948.0 -10.901862103026009 -0.19332373798550795
68 510.75750005113775 224.1751547749628 0.8527066882862413 0.1153051556478374 0.5133971715742753 25 2554.0 7500.0 -9.68765315847925 -1.010947003133693
69 157.66933197188263 232.34265660742236 0.43486092185195374 0.5720377832221776 -0.38955131709052204 25 3644.0 63440.0 -12.005907935773868 -0.6218073699923095
70 146.4534357459948 236.38762427136126 0.4499107230026909 -0.1697569993730055 0.03990029896761869 25 3342.0 58326.0 -11.914655483784873 -0.5973247540090754
71 269.15125845688465 236.69147778698976 1.0503344811694189 -0.596052533947927 -0.38716359361027425 25 1213.0 2286.0 -8.397690565148157 -0.016903018581721
72 833.9506336123609 240.77742310751188 1.0635745301328265 -0.29852141446684455 0.383129955598151 25 1200.0 2274.0 -8.391976150879291 -0.016680049751832515
73 348.4511239306268 245.77838815309335 0.3725637359671239 -0.7466875646680834 -0.8951923916424127 25 1725.0 28855.0 -11.150552696611705 -0.13720737740010938
74 183.9943512964308 251.99333334231412 0.8888632165954391 0.31952062896801114 0.13073978276511694 25 1396.0 3748.0 -8.934498955539352 -0.31070772704960514
75 148.81341181978743 255.80018387294763 0.7465857615307553 0.3454915464463713 0.08846484440007439 25 931.0 1643.0 -8.039093908587654 -0.06427137985677758
76 552.7355324654651 258.632827841287 0.8416100399758201 0.4435834521725265 0.3152568396528758 25 2049.0 5540.0 -9.358774411821075 -0.77133848709415
77 591.1787287003792 260.00630993211945 1.1766352526055481 -0.26915033233659574 -0.32841248802215334 25 1515.0 931.0 -7.422374202453357 -0.24606525664758538
78 214.3328648699565 261.009520683638 0.7615659396043015 -0.19456958263859164 -0.39035603388921886 25 2067.0 5809.0 -9.410253441190571 -0.8348684546878531
79 570.7678261948543 263.4328555530959 0.350200329416208 -0.5079132026219979 -0.3649405036110383 25 2037.0 34478.0 -11.343855163317023 -0.17372543152155434
80 619.1406063946439 270.4197227961932 0.4256660349140364 -0.7240829978096486 -0.9224820948386296 25 2385.0 37402.0 -11.432237064708442 -0.324620202940031
81 398.1886623224888 272.3848846618064 0.39605894708836376 -0.8363898377834376 -0.7649472160665381 25 1883.0 31630.0 -11.250247979789307 -0.001313718056082237
82 744.8517496327553 272.4928473108724 0.48006784484351994 -0.44855061360981674 -0.7013552007674385 25 2508.0 43487.0 -11.595898621003698 -0.15419665279162975
83 264.91325093076915 275.92597522796365 1.14494689545811 0.44362752681562084 -0.09040716661865364 25 1883.0 2593.0 -8.534506291923378 -0.44762118302247356
84 110.64371963540485 278.2273890541519 0.6783613280695844 0.02486066410412127 -0.08321270959992529 25 790.0 1965.0 -8.233406386778613 -0.005136256895762432
85 300.36384688734506 280.0187352299212 0.5958564545582637 -0.6384178814672642 -0.8233829939421585 25 1668.0 21165.0 -10.814045682025073 -0.18259400267184128
86 570.9738958790953 280.72069617327196 0.6746844495604638 0.2515425127752647 0.03616177949220944 25 3452.0 11469.0 -10.148813881846726 -1.509302141760732
87 680.7933757737378 281.95477849276506 1.142490199456275 -0.11378803454735 0.34496276743547233 25 1494.0 2092.0 -8.301404200488092 -0.16856725422300478
88 47.8774614009521 293.6723350791188 0.7630289374026318 0.14177445195988628 0.08066244135877342 25 977.0 171.0 -5.582490275980384 -0.20647725369832312
89 300.4437490923787 298.0155960181921 0.45697465907628454 -0.7003944262011711 -0.6844462297042685 25 2327.0 36118.0 -11.394309234155442 -0.46316118876897466
90 731.9759684890236 302.171391239641 0.7796987371678752 0.13932902540353193 0.02531885796807842 25 1851.0 5802.0 -9.408944311166614 -0.7343288616063124
91 776.5935867565663 307.09779975674667 0.7606371639585384 0.0825666459311007 -0.41718256200416615 25 755.0 -678.0 nan -0.0031648349147948758
92 435.07901272938943 313.20991651162734 0.8524180220878318 0.2759517023864667 0.19313668014325505 25 1108.0 499.0 -6.745251364058475 -0.24122214334645894
93 442.13814790806975 317.4050171860249 0.9091774865240827 0.25545859337678695 0.19379434235535667 25 2037.0 5089.0 -9.266581127183237 -0.7051864135871417
94 222.48486603014157 328.23122009909025 0.554826572945897 -0.3972645376381026 0.33471833490915276 25 1152.0 6603.0 -9.549353243182527 -0.4164859021609486
95 104.03517291258422 342.0532324775792 0.6628903972586764 0.2915321380529021 0.2711652389787979 25 980.0 929.0 -7.420039284984105 -0.29672816597246476
96 529.5890228883113 343.878417621641 0.8174242666521098 0.3710815314330039 -0.363092338840264 25 1556.0 4312.0 -9.086696880446706 -0.5333832862629462
97 722.9025673490303 347.1842198244721 0.4066691962433141 0.6833014017001278 -0.17385214972969454 25 3757.0 67896.0 -12.079610472921491 -0.6420864933942506
98 772.4296642041946 350.12062475958896 0.760645529478853 0.3362104189508327 -0.5366923577535205 25 900.0 1845.0 -8.164990926237698 -0.060371529444835335
99 177.41364921084306 351.10923326261064 0.689608026156414 -0.03450741504252377 0.3915621269241497 25 1527.0 7006.0 -9.613675332454184 -0.5464412915214188
100 712.5190018772648 352.53774466080455 0.4725172064056566 -0.14455279520368472 0.43569938031869004 25 3774.0 65114.0 -12.034185937974387 -0.6016828463193932
101 153.66291502357385 354.36222439835035 0.6423425177833852 -0.10018896104786154 -0.14445858801691014 25 2780.0 11587.0 -10.159927517411907 -1.2706687837158395
102 309.597782479735 355.8989876192376 0.7817739362324985 -0.12566607699745663 -0.13488565398856206 25 1628.0 3041.0 -8.70754105036033 -0.6235879496315716
