test_CNN/outputs/tables/03169_a21902m0s0_sources.ecsv
# %ECSV 1.0
# ---
# datatype:
# - {name: id, datatype: int64}
# - {name: x_centroid, datatype: float64}
# - {name: y_centroid, datatype: float64}
# - {name: sharpness, datatype: float64}
# - {name: roundness1, datatype: float64}
# - {name: roundness2, datatype: float64}
# - {name: n_pixels, datatype: int64}
# - {name: peak, datatype: float64}
# - {name: flux, datatype: float64}
# - {name: mag, datatype: float64}
# - {name: daofind_mag, datatype: float64}
# meta: !!omap
# - {date: '2026-06-03 17:11:43 Eastern Daylight Time'}
# - version: {Python: 3.11.15, astropy: 7.2.0, bottleneck: 1.6.0, gwcs: 1.0.3, matplotlib: 3.10.9, numpy: 2.4.6, photutils: 3.0.0, scipy: 1.17.1,
#     skimage: 0.26.0}
# schema: astropy-2.0
id x_centroid y_centroid sharpness roundness1 roundness2 n_pixels peak flux mag daofind_mag
1 632.5290829652569 1.4571862903805073 0.43728664948559437 -0.622967516700468 -0.2238489760451583 25 697.0 5529.0 -9.35661647484684 -0.13616551398077698
2 610.3846308958589 6.189892327977323 0.423301064339476 -0.31618051388919327 -0.6709599636412215 25 2569.0 45326.0 -11.640868486121352 -0.5566657031021564
3 301.5475768570866 8.55502480694118 0.40740613684145943 -0.5802927302920948 -0.8618341646982801 25 2333.0 38691.0 -11.469024886390828 -0.6739715365367761
4 599.5012767305142 9.153351458518676 0.4149122572760114 -0.26065275983174313 -0.8054890967524206 25 2446.0 41905.0 -11.555664612478807 -0.663550162965538
5 77.41832883760114 10.016528228019391 0.7226641852421334 -0.5587069814500736 -0.4969274327770063 25 817.0 2558.0 -8.519751350356588 -0.20726818569608366
6 385.0544632693949 21.326151824456385 0.8105196440188672 0.4875968238125843 0.3016484021450463 25 738.0 2248.0 -8.379490767242558 -0.05689949340033347
7 625.9735251758617 21.833990375469043 0.6672560412860076 0.16469436414676275 0.05629894431652729 25 1440.0 5680.0 -9.385870839277548 -0.8735957551018693
8 825.071021300803 23.291097120056673 0.4541593131045546 -0.6387292185429 -0.7179281202200853 25 2407.0 44337.0 -11.616915759636544 -0.30068499923870573
9 537.2985602704133 31.326500703796526 0.4289197853100141 -0.8879929776191567 -0.952190998384354 25 2000.0 34791.0 -11.353667279704585 -0.2729530797372527
10 104.5617253331559 32.88838337139458 0.5097829443517508 -0.41058755321626067 -0.7189926399389598 25 1639.0 25948.0 -11.035259723145472 -0.16282918165576876
11 349.59182743928574 33.28236913986547 0.40367222908062556 -0.5561863515086962 -0.6863075351649757 25 2547.0 44964.0 -11.632162347853557 -0.4894086733236299
12 346.085593651295 35.406996380453194 0.45057993267554514 -0.44709686521269476 -0.7562542062079737 25 2272.0 38475.0 -11.462946571258792 -0.39351344044307907
13 173.78465828065117 51.41115643970678 1.0338625565556927 0.5407726377040232 -0.33300592260179923 25 978.0 1912.0 -8.203719719850204 -0.14841494061465305
14 219.36409491945585 52.62105793584027 0.3879906429944571 -0.6718066408277552 -0.9068063960029429 25 1486.0 25077.0 -10.998188949876804 -0.1694768032667493
15 329.8649328496825 60.79613480298887 0.4134584008051699 -0.8343646728918775 -0.3948451548935171 25 1364.0 18735.0 -10.681634243574543 -0.47965542337348516
16 0.9522623448837578 71.92243328850822 0.7778205335014432 -0.4659623260275079 -0.06067836192358715 25 1067.0 1933.0 -8.215579635071382 -0.599923261737594
17 190.33997251309813 75.42000433163486 0.42765707075672366 -0.7424032701594016 -0.9885243350474673 25 2363.0 38370.0 -11.459979497995791 -0.5875815737183377
18 471.0873036383194 75.3331984570543 0.40006240772452534 -0.760504488313713 -0.5894857028143607 25 2380.0 43825.0 -11.60430481191458 -0.3425022803584158
19 589.3056306273826 76.96427520817586 0.7313455936017522 0.7296268908414477 -0.9172752947142176 25 2348.0 13407.0 -10.318329023450055 -1.2421326548196097
20 181.56339357660872 77.61454480069703 0.418430650061739 -0.44029352451248654 -0.7836038677789853 25 2164.0 35356.0 -11.371157813067542 -0.6143416381963558
21 453.71961976827765 87.507016899434 0.3534015230872353 -0.6936335911118807 -0.5994547570600387 25 2239.0 40066.0 -11.506939966723094 -0.4881843786602532
22 125.16772085464619 89.82980399233804 0.4355138974228168 0.8982128451326005 0.17954168693395825 25 3169.0 58653.0 -11.92072557608731 -0.6282683109659355
23 114.39322836335668 92.7395985111425 0.4211775947189861 0.45125337848375174 0.8283018123657402 25 3287.0 62277.0 -11.985819209048717 -0.5947021457446382
24 799.4303578979072 102.44809958665459 0.45723947810434856 0.13357530041179763 -0.4406847497847851 25 2783.0 47848.0 -11.699659473510128 -0.6908052426079523
25 832.9705324506155 106.61604024335969 0.41337455663807704 -0.4155890917355296 0.7992919101171273 25 1828.0 22474.0 -10.879200941319738 -0.8317346195752322
26 789.611750969608 105.9061344783542 0.374803297473109 0.04555604486334752 -0.13341006105871034 25 3096.0 52503.0 -11.800460298811172 -0.9114769466140791
27 808.7603648092309 108.83613072966833 0.8724337435490006 -0.20864302987429123 -0.03400116966027972 25 974.0 1448.0 -7.901921404652821 -0.37206477413138683
28 795.5195300161812 108.28673778156393 0.3921937607181788 0.9635422478758091 0.5408985413486938 25 2423.0 41567.0 -11.546871703648215 -0.563725092211727
29 147.32836136590598 111.3248513131138 0.6905806880977181 0.31418809744803344 0.011679398780572576 25 691.0 1057.0 -7.560187468268565 -0.21502039317994598
30 84.89553822465415 117.42321494761252 0.4629816573405858 -0.584181718696023 -0.3907341474311853 25 1640.0 25331.0 -11.009130837278324 -0.2801941671546325
31 477.19583801686605 119.00854708421434 0.8051492117323081 -0.10035093694145576 0.9293164434053872 25 1943.0 8973.0 -9.882344169377452 -0.9910976420579751
32 184.40625478481203 121.03164026771782 0.8328844083667132 -0.0392451636772867 -0.30672054084632216 25 1534.0 2784.0 -8.61167307734631 -0.8576370884448804
33 206.87944583386016 128.88948470352884 1.1770825513728362 0.06301462100241835 -0.4129971579602487 25 1065.0 861.0 -7.3375078786341374 -0.2358348875212669
34 22.356538311922662 134.98086422323289 0.41433387555122636 0.41595551680846077 -0.2669290977366397 25 2745.0 18701.0 -10.679662075548489 -1.7439939940372098
35 43.39858831210193 135.9114279673175 0.4781338215611193 0.1543983666320744 -0.47257028208301805 25 3066.0 52600.0 -11.802464360384349 -0.632723639012214
36 37.15406666465939 138.22195248263608 0.3926474883939008 -0.03120834141213869 -0.15708372589230035 25 2913.0 49573.0 -11.738113004546605 -0.8820745285497691
37 238.89627004327568 143.2411282555792 1.3203306971362894 -0.270344860335195 0.18548993476622302 25 1316.0 1548.0 -7.974427390867184 -0.2947213076634097
38 785.1277726857138 160.51049716945116 0.408895930991663 -0.45699097211713435 -0.7103210958831467 25 2643.0 42923.0 -11.581725170811303 -0.7292576779012127
39 577.5858457576666 164.51801508706487 0.5226762334465295 0.05060431127087095 -0.4428722152952817 25 1271.0 18389.0 -10.661395282000818 -0.03182604423829359
40 137.1157698802097 164.23934982862784 0.6177417173722194 0.2679346209100031 0.5954984199229614 25 846.0 1775.0 -8.122995893477782 -0.5149611040187454
41 104.9198941861437 172.8907489416539 0.36505261427582003 -0.27587713608284725 0.16382126374256228 25 1056.0 6271.0 -9.493342001938373 -0.8885931084849614
42 832.7123868606312 174.87986934121946 0.3431435173287123 -0.38479022168543786 0.3726104056417217 25 1975.0 27754.0 -11.108313959884361 -0.7781691064166816
43 256.8695407735647 176.99387430108405 0.5899961769735149 -0.9237433677469253 -0.47995624668445563 25 1541.0 24193.0 -10.95922431359401 -0.00859036089729835
44 783.55535096671 179.11919265321993 0.5137422834894789 -0.610644872316264 -0.22394154321717502 25 1704.0 27642.0 -11.103923656590808 -0.20344469609518545
45 773.0004308669918 188.67258021666134 0.42741284941339874 -0.4291232484749917 -0.7290278653554074 25 2446.0 39252.0 -11.484654475431517 -0.6474255167614956
46 822.6597209859982 188.05576618057881 0.6644898339541362 0.48772046620932574 0.031964243819741806 25 1589.0 5603.0 -9.371051556168922 -0.9759630680038144
47 632.3655020788847 191.1065745682325 0.5890599078142478 0.003915029177644688 -0.18127715890688884 25 1413.0 20512.0 -10.780020019596808 -0.00870916681692871
48 306.02563496130045 193.02821506612193 0.7337643398091281 0.598693300216801 0.764513765843252 25 615.0 86.0 -4.836246128108919 -0.17975503837844758
49 435.7133369290636 194.26794035231646 0.8337104643095369 0.8755169292658487 0.4481109315562918 25 1883.0 8144.0 -9.77709441248171 -0.9729868223839326
50 793.6021465696828 197.94216582477114 0.4390115870249432 -0.6160925968734331 -0.9906536167151664 25 2209.0 39618.0 -11.494731369141636 -0.34446084580209696
51 437.0260084539032 217.09038751009234 0.7117192381320945 0.22588624554802036 0.4171061258621378 25 1068.0 3905.0 -8.979052595533298 -0.4535233646040385
52 156.18114527440792 231.33111854058978 0.40822876468227015 0.2705650549428219 -0.4899159407559564 25 2899.0 50803.0 -11.764723397096425 -0.724005134666868
53 148.46767987544806 234.02659138406298 0.368927149280723 0.11131237491790985 0.18560952546640672 25 3217.0 57531.0 -11.89975480742197 -0.8292537498175991
54 235.15869882622943 242.2611318406693 0.4565988713565065 -0.09550203773719947 -0.5595492273001894 25 1378.0 22114.0 -10.861668263141379 -0.1142154634824062
55 628.871868032815 243.1423305669805 0.8125331244839501 0.12778887846472384 0.08684638769864214 25 667.0 443.0 -6.616009315557674 -0.09476792204917348
56 389.2175314956294 243.09297029535185 0.47449862870604137 -0.39895913260317534 -0.0973538410391964 25 2140.0 31524.0 -11.246603297084237 -0.8397519139695281
57 499.4170457023353 243.98056009659726 0.8084860786778477 0.8775289490533127 0.18526487545771292 25 824.0 2186.0 -8.34912539403421 -0.1584529787813391
58 298.9244269656456 246.03509894660684 0.8423800430881292 0.08904605872107282 -0.37693945006076157 25 1232.0 11876.0 -10.186675472310018 -0.07122473046560301
59 568.6209123781564 262.5814860266669 0.4142619931508921 -0.954873543108161 -0.5515806724846494 25 1749.0 28038.0 -11.119367578519892 -0.4210263563015018
60 261.74668782424243 262.80079640864744 1.0243410662968448 0.6265967789416597 0.45077681480417775 25 1146.0 1823.0 -8.15196667163744 -0.3359138406264758
61 282.23187883904563 268.5128284093885 0.5334129137893545 -0.37289329636427054 -0.2600006569381555 25 1218.0 16882.0 -10.568559739834157 -0.1851266083702098
62 617.3578915140888 269.44277518384166 0.5091647166435153 -0.6334404243093062 -0.8066629686272064 25 1726.0 24073.0 -10.953825539590676 -0.435037209992905
63 742.5077351680493 271.4046522138389 0.47900950719637214 -0.7899402684600586 -0.5463669462227095 25 2261.0 36481.0 -11.405166836238639 -0.5982232355095064
64 49.9170388837126 273.85029730805417 1.1071722863655151 -0.18007959466783638 0.6266181659623812 25 832.0 -100.0 nan -0.006367517725069352
65 305.55981926561145 276.8129862576774 0.4003716247197919 -0.8414050848439323 -0.5681881486558624 25 2658.0 50814.0 -11.764958458125562 -0.3621272566809236
66 602.5547438815662 275.8206364903165 0.4331852223358815 -0.7840007694560023 -0.8217431711945827 25 1903.0 30458.0 -11.20925345584865 -0.4541631561193026
67 127.04251161608045 286.5442639440725 0.7430775328903447 -0.21484957892179601 0.43601692244198204 25 756.0 1851.0 -8.16851604688226 -0.1804275403475855
68 415.7003058816747 286.4116299592882 0.5504382102860235 0.8348947020288067 -0.24553843479455584 25 582.0 2973.0 -8.682987273012344 -0.1352522578517084
69 144.20348829868684 291.9823020292122 0.4226934243579339 -0.7620897965904638 -0.9780816502317066 25 1534.0 24419.0 -10.96931968716975 -0.18878060554327225
70 599.1236045606344 295.04266354647103 0.8895199338764089 0.21725094350461563 0.136316198152133 25 1055.0 1404.0 -7.868417769484466 -0.43212666607458544
71 296.54245665554066 296.1977424130186 0.40655831272824344 -0.7955011667059774 -0.9505893967538417 25 1909.0 31901.0 -11.259510742727194 -0.40586447352336086
72 735.3358189380996 303.9167897398454 0.5752790457957666 -0.19643580027322416 -0.18519743776324352 25 1973.0 7819.0 -9.732878032824665 -1.3350815390947945
73 452.23453295339095 304.6760522069965 0.35943035196609024 -0.8942926874226762 -0.5041127617465202 25 549.0 2625.0 -8.54782326935494 -0.2823192938106888
74 556.0417267353422 309.4830805380318 0.587477632426888 -0.06881948912135591 0.4293205748374235 25 646.0 3258.0 -8.782377699931226 -0.02639078243426463
75 787.0863139313293 314.264504189912 0.9812031860779885 -0.024423106848804315 -0.31328271487250664 25 1438.0 1112.0 -7.615261968115097 -0.70329495261217
76 292.2863150395705 314.6947056550135 0.8732968536960175 0.10944988557614904 0.5258979051104755 25 1017.0 1334.0 -7.812889573951325 -0.39051292814913346
77 70.87375695891467 332.21926556378145 0.48805874752130257 -0.6769823572701947 -0.414807579267664 25 1107.0 13988.0 -10.364389059093018 -0.24479052671477647
78 23.885519769588136 344.08663221735964 0.9413799701269228 -0.06297513663877528 0.36671643747470545 25 963.0 986.0 -7.4846922873530275 -0.27551793955011933
79 720.8214012042221 346.1548738032746 0.42858161004619966 0.23933586003673757 -0.09640743767624947 25 2985.0 52860.0 -11.807817896989228 -0.7064427291536585
80 263.1476923688923 348.03669093417557 0.41405853908118745 -0.532489841695005 -0.3365638886968867 25 1294.0 19111.0 -10.703208531232416 -0.23603735051371977
81 711.6837820952202 350.0871355796098 0.39739780677186703 -0.449055776214737 0.3516446735568307 25 3128.0 57053.0 -11.890696214312864 -0.8081713997821678
82 430.9046702350793 355.8952394102525 0.9196734377195902 0.6352969813476903 0.0297613329893793 25 1411.0 2074.0 -8.292021880132555 -0.7164200735090507
83 147.57097791798108 361.208787801876 0.447568165717852 -0.436567800199353 -0.8193837133545138 25 2274.0 37472.0 -11.434267183480673 -0.6027626945952765
84 722.7514342643802 364.73665381854136 0.3884858921932707 -0.9131141326862073 -0.5397852617172837 25 2598.0 50949.0 -11.767839160809796 -0.29078932952625136
85 758.8401195413034 364.8539316201759 0.9570435135628947 -0.5670094338045977 -0.30545858348453697 25 924.0 1306.0 -7.789857942347638 -0.2389631090886305
86 461.89878987280696 372.582966344355 0.5785642871606884 -0.057180323329317946 0.23240169085072424 25 765.0 3474.0 -8.8520745352777 -0.34328356274041916
87 419.9774135134731 391.61437643248775 0.39901266375986433 0.33345788005119537 -0.3156325650719644 25 3024.0 51685.0 -11.783411301523884 -0.8760120397891273
88 408.41104204663986 394.89004101014035 0.48419970713195737 0.037419813946451795 -0.37802575484495254 25 2790.0 45575.0 -11.646816693317534 -0.8643150658385678
89 7.745192880754367 398.01050376335877 1.0661665240593865 0.05761387205818052 0.1781485209087194 25 1237.0 3214.0 -8.767614681068315 -0.3318140859366475
90 615.6328601850898 399.87434626094023 0.38236633610013676 -0.8332348356449457 -0.9339043446009307 25 1991.0 34922.0 -11.357747770007302 -0.4220697220171629
91 592.5411223254997 402.856141361825 0.7499359610938588 0.19675969800536738 -0.22303867091450613 25 781.0 288.0 -6.148481219398078 -0.2502245942786945
92 783.226669462987 405.48272684557674 0.4264739985332183 -0.5643297926205275 -0.7776101434795344 25 2701.0 45173.0 -11.637197334007075 -0.6456552086083384
93 777.408318092029 408.94093537009485 0.3954256839545203 -0.4088587423561652 -0.5539446383311709 25 2543.0 42562.0 -11.572555068456898 -0.7720154765437004
94 210.64776392184567 410.1280479561725 0.7510337149262052 0.060954135845337654 -0.1809297092070735 25 843.0 348.0 -6.353948109866452 -0.38126439020366565
95 416.5620561337829 415.74497014489185 0.5529568391316405 -0.853816029505314 -0.7423364764158156 25 2016.0 32380.0 -11.275692111043387 -0.3470227278933581
96 295.9870321480068 421.687603097701 0.4674718879900617 -0.9201583515985555 -0.8142375559216412 25 1511.0 23231.0 -10.915169762031203 -0.2950869218991802
97 103.68001832476293 425.5102181914828 0.5350556400677149 0.5214445704426277 0.36654951891183885 25 1969.0 15655.0 -10.486632679882335 -1.101352897132149
98 216.02603009042494 429.8308814186772 0.3941273588528095 0.5240401093421867 0.3332011834235004 25 361.0 141.0 -5.37304778163845 -0.0651387077893003
99 828.8389599036192 432.203525070773 0.3583466794967765 -0.5522485862910397 -0.5944496243457316 25 1914.0 33477.0 -11.311866330753615 -0.3678487355503724
100 784.3216004296747 434.28459222670415 0.408656237194803 -0.926729410538708 -0.3719174062079289 25 1963.0 35458.0 -11.374285589198653 -0.23559724947789326
101 689.9895014929402 436.8192932171098 0.9791065374900993 0.3516887349487154 0.11764001425325914 25 936.0 1314.0 -7.7964884130594045 -0.2536888265318415
102 35.10577974265031 444.258618783902 1.0073647216626276 0.07956422114367669 0.9426382412082411 25 1092.0 4573.0 -9.150503003451703 -0.07290202504795215
