test_CNN/outputs/tables/03164_a21891m0s0_sources.ecsv
# %ECSV 1.0
# ---
# datatype:
# - {name: id, datatype: int64}
# - {name: x_centroid, datatype: float64}
# - {name: y_centroid, datatype: float64}
# - {name: sharpness, datatype: float64}
# - {name: roundness1, datatype: float64}
# - {name: roundness2, datatype: float64}
# - {name: n_pixels, datatype: int64}
# - {name: peak, datatype: float64}
# - {name: flux, datatype: float64}
# - {name: mag, datatype: float64}
# - {name: daofind_mag, datatype: float64}
# meta: !!omap
# - {date: '2026-06-03 17:11:41 Eastern Daylight Time'}
# - version: {Python: 3.11.15, astropy: 7.2.0, bottleneck: 1.6.0, gwcs: 1.0.3, matplotlib: 3.10.9, numpy: 2.4.6, photutils: 3.0.0, scipy: 1.17.1,
#     skimage: 0.26.0}
# schema: astropy-2.0
id x_centroid y_centroid sharpness roundness1 roundness2 n_pixels peak flux mag daofind_mag
[from data line 206]
207 384.3248285687447 689.8379349241548 0.8751726610420193 -0.6071182694824778 -0.5382067186898489 25 1549.0 3699.0 -8.920210828288486 -0.48189545550458257
208 426.6327376443699 691.504710985956 0.6845071926632984 -0.08608849737697653 -0.042025663375456275 25 1562.0 6992.0 -9.611503549065866 -0.5366560074962058
209 339.0142844341154 694.2646592614972 0.8827176848272191 0.2755301932005012 0.7610358101755265 25 1556.0 5563.0 -9.363272649852071 -0.42896551729453813
210 535.3463953540987 695.1395952244502 0.8040531778970517 -0.6387562276070615 0.04159794190425768 25 1041.0 2868.0 -8.643947867489407 -0.11405446700225857
211 102.77317498173309 697.4491130160845 0.8898188712102377 0.23651808921744608 0.44721502728443385 25 1410.0 4361.0 -9.098965216683567 -0.31218540905847825
212 773.1940369442601 698.7131511992487 1.1856805746900252 -0.36482257920523437 -0.4027839367807068 25 1420.0 2289.0 -8.399114481686357 -0.10033409580458826
213 700.9901143668573 699.7173699181324 0.6927883057996979 0.5972596617459343 -0.6484650207327008 25 2247.0 14287.0 -10.387352611825818 -0.8256406991593691
214 77.07488126289768 705.7744884269495 0.7575625581928047 0.5549568281633211 0.13467980371892802 25 950.0 3079.0 -8.721024222257995 -0.049742023821323936
215 150.40925777560872 706.2369072800859 0.4210266688346281 -0.8681127088825531 -0.9886994353982737 25 2813.0 44306.0 -11.616156357907819 -0.4817638494699545
216 335.47643765939813 709.6891656977996 0.5762289146792757 0.8604729728401274 0.10536581560778968 25 2447.0 15339.0 -10.4644926186155 -1.1112715572093776
217 142.73618860792942 709.8558620388221 0.40868554062743095 -0.9795202489312425 -0.618337239786343 25 2198.0 32977.0 -11.295527860631227 -0.4857120615072564
218 794.4295262385127 709.8449538429102 0.8235163069932844 0.3378334209364857 -0.6477814422418444 25 1343.0 6423.0 -9.519344805035251 -0.23938130250539003
219 450.20620824765035 710.8067815823383 0.9348881570829488 0.5237900361698726 0.2352059741930408 25 1446.0 7086.0 -9.626002869992895 -0.14430143862276312
220 421.84849033220706 712.851658819713 1.0117394597161262 -0.3540217083201383 -0.7769453146300561 25 1538.0 5563.0 -9.363272649852071 -0.2825737571847778
221 541.447735745205 713.6600350352918 0.7291847303662645 0.629759381407608 0.20588071915734324 25 2225.0 9219.0 -9.911709537440101 -0.8814075204141513
222 93.83750703756073 715.1879778650444 0.3830968029023758 0.1313489543230182 -0.6663911095569576 25 3476.0 56965.0 -11.889020254289179 -0.8364174962780636
223 84.56223799527454 719.098842353346 0.3915983349029612 -0.524984008049963 -0.04133914639397911 25 3533.0 61042.0 -11.964071886365025 -0.7156463683756965
224 404.0324138552144 721.3661382794388 0.6223404447123183 -0.4548140899451445 0.16097420050237343 25 2587.0 12554.0 -10.24695531078673 -1.158905939945509
225 211.84713557269896 722.2842635353238 0.6361799466235784 -0.5459184202068671 -0.22474307127299115 25 932.0 4588.0 -9.154058523073076 -0.025734224587902893
226 4.223218517160905 726.3021614496239 0.37310778668605743 -0.6047376620470588 -0.3543334117930476 25 1785.0 27566.0 -11.10093437954089 -0.32655406422720124
227 700.7259413826198 733.4283626243874 0.9824888770291531 0.5867087449875833 -0.0056520697572451165 25 1180.0 2721.0 -8.586821354449395 -0.11671194231493803
228 553.1456054144072 734.1263470813036 0.6167420449322991 0.11725976528629346 0.12530398474307722 25 2261.0 9141.0 -9.90248427235584 -1.0329864598941225
229 30.976491523030138 736.4800502549131 0.37806774808176546 0.6991813148349627 -0.31925136868084564 25 3766.0 67295.0 -12.069956993655136 -0.743776011088533
230 109.41732998069524 737.0106736729368 0.4732488647069357 -0.799648800260416 -0.08838238617443323 25 1571.0 9057.0 -9.8924609193569 -0.7543210536330801
231 495.5099214989914 738.9019167825742 0.5823456360473908 -0.33710883236462463 -0.33749906226500137 25 2232.0 11069.0 -10.1102709686153 -1.0137201178550372
232 20.30320989410144 740.4128295892014 0.3782908357357274 -0.2656477836103005 0.40941990204044454 25 3971.0 73154.0 -12.160595194930938 -0.6495182348764533
233 559.2821009968309 741.5418628420002 0.5470883016912718 -0.49811286529890286 -0.6895419797052833 25 2234.0 35716.0 -11.382157035731552 -0.1180339027853456
234 153.31120230817334 744.1213366107647 0.7499475303940802 0.27053155425511116 -0.1843850383289798 25 1751.0 4885.0 -9.22216142013698 -0.7156976617629783
235 300.24790876669556 745.1893829284473 0.7564833603983887 -0.028389768855306353 0.3160014510686527 25 1065.0 4269.0 -9.075815387009866 -0.12263658014923332
236 803.1210558351804 755.9208346592806 0.9803460840214341 -0.12102689714849313 0.13823724362097561 25 2549.0 6488.0 -9.53027710300775 -0.8619886818283735
237 796.9299207885895 778.908282167936 1.0271069201564769 -0.26050493830418814 0.4365056302600129 25 1336.0 4158.0 -9.047211212488627 -0.06976400870468993
238 291.9480508230579 783.8747148754629 0.7426176988443137 -0.08938500306503509 -0.2535147332522108 25 1820.0 6606.0 -9.549846423388487 -0.7749611387217716
239 258.9595856362922 794.0421839363789 0.6763235488332628 0.16368908231871424 0.15653116733129824 25 895.0 2131.0 -8.321458624285505 -0.08076249879798837
240 158.96549713954857 797.2481841723245 0.7788285275769778 0.27674761932832354 -0.4075569853066675 25 1404.0 7335.0 -9.663500295448253 -0.24135333816391516
241 259.1764057398526 803.7601268269019 0.9145845084671769 -0.0074798375169956195 -0.10295043167539225 25 1530.0 5578.0 -9.366196274825077 -0.28281994069055744
242 703.7671158476221 809.8027942489848 0.5083144920636468 -0.27716320584163673 -0.7025151813116332 25 3241.0 46921.0 -11.678418148519958 -0.7431245733974114
243 694.0875793451896 814.9934990776435 0.45684564616573164 -0.6678545655266614 -0.22229200595539053 25 3162.0 50621.0 -11.760826800603208 -0.6719567780282412
244 206.39564045777823 819.0010748283407 0.6547001742202162 -0.0010999189667603908 0.4387115948000002 25 1229.0 6697.0 -9.56470074734045 -0.27231192744026333
245 81.8876423153376 820.6831745239181 0.8070699577123146 -0.3318149064414451 -0.31472494720785277 25 2188.0 6576.0 -9.544904511329985 -0.879339921459067
246 426.9998047751092 826.8653180017924 0.9555493586434339 -0.02340778326889776 -0.2126634820202219 25 1536.0 4566.0 -9.14883976788554 -0.40037990431939363
247 74.51996288955942 832.5271981993865 0.3748379059171939 -0.6091424357177357 -0.5235020686255322 25 3639.0 53381.0 -11.81846676319476 -1.0376729773536124
