test_CNN/outputs/tables/03166_a21895m0s0_sources.ecsv
# %ECSV 1.0
# ---
# datatype:
# - {name: id, datatype: int64}
# - {name: x_centroid, datatype: float64}
# - {name: y_centroid, datatype: float64}
# - {name: sharpness, datatype: float64}
# - {name: roundness1, datatype: float64}
# - {name: roundness2, datatype: float64}
# - {name: n_pixels, datatype: int64}
# - {name: peak, datatype: float64}
# - {name: flux, datatype: float64}
# - {name: mag, datatype: float64}
# - {name: daofind_mag, datatype: float64}
# meta: !!omap
# - {date: '2026-06-03 17:11:42 Eastern Daylight Time'}
# - version: {Python: 3.11.15, astropy: 7.2.0, bottleneck: 1.6.0, gwcs: 1.0.3, matplotlib: 3.10.9, numpy: 2.4.6, photutils: 3.0.0, scipy: 1.17.1,
#     skimage: 0.26.0}
# schema: astropy-2.0
id x_centroid y_centroid sharpness roundness1 roundness2 n_pixels peak flux mag daofind_mag
1 592.5151312410402 0.9913282825395175 0.6533588849765077 -0.5156158505060683 -0.21958045220457403 25 1231.0 2573.0 -8.526099465525865 -0.3787792566157277
2 109.63413306654492 14.154028322734055 0.9040870119605612 -0.25217762792011794 0.12390907496713388 25 1091.0 1071.0 -7.57447367707964 -0.011578523624635621
3 292.4040654444741 19.505887283779916 0.35707397363514487 0.6616215830418029 0.5928079602961386 25 330.0 -7314.0 nan -0.06942638162169384
4 213.155771987961 54.91617894376394 0.7129595617653635 -0.4503686654306029 -0.08989929115902243 25 1791.0 14297.0 -10.388112292940466 -0.40427428258499243
5 132.78844068051555 76.76293703051033 0.7861937066536735 0.318914889509698 -0.3180250490827451 25 1487.0 4513.0 -9.136163333800365 -0.356791736035599
6 453.88350386240376 87.0976881375447 0.4735103479163387 -0.4065849729635819 -0.7578690012032793 25 2251.0 37615.0 -11.438402665388017 -0.0381161401184923
7 567.3438063672148 90.20219017789957 0.7737747803382142 -0.30544343416270975 0.20317627329358431 25 1294.0 3607.0 -8.892865355795909 -0.23845433577180022
8 832.8025925756024 105.50209819963065 0.35746565648915996 -0.567878579607214 0.5232996466301997 25 2011.0 26631.0 -11.063468686499895 -0.4752957257727031
9 621.1510791633226 109.20086843245325 0.6589089768371877 0.32368925800105947 0.3905735232367983 25 2355.0 7495.0 -9.686929092960746 -0.9821929541004815
10 40.95356243158611 110.85046126993414 1.1929731917907411 0.14445369568200914 0.0757784636143098 25 1583.0 3346.0 -8.81131484156594 -0.05368620706003334
11 109.70987779060792 115.70334790041608 0.34295581610411796 -0.1331832603338856 0.4886033867311013 25 699.0 3999.0 -9.004878510333803 -0.09332294381241674
12 56.125819980952144 118.78469337899188 0.23591598663421565 -0.8255282355951721 -0.35871175020355534 25 786.0 8304.0 -9.798218351260957 -0.0372267413350156
13 620.054491969777 120.5129678825863 0.6511620970857585 -0.16808212569897127 0.4033282654507052 25 1468.0 4257.0 -9.072759125442841 -0.453828427002112
14 287.14341149993794 122.78841034200225 0.8126558802809288 -0.05353051785736605 0.32351385260297394 25 1125.0 2824.0 -8.627161730949416 -0.0832589541025977
15 35.57268869010592 139.23774793045303 0.3732853643597382 -0.9758094656972867 -0.3931347777919481 25 3088.0 56243.0 -11.875171194711903 -0.3239166175016148
16 832.5547494354058 174.33997360180737 0.3073694950823267 -0.5330810544387414 0.14884243866921273 25 2141.0 30990.0 -11.228053940598208 -0.525286118223015
17 763.6460909833833 192.88142039740214 0.448335631661553 -0.7228658930868813 -0.6994368972001919 25 2452.0 40912.0 -11.529626776705651 -0.2935421159457812
18 793.38677483201 197.51739385565992 0.3971108732860675 -0.7747903407464679 -0.9881195386757238 25 2397.0 42665.0 -11.575179374921644 -0.15114803837538968
19 396.98726385578175 221.0549988312723 0.7013825612131726 0.3684484853909495 0.5966852557014062 25 897.0 1232.0 -7.726526769571017 -0.005352465711347031
20 128.55710368830134 221.98702424476065 0.8531356400535371 -0.2954806157060437 0.010485569554679395 25 2051.0 3649.0 -8.90543465841162 -0.7082040802970087
21 148.30007046530662 235.57110562671238 0.41260244779214716 -0.9872019817793122 -0.11044732515717756 25 3075.0 58586.0 -11.919484618152868 -0.2697953090625563
22 426.13429871407527 236.9801353377554 0.6995191845277313 -0.039689779081765846 0.07844208081908867 25 1331.0 5335.0 -9.317836059401222 -0.2643937548590112
23 412.6757418403728 238.59577425173967 0.34511345556506245 -0.09751474515219367 -0.37389434143198397 25 42.0 -9147.0 nan -0.07694579184017046
24 769.2317203582533 245.3353423878683 0.27658148257108656 0.8396744847293873 0.27064439449452277 25 777.0 7422.0 -9.676302375031911 -0.06225133290571692
25 120.05524754385469 247.15305330034968 0.9536714971029212 -0.810301212639626 -0.4411975648740046 25 1855.0 2902.0 -8.656743520254294 -0.482465658451399
26 542.5530807846437 248.4792468196298 0.3973329503602963 0.25337829563176817 0.0003994883770776723 25 911.0 2858.0 -8.640155561137378 -0.4110098963943716
27 717.0118461399895 247.9124045857491 1.0583208642742599 -0.2525629871115527 -0.023848180363414337 25 1529.0 2417.0 -8.458191626019126 -0.1539234390865984
28 131.49529707093444 248.94671862598324 0.9210764134524151 -0.41460582363345805 -0.42266445612975745 25 1218.0 2184.0 -8.348131585081749 -0.07126992890494684
29 427.87651601553284 258.1107085433927 1.0425856942840586 0.3026046609314142 0.11674180901194889 25 1981.0 2431.0 -8.464462397108338 -0.5003943780575416
30 482.9551720139907 259.3382130742296 0.8652138252989117 0.028951005507936656 0.3622289983206737 25 1581.0 3997.0 -9.004335370650264 -0.4256677202886442
31 160.04644455800317 285.97718563270104 0.6905316389580959 0.04778280985299959 0.05160855533106366 25 1388.0 5403.0 -9.33158741884799 -0.3596201311553399
32 507.9846963160113 289.7211454680436 0.8429028443809337 0.30665449536286005 0.38107708682721647 25 1310.0 2656.0 -8.560570176739951 -0.25832545962477577
33 301.7228597330164 294.5369887703098 0.48906439133470503 -0.39723261663678894 -0.6230094383314007 25 2705.0 47877.0 -11.700317323620364 -0.044363077930326685
34 781.7454787531011 312.6088481069375 0.760831201353248 0.4984939840488145 0.06345769369620935 25 1314.0 4303.0 -9.084428365206389 -0.2471719781049045
35 85.79683018352512 325.0035065837151 0.4526166153025097 0.5281924110984917 0.38987250628196013 25 231.0 -8445.0 nan -0.04183781976506506
36 494.16162672336014 329.9493115574159 0.7987893898082578 0.13795321868653618 0.02196264379873258 25 1822.0 4271.0 -9.07632392856706 -0.605254110704728
37 710.6150256053799 351.5756089290322 0.4140092692129797 -0.9277174469862743 0.23812695262330721 25 3283.0 63835.0 -12.012647156796152 -0.15513057564238614
38 749.4276757170602 351.00614969188337 0.41247706867549405 -0.9833995043282704 -0.4088235653788913 25 1192.0 16275.0 -10.528802493100573 -0.1207263594956591
39 579.2776043995038 363.8450842571505 0.7239440165137234 0.026831974925829997 -0.2585634375232553 25 1168.0 2469.0 -8.481302724829831 -0.24527728212497338
40 128.92534895338676 380.6876679451737 0.5870080066480109 0.15246886717810104 0.24554636055192236 25 1914.0 5473.0 -9.345563620356263 -0.881074429123998
41 13.169263184603867 382.1693274141352 0.7141546551745385 0.44555612101639697 -0.26475737847188474 25 2006.0 8890.0 -9.872254402425535 -0.699433977671171
42 410.6925144122684 396.16836234726264 0.363238620624098 -0.9832586251886384 -0.19027100469049849 25 3317.0 63193.0 -12.001672433453447 -0.3817848989049146
43 711.3888548542394 412.2564852340443 0.39406381299070153 -0.9236012517789086 -0.8880013187137272 25 1712.0 27493.0 -11.098055330179665 -0.0050670307122828
44 191.7633752859971 426.7398190670831 0.762266559696062 -0.24923034437153876 0.17685635978154696 25 1069.0 2730.0 -8.59040661760189 -0.0802671235114239
45 832.4281935002647 430.5375599074659 0.2860939745564269 -0.5929745046394732 -0.1399673995792872 25 1890.0 28196.0 -11.125468754739593 -0.3911215962979983
46 406.88037405899485 437.7355228796058 0.43310234499569217 -0.8652930719483547 -0.9145558392329795 25 2686.0 49114.0 -11.72801326473163 -0.07694437861452609
47 62.45560839012511 452.6378990181573 0.4172929971288019 -0.47664859298906165 -0.889461388923585 25 2616.0 45973.0 -11.656257112156636 -0.08109520057728926
48 103.6397061932289 509.97365034186083 0.626919701653883 -0.273114586177606 -0.2816292941318843 25 1624.0 6671.0 -9.560477351631459 -0.5431584125148785
49 298.0449761194348 510.88705694335187 0.9976796204686527 0.13004957388375935 0.33477507191872435 25 1488.0 1669.0 -8.056140841698117 -0.2077230515308936
50 288.71191320919615 521.3363489449019 0.9087497992748115 -0.09254318398367394 -0.1535544324144172 25 1518.0 10350.0 -10.03735087448234 -0.009966778217401238
51 131.7894337405071 524.0972233353134 0.644035441518973 -0.34076713785320767 0.9244133508665219 25 1165.0 3728.0 -8.92868975920486 -0.26307126420154064
52 571.5061783288747 563.3778177648028 0.7797718501035503 0.7340390735194456 -0.11217295302065776 25 1603.0 3081.0 -8.721729245792352 -0.4450746223410821
53 644.4994330134645 571.5800915444498 0.5609871702288787 0.9032454534287157 0.1422790555235472 25 2114.0 9660.0 -9.962442816038733 -0.9153238194434912
54 183.17553781742447 573.0372168806961 0.7413308528419207 0.2101005426599677 0.20636887330574075 25 1099.0 -108.0 nan -0.32570163798572194
55 617.7844859312527 577.5505726423265 0.8251983087053704 -0.5964784618173369 0.4167194029363208 25 1799.0 8166.0 -9.780023438967445 -0.44817157911627725
56 777.1796413615368 586.9133096815115 0.828834051534212 -0.0007988199572477618 -0.21474464910540872 25 1289.0 4037.0 -9.015146873525786 -0.1075431958434199
57 50.31029888380365 598.7831715210356 0.29308584134606436 -0.7032878074327419 0.1442809036883239 25 79.0 -5552.0 nan -0.06866691002280012
58 64.96619490803263 599.2185791748797 0.9682845922095504 -0.73425522738584 -0.10040847698287704 25 1417.0 3324.0 -8.804152537780183 -0.1492281939023876
59 451.5363700211568 598.8936166314389 0.7095260820760682 -0.5116291217109823 -0.07464460450373228 25 2182.0 5613.0 -9.37298760554918 -0.8772696263617958
60 599.0648729219703 602.1337457017606 0.8186237495361386 -0.5372122167180624 -0.35001008406177037 25 1263.0 2889.0 -8.651868854610493 -0.1389505430858067
61 808.8516310353308 604.8584704982025 0.9898578304180558 -0.20673101023179935 -0.14817352561277192 25 2318.0 5328.0 -9.316410540405611 -0.6465639889652939
62 523.00303152789 607.6754477934946 0.49344207359715087 -0.4766527779814637 -0.3683392668641079 25 181.0 -10113.0 nan -0.2353718896606034
63 292.40134232062724 613.3369623696384 0.6275825034055107 -0.4608536812295578 -0.4818488948588504 25 1871.0 22644.0 -10.88738286553139 -0.13677056661828524
64 455.25582412020674 625.0529638034772 0.4386135508088442 0.1471755419505754 -0.8561901411666692 25 2345.0 22098.0 -10.860882423096392 -0.9059946891661718
65 317.04148726732166 633.8553408216995 0.6410595552528442 -0.13573925899702474 0.2962145866028985 25 985.0 3508.0 -8.862648961735006 -0.07800273448949258
66 541.3722837920064 637.5809372667808 0.6591492344852136 0.11005703591121689 0.6041617225095746 25 941.0 1631.0 -8.031134902600689 -0.1002113070997438
67 113.26736789787519 660.2945447527999 0.3601474337072746 -0.9486026416923041 -0.588478817149675 25 135.0 -6612.0 nan -0.11946567915606139
68 3.051305953099917 698.8082018397562 0.9281076315264991 -0.8394559261723123 0.13077088187640154 25 1207.0 1819.0 -8.149581747658708 -0.08304999589358861
69 617.5682760510732 700.1074865442351 0.8443954063260191 -0.011330894903114296 -0.24941676318388145 25 1736.0 5737.0 -9.396712124706102 -0.4653873388924576
70 627.9778463805006 704.4572461098346 0.6931115614630002 -0.4184768520311227 -0.06598142483420623 25 842.0 -3804.0 nan -0.2984009701553552
71 485.22855820782354 708.5011287978416 0.5647479414745799 0.6247528344090614 0.9261649859268956 25 1464.0 11724.0 -10.172689524415993 -0.24989663656406902
72 485.8255277071505 715.3475622839625 0.5792734995685054 0.5645768919438657 0.9547940631494268 25 1959.0 15541.0 -10.478697401108999 -0.5759796074886147
73 82.38944138799874 717.6397937254956 0.4091353806609892 -0.8314363768638281 -0.5333659161357759 25 2764.0 47004.0 -11.680337043988727 -0.4418211830550125
74 389.16286586235185 720.7503164455311 0.7159303638799966 0.01050040051885326 -0.5786653581198956 25 1238.0 5876.0 -9.422704467795548 -0.08686401378714281
75 2.0188581237653844 724.0212733827149 0.26679788333429266 -0.6552507126046466 0.050837778010993 25 1880.0 30629.0 -11.215332044614259 -0.27395439683557543
76 46.53144209313213 752.6871655832375 0.5333894419151071 -0.024013680503516394 0.9045860011463971 25 1328.0 14265.0 -10.385679439982738 -0.004391165325480353
77 479.24999629091553 758.2654862895166 0.45032933830548444 -0.8236643378163516 -0.7492966498151173 25 1944.0 30382.0 -11.206540898502093 -0.03259559797075791
78 159.53126379034808 784.8614252375141 0.6369620526246401 0.10232191830102184 -0.3298192983745712 25 1361.0 6002.0 -9.445739977722084 -0.3994163329965819
79 49.5258787923451 789.7693913891767 0.47742001702055853 -0.2782112403563163 0.6924842214370887 25 951.0 6530.0 -9.537282953187685 -0.029661594471052533
80 618.8824311912589 801.9897614034686 0.6934955256652198 0.11888734328044068 0.47971108019495073 25 1222.0 1636.0 -8.034458248338261 -0.37672123174862926
81 524.566487564857 806.8138454757187 0.4947985901443245 0.3491845345279337 0.3535038467413501 25 1119.0 7544.0 -9.69400419932318 -0.23440976522091403
82 783.5696815427713 809.8246069501919 0.42471849337267453 -0.5508470116992514 0.018292696093990445 25 261.0 -4919.0 nan -0.0008778244228994447
83 479.8795792454209 818.315711564508 0.5659010363418501 0.977429859641301 0.5085175796818204 25 2671.0 17770.0 -10.624218569513253 -0.9824756856860929
84 112.68975984135183 825.7978946990378 0.7870822468118986 0.4152271879950869 -0.10965330104899286 25 2359.0 5684.0 -9.386635173138579 -0.8366400405089811
85 68.56330929867019 831.3203824465709 0.4484669982233584 -0.9529220029436087 -0.721333041903048 25 2652.0 44608.0 -11.623531880204741 -0.3402720135553156
86 79.22756996804021 831.901484838312 0.25417490444604185 -0.47417095838395645 -0.6164794511208745 25 2881.0 53400.0 -11.81885314257139 -0.38344109155943207
87 486.7207184684836 832.9808119539332 0.5732237415687593 -0.9022275093011386 -0.3724606768795466 25 3046.0 15547.0 -10.479116496406826 -1.2143049796785756
