test_CNN/outputs/tables/03169_a21902m0s0_sources.ecsv
# %ECSV 1.0
# ---
# datatype:
# - {name: id, datatype: int64}
# - {name: x_centroid, datatype: float64}
# - {name: y_centroid, datatype: float64}
# - {name: sharpness, datatype: float64}
# - {name: roundness1, datatype: float64}
# - {name: roundness2, datatype: float64}
# - {name: n_pixels, datatype: int64}
# - {name: peak, datatype: float64}
# - {name: flux, datatype: float64}
# - {name: mag, datatype: float64}
# - {name: daofind_mag, datatype: float64}
# meta: !!omap
# - {date: '2026-06-03 17:11:43 Eastern Daylight Time'}
# - version: {Python: 3.11.15, astropy: 7.2.0, bottleneck: 1.6.0, gwcs: 1.0.3, matplotlib: 3.10.9, numpy: 2.4.6, photutils: 3.0.0, scipy: 1.17.1,
#     skimage: 0.26.0}
# schema: astropy-2.0
id x_centroid y_centroid sharpness roundness1 roundness2 n_pixels peak flux mag daofind_mag
[from data line 103]
104 609.4544379374016 451.9733372721713 0.7336564573392084 0.46078721422144087 0.06761331778926835 25 728.0 2209.0 -8.360489289678588 -0.18156620106985516
105 31.856967264009242 455.9933410511122 1.2589029636404863 -0.3870639194788634 -0.4122034377628525 25 1298.0 1094.0 -7.597543304993531 -0.31826849777784416
106 481.9463354544807 462.07936532208595 0.7581224639064335 0.00793569213292559 0.3663040248110204 25 826.0 2536.0 -8.510373123024237 -0.1863092116891496
107 350.861208442976 464.4864893030573 0.3588976210033368 -0.5383494065054718 -0.9928592946713818 25 2494.0 45017.0 -11.63344137399256 -0.44352096275631914
108 470.7519267560781 465.343343799985 0.40783753876172535 0.2175037636039948 -0.15978248288150124 25 2985.0 51873.0 -11.787353413784318 -0.8031487255386973
109 344.6976897842794 466.7379193364174 0.349555932796416 -0.8615467041732017 -0.784298510616647 25 2562.0 48764.0 -11.720248306490005 -0.4901166617711192
110 743.8139349908655 465.89385155455386 0.4359382220873185 -0.515813397953075 -0.7543155664478928 25 2526.0 42082.0 -11.560240930069714 -0.65105091637243
111 461.0260277651409 468.9767184309043 0.47565360799629297 -0.21284463938483883 0.24896278149450768 25 3114.0 53937.0 -11.829716967839525 -0.804383551590707
112 738.4344514692759 469.08586992987154 0.4717630346406493 -0.33420917056821464 -0.622419414797958 25 2464.0 41227.0 -11.537954333192545 -0.5054069312013733
113 631.9941088151729 475.01361293576423 0.6825423719537411 -0.18798177689143572 -0.5197404177735518 25 2229.0 8403.0 -9.811085908858077 -1.3146712281053885
114 296.1035944628815 482.9454046976007 0.8969551650910218 0.22478721076895236 0.12069968004162437 25 742.0 600.0 -6.945378125959109 -0.07488692975939391
115 31.433217298695237 484.76080077438644 0.6871714566592096 0.6657693180159773 -0.043723506277784 25 502.0 -799.0 nan -0.06008705909502232
116 666.6444355921524 486.5766716735841 0.31562495329446766 -0.6234492115779332 -0.9160662517868552 25 2614.0 47386.0 -11.689125125238382 -0.549146660586371
117 336.6720602439892 487.0982137696734 0.5934967645247173 -0.7956234343211432 -0.5687607912641002 25 1474.0 22444.0 -10.877750650078548 -0.09697305344100918
118 658.6612420399499 489.65303611221907 0.39327893152286264 -0.6125705857430669 -0.7943330919324454 25 2561.0 46237.0 -11.662474119883239 -0.5825766714866496
119 243.88492641610418 505.80565731976526 0.4987987575524483 -0.7248501031297252 -0.7783903981199393 25 2480.0 44545.0 -11.62199740817833 -0.29010717445152745
120 614.0553191197405 506.06867446243564 0.6173063064351597 0.9565980057677204 0.6648228795003142 25 671.0 2825.0 -8.627546130388644 -0.07285212173401334
121 353.72877777649046 508.9115931854051 0.2786186324464341 -0.2905288411357732 -0.7095373022095199 25 2395.0 44824.0 -11.628776523648781 -0.5801104658125945
122 487.15906981176227 508.9167942213715 0.3579971868319463 0.7398979642141995 -0.46187851705064437 25 356.0 893.0 -7.377128647221366 -0.06647678866313744
123 335.33849881904234 509.85214014608806 0.4839153892887922 -0.7275370439116767 -0.8725569370124135 25 1462.0 19779.0 -10.740510826158413 -0.36641070502690143
124 345.56220297178606 511.5862524721763 0.3980428780787527 -0.5891319428449738 -0.7120286540733707 25 2087.0 37131.0 -11.424341614153041 -0.4569407760224915
125 125.40869500667195 525.3413908056759 0.39294713148149757 -0.5537093618107798 -0.6877711066985486 25 2032.0 35578.0 -11.377953826951483 -0.3886209616568296
126 360.1499915167701 526.2280727076843 1.0083341604894347 0.5734244619963604 0.24587782388017362 25 936.0 2903.0 -8.657117589579183 -0.07473203470477356
127 212.08880473458868 530.1965787350697 0.8614450269518598 0.47933850665338323 0.21816971175201808 25 1173.0 2870.0 -8.644704741834982 -0.4768968082563336
128 751.8735104216445 541.9900927667794 0.8456519632985505 0.08373669011562519 0.08727918955370023 25 2052.0 5789.0 -9.406508873917009 -1.1105309511323134
129 309.5090079778467 544.7756449295085 0.5938487930822948 -0.8171939320182974 -0.3772004062452092 25 1828.0 28091.0 -11.121417999370241 -0.2091597707982805
130 568.665880720242 547.0347925732165 0.7855120217879871 0.3441079835695499 -0.2976167838836246 25 1215.0 3510.0 -8.86326779116456 -0.5872083686524532
131 92.53167800453063 548.9237323502983 0.47950817173085797 -0.43934547289032866 -0.30975938532254244 25 515.0 1225.0 -7.720340221751378 -0.12519629284973813
132 51.57478243189492 551.2823204716957 0.33538631815044573 -0.1303727722096854 -0.687107128698961 25 3028.0 54542.0 -11.841827647592982 -0.7898470671164997
133 749.237349581662 555.4973908354933 0.9858911252828462 0.040860732329261906 0.164986675782132 25 1115.0 3057.0 -8.713238596815224 -0.30338065766096584
134 97.03803079109048 558.9369277801753 0.8089915918177207 0.4783487109537861 0.31329163847397873 25 810.0 2192.0 -8.352101374530829 -0.11936932706873758
135 456.86901874591007 564.7716235551362 1.025555726440699 0.19671716129452071 0.05013859546245416 25 2010.0 4237.0 -9.067646160002473 -0.9560369516043381
136 236.37406089363384 566.2349709489505 0.45303333730377277 -0.5159414734864476 -0.9024456912912868 25 2466.0 40956.0 -11.530793835815661 -0.5314686430017544
137 746.7571889150007 565.4400344750081 0.5130240654178386 -0.48059855389986184 -0.7538312788438523 25 1331.0 10242.0 -10.025961928745943 -0.7404007404850931
138 225.63244873647125 568.6680021653831 0.3794344615330741 -0.5107837546576347 -0.6956882217795547 25 2452.0 43471.0 -11.59549907686809 -0.5658234545098253
139 248.96781700564182 576.4650051191157 0.8305150811587213 0.059387636966792924 0.3120980462921883 25 1330.0 2631.0 -8.550302120214257 -0.6886954442687216
140 138.06648519392067 579.864161924876 0.8695307785780475 -0.027321338779285043 0.04240320068725989 25 1322.0 2188.0 -8.350118294153482 -0.6971858082545128
141 744.8195253556781 580.862446247907 0.8597697184003076 0.2980828434537465 0.4754089410509527 25 1246.0 3789.0 -8.946311513187483 -0.5167163738245412
142 818.5124314980415 587.1663870885842 0.8000267656779014 -0.06090562906447674 -0.5627116575313702 25 1175.0 5815.0 -9.411374297661169 -0.43812104075476366
143 1.9306109586468776 588.9826182279513 0.5522763296146938 -0.22238530105774845 0.7308718415888772 25 882.0 3579.0 -8.884404245975011 -0.5314584302668326
144 95.3030280802724 591.0056407880885 0.9803034865689182 0.07202991366173757 -0.1114049984720901 25 1074.0 2145.0 -8.328568241301857 -0.27308731208982123
145 449.82576662463936 592.810343172991 1.095470431597208 -0.006920458800533941 0.25416325670104123 25 1322.0 1966.0 -8.233958783740292 -0.48175319418329726
146 194.88380074248522 595.9112807567502 0.5837541624801873 0.7515051101278382 -0.8445776118666105 25 747.0 4592.0 -9.155004698474793 -0.1273692223163682
147 149.5198522073196 613.3524689334533 0.42359820243217233 -0.7925812117403825 -0.8523088751466279 25 1605.0 25436.0 -11.01362204077894 -0.3108835747727411
148 428.32663074989625 614.9507178083181 0.7688389152663689 -0.5743432556522661 -0.023343417944540135 25 1079.0 7190.0 -9.641822225957206 -0.20575524047539284
149 562.0865777784579 615.7686471518119 0.46602603886673905 -0.38295870154573824 -0.6799448996997298 25 1719.0 29696.0 -11.18174488634692 -0.14949170436466971
150 593.9845474225738 619.0594672017518 0.8094446705943149 -0.32008543543132845 -0.08768084424182185 25 880.0 3316.0 -8.80153630469559 -0.21161378159555713
151 711.0801819745076 619.9363288111003 0.35105194646695176 -0.9403215998802028 -0.8897743644282665 25 1580.0 26409.0 -11.05437989143985 -0.3956198458127067
152 501.6764994025104 624.1646702613491 0.7026298206536167 -0.3698124689594383 -0.18398585955454105 25 2443.0 8005.0 -9.758403340638296 -1.4428436061393701
153 161.54052567917904 625.7989176232918 0.35662378487368507 -0.6417226145610987 -0.40258069508608624 25 1595.0 26236.0 -11.047244055574994 -0.3253250968539928
154 766.3475511772612 627.6361962565654 0.777257386678268 0.3976174712216396 -0.30519127121816436 25 718.0 2969.0 -8.681525493990112 -0.03202649090584418
155 654.4212658597984 631.2513901144572 0.6662561838706406 0.3434313671516582 0.06415006031709808 25 1740.0 8485.0 -9.821629616634237 -1.0331859429736352
156 78.98279936368951 636.165159767468 1.2451519166012393 0.4253269651717357 -0.026061119234588117 25 1199.0 2005.0 -8.255285942390502 -0.23049955598229918
157 703.5925404891439 641.7188784537201 0.810603237601106 -0.717144341923908 -0.31098434623132887 25 1125.0 3657.0 -8.907812400845112 -0.42156891686999315
158 753.5708678070881 646.1621225830464 0.4327120114483318 0.2720180303583067 -0.3518073216465344 25 535.0 2882.0 -8.649234941194926 -0.027911122236988356
159 786.4761823200558 647.5209351604462 0.6592106051242678 -0.830149874116426 -0.14750926143796003 25 1242.0 4735.0 -9.18829995834823 -0.7365437544041584
160 370.33852230315676 648.1610920945941 0.9883817438725183 0.48018911071882586 -0.21916988374778468 25 1051.0 3362.0 -8.81649427275863 -0.218975617775167
161 733.017327617628 659.152111856434 0.7878145386249183 0.37895287196595934 -0.10329478157261819 25 714.0 2027.0 -8.267134371732523 -0.030115581366837625
162 26.911620578413448 662.8552309099452 0.8417360207110899 0.12392035093224711 -0.08287943439919522 25 1888.0 4692.0 -9.17839500860873 -1.0374192775609181
163 791.0315942003084 663.4001534718986 0.5248874526565328 0.8460151993470334 -0.9317654661633551 25 842.0 6827.0 -9.585574757129194 -0.3227861267482607
164 529.9868376306407 669.706707072351 0.5040472112423061 -0.9425020147435862 -0.45606793929245387 25 1525.0 24736.0 -10.983323680595579 -0.050424990837451174
165 285.968656766461 671.8365566147929 0.5268664232478074 0.14227400283312813 0.45444446369359387 25 625.0 2879.0 -8.648104162195205 -0.19286347618107308
166 706.0747857602778 673.2783734722855 0.9570460010721342 -0.08421890259297163 -0.19018641745443948 25 1106.0 3582.0 -8.885313953782532 -0.25572913022681004
167 538.0475667891211 675.9777684597435 0.5289560188954506 0.5603143942444528 -0.20411441942779054 25 701.0 4613.0 -9.159958636520667 -0.13734423372084564
168 718.1957224297731 677.2649392333947 0.8027829421886455 -0.30131704121363584 -0.251705593674902 25 1195.0 5233.0 -9.296876836849163 -0.4684966951922944
169 728.0358038640335 677.0232658526627 1.0397909896581543 -0.47003103046075734 -0.20931647408713483 25 1329.0 1693.0 -8.071642395272338 -0.5035381259588141
170 640.0925889648577 677.9686832287545 0.770172541531176 0.11489725183803925 0.037626187004497096 25 796.0 1550.0 -7.975829245425729 -0.2875755330929576
171 239.77178846085576 685.1420978442218 0.8184691171023666 -0.9322853956670053 0.061390324528088534 25 810.0 1880.0 -8.1853946231592 -0.1052698763549933
172 701.318314332587 684.4822764743658 0.515639738861031 -0.5617135615063328 -0.267567851475914 25 1598.0 9143.0 -9.90272179941974 -1.0289121345278502
173 298.2349820821054 690.9859271515807 0.6256868701203683 0.11208525220808024 0.6998126203770273 25 928.0 5492.0 -9.349326321411795 -0.2992571857847727
174 571.2501488225013 693.5760515000122 0.6486346391559256 -0.08050651094616264 -0.19352780534048247 25 1445.0 4407.0 -9.110357626274798 -0.9040068928257371
175 510.91958404272856 697.2065180910954 0.5470095043628692 0.012957078408128037 0.3436824140139106 25 1148.0 6652.0 -9.557380601368704 -0.6372157576014423
176 808.8283862490835 699.7132552372299 0.7948968523440223 -0.2745857194480549 0.4443183752381752 25 685.0 1741.0 -8.101996927793328 -0.05915836638570861
177 111.14869257077304 702.0007838689228 0.7335958513517786 0.8288717406129908 0.7223059031987367 25 768.0 1674.0 -8.059388634143103 -0.10694427919819285
178 139.53079286708513 707.3174863046305 0.4854576037983044 -0.24652926473696213 -0.8948468557719275 25 1924.0 31318.0 -11.239485049437171 -0.37832211459667225
179 271.5314759899697 706.8281473319333 0.768313451367044 0.5881732084838898 -0.21255209908226058 25 1536.0 6486.0 -9.529942360842385 -0.7719990878949814
180 91.09581154723382 713.9500355626658 0.42545193845177864 0.16615383948434503 -0.6401749161868573 25 2828.0 46351.0 -11.665147770677937 -0.8082182270885816
181 291.9621046611055 713.1149413714885 1.0127544596637845 -0.14245145317141425 -0.1914704113835989 25 1227.0 2013.0 -8.259609437221636 -0.4365167058348288
182 3.9859701543741903 716.1496843904542 1.0924285276792658 -0.4361994145810149 0.01065089673508584 25 1291.0 3543.0 -8.873427880832942 -0.3489246740383274
183 365.69633390603326 715.374422770051 0.8557477955982307 -0.1855548216523277 0.5327760303992081 25 808.0 2597.0 -8.536179874073257 -0.0072587909898726415
184 83.58727793325188 716.4801694066066 0.3853761380148942 0.14384199061212535 -0.3849540641655531 25 3041.0 53629.0 -11.823499247277569 -0.738255119965775
185 580.1461382207557 717.7049954640926 0.41301812787329983 -0.04230526092952632 0.22896877565038423 25 1119.0 17058.0 -10.579820275185215 -0.023953389150204764
186 747.1289543723561 720.5226365331646 0.7766230391573836 0.27450429349586875 0.10483116457617658 25 1272.0 5494.0 -9.349721637711358 -0.5612375274754849
187 0.4910417916416717 724.0082200875052 0.3953887084865731 -0.8711071728713207 -0.6731009495113683 25 1721.0 26743.0 -11.068025310826972 -0.5648217359474437
188 337.73548512627656 725.0638897416356 1.1423499954947678 -0.22134866520513172 -0.17703056062928252 25 1137.0 3008.0 -8.695694579799012 -0.2224718132016196
189 28.567413648446035 734.85170698563 0.3793228601997727 0.5782102137109667 -0.4123646170055269 25 3128.0 56059.0 -11.871613365992195 -0.7021028740000369
190 504.22436733381204 735.0985939737125 0.9076640542414774 0.634300390968296 0.33445651137360083 25 792.0 1011.0 -7.511877888977503 -0.06732408307548594
191 378.60476082426493 735.4045027473352 0.6014675254799398 0.3503640749201792 -0.3028369693042539 25 797.0 6351.0 -9.507105281847686 -0.07381657004762064
192 19.064540465692083 737.7519348508725 0.45052843643963575 0.2921155764990186 -0.03484684716953642 25 3032.0 51065.0 -11.770308340609319 -0.8565910822426287
193 480.2637005625106 746.9436513571021 0.7441658630988063 0.2341882943209429 0.12299317346661627 25 718.0 1299.0 -7.7840228776825695 -0.14220845353891512
194 375.0660803453202 758.8528234180621 0.7376946663195608 -0.08756383239151513 0.6533990322697315 25 640.0 1018.0 -7.51936944500185 -0.08022202139330172
195 220.6821177407397 762.5446247325735 0.4586560262258536 -0.6820103976956029 -0.5370727903021543 25 915.0 5390.0 -9.328971912966846 -0.5570604959474798
196 775.6072754539061 763.0712230883618 0.9059056505559655 -0.18025410765298666 0.09257258673906875 25 1151.0 2921.0 -8.663828892433875 -0.477320048680926
197 747.153231619963 763.9846012316691 0.919953151406147 -0.01273531680668312 -0.13985046218606964 25 1669.0 4028.0 -9.01272365470395 -0.8416075810349815
198 532.3652842175923 768.9407674013058 0.6681357863485893 0.8047529830348376 -0.24260210875807026 25 732.0 3845.0 -8.962240860343623 -0.06718439110671781
199 169.42132249329404 769.7053757700211 0.643554151935264 -0.5214925508454966 -0.1789285133090403 25 634.0 638.0 -7.012051696802906 -0.1877577867043653
200 366.7261415176737 770.6291853059514 0.8712983807410346 -0.021813132482606003 0.47540197439265297 25 1270.0 6451.0 -9.524067604735125 -0.43120547710018153
201 84.96929796185354 780.2987918006854 0.9810158911967272 0.2881877797550061 -0.16577777667883611 25 1815.0 4194.0 -9.056571065323313 -0.8366208925382308
202 160.21081418223116 785.5084401618908 0.7820056487548519 0.3280131074456617 0.08851952146205232 25 1237.0 4792.0 -9.201292023453137 -0.5460186343052621
203 453.6321158667523 787.0860007862298 0.6086490686660863 -0.5059231322585886 -0.5596160249236922 25 1132.0 4593.0 -9.15524111354481 -0.6537370092962512
204 66.83150187336668 790.1600317689904 0.8932399553026658 -0.017093693789302807 0.003972687791220604 25 1258.0 2069.0 -8.289401226664337 -0.5615332990524406
205 673.2694901886998 795.8093129743844 0.5182224036377643 0.4695872731272803 0.44859955912410954 25 2238.0 16589.0 -10.549550517868093 -1.216198158271186
