test_CNN/outputs/tables/03168_a21899m0s0_sources.ecsv
# %ECSV 1.0
# ---
# datatype:
# - {name: id, datatype: int64}
# - {name: x_centroid, datatype: float64}
# - {name: y_centroid, datatype: float64}
# - {name: sharpness, datatype: float64}
# - {name: roundness1, datatype: float64}
# - {name: roundness2, datatype: float64}
# - {name: n_pixels, datatype: int64}
# - {name: peak, datatype: float64}
# - {name: flux, datatype: float64}
# - {name: mag, datatype: float64}
# - {name: daofind_mag, datatype: float64}
# meta: !!omap
# - {date: '2026-06-03 17:11:42 Eastern Daylight Time'}
# - version: {Python: 3.11.15, astropy: 7.2.0, bottleneck: 1.6.0, gwcs: 1.0.3, matplotlib: 3.10.9, numpy: 2.4.6, photutils: 3.0.0, scipy: 1.17.1,
#     skimage: 0.26.0}
# schema: astropy-2.0
id x_centroid y_centroid sharpness roundness1 roundness2 n_pixels peak flux mag daofind_mag
1 309.3706568120949 6.613584321203048 0.4921082475161743 0.016646074253310095 -0.6337233017713693 25 2302.0 35079.0 -11.362618011002962 -0.1899600499265665
2 607.8516355544443 6.289385546314523 0.4618278540801475 0.23873911286682611 -0.5658315811627881 25 2686.0 43455.0 -11.59509938564861 -0.37828635158961016
3 485.0509107478331 7.608893572534217 0.4978431197396625 -0.6989470701573065 -0.602888278010295 25 1361.0 7640.0 -9.707733396439224 -0.5869648375127995
4 597.3305943401756 12.028097334359853 0.4168500501995075 -0.31085665210930125 0.07329298660506299 25 2731.0 47479.0 -11.691253908232952 -0.23862354062120994
5 297.4867249551113 14.874873619204886 0.56326832379297 -0.3397784946041587 0.8060764823861404 25 2984.0 26367.0 -11.052651797979697 -1.05275105494684
6 679.2103715386057 24.957166148143543 1.0159936406764993 0.49239513918157685 -0.29717930728858544 25 1229.0 3583.0 -8.885617020415276 -0.030801438175188114
7 1.6597146122298967 32.88555331238764 1.010797784243816 0.4911271421786027 0.22901746510176396 25 1093.0 -142.0 nan -0.06699917916674139
8 350.22666352901257 33.505498039242944 0.453905844877955 -0.048682991242299536 -0.6837372166982146 25 1900.0 29277.0 -11.166316431802946 -0.08554144790788691
9 298.47262314792806 40.46189453977957 0.7444797451536808 -0.26918546887119543 0.6997743396576054 25 1108.0 4030.0 -9.013262615352774 -0.1642772292990728
10 811.8744016999725 68.13386580415234 1.1563034677428694 -0.20695147393494676 -0.1012825382867844 25 1424.0 1560.0 -7.982811495886154 -0.09587466438230283
11 420.8423064574546 70.83209877306014 1.335991037736743 -0.24860648851324754 -0.18781014788884445 25 1451.0 331.0 -6.299569984439297 -0.037848662535130445
12 188.56679300199292 76.6484075229062 0.5579163768744363 0.38721360721494935 -0.34789084299204875 25 1725.0 25107.0 -10.999487056445542 -0.06014436122448719
13 611.1425491715512 75.69921529785002 0.778702836701691 0.3174665002941853 0.25592118263416463 25 1832.0 5070.0 -9.26251989833334 -0.6937598494717712
14 781.9056903733353 76.83362667058748 0.754716723829781 -0.5530569170988631 -0.4779351438069902 25 1369.0 2007.0 -8.256368431218714 -0.4995268182450785
15 122.44593294054988 90.3527106418906 0.39847875805092686 0.8331917527038195 -0.8269803465699476 25 3296.0 62527.0 -11.990168980117595 -0.3761009127399555
16 157.7941573360209 95.28761067862507 0.5429216852143919 -0.16911307060358732 0.3968606029245982 25 877.0 3698.0 -8.919917267057885 -0.08685980126644013
17 799.5160144807384 102.56733317349644 0.4978657274889861 0.19277621408434745 -0.9428392424420601 25 2521.0 39502.0 -11.491547711659502 -0.38243076202267123
18 142.30899122944749 107.79399322628838 0.9185755415474915 0.053418146414248975 0.08991755113867338 25 1078.0 1764.0 -8.116246451989502 -0.0029695128925875435
19 784.7472022515715 109.32342570230166 0.4722272565041389 -0.3994385682954031 0.33093525619756065 25 2809.0 47488.0 -11.691459698157285 -0.28244627480445256
20 562.0403368925305 113.80811463243964 0.8261546467847454 -0.383787859741513 0.15643536219182724 25 1610.0 4610.0 -9.15925231347412 -0.5179399158439228
21 757.6240578613823 119.10944428992102 0.48373868586730867 0.5270902680673895 -0.04585570385324205 25 1814.0 10357.0 -10.038084940616772 -0.9020251246346742
22 42.404227448974005 137.36771879793528 0.3654357489800279 0.24131031119834853 -0.5322638369228002 25 2984.0 53114.0 -11.813022523106909 -0.4073843184060624
23 31.250505063639707 142.34427794299745 0.4035873657966744 -0.5024310414395526 0.449310612045839 25 2957.0 53213.0 -11.815044359805631 -0.3035256225727337
24 224.9014985771104 144.68460062430992 0.509874528010801 0.7824696166843619 0.20795273835817038 25 1097.0 4716.0 -9.183934491057629 -0.4296729054549981
25 668.565305082115 155.84741650731948 1.1414839402619965 -0.11737835072343822 -0.6513947216780049 25 1699.0 2466.0 -8.479982680649282 -0.346168366615226
26 151.43307745756087 157.42788574851085 0.803042360627695 0.1509812381710167 -0.019212442121307252 25 1258.0 2397.0 -8.449170085084134 -0.2617006505281118
27 596.2348180393856 158.35983520220867 0.7313224584021489 0.49384609454517553 0.49433612410636585 25 808.0 -133.0 nan -0.09964141181987529
28 784.7075764222734 160.740458232192 0.44638451361330905 0.11266363299883207 -0.8584421369573876 25 2141.0 34474.0 -11.34372919322699 -0.1007595861252433
29 774.3387531259881 166.6668305184719 0.3923369216254424 -0.7510201605327942 -0.07860845840354004 25 2334.0 40778.0 -11.526064803834345 -0.1903021650306511
30 801.4575344229046 173.92609219577085 0.8643632851731636 0.39527352345369005 -0.013470999430721662 25 1603.0 5437.0 -9.338398332504278 -0.4167437835131271
31 832.5586406756438 175.05952017807618 0.40720835385996873 -0.4396880241737939 0.21622459483811135 25 1535.0 21677.0 -10.839997944020327 -0.10308788993767172
32 223.0129609156331 180.54361901438426 0.7427909990575485 -0.05416912557317612 0.2828526069867171 25 1622.0 4099.0 -9.031694795791253 -0.5984653588431441
33 318.64420754844576 187.42011734893381 0.5985785788122704 0.8985031054357675 0.08308423262470542 25 1280.0 5859.0 -9.419558745018792 -0.4651114166421658
34 773.5058962707562 188.68633767412857 0.4229947107804709 -0.3464113297538815 -0.3599679709387858 25 2146.0 34202.0 -11.335128756629187 -0.20769000408220556
35 762.0099708090116 195.0895890404265 0.41233166287452927 -0.4776072189719311 -0.053172254716467734 25 2547.0 45311.0 -11.640509117580468 -0.18260205260915305
36 93.16349542869233 198.93422142710253 1.198236586912542 0.20554407120198426 -0.6493394394745516 25 1451.0 2633.0 -8.55112714776517 -0.06139665028734076
37 680.5347180853443 202.02021470427542 0.7467922132466839 0.2610165725545863 0.34774339194940784 25 1242.0 4332.0 -9.091721119883207 -0.3209764887555866
38 266.57650006639886 204.8581582343548 0.7481831166457323 0.20791085308444898 0.006020591919717004 25 1472.0 2644.0 -8.555653627034006 -0.5797616329930597
39 364.9734909260642 227.73472497202326 1.0719554500043151 -0.1742405470072435 -0.18745985362686723 25 1439.0 3008.0 -8.695694579799012 -0.1456453125312967
40 134.72989175890294 229.1098041825056 0.7750127364512771 0.4921718259647556 -0.15250348378322373 25 1270.0 2177.0 -8.344646072602735 -0.3622694529828658
41 155.35380931623604 232.9120354610852 0.40039902794813687 0.5781834084213716 -0.4108662403327987 25 3115.0 53465.0 -11.820173927898905 -0.5437729156598853
42 143.61422211585995 238.69957642731765 0.4269035488138629 -0.6118519712387136 0.7139330140466312 25 3076.0 57625.0 -11.90152734599426 -0.2961878488102861
43 756.3326953383955 242.0343206793269 0.570317358840327 0.06228603450938982 0.2419751084595245 25 1904.0 8489.0 -9.822141333954777 -0.9027365017452362
44 507.2237257561677 249.63738856605477 0.777465109859093 0.5856504655828643 0.567578314136547 25 1156.0 3772.0 -8.941429210163227 -0.11017277525773012
45 128.97254131665483 250.02850967529722 1.1727413064465282 0.42779922735037734 -0.11779390142287487 25 2033.0 1542.0 -7.970210934287345 -0.49521407423986297
46 342.21589367477594 271.1479906742372 0.7344267612573213 0.7329697494964658 0.09650274223933222 25 940.0 1477.0 -7.923451238279874 -0.1665009293580251
47 269.8689948454205 274.0562814927888 0.6714200708832893 0.13980110716574567 0.21141970507827432 25 1829.0 6869.0 -9.592233790941085 -0.7891919190331763
48 623.0909495884853 302.98405196268993 0.8591049528880764 0.19520268846766547 -0.11556771538595055 25 1210.0 2950.0 -8.674555039945407 -0.16203209704103408
49 349.6274265659105 308.8955955073443 0.7151462720778057 0.18575677730023674 0.2289776597923582 25 1154.0 3510.0 -8.86326779116456 -0.3056430375110699
50 273.13175074765485 322.128212194827 0.6016768254465071 -0.5277087238767528 0.4396797026363061 25 911.0 2958.0 -8.677495424152184 -0.14795468020627794
51 106.38770805260354 323.43834300185034 1.1759199457609517 0.10221572790729473 0.45323654960303017 25 1602.0 2525.0 -8.5056534561367 -0.25006857133652977
52 19.508601989288426 325.4737592319091 0.5973087837862734 0.40927112919443426 0.030068828589129282 25 1133.0 5033.0 -9.254567325992848 -0.29268042075887224
53 384.034613020408 325.86871050837215 0.9661935705191456 0.20230201399402764 0.2673519373941221 25 1228.0 3215.0 -8.767952443150602 -0.003521752265681229
54 831.290554510569 325.38013664362234 0.40777487320992756 0.18570239518599607 0.35966014347793157 25 966.0 8180.0 -9.781883259178308 -0.22316267909333437
55 796.5697554459396 334.0944757142714 1.0753515643873524 0.423631615163345 -0.14461153962592788 25 1754.0 5296.0 -9.309869941079109 -0.3165734321484836
56 719.7287865672243 346.9913305858551 0.3789977066186551 0.765146176685597 -0.39443460348688186 25 3170.0 56878.0 -11.887360792254578 -0.3970797455324532
57 29.43843124782671 358.0940267816174 0.6539170191774486 0.11027888120278832 0.14876530131472115 25 834.0 1855.0 -8.170859784877662 -0.045872998144959945
58 148.44050123993824 360.4891060386289 0.3725095590997433 0.9177273077066713 0.8211122443109122 25 2012.0 37735.0 -11.441860885818542 -0.12088807666183886
59 154.47556679710453 360.71035573993043 0.36054788290769946 -0.5610311583728564 -0.7100427662321341 25 1739.0 26924.0 -11.075348954711771 -0.16540152822964113
60 661.6428628653442 363.2001903023516 0.8029207713198606 0.26039783344545586 -0.1023270989922842 25 1498.0 3477.0 -8.853011726708147 -0.481135175090838
61 270.00460641065905 385.88377288349966 1.4301035891809888 0.18074975748979996 0.1441457695477774 25 1600.0 1208.0 -7.705167335712782 -0.04717973118853211
62 418.57553357120383 393.13653566845426 0.4180690707382394 0.7321491934373231 -0.5862527256892015 25 3148.0 55704.0 -11.86471595541881 -0.37844156155037756
63 719.6177603451544 393.07821485594326 0.8695623007125567 -0.6092472909598549 -0.28482284633204114 25 1353.0 2510.0 -8.499184303702595 -0.2729462130866759
64 351.9333656009813 396.8131294089956 1.4329921389107791 0.4321184889413356 -0.18308633745130998 25 1709.0 612.0 -6.966878555363904 -0.13625098070747169
65 405.32987401105413 399.6877945929634 0.39916558188773393 -0.2105041211449029 0.5955672749420953 25 2999.0 53881.0 -11.8285891184464 -0.33521662393302654
66 782.7116133096664 406.6164096518398 0.31316600287293284 -0.09051239994823168 -0.6809693211843428 25 2096.0 38708.0 -11.469501830945092 -0.08360419577854114
67 665.554555244859 408.1562887071008 0.45875708719933644 -0.08476250672204114 0.022251224159460833 25 1680.0 9445.0 -9.93800490564463 -0.8335924877202117
68 771.110790978501 413.0573363418711 0.5234944653586784 -0.7447975437870424 -0.20091980538753426 25 2121.0 32191.0 -11.269336170180658 -0.2266270156077136
69 306.02127336027473 417.5922473031344 0.808147491886401 -0.5894976264075665 -0.2983035789706679 25 1975.0 5651.0 -9.380313268244745 -0.7051528918218476
70 408.5040999469652 420.71349885391305 0.544831082167715 -0.4750087706769242 -0.5777992571599294 25 1506.0 22103.0 -10.861128059215346 -0.08862660949458374
71 436.3037059205956 426.30352239055463 0.7150800257729123 0.34113587259027733 0.13387972556220865 25 904.0 1194.0 -7.692510816983376 -0.11164633713430036
72 680.2198044226202 434.82665728277806 0.7065573729828327 0.1306850335410064 0.3831851835709381 25 975.0 3400.0 -8.828697292605638 -0.0924776545232872
73 408.807313564077 438.309693454264 0.495784411923568 -0.07799323797112173 -0.5013430619473944 25 1696.0 22694.0 -10.889777626316883 -0.2000004827372341
74 513.9947115217713 451.7669907083732 0.8650187316427899 0.2950320421493577 0.14207539464499014 25 2066.0 5368.0 -9.324531267902339 -0.7075131197324811
75 433.4531244292683 453.8747822765895 0.40153464441287967 -0.08828491886700293 -0.12391835956757694 25 727.0 1383.0 -7.8520554502732764 -0.3428213737488617
76 283.0504649329295 455.9240890990677 0.4543396031811789 0.0811846924807336 -0.08309820748402053 25 3084.0 40471.0 -11.517859838821538 -0.9608694160904483
77 592.3314200316413 459.931320397321 0.758112031863463 -0.1312520893698174 -0.11435412534277818 25 2101.0 5699.0 -9.389496642434576 -0.8527742641202386
78 469.1627698966288 467.29062424512864 0.4717473911310645 0.7417423251039165 -0.39867152774673914 25 3103.0 52987.0 -11.810423328681647 -0.39246350417950576
79 743.5673464296286 467.05456997814764 0.34799868755228797 -0.33744721937183425 -0.9515186045774249 25 1872.0 31382.0 -11.241701545170418 -0.20165299714008125
80 340.21581306465634 471.45083003678184 0.5183453746067094 -0.7846661863024312 -0.5479921755043395 25 1983.0 30960.0 -11.227002380027137 -0.06619340549764416
81 70.77849201220691 479.0080461458004 1.0256653087851388 -0.3384719455184165 -0.6860628552230867 25 1394.0 6018.0 -9.448630458510154 -0.03780619880392349
82 666.0568654799425 487.57201628780166 0.38611666339468076 -0.02608080851103933 -0.428895389890541 25 2121.0 36187.0 -11.396381451038632 -0.27056433791997414
83 653.936310816666 493.89638402002953 0.4288008584176642 -0.7176793067095398 -0.17355361625653107 25 2299.0 40996.0 -11.531853711148514 -0.08584358737741297
84 606.9574452698085 505.3410562476338 0.701881826792993 0.268968115618835 0.6961156843016701 25 1133.0 3874.0 -8.97039904095773 -0.2535640700374569
85 353.8117455892445 510.60254594649007 0.4730673464837169 -0.7516826759489231 -0.5813722276841952 25 2212.0 33517.0 -11.313162848452247 -0.21759048863514138
86 170.98606552788766 527.3049613786758 0.8395974196024835 0.6217200574304785 0.6063067261013587 25 1335.0 3347.0 -8.811639280894443 -0.2938366538130292
87 146.43736683314276 540.0021864420896 0.6016959752707848 -0.47196808721338396 -0.5697508181672462 25 796.0 1947.0 -8.22341487880008 -0.04845538808321039
88 689.244465277884 549.8062075042893 0.6729752563722349 0.28723067475905334 -0.12684299544220562 25 931.0 3027.0 -8.702531052391432 -0.0929068031091452
89 49.70479136112496 553.8526787570945 0.41197486840615516 -0.07618831022834284 -0.6845021123303991 25 2262.0 37448.0 -11.433571570298465 -0.29703629382974933
90 220.3202285340891 553.2217990372077 0.7521534827424006 0.23525329468789516 -0.2839747422472145 25 1486.0 2954.0 -8.676026227439827 -0.5405929194954662
91 475.9349605012419 557.2987512570664 0.8772186688498852 -0.3154540103255164 0.3208091952768857 25 1073.0 1915.0 -8.205421945761604 -0.0212098484584676
92 360.97278235681006 559.1160769858081 1.0957965719851117 0.10126980630336847 0.09987475074540456 25 1650.0 3658.0 -8.908109252850995 -0.33627362900951874
93 179.7531582929987 565.0593337336002 0.7347141963100456 -0.17151040413689164 0.732598672456461 25 1174.0 1409.0 -7.8722774827733915 -0.39516889131936916
94 232.61145665866715 568.4493338603128 0.34810558177376333 -0.0699408142341142 -0.7333832090199891 25 2315.0 39736.0 -11.497960367467916 -0.21392707359656177
95 531.0356805160097 571.9467305818969 1.0655667750557603 0.10202187388493841 -0.02205612916349955 25 1676.0 3556.0 -8.87740438074544 -0.3327497351445139
96 221.5277066820482 573.4449294184002 0.4002449138220831 -0.9108530870644478 -0.4434460453540043 25 2346.0 41710.0 -11.550600474614578 -0.15392272487962602
97 474.8555948169759 582.5677790048586 0.7494941650986172 0.21082298312350972 0.5810236565060721 25 1087.0 2400.0 -8.450528104279014 -0.2328637824696983
98 118.12837094350101 590.8306751231495 0.9565526736824426 -0.4437933436479911 -0.0014317837411545447 25 1543.0 2058.0 -8.283613426066035 -0.40981326290983283
99 337.233526811913 594.6948895012958 1.0991297560986135 0.024883254909886226 0.5603665433150794 25 1384.0 1297.0 -7.7823499402102 -0.1677621956408744
100 417.16332748953175 598.1248591638481 1.2076795029176939 -0.3027725731021595 0.007894033262766465 25 1349.0 899.0 -7.384399229333072 -0.03523666373540874
101 749.9088258162509 602.2767708744032 0.7291553126478161 0.2693169488212974 -0.017403224028774814 25 1393.0 4860.0 -9.216590673155734 -0.39965895028296866
102 700.4450747433283 614.185860784301 0.9536768023290498 -0.1116565335855101 -0.5785599958823195 25 1088.0 -174.0 nan -0.04686727811663044
103 42.510206887294125 641.3041515242375 0.6065704181981894 0.14592118379744012 -0.34355026935781513 25 1088.0 5229.0 -9.296046604574139 -0.2085739502267786
