test_CNN/outputs/tables/03162_a21889m0s0_sources.ecsv
# %ECSV 1.0
# ---
# datatype:
# - {name: id, datatype: int64}
# - {name: x_centroid, datatype: float64}
# - {name: y_centroid, datatype: float64}
# - {name: sharpness, datatype: float64}
# - {name: roundness1, datatype: float64}
# - {name: roundness2, datatype: float64}
# - {name: n_pixels, datatype: int64}
# - {name: peak, datatype: float64}
# - {name: flux, datatype: float64}
# - {name: mag, datatype: float64}
# - {name: daofind_mag, datatype: float64}
# meta: !!omap
# - {date: '2026-06-03 17:11:40 Eastern Daylight Time'}
# - version: {Python: 3.11.15, astropy: 7.2.0, bottleneck: 1.6.0, gwcs: 1.0.3, matplotlib: 3.10.9, numpy: 2.4.6, photutils: 3.0.0, scipy: 1.17.1,
#     skimage: 0.26.0}
# schema: astropy-2.0
id x_centroid y_centroid sharpness roundness1 roundness2 n_pixels peak flux mag daofind_mag
1 610.4533195876288 6.003868114908953 0.44002396601837634 -0.19545159924456434 -0.9810121561992025 25 3425.0 51287.0 -11.775018240082467 -0.8837694081385851
2 303.9091006818921 8.997770321278688 0.4557779324077476 -0.8532113102464244 -0.6480880812224596 25 3132.0 49086.0 -11.727394107612339 -0.6654398761011738
3 419.0980466679021 8.34905937058358 0.7820822806512283 -0.5374466363265987 0.13882032388037094 25 954.0 2351.0 -8.42813157281235 -0.03998541160827856
4 601.2535812145281 9.31494284320621 0.40211683682083466 -0.41575364342629717 -0.25491099211138496 25 3335.0 53392.0 -11.818690473276794 -0.7056657489100121
5 105.13833394917364 32.6349316947238 0.4414531885702641 -0.19900851295322883 -0.9082100325704371 25 2068.0 32629.0 -11.284009409788652 -0.05955316796123127
6 219.62273659611338 52.362502379103745 0.4159534894664574 -0.5464734695867752 -0.7597504417599297 25 1865.0 28084.0 -11.121147410906593 -0.1672375111277769
7 330.2314076527362 60.88922095502319 0.4442586589069815 -0.5389783452423349 -0.5471641531719456 25 1780.0 28284.0 -11.128852071429872 -0.011491278543247298
8 283.99566341633573 62.49838707766163 0.48557561743838046 -0.7368413752647975 -0.8421333463156797 25 1972.0 29363.0 -11.169501062790433 -0.21135631008984426
9 708.0008607130101 89.2776835744007 0.36432337089643196 0.8709537507290357 -0.12334294052222837 25 1802.0 13793.0 -10.349146840520444 -0.9599208175157415
10 114.7590065313762 93.90980470467814 0.5037208749104167 -0.5545242177474553 0.8583328175402785 25 3953.0 74063.0 -12.174003249065425 -0.455532326304626
11 833.0060744673982 105.59839519144936 0.3980055059753665 0.13785200504058778 0.5322344230284488 25 2323.0 28068.0 -11.120528669641946 -0.7696412172269889
12 789.1847554483519 106.12172245423403 0.3340451517367983 -0.4663009977062961 -0.06347208635834686 25 3970.0 73221.0 -12.161589139672857 -0.659077557846329
13 607.8945262617673 112.2375311063727 0.40246418563707187 0.4330280132783483 0.14646286139347905 25 3947.0 60737.0 -11.958633342201335 -1.0340525645269474
14 606.3897297029827 117.62977181177654 0.347461084711837 -0.027074388480327075 -0.004004691751445517 25 4018.0 62549.0 -11.99055092704188 -1.1397574521126939
15 42.59798906409614 136.07191401985534 0.3824443762122029 0.002159789218161131 -0.9258595768226534 25 3764.0 61831.0 -11.978015676127907 -0.8680164640629058
16 729.6976441077765 135.98400118119667 0.4498712021494171 -0.5409823971324224 -0.7794968449475034 25 1961.0 27198.0 -11.086342423605828 -0.4948043909392704
17 576.9280684922676 137.82387550403328 0.584152275516565 -0.13506270668781867 0.08281461826220145 25 3463.0 15523.0 -10.477439143713113 -1.5489620981799923
18 36.25027762453611 138.70230861067097 0.37176310867810247 -0.5909402110248021 -0.19965333433470692 25 3830.0 65869.0 -12.046702675463564 -0.7679766331436526
19 281.5026142505636 143.40278890266265 0.3698197815296826 -0.9299269941522176 -0.9925926440739199 25 2916.0 52113.0 -11.792365187519824 -0.3729039722044167
20 577.7881014394404 164.2694643989 0.39809330975708945 -0.7582787963473658 -0.8273638706466182 25 1657.0 25433.0 -11.013493978162492 -0.11581753737947661
21 778.9840189732907 164.0688240196561 0.4079106162788614 -0.5694047444883209 -0.4309120363463285 25 3073.0 47374.0 -11.68885013928383 -0.765274936249894
22 832.6867703755819 174.49656575107446 0.37893802596909243 -0.5081899326980771 0.16069680885855647 25 2706.0 34985.0 -11.359704695620398 -0.9054362380188553
23 784.069375381151 178.1956458364002 0.41776120534094696 -0.7314138993279029 -0.934310957729837 25 2221.0 36419.0 -11.403320041700225 -0.16752928204587147
24 773.1535773017903 188.51012648086834 0.4184187381825679 -0.5663597810844802 -0.9052517810452865 25 3205.0 44615.0 -11.623702243305038 -0.9306210210113315
25 766.690551074156 192.51125551944844 0.3961926482869761 -0.6046490185344067 -0.17412281060736415 25 3037.0 50616.0 -11.760719553627732 -0.6334929444644749
26 793.5997054414132 197.86416081334335 0.41974330197671855 -0.4462209928475915 -0.6054291935757163 25 2657.0 46866.0 -11.677144720473274 -0.22722686738390133
27 98.65511670803347 207.0096275288527 1.0037630969635418 -0.38889104933256213 0.13843710006424786 25 1528.0 520.0 -6.790008359086998 -0.40512463063029386
28 155.8928740586198 231.66609990918434 0.42842451286469757 0.11551643233319159 -0.7565291746112014 25 3838.0 61826.0 -11.977927873884173 -0.8468865179099182
29 148.23197713091974 234.94057837898424 0.45453904800550143 -0.19743408324877465 0.03667163111706872 25 3533.0 58086.0 -11.910178676268028 -0.7253087641771799
30 375.22103403932016 250.1164805262642 0.8643061781711584 -0.5647815492733752 -0.29096727459720134 25 1170.0 1947.0 -8.22341487880008 -0.14430026341413005
31 105.3987719154433 255.8626605902212 0.6962881117241206 0.5626452747170019 0.24574133929662492 25 1154.0 3580.0 -8.884707566609686 -0.31587646758937266
32 139.78866352510352 259.2528611635779 0.9610229274207126 -0.28609019441909866 0.2638419268440763 25 1901.0 3469.0 -8.85051074960515 -0.6198714629118438
33 569.2228425294005 262.23590843212327 0.5315415224076571 -0.5309150878148065 -0.9760310234752185 25 2465.0 38207.0 -11.455357345948622 -0.2768357580539741
34 288.9192367080896 263.4100264958802 0.5783442349376829 -0.5527477166725525 0.03385969058884735 25 3517.0 13650.0 -10.337831628441938 -1.622474936417912
35 396.69105935486317 271.30681533866635 0.4927627333799903 -0.6633414435319247 -0.8539832542051354 25 2028.0 30991.0 -11.228088975083125 -0.11617580940112207
36 152.36948172076606 273.7857036835809 0.5336824703645685 -0.9259934868417953 0.0020423190010267394 25 2134.0 11911.0 -10.189870561610089 -1.06011638782433
37 739.2580647352462 273.65259613905414 0.3411802682989413 -0.9520546592682764 -0.31704968166380754 25 1554.0 22740.0 -10.891976150879291 -0.3813152205910719
38 305.7299530568188 276.77277236849363 0.4055727061422774 -0.521569513515693 -0.7440128014874038 25 3219.0 60355.0 -11.95178313564685 -0.2732071252596084
39 144.55612554446554 292.0900124248994 0.5853845503925306 -0.6073096357070655 -0.8722381688179245 25 2336.0 34290.0 -11.33791871278736 -0.2274880021216798
40 295.50861464939544 296.8153800945641 0.5282564970472853 -0.8496298979721064 -0.7716257265373037 25 2085.0 29401.0 -11.170905255205232 -0.3110709177181573
41 687.9665538298503 301.0800923889732 1.0961627770774538 -0.09432301467690922 0.015307120014923306 25 2184.0 5692.0 -9.388162228530616 -0.5484008258045333
42 304.0733659424391 306.36148663035 0.7149616256201965 0.1649714431329733 0.5108087050670349 25 1330.0 4781.0 -9.198796859239472 -0.34160621889578197
43 645.966844015106 332.3476585916979 1.0138834702740336 0.22206059399738656 0.18045140502960266 25 1294.0 1367.0 -7.839421286419555 -0.17332772316420553
44 280.28249998933495 333.4230623528647 0.43861652746843627 0.1477030909735419 -0.7439653528033734 25 827.0 4619.0 -9.161369905616366 -0.1548605986406882
45 711.7815403738222 350.6731730110125 0.44196561328914247 -0.7170387436252835 0.36431054978648736 25 3882.0 71119.0 -12.129964103540967 -0.6060029194337567
46 641.0540572107965 367.0554713155079 0.6224253021158145 0.16830381156419624 -0.09114429789183484 25 852.0 3263.0 -8.784042684469688 -0.015343020642128228
47 611.6346940941897 377.9014433027214 0.6306045214618442 0.5630009215750659 0.43767887263502975 25 749.0 428.0 -6.578609422532931 -0.025115449157821452
48 422.37283303073093 392.04648322130544 0.461822471895002 0.2274428786253222 -0.911954078436482 25 3701.0 61409.0 -11.970580063190887 -0.7481503732700547
49 411.13701159748535 395.9227771692561 0.44685926522332997 -0.2712933693093575 0.23712226001600606 25 3639.0 60783.0 -11.959455328175732 -0.8063367507484899
50 712.1332859701515 412.3651128478305 0.5372743959828546 -0.9113966641959668 -0.8541964226014783 25 2044.0 30078.0 -11.195622387491744 -0.08802790746680281
51 413.39254039202524 417.87106188555015 0.339844981893349 -0.9671503804211934 -0.8870225347468518 25 2001.0 30190.0 -11.199657782557743 -0.5082659022038651
52 296.1664382406539 421.60682169736486 0.44561156594177487 -0.41399464375298395 -0.672009602466096 25 1911.0 28811.0 -11.14889583113533 -0.09799277740312443
53 832.3463358986896 430.7479578427227 0.39007959830381944 -0.5373440897495966 -0.19176575971324764 25 2098.0 27509.0 -11.098687008291959 -0.5337647445959921
54 784.9833578041086 434.00436665103257 0.5307532815661591 -0.9667425861340443 -0.5179416098288825 25 2544.0 40199.0 -11.510538124011942 -0.31639412052961435
55 470.2937944948433 465.81970650942986 0.3857885089307707 0.5756765875681387 -0.6904403840077377 25 4021.0 68947.0 -12.096288435097994 -0.8158784987483634
56 460.29274446911495 470.023369446542 0.3918506695056282 -0.3669545734572009 0.7933315547186988 25 4063.0 73023.0 -12.158649177692933 -0.7362227323720842
57 737.475699245691 469.63020826914516 0.4383320617539388 -0.9576885629553457 -0.7054872379504409 25 3011.0 46419.0 -11.66673945064228 -0.7294834437639109
58 702.7535141119378 477.27139849318877 0.9510448599132897 0.12567287507073013 0.42760079836467496 25 1227.0 4160.0 -9.047733326566856 -0.10161627293206241
59 271.2451798523854 479.4321249515093 0.4495251765476007 -0.24238486815568874 -0.270204006862598 25 1211.0 7384.0 -9.67072922004464 -0.5293797638343833
60 336.8167483907842 487.06424007553596 0.692192092003933 -0.9705197036635926 -0.7806183312223931 25 2064.0 27509.0 -11.098687008291959 -0.08347510702822847
61 659.2899881904697 490.164483135447 0.4043525004495985 -0.8005155793582687 -0.405566369964097 25 3167.0 50165.0 -11.751002041456042 -0.7595291382304674
62 125.5559097097915 525.2854271831724 0.40669944889895715 -0.9340959982225473 -0.9387347711349949 25 2351.0 39819.0 -11.500225872783522 -0.1980899746276693
63 255.0057336484602 538.8020818355614 0.7007206419885731 0.4451250248232495 0.16033005239208742 25 1288.0 4992.0 -9.245686441685919 -0.26016414222452405
64 124.6337575664159 543.1219541415857 0.6537783487614788 -0.07690286969352068 -0.4253273992134364 25 1088.0 3607.0 -8.892865355795909 -0.3684934402951916
65 66.3339595739912 547.980829761611 0.7331915972559048 0.9786213984898618 -0.6049758337886819 25 917.0 2207.0 -8.359505832904137 -0.01517321369490952
66 497.7840750648112 548.9375774792314 0.42967132261999685 -0.4951692588735184 -0.48600372896916866 25 1807.0 29010.0 -11.156369322006661 -0.14393491608442033
67 44.777669929093065 554.2940687965216 0.3720206849769546 -0.9438278128838402 -0.70524285027511 25 3379.0 59343.0 -11.93342374417149 -0.5920176865000679
68 733.4265412306897 563.095276484691 0.696841318505198 0.53904182318116 -0.043418083967796374 25 1086.0 3909.0 -8.980164176080619 -0.2042818841512023
69 400.480901739001 564.9805715009865 0.9269126356200742 -0.2744976951875388 -0.20326731993266978 25 1104.0 2877.0 -8.647349654725815 -0.025757279951490596
70 224.5650220975181 569.5851366242372 0.4260557536578428 -0.8261537308085587 -0.7644454580108558 25 2831.0 44618.0 -11.623775247879927 -0.617093429912242
71 226.54949702235473 584.1617191931579 0.6899361623275801 -0.9582531658791135 -0.42790179377858717 25 1860.0 8400.0 -9.810698215154703 -0.7086808350960118
72 58.601845989852634 586.3269453299403 0.5363345681386323 -0.21463568351503545 -0.35874303542254365 25 1483.0 8167.0 -9.780156388971257 -0.6114062424955077
73 100.82646712105155 616.0151254101245 0.6967636291728866 -0.2500649728078395 -0.045200190995571966 25 1564.0 5109.0 -9.270839756705659 -0.5930715228724663
74 811.9996684690669 616.6733681034741 0.9468215967948685 0.4404061441839857 0.9483800517211141 25 1533.0 6092.0 -9.461899736660012 -0.3110891027913937
75 556.5769614650693 618.7575707483501 0.31099414838485123 -0.9477091153132262 -0.2563801996220122 25 1309.0 18507.0 -10.668340062409104 -0.2206422644422573
76 255.50923741336334 625.909264340609 0.8845294635665444 0.03941598384711992 0.09558372059642622 25 1381.0 6883.0 -9.594444423884333 -0.15841339224263964
77 716.1676856294843 625.4359170419862 0.36920241821113753 0.02759278943423249 0.36336694835440736 25 1625.0 27483.0 -11.097660344652624 -0.007597382305273991
78 453.32021631310283 640.8500602686632 1.0306535312799578 -0.275028067069911 -0.03258354460341511 25 1485.0 2363.0 -8.433659304080923 -0.2919556128562505
79 416.1592228470865 658.2130607297412 0.7027321222493904 0.8929401401958145 0.9276658840786132 25 1019.0 5097.0 -9.26828658397177 -0.04191476854938981
80 417.2589327480966 665.0712966427136 0.5206291786776208 -0.44506109396577764 -0.45523740457453055 25 1637.0 11401.0 -10.142357364182192 -0.711842828640997
81 73.59234734903004 675.3919092831343 0.3303958217007105 0.3616025167452556 0.20346086197138682 25 698.0 7632.0 -9.706595904240096 -0.04645211716024662
82 282.9519754191282 679.059886596298 0.8258113848337066 0.07631176485084941 -0.5262574332634442 25 1129.0 3370.0 -8.819074752178347 -0.1726238446904133
83 87.10365136091644 680.4551141188907 0.8727118771232867 -0.14140218739641558 0.38513206470538525 25 1917.0 4910.0 -9.227703730307422 -0.6828394704831937
84 45.92392942595118 683.0944055251971 1.023068042920885 0.2959828584213258 -0.20315816195387015 25 1209.0 1795.0 -8.135161132285845 -0.13062168312844719
85 74.83829832130114 687.3164013441999 0.5802173606498019 0.33165235413726774 0.4791095974580185 25 3263.0 18861.0 -10.688911787674623 -1.3904674624280535
86 114.1619340069343 687.2516846801155 0.9564250210902193 0.5925869214659807 0.32557750172963607 25 1162.0 2163.0 -8.33764129859773 -0.08429044491135465
87 141.5392775910259 692.9134593467259 0.5688851445174342 -0.20603672529952285 -0.47125522614768467 25 2842.0 16229.0 -10.525729400634308 -1.2224799850411006
88 683.1973812963403 699.1599582055345 0.5909694159128547 -0.7869152087925667 -0.6471468959785692 25 2222.0 33269.0 -11.305099367590687 -0.14518004670714538
89 533.7336313723604 708.5869047258286 0.9321532785098091 -0.1270317088490002 0.4662027881507097 25 2183.0 6409.0 -9.516975678960167 -0.7149585260506391
90 82.65995137471053 717.3113983544936 0.32476444368557966 -0.8036072205154818 -0.414866899030437 25 3558.0 61827.0 -11.977945434900965 -0.8280941769308987
91 2.219772001413353 724.2687225205107 0.32332807106963674 -0.8967064858957494 -0.17797673876770947 25 2212.0 34710.0 -11.35113653417853 -0.4982560355049891
92 1.9040859040643647 732.495444852457 0.3582100064493313 -0.7725701044077663 0.27219210611607136 25 1956.0 31978.0 -11.26212824545133 -0.24658993126120343
93 27.50067888690024 735.4299501126955 0.3983214812064689 0.4184422314833204 -0.8357562908125883 25 3770.0 62636.0 -11.992060038597124 -0.8586138343837328
94 18.077844823779103 738.9122993910715 0.4687441938796271 -0.2455033636599301 0.1075950424710648 25 3581.0 58636.0 -11.920410840423948 -0.7229918967671607
95 417.0661012762128 738.7428932924716 1.082623359062508 0.47483886535834313 -0.028570954140488016 25 1286.0 2523.0 -8.504793126293936 -0.08309979465838431
96 235.73381752331252 741.2245979020523 0.7345052108464725 0.13211973879986783 0.3059298250845909 25 1124.0 3751.0 -8.935367660376807 -0.22328271483170992
97 616.5575897253934 745.9526885106075 0.7386946082994881 -0.17014987121038083 -0.22030843716842033 25 1137.0 1395.0 -7.86143551902404 -0.3705375602297508
98 496.32829626497096 766.9040733776085 0.5279512557392617 -0.5579583403633146 -0.9216869553470152 25 2179.0 35479.0 -11.37492842610932 -0.07235140338634426
99 137.53407307046132 778.9980500265609 0.5251624576932196 -0.057800332746671394 -0.05971414517444153 25 2209.0 13004.0 -10.285192402060224 -1.0097425507700812
100 779.1327909193399 786.5844813185132 1.0398194082669023 0.008007717057503704 0.27320023359933143 25 1379.0 4101.0 -9.032224423218713 -0.13134792063453965
101 592.5035513767784 788.8435412937354 0.7045980772411716 -0.031492230634462125 -0.20398046881600362 25 952.0 2386.0 -8.444176098335808 -0.10846814662750977
102 699.6949278069678 808.6686379062357 0.4087199757630481 -0.23269078675126825 -0.9311909527364313 25 3736.0 58227.0 -11.912811036878812 -0.8540109086380475
103 192.38204145299557 811.7683774348005 0.7123432257455622 0.03866648002723774 0.17699157988462436 25 1527.0 6116.0 -9.466168691850706 -0.5551863137828812
104 690.6322951182063 812.9719000755332 0.42128001459068803 -0.5881179503384346 -0.11905132983242382 25 3244.0 50375.0 -11.755537647872917 -0.7527526339911632
105 72.44493764391403 830.8336660953782 0.44470229832855007 -0.44205673130261214 -0.20943057680627192 25 3384.0 55038.0 -11.851656609728101 -0.7209793798738475
106 78.3088626117349 832.2653066168849 0.2500588577674355 -0.4309080379314407 -0.415479646048947 25 3758.0 66369.0 -12.054913185141958 -0.9124339226135026
