test_CNN/outputs/tables/03164_a21891m0s0_sources.ecsv
# %ECSV 1.0
# ---
# datatype:
# - {name: id, datatype: int64}
# - {name: x_centroid, datatype: float64}
# - {name: y_centroid, datatype: float64}
# - {name: sharpness, datatype: float64}
# - {name: roundness1, datatype: float64}
# - {name: roundness2, datatype: float64}
# - {name: n_pixels, datatype: int64}
# - {name: peak, datatype: float64}
# - {name: flux, datatype: float64}
# - {name: mag, datatype: float64}
# - {name: daofind_mag, datatype: float64}
# meta: !!omap
# - {date: '2026-06-03 17:11:41 Eastern Daylight Time'}
# - version: {Python: 3.11.15, astropy: 7.2.0, bottleneck: 1.6.0, gwcs: 1.0.3, matplotlib: 3.10.9, numpy: 2.4.6, photutils: 3.0.0, scipy: 1.17.1,
#     skimage: 0.26.0}
# schema: astropy-2.0
id x_centroid y_centroid sharpness roundness1 roundness2 n_pixels peak flux mag daofind_mag
[from data line 103]
104 721.0585440626345 368.65509266388193 0.5112435114835259 -0.9711417412861097 -0.5230415767868054 25 1878.0 25515.0 -11.016988931670626 -0.37002798969808093
105 419.03864981559354 370.29182417545474 1.0156891643614094 0.13666507292547778 -0.04906370470072156 25 1918.0 3922.0 -8.983768973329413 -0.5426466321631075
106 773.1462157193222 371.90543269608173 0.8495065753140488 -0.9273496505768026 -0.6692403518392925 25 1261.0 4068.0 -9.023452360626766 -0.1483823466104316
107 48.04892346997488 376.05398904968416 0.8572004652140071 0.3561281558897177 0.34630611770117625 25 1082.0 2046.0 -8.277264073440353 -0.12002700521261259
108 138.5924318349854 377.8255816511231 0.6959972464207049 -0.3344887094211198 -0.36171365035773306 25 1627.0 7540.0 -9.693428364674435 -0.5690448783512756
109 714.5483887768991 388.54084153632607 0.5696457504414478 0.30836034237927407 0.28130149966167356 25 986.0 3010.0 -8.69641623898461 -0.3373278759188122
110 190.81574590408545 391.55657517283254 0.9257183227392433 0.6391370230957975 0.2440302843919969 25 2185.0 7244.0 -9.649946104105052 -0.6714700836963626
111 422.30255956004714 392.6185590501975 0.39263825111630185 0.6048447894174608 -0.29817603106254653 25 3941.0 68060.0 -12.082229861899476 -0.8436587281528964
112 810.8326337859419 391.7471982136786 0.9851207966553418 -0.14291353880635227 0.10247746062300003 25 1401.0 2204.0 -8.358028975449368 -0.2615183853602603
113 412.33543751774187 397.3281675331675 0.3881688496456315 -0.15633238961316667 0.5187898620150533 25 3951.0 70250.0 -12.116615821442792 -0.738110777266076
114 433.11654095303226 402.2247732735002 0.7999704991967709 -0.9795975109799732 -0.40365938977025667 25 3177.0 12377.0 -10.231538477353887 -1.2225981765513865
115 160.48855756596626 403.002643875668 0.5608959901029587 -0.582393916172207 0.08150452056794584 25 3087.0 14078.0 -10.371352402168073 -1.4484272261790763
116 785.8461519433996 406.2331907673677 0.3892735355489405 -0.4822564951299139 -0.8223138602359114 25 3139.0 48484.0 -11.713996106395255 -0.7993162021876811
117 775.4817819905213 411.1068526841168 0.38281655827220723 -0.6772332209610848 -0.5771254120480684 25 2713.0 42182.0 -11.562817918378986 -0.7403866332346286
118 424.4017043732506 415.3923139065731 0.4786931343984098 -0.8176138748771011 -0.9960985177881199 25 2038.0 29571.0 -11.177165028185312 -0.3000661454241784
119 710.0708714220171 416.26025491505436 0.3204176638951387 -0.517771430585933 -0.04226175394240008 25 1061.0 16494.0 -10.543314975567782 -0.007482101006458047
120 331.7984912405796 423.5979152338675 0.7648769284230486 -0.05409313302262553 -0.064091042168241 25 1406.0 4013.0 -9.008672899334597 -0.40159964022276057
121 595.9379183364092 424.2777455658295 1.0018740867737252 -0.3205108125029307 -0.5754628412436195 25 1098.0 910.0 -7.397603480802734 -0.09342784387677658
122 617.6732930070392 423.8019781713272 0.6721958547502457 0.2962584984171419 -0.04712972676475955 25 1335.0 3852.0 -8.964215696131243 -0.48081059934609194
123 506.9799565142357 425.31558976581783 0.925692535954458 -0.109274370045975 0.13315003957332872 25 1161.0 2575.0 -8.526943083443024 -0.07039461988307777
124 832.4325244612234 432.6743388821949 0.24571942112517867 -0.7468320595117678 0.08657942333112556 25 2155.0 35170.0 -11.365430920792356 -0.40074902672970203
125 715.5696169800988 433.97862083646044 0.9627804493331757 -0.3456840712263655 -0.35912343653106055 25 2605.0 6822.0 -9.584779287678447 -0.8835837695539377
126 411.19794801430345 437.94340712310435 0.4487369834992464 -0.8904413625227606 -0.7551536429486899 25 2504.0 38508.0 -11.463877407857822 -0.41069974798533493
127 320.4109713129499 448.5532739727048 0.7207264999749591 0.679072999444074 -0.10435356200632918 25 1281.0 4716.0 -9.183934491057629 -0.37605240437652976
128 773.3996031502401 451.4148091481934 0.4622859990051513 -0.22204541196893865 -0.14047784436607835 25 1788.0 10231.0 -10.024795211664754 -0.9350950799337309
129 665.3665134368374 464.0850351440924 0.7037353287321542 0.9323870649924906 -0.07722842699492291 25 2347.0 10402.0 -10.042792123597033 -1.0031506736635314
130 229.83273325998633 464.99954016484946 0.8930184562573324 0.07272037400930152 0.05130719016560139 25 3237.0 6746.0 -9.572615842132956 -1.2445823555468287
131 352.53118932508744 465.48698341949284 0.447354116913889 -0.6818711483986759 -0.9552956545443282 25 3298.0 59719.0 -11.940281317034762 -0.4252856290122522
132 472.93360011705533 466.73279344147306 0.4431809803390275 0.7371275211005468 -0.21254771419426283 25 3917.0 70024.0 -12.113117288648585 -0.6897409050725931
133 523.966295796338 465.7132677865507 0.3863244853761717 0.07935977695955024 -0.1467793984431922 25 882.0 8861.0 -9.868706841392296 -0.1107209337274612
134 747.4624194193458 466.8589196154405 0.4118466398837386 -0.6374698859538155 -0.7400753705697568 25 2709.0 40117.0 -11.508321121180016 -0.6693839470610212
135 462.5607728765196 471.3460904819923 0.41298074188234285 -0.6235328318188739 0.4621455762790605 25 3982.0 73093.0 -12.15968946814911 -0.6793251981010301
136 683.2584410249896 469.82373181885816 1.0650688650145583 0.19444497558044704 0.040939935642398104 25 1494.0 1485.0 -7.929316134133078 -0.24089935729225403
137 739.22797428068 471.3471140721062 0.3605769298952676 -0.9229232443735909 -0.4681426532061238 25 2566.0 42609.0 -11.573753354418164 -0.4608612328401328
138 831.0377340780466 477.76639432037354 0.7100171391525634 -0.07642371698504072 -0.037848006843702785 25 1225.0 2562.0 -8.521447813521668 -0.4464463538330529
139 255.1688801782127 482.0663211897747 0.36936720221768693 0.18932695051629075 0.5206086515660571 25 636.0 4050.0 -9.018637558036671 -0.010311954110576178
140 669.6876168477489 487.35756383097134 0.35874303374739497 -0.6601128170183731 -0.776069812356174 25 3250.0 53562.0 -11.822141962893761 -0.674512325916874
141 661.3642923850875 491.84361873867323 0.4201820162841336 -0.517639492512071 -0.23650843830907775 25 3023.0 47092.0 -11.68236783836626 -0.6313088584212281
142 309.06544774143606 500.98308071019073 1.1880221809553622 -0.3252327675023566 0.13673039019514785 25 1783.0 3575.0 -8.883190115342748 -0.34687255912462495
143 747.0456955985205 501.60238878316375 0.8978819626954534 -0.3270859143323176 -0.030325300352435716 25 2579.0 14102.0 -10.373201775852559 -0.8002675496143864
144 469.9746472774649 503.25752397646096 0.846071087012292 -0.34221312404059934 0.2012792751746902 25 1967.0 5774.0 -9.403691948861754 -0.7122187499155708
145 245.83116776890196 506.94148159873293 0.3657452529784619 -0.43897965139066036 -0.69279985521561 25 2715.0 47882.0 -11.700430705778256 -0.3341161317783339
146 357.3435287219728 509.89841324383957 0.4348798616513639 -0.8570690628179477 -0.668020370583602 25 2691.0 41569.0 -11.5469239426881 -0.5301887477871323
147 447.251951682564 508.9039675720572 0.5011583272431006 -0.793050986503867 -0.7666317483967452 25 1207.0 8482.0 -9.821245670309226 -0.5671256694490214
148 397.14839915174383 510.3901554274993 0.8009779232478293 0.04929746784590282 -0.2705058364499221 25 1346.0 3786.0 -8.945451524069444 -0.37215955046382754
149 349.21413483993683 513.8881165100634 0.49133964139694597 -0.838103257746262 -0.04074796590392127 25 3103.0 54053.0 -11.832049506930044 -0.39679748957278244
150 79.16652295595318 519.1559792841882 1.0777671187437048 -0.0011666400284440646 -0.22459565064733666 25 1340.0 1734.0 -8.097622732850478 -0.09853696953272191
151 601.5538347011498 522.5441551724102 0.7138679636319961 -0.38530641183882375 -0.23411001580592122 25 981.0 4403.0 -9.109371713648814 -0.016835210347186165
152 633.1563761808579 522.8102739567377 0.8894204237408617 -0.21099877624491317 0.19814149314561347 25 1401.0 2142.0 -8.327048666239593 -0.36088673409993877
153 421.99851639639576 525.6201220802203 0.8920057479119841 0.22811394259148865 0.31871909421101036 25 2690.0 7776.0 -9.726890629795545 -1.0374605741689926
154 667.1204014122319 526.2374240263794 0.6128810902999995 -0.221560514761877 -0.155375343972191 25 2894.0 10461.0 -10.048933005239098 -1.3700686170654182
155 134.51891149432555 535.7691137967328 0.5915314747919826 0.6408526332609616 -0.11418662830192652 25 1312.0 4375.0 -9.10244514339583 -0.5229701447427064
156 283.2428193337858 536.1790429372602 0.8483016375101662 0.12485662742063719 0.6065337697034722 25 1067.0 2744.0 -8.595960267586785 -0.12543245607235412
157 699.3524260511712 536.8975866540706 0.814983362404941 -0.7998868553700114 -0.1876389230027673 25 1248.0 4303.0 -9.084428365206389 -0.19984235488943125
158 497.91695969371705 543.7542393655714 0.4180779092655056 -0.0013589278272736476 -0.4249451343380198 25 2005.0 34491.0 -11.344264465201316 -0.16235939635159322
159 363.00833642259704 550.9097601800978 1.0255735739539873 -0.0736456103141023 0.0003482442675350319 25 2564.0 7363.0 -9.667637001191755 -0.8148246214330268
160 53.926595473149746 552.3140597742353 0.39415220183036825 -0.4473616126572153 -0.8013712596515208 25 3302.0 52060.0 -11.791260409433042 -0.7870776438532724
161 680.366465504525 553.7666867594768 0.6111353200702319 0.5468217008326504 0.5733276021695662 25 1315.0 4136.0 -9.041451325214716 -0.5758599922550681
162 35.3361475859228 555.5884523024148 0.4464992668882094 -0.21416558226015936 -0.5689659500144525 25 3010.0 53065.0 -11.812020421414298 -0.3701269545634056
163 161.10605782288286 555.0123863538877 0.6474663594277602 -0.05056254382237072 0.10316942222230772 25 2454.0 10573.0 -10.06049558051717 -1.0858468888881856
164 236.29389702019407 567.2628911728347 0.44177971722686177 -0.7548148987845618 -0.9440567407842052 25 3381.0 55482.0 -11.86038027003107 -0.5817407966588947
165 598.6700455834057 568.9008328087228 0.794897291751779 -0.013214748128804184 0.16036823062346528 25 1607.0 4282.0 -9.07911665739605 -0.553711670920838
166 228.58847785959472 570.9720359043708 0.41285801359250307 -0.8354269335275419 -0.5206699757839881 25 3094.0 46165.0 -11.660782099741603 -0.8759653194317583
167 415.43144294898326 573.5068163775438 0.7562299639484724 -0.14386880083897124 0.6095971008121447 25 1369.0 11140.0 -10.117212977094274 -0.15718841732785258
168 807.0495258926194 576.3450320361854 0.46984877504733963 0.9568708225222677 0.23195806414229883 25 1485.0 9872.0 -9.986012866722916 -0.7600362683216731
169 215.59863983119388 578.7790781537393 0.4859111684785668 0.7438986422907277 -0.7829372348149066 25 1262.0 8433.0 -9.814955250817757 -0.5944731128806526
170 44.782008597409515 580.9435406101171 0.6109997726662683 0.3289427599477796 0.1733301504824077 25 797.0 3838.0 -8.960262425998632 -0.03427876737273866
171 814.9962182861802 585.7910967390874 0.8524989340275846 -0.2175593053432141 0.1469519508820609 25 1088.0 3456.0 -8.84643433451714 -0.04975194446772768
172 159.09826026174903 589.8210338283632 0.559394345592119 0.6688882504346504 0.5348589066626426 25 949.0 3082.0 -8.722081585956001 -0.2961314115374568
173 7.638760240715016 596.9619987892289 0.9482726611430742 0.10347010384869693 -0.06883369814244125 25 1818.0 2001.0 -8.253117721590527 -0.6138836864974522
174 323.8862081756046 601.8005096801737 0.556045308444923 0.33604870536443004 0.2203661277398501 25 1163.0 5682.0 -9.386253073467293 -0.39643142435132006
175 537.3033613405782 601.9025826515906 0.7081092600486992 -0.45836251720300064 -0.1643383720290643 25 1804.0 5891.0 -9.425472556839983 -0.7660122947127639
176 771.8270875702383 601.638557837668 0.6964596952382397 -0.3515649220316038 -0.033320647620111186 25 1036.0 2989.0 -8.6888147875982 -0.19154180849555824
177 283.63392837152014 602.3637487262799 0.2912697253995766 -0.6639184175825719 -0.053624059309530334 25 1857.0 32697.0 -11.2862697682551 -0.22731518266482578
178 607.5127596678868 605.2827835550935 0.5846258524531041 -0.6265481718693413 -0.42303786093525764 25 800.0 1754.0 -8.110073972575055 -0.06927481390295306
179 314.9485866226659 606.084513053627 1.1422993862206443 0.27297694431492037 0.24032763272727384 25 2571.0 6025.0 -9.449892628117265 -0.7545380183168388
180 177.83518870514058 608.0141830208375 1.1359001984068593 0.06149627701206142 -0.23680918330814293 25 1728.0 1657.0 -8.048306271048343 -0.3881066776436297
181 779.4480662841028 611.7905482907623 0.6524802094880197 -0.09224263206602296 -0.4992067285344874 25 1038.0 2494.0 -8.49224112285631 -0.2651879999144568
182 563.8560931960694 617.5850469908218 0.48721366432684077 -0.6973384444515172 -0.9188935641684653 25 2198.0 34387.0 -11.340985721593613 -0.2196381250360423
183 715.8184228718844 619.4431712568181 0.5423910769460032 -0.42790964601334186 -0.7698053242720975 25 2707.0 45262.0 -11.639334350724486 -0.2519587694053876
184 106.42834622739377 620.0612035507534 0.8210388185876932 -0.4454152505346377 -0.18716585732108512 25 1430.0 2816.0 -8.624081626175187 -0.47066071882993865
185 819.3658086957124 620.9009839912054 0.5468901633106279 -0.6193367018104133 0.5879539625899906 25 1385.0 7781.0 -9.727588538288277 -0.5927871086275185
186 6.598929698153722 622.0272887023089 1.0171290826506338 -0.2419857866732867 -0.24579322750856084 25 1839.0 3232.0 -8.77367838025637 -0.5198492375466421
187 548.0725893157366 621.9862387330923 0.8251396267420019 0.5942811501452999 -0.11605198648066845 25 1059.0 1913.0 -8.20428742506824 -0.1636845702894231
188 615.934982041786 626.0060795237929 1.0364591711396143 -0.6042833286597014 0.12042344318889299 25 1179.0 -199.0 nan -0.11801463349438168
189 395.8495622272531 627.267207134986 0.7546429404879992 0.07812479067757931 0.2737621774719299 25 1228.0 4102.0 -9.032489140080868 -0.28104826863418847
190 515.0753432177934 626.4558950252799 0.769007488318238 0.20224970963530356 0.26972832632483223 25 3142.0 8914.0 -9.875181574375393 -1.3249743196663535
191 719.0596320567275 626.7247872419338 0.3525556042320229 0.06891689430948428 0.2931990815250959 25 1588.0 25512.0 -11.016861265587256 -0.06345299566682573
192 463.3838505807095 632.4306887999194 0.8046532583048189 0.1299260226167706 -0.12884964377635216 25 1203.0 3885.0 -8.973477557842333 -0.2010937888463321
193 589.9712596290304 641.8906825454313 1.1638287235540754 0.17688946731447197 -0.22046003740369913 25 1849.0 1674.0 -8.059388634143103 -0.43953251363439966
194 339.63292918517067 643.2097803563892 0.9705566630746104 0.1792325203113644 -0.8054360482597462 25 981.0 -384.0 nan -0.04813322518985751
195 457.9742988017789 651.8595180432112 0.8542852273464192 0.6465258417753966 0.3666797583818131 25 1216.0 3853.0 -8.964497522532502 -0.1476404323803043
196 302.9531843656944 655.0993181464081 1.0984445946748684 -0.4060881329072835 -0.5976842626598841 25 1393.0 2065.0 -8.287300139981049 -0.18924771384877984
197 635.8896559553853 655.1567993641883 0.6573684454302077 0.6440698965888239 0.03522704160986259 25 846.0 2785.0 -8.61206299877437 -0.0505720506606442
198 714.6365106737794 659.4169958983897 0.47468118639631846 0.324433887257058 0.34721693935114045 25 972.0 6291.0 -9.496799212962516 -0.2925279256368569
199 500.9453314029799 661.4551496633569 0.8923312137611248 -0.1686812450513596 0.19164698085071935 25 2783.0 8764.0 -9.85675592222167 -1.000235648739182
200 749.0934661430955 673.1817302176382 1.1881374835315377 0.5376439239468248 0.07403654256768624 25 1679.0 3780.0 -8.943729499593063 -0.20930361376998777
201 682.5174359467425 679.353475200457 0.49491631161320265 0.10311968948444007 -0.22388636399402315 25 1678.0 8326.0 -9.801091016376896 -0.9419701404566377
202 544.9421823943966 682.2575219073898 1.0673966960087882 -0.06278069313810514 0.04451023328417106 25 1457.0 3967.0 -8.996155501185378 -0.17442746858565814
203 797.5229712018232 685.1668045371098 0.7671742574335388 0.5755442493012497 0.510910820625563 25 1166.0 2052.0 -8.280443391099446 -0.3347344923598416
204 475.9163615750606 686.7477330376356 0.8479882682168379 0.44297169701399836 0.0029008614432966657 25 1232.0 1981.0 -8.242211188846367 -0.27201243501145317
205 521.974464094875 688.9686695733967 1.006269609218889 0.27127252727056034 0.3788682484669893 25 1462.0 1350.0 -7.8258344212375155 -0.3633941688280639
