test_CNN/outputs/tables/03171_a21907m0s0_sources.ecsv
# %ECSV 1.0
# ---
# datatype:
# - {name: id, datatype: int64}
# - {name: x_centroid, datatype: float64}
# - {name: y_centroid, datatype: float64}
# - {name: sharpness, datatype: float64}
# - {name: roundness1, datatype: float64}
# - {name: roundness2, datatype: float64}
# - {name: n_pixels, datatype: int64}
# - {name: peak, datatype: float64}
# - {name: flux, datatype: float64}
# - {name: mag, datatype: float64}
# - {name: daofind_mag, datatype: float64}
# meta: !!omap
# - {date: '2026-06-03 17:11:43 Eastern Daylight Time'}
# - version: {Python: 3.11.15, astropy: 7.2.0, bottleneck: 1.6.0, gwcs: 1.0.3, matplotlib: 3.10.9, numpy: 2.4.6, photutils: 3.0.0, scipy: 1.17.1,
#     skimage: 0.26.0}
# schema: astropy-2.0
id x_centroid y_centroid sharpness roundness1 roundness2 n_pixels peak flux mag daofind_mag
1 309.258782352047 6.159827479762047 0.39121487691271906 -0.4598722846836967 -0.7685739133709603 25 3163.0 53296.0 -11.816736538367753 -0.18084631990219882
2 610.3961933600086 6.382385208931455 0.40438646578097065 -0.19402971939955369 -0.8274472211851734 25 3088.0 49575.0 -11.738156807193352 -0.34268660330975453
3 303.141123166096 9.509223350793919 0.4205649489989272 -0.5502710140637176 -0.3507208982765482 25 3006.0 49925.0 -11.74579518385685 -0.17764802501954138
4 601.4414596463095 10.57708652289768 0.4520605077980784 -0.2214434175238015 -0.043125671539514465 25 2872.0 46348.0 -11.665077495731811 -0.22476261525859353
5 350.3650152427336 33.19298476567529 0.38534906384016 -0.6489256394672478 -0.8688421226813166 25 3006.0 49337.0 -11.732931845299339 -0.2751460139660954
6 530.0325728946897 34.91953784501507 0.49815145612564915 -0.6134034847650155 -0.4092102712184115 25 2107.0 30458.0 -11.20925345584865 -0.0356637176346441
7 189.08298000383604 75.43611274922371 0.4419852666696397 -0.42626542928668215 -0.8470608109888719 25 2665.0 39225.0 -11.483907380647436 -0.21173578101002957
8 183.1038944169767 78.62004198457926 0.4978115966106683 -0.8328137704348052 -0.3199520832744252 25 2332.0 35107.0 -11.363484298164103 -0.0830636722663882
9 123.50975829617153 89.70530666984385 0.42540682000511915 0.7955056379199903 -0.5546326554659707 25 3722.0 72464.0 -12.150305758347205 -0.013468605159279928
10 796.5814048737691 102.66110602018601 0.3886607564224753 0.1991962869901341 -0.43382459208870405 25 3596.0 60581.0 -11.955841094698162 -0.35720056637877423
11 832.8289016015882 106.23108746365118 0.3642981839760121 0.03320551372807665 0.6588875531571423 25 2305.0 32179.0 -11.268931359411416 -0.3309031022382901
12 788.2466572663064 107.06763185774302 0.3850591195048123 -0.10088948044890836 0.42341126410618557 25 3596.0 62140.0 -11.983428122297388 -0.36812831790473516
13 46.40914817804201 136.1245794549485 0.3292704565027447 0.510819983667219 -0.555072386503616 25 3160.0 55928.0 -11.869073222802378 -0.33816729613106467
14 36.268513591936426 139.2033912252052 0.3779148080150564 -0.3707155848367836 0.2580807459159901 25 3627.0 64684.0 -12.02699217110592 -0.29858786312607205
15 386.8797797427697 154.71615023982648 0.7189340157245773 -0.8261560100246135 -0.6743338594780928 25 1323.0 5774.0 -9.403691948861754 -0.013372228995815262
16 785.4101238128601 160.73517731992368 0.47203547468004453 -0.47285175493227133 -0.528377148727642 25 3007.0 45567.0 -11.646626092065414 -0.21428424610020363
17 778.3383710866775 164.9432289849463 0.36231815277248786 -0.6764804946878323 0.3588564811815384 25 3069.0 52058.0 -11.791218697675042 -0.3051253911752553
18 832.510713357518 175.00459118964142 0.2868772442347809 0.26428988572457596 0.46346229628720337 25 2565.0 40415.0 -11.516356457836425 -0.36898214821410474
19 773.4679486962509 188.75899987376533 0.4349037844570191 -0.6790437402363381 -0.6887229562538943 25 3030.0 43068.0 -11.585386760952161 -0.5113189439835649
20 765.9347149563104 193.0805256472431 0.376007265150213 -0.6640829477804361 -0.11112843098292484 25 3321.0 59680.0 -11.939572036161533 -0.21592589514421784
21 796.8588305883047 197.16691631541167 0.5203603211880169 -0.3947581270491921 -0.5296242278218717 25 1874.0 24412.0 -10.969008403211388 -0.05039306008486199
22 620.186406717617 209.16354197570817 0.4405447664156063 -0.27718151153795423 0.6553049284248786 25 460.0 -12303.0 nan -0.25425680927567224
23 181.2537196968448 226.3859029047586 0.21233178154215565 -0.6776416062177423 0.6950021773099665 25 655.0 3871.0 -8.969557928297387 -0.008147132121532334
24 156.6415983068611 231.7473799401882 0.3563300280317655 0.6544931474780914 -0.4208040500936509 25 3798.0 68161.0 -12.083839883508114 -0.37909507790322156
25 148.1224514721333 235.3492393052908 0.35340295417057993 -0.33262152792596766 0.5095604648780121 25 3795.0 71725.0 -12.13917639229509 -0.16568660382800204
26 798.9746680457208 265.4494087073584 0.6588911608548919 0.688655343406353 0.0005166628290219056 25 1258.0 3775.0 -8.942292389913018 -0.15442119808907662
27 441.3989724303659 338.94325772048904 1.0060356140084077 0.7884332698150824 -0.07297566804922967 25 1487.0 1943.0 -8.221182001499457 -0.021231305670462754
28 720.1854113210949 346.73790073708136 0.38076969431301416 0.6445515335092331 -0.4638630671047976 25 3695.0 67685.0 -12.076231083122721 -0.25501052398224594
29 527.7560963194709 347.77065078965273 0.7799928006373518 0.1058285253428404 -0.05492833428639707 25 2063.0 5330.0 -9.31681802256643 -0.43859571441172907
30 710.6633306309526 352.05730633439987 0.46751867664789076 -0.12314511868585251 0.9374191102388012 25 3610.0 66032.0 -12.049386128833353 -0.09779049046011402
31 519.3732962557932 353.32429904892655 0.7410879159176561 0.07569535811367 0.3221488523211366 25 1410.0 2009.0 -8.257449841870624 -0.1773157049826472
32 305.05921747480954 358.8204220223425 1.1871413682482772 -0.22592076889365487 -0.008143069377208306 25 1816.0 2007.0 -8.256368431218714 -0.058974772957065644
33 627.302086812192 374.5810765333686 0.6254638483322844 0.6262650029719531 0.17760676228232405 25 1272.0 5956.0 -9.437386722700346 -0.034369815555239956
34 348.2013868609744 386.01567307291083 0.9230934878298018 0.4818010236734652 -0.10176697459596887 25 2418.0 4617.0 -9.160899686377853 -0.5927864615422392
35 420.25282684466225 392.2756263381212 0.37460860416536146 0.7498708964353383 -0.16147417617750207 25 3612.0 65130.0 -12.034452695435206 -0.3235290379078634
36 209.2727751847005 395.3226331910145 0.4959454720390323 0.18964738396629824 -0.24038514414701725 25 1673.0 14302.0 -10.388491934262127 -0.23554407624922802
37 410.49115633367876 396.5908232230679 0.40994261329690446 -0.0069087961617025915 0.2859350651042121 25 3446.0 60409.0 -11.952754116385556 -0.17787564572997827
38 783.7704915050999 405.90677337809706 0.48295607322178796 -0.35732382674757657 -0.5986840156302351 25 3126.0 48781.0 -11.720626747530913 -0.2282418271296394
39 775.6473198636878 410.2137788669753 0.38144603211609174 -0.6064973793695091 -0.1634540947284674 25 2909.0 49287.0 -11.73183096083128 -0.1861771856903166
40 227.75314591854163 422.37031763159456 0.4767336589705607 -0.026955904836278858 0.3057869190511839 25 1001.0 3603.0 -8.89166065530642 -0.037831436878035724
41 645.4246197742816 429.99495875680583 0.5479456941746115 -0.240226955545943 -0.20282788303687313 25 1469.0 6482.0 -9.529272566740477 -0.3753966159503589
42 831.9902677781009 431.2230335132258 0.22171756890507766 -0.33866350505603243 -0.3476174793599995 25 1964.0 31378.0 -11.241563146673768 -0.16002416365955482
43 410.25327604957755 437.39320983698656 0.4197340425943571 -0.8326379333607848 -0.6558218261254539 25 1711.0 22827.0 -10.896122097050533 -0.16552677727141785
44 501.6226659030008 449.9437688485245 0.5633109884644119 -0.8245534311718142 -0.10591696918840268 25 2033.0 8501.0 -9.823675040443723 -0.6984839385824854
45 283.96193679848204 454.13907849035587 0.7437693170749002 -0.3549446003744549 0.3424326073246647 25 1962.0 8400.0 -9.810698215154703 -0.3518786171712867
46 432.4444133844348 458.87575869193705 0.5851965492210793 -0.40590923695942116 -0.32482482135819324 25 1450.0 4786.0 -9.199931735693546 -0.3879084411408479
47 352.33558178864746 464.53997109606297 0.36287384158243624 -0.5727904430289412 -0.7429273783640381 25 2672.0 42210.0 -11.56353838038602 -0.2859213518442026
48 404.10737176063935 465.7049257479377 1.0598503256893246 0.35670976957124917 0.6871172026775471 25 1708.0 4606.0 -9.158309834070531 -0.0009125964530047827
49 470.44938356700595 466.11248613746835 0.40572705305607276 0.7453349088330873 -0.42921873172328107 25 3680.0 65042.0 -12.032984717673878 -0.31276545078265094
50 743.9793578866414 466.5425985324445 0.33227159213938245 -0.6227777776977996 -0.9413059148739651 25 3058.0 53831.0 -11.827581119075166 -0.06372438501404679
51 612.9331120042012 467.464323859401 0.4652375634624713 -0.34658387164252175 -0.21646879194287327 25 1088.0 5786.0 -9.40594607327991 -0.1288817740632778
52 344.11699017249435 468.10809970372725 0.5076519834924501 -0.9224073135239843 -0.13364973583398632 25 2550.0 36343.0 -11.401051935227905 -0.19470290057478123
53 460.6541587592111 470.37904231426484 0.40541954775862726 -0.5947053833224583 0.4335935511607815 25 3639.0 66687.0 -12.06010295141321 -0.29567531008083436
54 467.95685298796366 480.2638900325208 0.6596796251446172 -0.6576092499815367 0.26303330028415944 25 2327.0 21087.0 -10.81003699509072 -0.44338689053348124
55 667.2444588562216 486.68310254788435 0.4963288200738191 -0.35227708822732035 -0.7956905633208313 25 2904.0 44257.0 -11.61495492888076 -0.16659600243507042
56 334.79748029419363 489.22249002770775 0.6949431512682155 0.2997824073820929 0.9101914494727942 25 1433.0 5639.0 -9.378005236470884 -0.20822437951258455
57 658.8297616764715 491.13486680671366 0.40071627230464324 -0.6276928295252384 -0.2220408868791933 25 2747.0 44203.0 -11.613629363374551 -0.29867654795421283
58 69.95863745578492 526.1531433605876 0.4826083397051019 -0.1789598181657257 -0.5897425695918066 25 1141.0 9553.0 -9.950349444364386 -0.044467893094174024
59 59.119377483414155 540.9749567343977 0.5248770829948487 -0.8718399932178138 -0.5065032549497506 25 1117.0 -543.0 nan -0.43250340088625105
60 309.54028927885076 545.1077111190546 0.663856237884804 -0.6571673382472211 -0.20853010158928428 25 3232.0 41055.0 -11.533415141164511 -0.3857102934451334
61 52.63066016221481 551.3916286676612 0.39043641216983527 -0.39732283296527865 -0.734193546175563 25 3312.0 54362.0 -11.838238565560715 -0.29118420601727646
62 44.14757072222411 554.6589674544407 0.3712093661380816 -0.5980035725159951 -0.19316519833328097 25 3121.0 55076.0 -11.85240597815389 -0.10414024331798764
63 226.96344608340945 570.0838182236519 0.37923865218488584 -0.7579073278584126 -0.31230023739428253 25 2687.0 43308.0 -11.59142032026783 -0.33607792200227926
64 383.6697465676251 582.4059759203445 0.4806866997618239 0.10404148994481512 0.5909080563670096 25 2019.0 13551.0 -10.32992836320264 -0.5962012995712275
65 62.978626016707615 584.9183919776835 0.9948612781246932 -0.5319632828722409 -0.33473832865336306 25 2480.0 4646.0 -9.16769801366054 -0.5603162853713977
66 206.71420920123495 602.7636653779725 0.8118220960494422 0.9582611349850223 -0.2814496418830717 25 1516.0 3610.0 -8.893768004764144 -0.15785156530982014
67 657.2467277739213 609.5739591392824 0.3660127664574412 0.8094176622560593 0.35221061885409144 25 440.0 -4121.0 nan -0.28497669821905824
68 8.190032925034904 621.7679594973952 0.8126475169385654 -0.6966049761224815 0.08793903863524877 25 1983.0 3625.0 -8.89827002726753 -0.4949265188907293
69 145.50128334389245 628.0250684255707 0.5415013631731737 -0.2753639937273134 -0.007887763257789216 25 1784.0 8002.0 -9.757996367607445 -0.47291987261965485
70 789.0364898688889 628.295348327773 0.7539959410760002 0.5500051340512955 0.1467966904509589 25 1818.0 5508.0 -9.352484828962215 -0.32337348310522396
71 119.42785461895332 631.5506734790891 0.6066280819532567 -0.010680095731239864 0.688353856252792 25 1011.0 4251.0 -9.071227762417807 -0.010438344112325318
72 773.8554450660322 697.0221188739375 0.6934653920901608 0.6160694786052228 0.10045542912056131 25 2880.0 11799.0 -10.179613002823523 -0.8905614264663707
73 149.45411118814832 705.2741185295474 0.45183975729496495 -0.4288223714496086 -0.5837423324799105 25 2163.0 31855.0 -11.25794402354515 -0.07169813744651182
74 558.6010236798747 703.971818659984 0.7723544690230859 0.1598724097587497 0.19558613779940842 25 2152.0 14052.0 -10.36934535279997 -0.33230881106370624
75 94.42368505635102 714.1042738217324 0.42307143395484476 0.13449121673451578 -0.790451657305472 25 3228.0 51913.0 -11.788190317612209 -0.35280885811490664
76 83.38377648441795 717.6540458154265 0.42615253527609054 -0.3834471664796305 -0.37245877223222246 25 3212.0 55909.0 -11.86870431111682 -0.2646847600672013
77 1.6976527788135787 724.3563000812178 0.28967529829716787 -0.7282224083735587 0.3147647366981702 25 2036.0 35178.0 -11.365677861421101 -0.022453336358097015
78 28.767994765925753 735.1503434836575 0.40075219376037907 0.48548273054492597 -0.5830688245775303 25 3671.0 64059.0 -12.01645038694846 -0.29232690474931505
79 125.72092963303902 736.803978833811 0.6923115730541021 -0.3067038259689387 -0.4383166789017858 25 1347.0 2231.0 -8.371248925709594 -0.26556727571449235
80 18.61193611853579 739.2410213808199 0.4161501028310004 -0.40384819979398584 0.6111347452671569 25 3599.0 63933.0 -12.014312709499995 -0.3403726911630244
81 454.1502019115812 756.0885906284598 0.9034694980553191 0.28589642782804864 0.2538632141041156 25 1761.0 5833.0 -9.414729941075038 -0.14731275819856726
82 515.7275114198924 766.192455819821 0.9914079537964607 -0.6223695634182036 0.03861554563723598 25 1778.0 3439.0 -8.841080439555034 -0.17161968578778775
83 188.21152056936592 768.8759477032207 0.4596067097700597 0.9479862821579096 -0.051464709994110014 25 556.0 -7292.0 nan -0.40703301329609143
84 779.4328621512187 777.4166013503623 0.8058532623488502 -0.4387915698484956 -0.5454746759887747 25 615.0 -16699.0 nan -0.08569747514289704
85 818.0160457815941 781.4656232276986 0.6986757782022212 -0.03870582687441796 -0.30122573839248407 25 1741.0 6221.0 -9.484650503356674 -0.4988224329685126
86 290.8531373086038 793.8665156846096 0.7553414069253004 0.4777792482056799 -0.4589093014020348 25 1220.0 4949.0 -9.23629363452789 -0.01794062787036798
87 470.27851253257717 794.1365936723355 0.3554605135184822 0.6155185288631837 -0.281073640652721 25 908.0 7751.0 -9.72339434222233 -0.013569309962214046
88 272.5962848610306 800.6667148640142 0.6180243571261369 0.19097006371837993 0.07628378670374167 25 3126.0 12010.0 -10.198857518507264 -1.071882649003027
89 700.6223236685081 809.0549066155314 0.48931842002944076 -0.22814904088306895 -0.410360487213812 25 3213.0 48793.0 -11.720893802986726 -0.26604953521325825
90 631.9038057004623 809.2356435040589 0.9544106415859944 -0.06389790225532803 -0.0150631703381123 25 2834.0 4538.0 -9.142161228872293 -0.7273039627298171
91 690.8277263358565 813.8438344506419 0.44096261010161864 -0.5257461043676247 0.09870589210917861 25 3205.0 54585.0 -11.842683286604792 -0.26227819107712336
92 664.4207962015473 815.861089068352 0.42773017461493107 -0.9367870156221882 -0.8639541495679847 25 2085.0 29436.0 -11.172196985635026 -0.1423168823353278
93 771.2898367572204 817.6924385657877 0.6866369610609899 -0.4811561876415253 -0.13507378681511298 25 2702.0 11341.0 -10.136628376104353 -0.8011523254610154
94 82.80975408811864 827.2795957224877 0.42039885563232343 0.6395277949304332 -0.49601087231326496 25 3605.0 60677.0 -11.957560250505344 -0.3696902107474065
95 72.61214561810387 831.0897574642005 0.44145501507871393 -0.40238965119932985 0.17236882854589447 25 3558.0 62156.0 -11.983707645039425 -0.22963341463465933
96 79.08115591212294 832.1553922826511 0.30160300884710595 -0.6593702162881011 -0.482154691773178 25 3563.0 62427.0 -11.988431162302156 -0.47649243018227017
