test_CNN/outputs/tables/03170_a21905m0s0_sources.ecsv
# %ECSV 1.0
# ---
# datatype:
# - {name: id, datatype: int64}
# - {name: x_centroid, datatype: float64}
# - {name: y_centroid, datatype: float64}
# - {name: sharpness, datatype: float64}
# - {name: roundness1, datatype: float64}
# - {name: roundness2, datatype: float64}
# - {name: n_pixels, datatype: int64}
# - {name: peak, datatype: float64}
# - {name: flux, datatype: float64}
# - {name: mag, datatype: float64}
# - {name: daofind_mag, datatype: float64}
# meta: !!omap
# - {date: '2026-06-03 17:11:43 Eastern Daylight Time'}
# - version: {Python: 3.11.15, astropy: 7.2.0, bottleneck: 1.6.0, gwcs: 1.0.3, matplotlib: 3.10.9, numpy: 2.4.6, photutils: 3.0.0, scipy: 1.17.1,
#     skimage: 0.26.0}
# schema: astropy-2.0
id x_centroid y_centroid sharpness roundness1 roundness2 n_pixels peak flux mag daofind_mag
1 309.51045280881556 5.5445129905725015 0.39706918451117046 -0.48628349894127654 -0.7529712251588486 25 3294.0 49304.0 -11.732205386806546 -0.20759974024012906
2 607.9905080696881 5.561508617141839 0.45325244420731053 -0.02824837555416309 -0.700973373537849 25 3566.0 51917.0 -11.788273972525454 -0.38484172546989576
3 303.95620192231877 9.431324758149104 0.42902928591533673 -0.8098563841995279 -0.5333828262129208 25 3062.0 47175.0 -11.684279772092424 -0.18908848861838695
4 601.229312240066 10.011496176678037 0.37707281953050703 -0.47290140546995546 0.09844228965779372 25 3537.0 57223.0 -11.893926556483853 -0.2308353478460368
5 536.1332424691213 30.311218452751103 0.4515291800875047 -0.7456140338419192 -0.7448311947391837 25 2570.0 34476.0 -11.34379218009893 -0.08005929184980629
6 350.75433180220597 32.41385091442892 0.4896279986538593 -0.5601984231396875 -0.6772223113027405 25 3345.0 47450.0 -11.690590541908279 -0.19552123645445824
7 636.4468439757566 53.09498450489042 0.9595951566448938 -0.1280126581317952 -0.22187883056803906 25 2236.0 5062.0 -9.26080535205559 -0.1517807245813875
8 189.17773416207731 74.73271113517649 0.5226241847410003 -0.8040237326850057 -0.7976817019594731 25 2806.0 36579.0 -11.408079571302455 -0.12411538176595213
9 183.07125004700234 78.53211009509398 0.5202525048659887 -0.9517551279396542 -0.5721811189863297 25 2359.0 30689.0 -11.217456842979397 -0.00925619695047927
10 799.5361906069132 101.61528187916537 0.4635794264288026 -0.5589285284715967 -0.8499548634755687 25 3103.0 45865.0 -11.65370349460904 -0.13990400847298207
11 832.9582657257781 105.88934328878705 0.3808793423609773 -0.2951532039711456 0.7073046673879294 25 2491.0 31378.0 -11.241563146673768 -0.2749500469253874
12 788.806593011368 106.84276506629429 0.4754800739582595 -0.053568197128990275 0.28338084585282847 25 3458.0 52932.0 -11.80929575956508 -0.19986539376992546
13 609.3671204531985 116.077846864395 0.5055573225753707 0.11747208769311697 0.13792249011936414 25 3408.0 16590.0 -10.549615965060902 -1.017096871407226
14 100.44094850479523 131.83228657609877 0.5209882418158477 0.032561863044276364 -0.009315007940696923 25 1628.0 4781.0 -9.198796859239472 -0.3704091478027892
15 42.97275713575559 135.4903559030354 0.4177347287020416 -0.251161687738472 -0.8111976520415746 25 3717.0 59515.0 -11.936566094834882 -0.2596799258700526
16 36.451051291238386 139.29334222168305 0.39269493794210064 -0.5884890002885095 -0.024099444484976508 25 3728.0 65139.0 -12.034602717710012 -0.08550793094216888
17 283.6697860691473 142.1146168423781 0.43218892410365556 -0.7958056367863784 -0.8532527107513933 25 2329.0 31951.0 -11.26121113805808 -0.07604147222606411
18 785.8671093116028 159.9689017259352 0.4787460171433294 -0.5291817168830096 -0.6170860123061694 25 3342.0 48778.0 -11.720559973402123 -0.18514199351687619
19 778.2155307339877 164.61424527824295 0.3808760784122628 -0.9119440202498669 -0.23439227113339595 25 3113.0 48529.0 -11.715003355582853 -0.17581395208763334
20 832.7326414005543 174.4402076465661 0.30486126816429443 -0.37716590279156176 0.5263706164876566 25 2637.0 37311.0 -11.429592222619622 -0.28087071654270557
21 773.3410428162429 188.00866556252868 0.4281623180823183 -0.581928416365746 -0.7264289573367686 25 3437.0 52417.0 -11.798680402994922 -0.2061760583529024
22 766.1255622860712 192.96349052592015 0.38216716893356756 -0.9661368243133216 -0.1214559840676062 25 3220.0 52395.0 -11.79822461173332 -0.11477715638066126
23 452.6037160131712 195.1036760104197 0.7229753813594543 -0.31577964132940295 -0.12426945269885356 25 2097.0 4407.0 -9.110357626274798 -0.3635946615315508
24 156.40021068035793 231.06013217183346 0.4258846802109689 0.6021408775568278 -0.3814093564258052 25 3877.0 62761.0 -11.994224636961482 -0.30065549773798994
25 148.29306224332632 235.09791678057886 0.39111723181184255 -0.202228473715418 0.4531847338245654 25 3979.0 71300.0 -12.132723824629663 -0.14555213122727623
26 298.8686834699133 251.06015784512863 0.8704631381749199 -0.2539480158169209 0.2996130788839436 25 2358.0 6253.0 -9.49022107170167 -0.3243671096961319
27 603.1212586730684 276.6970770555 0.36767409219207764 -0.9343496606597647 -0.33864600729363703 25 2331.0 34386.0 -11.340954147103483 -0.1303997762022974
28 459.74046354659 292.5405681961345 0.46233726294702765 -0.24759710113375014 0.4666634564628896 25 1151.0 4032.0 -9.013801308593672 -0.12270325301486712
29 304.3819371777508 293.1169204767642 0.39575262820506246 -0.9864793901413991 -0.8947265869916089 25 2937.0 42358.0 -11.567338615045808 -0.2056744515572753
30 720.5132658299129 345.73940025004094 0.3885939166351401 0.6656660650266196 -0.41392866628334124 25 3976.0 70718.0 -12.123824924368943 -0.116053006720798
31 711.6391042267977 351.45532830752165 0.43049448751467684 -0.5014893269498034 0.6391220068677459 25 3922.0 72538.0 -12.151413942870553 -0.05363993939792862
32 420.02844213076463 391.17421686871637 0.3730691407012428 0.3246969220805706 -0.4115176305010582 25 3880.0 67698.0 -12.076439596314263 -0.2803807128109711
33 411.10348078360965 395.97567717226974 0.3631460467384648 -0.3659784080487436 0.25538506654844145 25 4034.0 74389.0 -12.178771801482577 -0.009085881024227211
34 623.0806738498761 402.0325519100704 0.3981635821194003 0.2943244684441858 0.7873281162281999 25 2609.0 34123.0 -11.332618015366137 -0.25445718758990976
35 784.0238343373323 404.8477935051159 0.43605485541204514 -0.5299802659992228 -0.7028934293427616 25 3378.0 50917.0 -11.767157018393384 -0.18460299173611133
36 775.8250528755946 409.68669251107 0.3520955966072085 -0.9778107463907152 -0.3334030823044637 25 3279.0 53437.0 -11.819605171197843 -0.15681275248626655
37 352.53414391153035 463.82892890633326 0.47253446160401275 -0.5543205286078279 -0.7231880527695057 25 3052.0 45782.0 -11.651736902584581 -0.03991653366358691
38 470.8062567356551 465.0526183824157 0.3812405307138757 0.9047024881265003 -0.1688026670292238 25 4015.0 70225.0 -12.116229369684039 -0.15845005595302658
39 745.1428994479929 465.39206959089165 0.4445477022215392 -0.4949881000175005 -0.7509360054732342 25 3388.0 52814.0 -11.806872652774503 -0.0557444699347549
40 667.8466918762797 485.6153682985594 0.428717763162218 -0.5911909557158768 -0.6345010208709183 25 3284.0 44534.0 -11.621729261964004 -0.33006899069500784
41 658.8633660326726 490.56197608869803 0.43827179636670516 -0.8337345343354746 0.019228181151358527 25 3110.0 48467.0 -11.713615346719335 -0.039277785854508855
42 307.5504957587615 493.8247582949326 0.8232209906997984 -0.36937707426567495 -0.3523698882204931 25 2451.0 10386.0 -10.041120795647593 -0.314712430589861
43 355.1257035199503 508.07194991413115 0.4206239758711814 -0.41972728224029293 -0.8084757917001608 25 3222.0 46651.0 -11.672152394044836 -0.2777354604971823
44 52.3718815349974 550.7710440088886 0.4780224502825261 -0.2444081165914222 -0.6932976471954517 25 3338.0 51199.0 -11.773153696447238 -0.03935877510802242
45 532.034108786668 550.8033955538534 0.8952896274670296 -0.3159118374955547 -0.006917162924714077 25 2244.0 6333.0 -9.504023720068297 -0.2389531190488299
46 235.21163204259113 565.5812214523708 0.4197476145966977 -0.6278140934735409 -0.6288092100952216 25 3521.0 53460.0 -11.820072386051297 -0.1933556410517105
47 226.98877595462022 569.7930924323969 0.45576812484018525 -0.9268498640234674 -0.6273294836873891 25 2754.0 40625.0 -11.521983434967327 -0.027931702558038
48 43.214738597462535 600.1076843027151 0.3362305885069805 -0.3757184175149476 0.4983307503575166 25 124.0 -12196.0 nan -0.1123326811450128
49 43.813988518676695 612.8903191334299 0.5461250189329351 -0.8359306186842124 -0.7309155399647566 25 699.0 -10714.0 nan -0.30217947565979153
50 147.21929770794267 649.2251544582201 0.7636404649429761 -0.03323856680332754 -0.9209034700373828 25 2115.0 9973.0 -9.997064547600715 -0.22099998234962376
51 240.57447250609493 671.9953579137851 0.7181446842397954 0.059846276439959024 -0.32942312189684664 25 1747.0 4775.0 -9.197433439799413 -0.08804856381896944
52 92.41874740982757 694.9852339979832 0.5691999055887186 0.289836963069783 0.02706719288215545 25 2943.0 10282.0 -10.030193998827537 -0.8425654571760778
53 149.4600434184574 704.2773467372729 0.49201804008796274 -0.7881603361686718 -0.40432568733053353 25 2386.0 31041.0 -11.22983925951679 -0.038784143257194946
54 141.52595748959706 708.0063445978269 0.36079179966838665 -0.8872341539501456 -0.848812069015314 25 2601.0 41993.0 -11.55794225487928 -0.01190289874024902
55 94.45130886899265 713.2293711313733 0.4781361314399681 0.28823447734346236 -0.7406269855067827 25 3500.0 53406.0 -11.81897512855037 -0.2109295305678171
56 83.10059753368333 717.2869186617352 0.3250247034663029 -0.5923183122183183 0.13373056482632212 25 3761.0 68471.0 -12.088766676660793 -0.1798327807887412
57 31.46147631539244 734.5627572600192 0.44261420607128005 0.4271297193714443 -0.9701306118370202 25 3466.0 56050.0 -11.87143904232748 -0.18138504687546284
58 19.178856248492128 739.145457294905 0.40538258170621494 -0.25548436039936656 0.4302336072350677 25 3492.0 60500.0 -11.954388436631172 -0.18260127241195992
59 368.17854748685517 757.8416792289487 1.071327370019877 -0.2813751464990325 0.00715296371206548 25 2620.0 4662.0 -9.171430672961394 -0.2794380610352706
60 691.2494356598786 812.9631167570868 0.3933645103399749 -0.5137960816149858 -0.005339361335765127 25 3514.0 60525.0 -11.954836995284426 -0.08871120210314654
61 665.8804938516948 814.3914723739065 0.4893546386973346 -0.6244812490333729 -0.6056413666845444 25 2525.0 29507.0 -11.174812641703468 -0.3994169889610648
62 82.66612169689934 826.1940110327818 0.45642108448035074 0.002251621476159179 -0.7152525817276926 25 3847.0 62243.0 -11.98522629173617 -0.17187874960494232
63 73.2019151567763 830.5996963637671 0.34895685926827125 -0.6514842654486046 0.25224930435558574 25 4004.0 74227.0 -12.176404770545986 -0.12183360618423414
64 79.95619416510894 832.2601685406039 0.2605407614884052 0.13045556389690732 -0.2613083563077864 25 3895.0 65906.0 -12.047312385053877 -0.4825441874250531
