test_CNN/outputs/tables/03218_a22439m0s0_sources.ecsv
# %ECSV 1.0
# ---
# datatype:
# - {name: id, datatype: int64}
# - {name: x_centroid, datatype: float64}
# - {name: y_centroid, datatype: float64}
# - {name: sharpness, datatype: float64}
# - {name: roundness1, datatype: float64}
# - {name: roundness2, datatype: float64}
# - {name: n_pixels, datatype: int64}
# - {name: peak, datatype: float64}
# - {name: flux, datatype: float64}
# - {name: mag, datatype: float64}
# - {name: daofind_mag, datatype: float64}
# meta: !!omap
# - {date: '2026-06-03 17:12:00 Eastern Daylight Time'}
# - version: {Python: 3.11.15, astropy: 7.2.0, bottleneck: 1.6.0, gwcs: 1.0.3, matplotlib: 3.10.9, numpy: 2.4.6, photutils: 3.0.0, scipy: 1.17.1,
#     skimage: 0.26.0}
# schema: astropy-2.0
id x_centroid y_centroid sharpness roundness1 roundness2 n_pixels peak flux mag daofind_mag
1 763.2421347593705 0.09906827267431398 0.8613637586746703 -0.18863930361780987 -0.334706940361889 25 1019.0 2036.0 -8.271944434161803 -0.044075648523952085
2 308.59951200408284 6.933410443932919 0.4691288195258945 -0.4021499169016776 -0.7261461445852998 25 2472.0 35768.0 -11.383736642149938 -0.45177515131697576
3 607.0301565988254 6.70487699789537 0.42013187770930843 -0.1749504479007847 -0.7753655039939705 25 2751.0 40111.0 -11.508158723582152 -0.6842495834429257
4 595.426072750611 11.773007450038062 0.4264103986694713 -0.5504351206816754 -0.3175290024695983 25 2665.0 41912.0 -11.555845963599724 -0.6763224129995132
5 822.6244969403404 24.041822340050533 0.4191435719468877 -0.47014593618108264 -0.7084233205807828 25 2659.0 43991.0 -11.60840958609388 -0.407645914520185
6 710.1237089890071 38.49808844256353 0.9521970733126319 0.13605878637817728 0.11620015031827864 25 1614.0 3110.0 -8.731900972567093 -0.47105047275533407
7 147.84489469491098 49.88657229056211 0.602319916479923 -0.5817395518066428 -0.6488819885967695 25 1501.0 19068.0 -10.700762858137512 -0.060387275781610295
8 494.39301939399496 60.323545591698476 0.5156595624238195 0.12219671288305291 0.07800776425750551 25 723.0 2220.0 -8.365882436126597 -0.09057729366807098
9 286.0146292225341 76.82755621920728 0.38062193842646597 0.04619058444524636 -0.23685250173577582 25 941.0 11336.0 -10.136149593098509 -0.007762016510673372
10 468.4207376599852 76.46014959515946 0.45584721812661766 -0.88149219482515 -0.5511306195054281 25 2520.0 42052.0 -11.55946663935435 -0.2978769231357872
11 115.30829547021314 87.28009280473864 0.41203388863098617 0.6372324749362459 0.8820792661751485 25 3118.0 58778.0 -11.92303701134467 -0.2966292122379944
12 451.22981503496135 88.48529828601211 0.3887271342459819 -0.3766430546600263 -0.7608696305077228 25 2371.0 39437.0 -11.489759676106498 -0.3000628361620965
13 121.9762732000258 90.54545320269887 0.4641289284426793 0.6608561486035351 -0.9717589301128725 25 3520.0 62572.0 -11.99095009157846 -0.5829551457916393
14 795.5718902827584 103.11680553474402 0.4633037404469884 -0.06765407236585749 -0.6805453117876322 25 3128.0 49346.0 -11.733129886012934 -0.6033904481457971
15 785.4855460818599 108.5884418366798 0.3502791134070842 -0.7097050010018894 0.09389961012650107 25 3280.0 57932.0 -11.907296305019885 -0.7148732133652722
16 374.1745943524282 111.13771453076824 0.5827840413282301 -0.8317676370225797 -0.33617868925746547 25 714.0 502.0 -6.751759292862548 -0.08399545663501756
17 82.64657739790583 118.59370662240778 0.5323060414864333 -0.447890992495171 -0.6489789978402078 25 1801.0 25303.0 -11.00793003873063 -0.11552546217618337
18 44.31459836603256 137.1155439420317 0.38374936069154153 0.1208163980567269 -0.9790292620984291 25 3212.0 54896.0 -11.848851751780245 -0.6315412752269784
19 30.578180923287626 141.27095474748293 0.4541925807123204 -0.5668728153716044 -0.20655064604347498 25 3011.0 52963.0 -11.809931442521009 -0.5280338526375496
20 278.2370674192392 144.80267177127877 0.41203630725646495 -0.41116752906894044 -0.4825915411296522 25 2679.0 47868.0 -11.700113205893661 -0.1350845307703805
21 368.45645321145895 157.85046697228762 0.8248686686227049 -0.3009832583587743 -0.003189275212972046 25 869.0 290.0 -6.15599499474739 -0.016680619603249146
22 772.5024596226903 166.31505118286478 0.40236701148352594 -0.5992777148679107 -0.5987425632336315 25 2355.0 37526.0 -11.435830685579093 -0.503958754419459
23 832.0952425486814 175.34233698221587 0.35727246414793035 -0.6245546517800713 -0.3022667912959367 25 1676.0 23753.0 -10.939296171866978 -0.33225173478143527
24 254.1327145077275 178.32799026107017 0.25875599242943353 0.3306705321088006 -0.112680791487886 25 1337.0 21824.0 -10.847335882440962 -0.019931232716193868
25 780.908916024342 180.1231562699508 0.4019011105640512 -0.5909445413603724 -0.47761475439724765 25 1675.0 26246.0 -11.047657811231371 -0.07835285719947195
26 771.8447209355058 189.51210723373515 0.4326727811640928 -0.5944315872162892 -0.7827697644148637 25 2758.0 44014.0 -11.608977097787033 -0.478537781141657
27 629.8518502879435 192.4915333485115 0.2322750133122801 -0.45204541008047655 -0.2009917422185982 25 1239.0 21244.0 -10.818090731867748 -0.09142545490239648
28 763.0121854531496 194.79180546510148 0.3622584317747356 -0.7819362416840842 -0.23773036049175 25 2382.0 40664.0 -11.523025241736617 -0.41322907993571684
29 505.97677290462315 195.14704694148142 0.5279049831085673 -0.7410749391707581 -0.24112027364225289 25 993.0 3609.0 -8.893467205148768 -0.35980854420434283
30 591.6036247665061 195.47168539150405 0.4891145643220041 -0.4125483552172679 0.0697337672016491 25 1069.0 5967.0 -9.439390094610244 -0.40710253939942487
31 318.77844540171156 208.56252345244053 0.45508259084882907 -0.46003227198577507 -0.8799175300488169 25 1565.0 24275.0 -10.962898096450107 -0.027577918003083277
32 154.77446217384286 232.72074599269305 0.46561321624399815 0.2467727893214116 -0.533002431168443 25 3302.0 53161.0 -11.813982854416256 -0.7077174020453361
33 143.94996765430835 237.5785829657603 0.4692322940574878 -0.7331407128992607 0.12731422699884 25 3288.0 54574.0 -11.842464466383047 -0.6396092082539448
34 151.16328856310633 239.7948183377853 0.4374256950690352 0.8605682325226848 0.8117667086072794 25 3313.0 66972.0 -12.064733171410714 -0.05657748588609868
35 387.0088299854368 243.768820518978 0.45820089963102173 -0.16944748068945487 -0.4003084645863709 25 2202.0 37590.0 -11.437680814284532 -0.14652323024369165
36 233.43068355749756 246.4962373646105 0.4406606822271646 -0.7512822512726481 -0.6097983959800892 25 1512.0 25175.0 -11.002423698064138 -0.06064025209941837
37 302.47524381787844 278.5197173582214 0.4890474365914539 -0.2985581320930266 -0.5239855072369352 25 2734.0 50597.0 -11.760311918479424 -0.03211208391339531
38 141.0724751858773 293.78879261329115 0.5495651516895802 -0.21675534932353716 -0.4787215204285698 25 1896.0 27705.0 -11.106395386239807 -0.09324866251393771
39 539.6577162894034 308.22829654204315 0.33113590666707715 0.01951670981679593 -0.11384290088205928 25 3687.0 54435.0 -11.839695568140593 -1.2614078631676993
40 532.7001830770663 311.3182620770723 0.42701902054823565 0.23024131911731627 -0.010174295060521914 25 3486.0 52969.0 -11.81005443495456 -0.9242571705424345
41 584.2119060049164 325.95297235246113 0.8641867555526148 -0.3644801205240499 -0.2708980634709567 25 2522.0 6057.0 -9.455643934158255 -1.0072580707166376
42 721.3917664522513 347.5860999335299 0.41498250486209065 0.4765197827745034 -0.6061300459233923 25 3259.0 55689.0 -11.864423548478161 -0.634673623000115
43 429.15953435892015 349.19852157520046 0.7082440960833344 0.554354931037997 0.08933193332086417 25 897.0 3928.0 -8.98542869778728 -0.0769331209454235
44 706.8997123537167 353.83823655638326 0.4439411477456215 -0.8306392575035024 0.5105062809526192 25 3451.0 61252.0 -11.967800684623386 -0.6910226244152479
45 243.01631388662145 353.0309598032875 0.8231702756851941 -0.5086900116389711 -0.45608005705126026 25 928.0 973.0 -7.47028210067088 -0.04415099381718546
46 149.11390638015885 361.6666058980836 0.40649247386961257 -0.3617639542870758 -0.8255256464463131 25 2809.0 52486.0 -11.800108690249472 -0.2374283256213438
47 831.273749248239 362.26776474908786 0.6281653783449154 0.8306575574138414 0.3459808704722022 25 2241.0 14163.0 -10.377888137877294 -0.907297342604309
48 188.1794613674197 387.8914950513767 1.1455544834621307 0.05039973349226789 0.2730765493586469 25 1510.0 1515.0 -7.95103158209581 -0.259038583234064
49 417.88015041738885 393.12723656174023 0.33488298272617834 0.45363267389237993 -0.5474619880553941 25 3347.0 60249.0 -11.949874607449795 -0.7259180179936078
50 406.4963738556582 398.45112527740326 0.3877248204984949 -0.7955118791522044 0.47838539756333087 25 3519.0 64078.0 -12.016772370263844 -0.7104630454400935
51 479.80706825592944 398.2556018020029 1.0114656981280195 0.061458316123563984 -0.03805714009590195 25 1553.0 2517.0 -8.502208038870906 -0.4101291998212259
52 781.5629784268276 406.6232653518946 0.47010458689694457 -0.648900429453774 -0.8654223526027176 25 2705.0 40775.0 -11.525984924280783 -0.518982674590873
53 707.9308657096642 414.00518415127374 0.49760374383566924 -0.759016709888847 -0.5796349778101494 25 1814.0 25588.0 -11.020090855113814 -0.209353097906379
54 292.53924697510837 423.2429594666478 0.5704826780019214 -0.9737632906233953 -0.7128788973644913 25 1757.0 24184.0 -10.958820335424402 -0.047194566118089795
55 781.2168883419398 435.5506365198924 0.4213385718326285 -0.6687500495235736 -0.5111866155945818 25 2159.0 35248.0 -11.367836199516733 -0.2543742312724925
56 58.4538823359229 455.19337741385783 0.4510878556901963 -0.18572225659454067 -0.27326941290241263 25 2508.0 43243.0 -11.589789539188995 -0.1567211806997129
57 344.759409864615 467.18882090744273 0.34977555851092423 -0.49805686980589015 -0.4441602440790609 25 3126.0 60273.0 -11.950307020938762 -0.2287663514122297
58 468.25220870086224 467.0992523475077 0.392034123945153 0.8598355609304351 -0.5621368310631917 25 3528.0 60529.0 -11.9549087474747 -0.7722597074509595
59 464.2373431516137 475.79546516659457 0.4416866901819042 0.629888957101677 0.8375885284909027 25 3345.0 67077.0 -12.06643407667394 -0.11667765340738398
60 664.6028247422781 487.6693313051842 0.3883081332149918 -0.5691417015863925 -0.8797363745585252 25 2559.0 40014.0 -11.505529919505742 -0.506061650314883
61 655.1556051738957 492.74490210679585 0.35941878342633193 -0.8433107748790711 -0.5196509157431398 25 2371.0 41185.0 -11.536847675799258 -0.42009815149210994
62 334.02198508008945 509.5272255776241 0.45235913282746704 -0.9404887359261864 -0.8886862420596907 25 2141.0 34196.0 -11.33493827102302 -0.17840944966605843
63 92.99818045657979 547.0120091777151 1.1968532655660329 -0.3934322211301062 -0.07615938234992378 25 1208.0 914.0 -7.402365489334578 -0.008887863386801882
64 49.399734522222126 552.938919874101 0.43658037180685816 -0.2950839544632633 -0.8532061827345834 25 2626.0 42123.0 -11.561298235168294 -0.3594588566799791
65 29.257414184593745 556.1680031387698 0.45208825961047494 -0.3923347818482164 -0.5087254587066505 25 2770.0 50108.0 -11.74976767187825 -0.11707913863120745
66 359.5616667608495 567.4319425502823 0.49265511154709996 -0.1571450202853828 0.01797259316667145 25 1515.0 6043.0 -9.45313148562114 -0.8641541614908516
67 227.74446135464268 618.7700357531469 0.7341524150824609 0.4836051111726983 0.44471456112117674 25 959.0 2264.0 -8.387191056290584 -0.1856585519239901
68 584.0422458751806 627.0760053662541 0.9680556369591372 0.12486518877571759 -0.32308318786480944 25 1681.0 4450.0 -9.120900027452329 -0.46632030457734563
69 424.8850598199506 676.5969593011794 0.6833181139694035 -0.1823651361612494 0.29448291263605875 25 984.0 4112.0 -9.035132764968047 -0.09901432626014864
70 652.3491290822612 678.3521609873777 0.41429443077540856 -0.574578172223173 -0.5709675730267583 25 2434.0 45068.0 -11.634670714112636 -0.13729617280100587
71 457.7953039799885 697.5297263542432 0.5369229285540439 0.4578735339117819 0.2185457471444816 25 1323.0 4401.0 -9.108878421407363 -0.6704387106413863
72 87.92565890667906 715.5655600777214 0.3820685238498453 0.08482106263526462 -0.8459172848129349 25 3040.0 50489.0 -11.757991922540718 -0.6496656196215507
73 76.57733177476148 719.7312239263564 0.4403638681957727 -0.6952654436572449 -0.1923619242572929 25 2953.0 48864.0 -11.722472538440819 -0.5292978561822497
74 1.398442591528923 724.4223693185199 0.3439259642674431 0.13860884032777077 0.5451950397506111 25 2744.0 41613.0 -11.548072566127423 -0.6675381430383144
75 1.3659935766332314 733.5598622721598 0.33876299263432047 -0.13992186698197906 0.05413893583102462 25 1742.0 25088.0 -10.998665102510861 -0.33602201079614924
76 25.300879444050665 736.7536221561379 0.3925320074945389 0.6387113759481434 -0.6226362007626196 25 3440.0 60904.0 -11.961614541963137 -0.6002314400732605
77 12.788274352361887 741.372799709417 0.41245020079531286 -0.8306100315425261 0.19307684772103142 25 3331.0 58420.0 -11.916403881593826 -0.734121066460104
78 197.0479014121236 746.4781763574534 0.5352119056987986 0.3303480793417567 0.1610098682701089 25 2043.0 27095.0 -11.082222888371025 -0.3592675313618372
79 766.9659731374239 749.2483916366199 0.8814484505211285 -0.4180091339436378 -0.09311605140172073 25 1393.0 4316.0 -9.087703590027182 -0.33893705968298665
80 568.0578612773395 774.0780686701386 0.8873913395694142 -0.2020834287706785 0.2313859518861891 25 1083.0 2782.0 -8.610892814140069 -0.09703762251901908
81 605.760170046528 775.1020766635712 0.9315518729570734 0.09587064341907815 0.08095374985349757 25 1216.0 4559.0 -9.147173980504906 -0.016899230569834327
82 337.45363715115286 780.8474556214496 0.5593013756125604 -0.05487686917421523 -0.049190174007705666 25 1045.0 3006.0 -8.694972440627224 -0.5166795108880874
83 692.150444899434 816.7241640430906 0.42202538774990955 0.7880620556263238 0.3761479533101964 25 2845.0 55640.0 -11.863467803300022 -0.08853808813209672
84 40.17642477054209 820.1871987473648 0.43711789862997324 -0.4628486915611343 0.2971310921709135 25 3353.0 21754.0 -10.843847810491777 -1.6291858082052604
85 281.10188644067364 826.4489570485463 0.6888164016197305 -0.11268266454032672 0.3935089836770654 25 965.0 4642.0 -9.166762840299747 -0.0770757471958356
86 78.63515532236681 828.7555940224083 0.42151319974921014 0.4877467430706102 -0.828329279081735 25 3185.0 53300.0 -11.81681802256643 -0.6394285132273065
