test_CNN/outputs/tables/03219_a22442m0s0_sources.ecsv
# %ECSV 1.0
# ---
# datatype:
# - {name: id, datatype: int64}
# - {name: x_centroid, datatype: float64}
# - {name: y_centroid, datatype: float64}
# - {name: sharpness, datatype: float64}
# - {name: roundness1, datatype: float64}
# - {name: roundness2, datatype: float64}
# - {name: n_pixels, datatype: int64}
# - {name: peak, datatype: float64}
# - {name: flux, datatype: float64}
# - {name: mag, datatype: float64}
# - {name: daofind_mag, datatype: float64}
# meta: !!omap
# - {date: '2026-06-03 17:12:00 Eastern Daylight Time'}
# - version: {Python: 3.11.15, astropy: 7.2.0, bottleneck: 1.6.0, gwcs: 1.0.3, matplotlib: 3.10.9, numpy: 2.4.6, photutils: 3.0.0, scipy: 1.17.1,
#     skimage: 0.26.0}
# schema: astropy-2.0
id x_centroid y_centroid sharpness roundness1 roundness2 n_pixels peak flux mag daofind_mag
1 308.50310061009156 6.636499691446524 0.41463488946376253 -0.27968035347464343 -0.9728240499280741 25 2743.0 44636.0 -11.624213172274365 -0.06412353107988682
2 607.8472199231727 6.655271142487932 0.4134263026966308 -0.3324962849724503 -0.6503092113686868 25 3033.0 49631.0 -11.73938256438393 -0.185267464137958
3 564.4478927041132 38.909799692126526 0.7878962247911019 -0.15180107004284224 0.02076564990996665 25 1291.0 1296.0 -7.781512503836437 -0.049159191052347714
4 728.2101385925514 51.96637585222442 0.6512793996145486 0.8642085965819812 0.5405734689677505 25 1984.0 10975.0 -10.101011322285398 -0.38942543118811745
5 459.14756044473097 66.55816084889874 0.6342966391250521 0.5044287485797865 0.3000445268198354 25 1436.0 3936.0 -8.98763772439826 -0.30253856364435094
6 77.13639698080833 85.06929645851515 0.7197467051768393 -0.4413472608171526 -0.1949571578169747 25 1672.0 4599.0 -9.156658523935095 -0.29579047525716035
7 520.4852571614394 96.40027826754753 0.7933582382468486 -0.03804158608195877 0.07722061079640112 25 1322.0 2082.0 -8.296201812936294 -0.050627154131986596
8 799.4758896080526 102.77051643688847 0.44880980056442465 -0.35140877962685496 -0.6737560753250634 25 2986.0 46525.0 -11.66921595450701 -0.2195349135775446
9 786.5507382630037 106.4748659596469 0.41795798485568336 -0.429825570956459 -0.25570963817791137 25 3153.0 56483.0 -11.879794388702006 -0.06162793519931742
10 832.7741690179519 106.49974359441477 0.3379061681780202 0.10940161066340207 0.7270996405632306 25 2357.0 34971.0 -11.359270127975892 -0.1863268853788354
11 43.39145846341931 136.50285329618322 0.3374638972816088 0.17802268750124112 -0.4353915036890355 25 3545.0 66276.0 -12.053390723178254 -0.14544927638996025
12 267.3710106759921 141.29599289950747 0.5060050456073765 -0.46999562347267276 0.007036888672108253 25 1381.0 6945.0 -9.604180625184085 -0.2772441487903284
13 829.8165327826895 143.66762699801177 0.8333379298569163 0.09798810604603285 0.12256227738418998 25 1597.0 4331.0 -9.091470459324606 -0.12629439815025517
14 832.7643193326949 175.10426753627482 0.3477507273405803 -0.15904552568366245 0.3561027620372663 25 2342.0 32353.0 -11.274786394353956 -0.2819311152258364
15 458.23168324722366 189.69086549248954 0.4746804444062812 0.3953975713907792 0.08149466636828792 25 1166.0 5631.0 -9.376463818352521 -0.1538340495629202
16 679.8195193067017 203.5629309378018 0.6502459290159552 -0.5905218240360802 0.07703344966817868 25 1351.0 6860.0 -9.590810289266878 -0.08884378990199937
17 156.73088096596172 231.96196055696555 0.45534962749563507 0.26599745558733134 -0.26234001822205577 25 3207.0 54313.0 -11.837259479705855 -0.10842483115888764
18 145.40134907251266 234.63988835474896 0.40387455797572713 -0.131559464228179 -0.49393096002259357 25 2833.0 49261.0 -11.731258059463851 -0.13379900601779837
19 688.7280317349918 245.2223444707072 0.8586289036106787 -0.4420833010074361 -0.43230825357743746 25 1291.0 89.0 -4.873475016612282 -0.07832415757266331
20 485.81251887492414 245.9261112004265 0.9609343050034285 0.5181599222324603 0.31410610263391037 25 1762.0 5018.0 -9.251326642446479 -0.07594757450299774
21 244.14170661338125 322.8442522020908 0.8876883873023845 -0.519960950563386 0.08108956013447097 25 2201.0 5198.0 -9.289590687912485 -0.4655009488736853
22 721.2318618563219 346.48001641010035 0.3899230960198421 0.3808106218900848 -0.05205012088455023 25 3614.0 64606.0 -12.025682132676875 -0.21914086384972908
23 708.4289952572968 350.3541341840388 0.5148356695817762 -0.22454790549635711 -0.4956001996825252 25 3175.0 53924.0 -11.829455250059599 -0.13914007357163466
24 540.9871693524055 374.05207153377796 0.8602755706695482 0.26951178363366723 0.264395225218653 25 1893.0 4906.0 -9.226818859675918 -0.26882045010390737
25 784.0632955998849 384.9852424336504 0.7306982747564734 -0.3827204432985696 -0.12117625905032171 25 2608.0 6149.0 -9.47201123261162 -0.8179385084936664
26 423.6012576651174 392.2656453301837 0.40402759813291 0.352669962927558 -0.4678150412043839 25 2910.0 49506.0 -11.736644593746998 -0.1946036273212366
27 408.4237619138593 395.4066772530269 0.4248452631153286 -0.049093645061573196 -0.22655646537402718 25 3181.0 51985.0 -11.789695120770233 -0.4138679354686889
28 187.91887612450833 399.7370560930463 1.0586501443338405 -0.42914462953601357 -0.013376105877828101 25 2287.0 12051.0 -10.202557716128336 -0.12864905593048653
29 442.92555032257616 442.9769853328671 0.7934541042109998 -0.07962103794394564 -0.295623608319103 25 1785.0 4014.0 -9.008943420378667 -0.31056248493675237
30 148.99007376386928 446.0530660233508 0.5282958467949019 -0.3159019599338805 -0.32204632672236755 25 3558.0 18411.0 -10.662693445008987 -1.2761893353096918
31 351.749016409875 464.7632595687612 0.4503823960382013 -0.6785443492893055 -0.9884153909517656 25 2689.0 43481.0 -11.595748809182364 -0.023288346211190074
32 471.326286532768 465.7677229012555 0.385972426602667 0.7145665792346593 -0.08582740783217113 25 3736.0 62623.0 -11.991834672424432 -0.4909609901016022
33 460.83623499276536 469.1008567306758 0.39806403696016734 0.5666558728832337 0.3031894564921884 25 3455.0 59708.0 -11.940081310364812 -0.31780879169698795
34 669.2785904016195 486.6187172173905 0.33094495423078946 -0.5026707561630746 -0.8565438849116048 25 2887.0 55191.0 -11.854670657682973 -0.03880698465305638
35 678.9516637863005 599.8758949777019 1.0363740192846842 -0.6263760261712369 0.05700127296920481 25 2497.0 5433.0 -9.337599262584302 -0.43797408355791795
36 476.97228805737507 625.2443629910783 1.1693393839366915 -0.3689155564707616 0.26580089714674837 25 2100.0 6336.0 -9.504537921453593 -0.12068627096123156
37 499.66393586760614 630.6965404891724 0.45219958546418476 0.6422763476111004 -0.31564869298105064 25 1137.0 8190.0 -9.783209754401046 -0.05566634009103612
38 740.7448235482242 639.2179890310853 0.4834285661038234 0.014799268893210756 -0.346730946477576 25 3430.0 27069.0 -11.081180530218306 -1.0447794937899073
39 637.5766512502043 651.0859477353077 0.4289505715285659 0.6078002929517214 0.4719983576010024 25 2677.0 28997.0 -11.155882671399038 -0.5803717195716569
40 64.31348035015064 654.6622301047131 0.7414064737288196 -0.47576070729681397 0.0703420179639094 25 1818.0 5098.0 -9.268499577833122 -0.3618548356499049
41 455.9945330697338 678.8978424410898 1.0229977128673502 0.11237251824589535 -0.16454202143361066 25 1746.0 4028.0 -9.01272365470395 -0.0828591939075707
42 94.37213841471484 714.0222801024292 0.4699750045518622 -0.07966407057291569 -0.8871447716511018 25 2998.0 48930.0 -11.723938039399846 -0.05023163368061293
43 29.383961302716898 735.2309314161811 0.3836629118994627 0.6165989103047865 -0.091199843217116 25 3343.0 55778.0 -11.86615734489787 -0.3182493126273173
44 16.49124308002013 738.0165353026604 0.4422097478359371 -0.35002003849227936 -0.4002772069907995 25 3226.0 55008.0 -11.851064637517396 -0.19885453791946167
45 566.3357711259454 797.1013104737698 0.4749544467348787 0.5214653348890219 0.21089822262180347 25 1145.0 5606.0 -9.371632733560668 -0.1695988292990197
46 689.6365240306045 812.1284968085769 0.480120485741294 -0.19755262191717948 -0.8728694234420707 25 2883.0 48896.0 -11.723183331398943 -0.021750961329523665
47 257.2947434484595 822.8726366235987 0.6194736924333667 0.7099294761752514 0.2315794378501853 25 1298.0 6052.0 -9.454747298377873 -0.23741235363085397
48 83.54218993108182 826.9552502264701 0.4182439139980526 0.379405115344878 -0.3148660158638885 25 3427.0 54719.0 -11.845345379928435 -0.35518090599327806
49 73.82702682299434 829.7774185374975 0.3704867101658753 -0.5954678671059457 -0.13143807941646446 25 3525.0 64603.0 -12.025631715002955 -0.2292428147570597
50 79.417103689618 832.0563285400473 0.24791954383757916 -0.5898524058618793 -0.9800176127810768 25 3439.0 65314.0 -12.03751570475987 -0.24320446172074225
