test_CNN/outputs/tables/03225_a22451m0s0_sources.ecsv
# %ECSV 1.0
# ---
# datatype:
# - {name: id, datatype: int64}
# - {name: x_centroid, datatype: float64}
# - {name: y_centroid, datatype: float64}
# - {name: sharpness, datatype: float64}
# - {name: roundness1, datatype: float64}
# - {name: roundness2, datatype: float64}
# - {name: n_pixels, datatype: int64}
# - {name: peak, datatype: float64}
# - {name: flux, datatype: float64}
# - {name: mag, datatype: float64}
# - {name: daofind_mag, datatype: float64}
# meta: !!omap
# - {date: '2026-06-03 17:12:03 Eastern Daylight Time'}
# - version: {Python: 3.11.15, astropy: 7.2.0, bottleneck: 1.6.0, gwcs: 1.0.3, matplotlib: 3.10.9, numpy: 2.4.6, photutils: 3.0.0, scipy: 1.17.1,
#     skimage: 0.26.0}
# schema: astropy-2.0
id x_centroid y_centroid sharpness roundness1 roundness2 n_pixels peak flux mag daofind_mag
1 314.46286133675835 5.563793918430746 0.5513104728915259 -0.10099590829172556 -0.8199698473777194 25 2268.0 31682.0 -11.252031474082415 -0.4384664189396314
2 605.1258872359956 6.80722723885319 0.534390651603211 -0.35047098652441183 -0.40141799779463566 25 3146.0 54621.0 -11.84339911732448 -0.3985551616217796
3 609.9865140578925 5.475302669666027 0.3795883762288329 0.11392757247169381 -0.7356651305642348 25 2806.0 44966.0 -11.632210640356835 -0.729219137711552
4 301.5768029169242 10.060280582706218 0.44387754204041546 -0.2813434544876945 0.015853840472945996 25 1929.0 28469.0 -11.135930531047112 -0.3959925958230248
5 308.0317849312273 9.052246881985166 0.420281226022805 0.3973689247955423 0.6023750781089198 25 2466.0 44026.0 -11.609273073128644 -0.2636320936622568
6 599.6731901981253 10.719278110488334 0.46017689360302516 -0.6086128704654532 0.06224576724874804 25 2578.0 39926.0 -11.503139506080347 -0.5316422697686762
7 824.9372160540677 22.716077358214104 0.46228378667956976 -0.0996618709734173 -0.5344965325816803 25 2544.0 44799.0 -11.628170799541733 -0.26518943695982616
8 40.9911063712359 30.24245616469245 0.7976710334078806 -0.19612257487019982 0.5787553223520187 25 911.0 2302.0 -8.405263298234432 -0.03928987156992765
9 533.8858136461238 31.834007102859 0.38398035131289515 -0.02184036499477137 -0.7774872235050249 25 2516.0 46486.0 -11.6683054446863 -0.20161479713971292
10 348.65213213951705 33.737532902482045 0.40235340166055006 -0.3809503559067513 -0.5626973822561957 25 2172.0 39633.0 -11.495142368201986 -0.12448612853629784
11 353.61507660528633 32.49224214609335 0.5256585451094644 -0.2778919130488485 -0.5313983676654919 25 1899.0 25491.0 -11.01596718243182 -0.3131878014620548
12 341.9524169260118 37.08094734235365 0.5580877518398893 -0.6233084495766322 0.3592456257290506 25 1514.0 18976.0 -10.695511679210421 -0.1861242212849899
13 219.3182421930316 52.767362990680496 0.38939403528242456 -0.9536568994337506 -0.7975992170039791 25 1216.0 18469.0 -10.666108453240684 -0.02334940049624869
14 546.1378470309139 63.589440647096104 0.7281470703869576 -0.11578327035722405 0.03608673724119858 25 1109.0 4745.0 -9.190590541908279 -0.16228100365242557
15 471.9329138869513 75.03726337898328 0.5088360665793362 -0.2850601228059478 -0.6750900844813754 25 2173.0 35468.0 -11.374591749481752 -0.10799636778691919
16 359.5736760597008 87.37751520860506 0.5008712573250138 -0.4993900137380893 -0.06945919408877041 25 1884.0 11483.0 -10.150138412062113 -0.9565187941861075
17 114.67502465622951 91.24182550200887 0.45167001736597245 -0.9913482072113246 0.8045497168898265 25 3673.0 69246.0 -12.100986728525305 -0.604973545760769
18 798.8285687866588 101.73260214654927 0.3934159463484975 0.5472772304082025 -0.5280965146071233 25 3482.0 57024.0 -11.890144195051906 -0.7969999529105914
19 832.8875448514185 105.70766416971011 0.7891359586592395 -0.01207768300008228 0.8707264057336547 25 1635.0 16209.0 -10.524390555647145 -0.16619740274707695
20 787.0698039567326 107.61006451221428 0.4644261291161531 -0.20933668666742627 0.47169468077240917 25 3314.0 53086.0 -11.81245000682748 -0.6616852206294015
21 794.8737061090186 108.66665662378355 0.3926037271337815 0.78374484088929 0.44514633095972306 25 2936.0 56919.0 -11.888143153587851 -0.2561565917667845
22 297.9101892564131 113.01003007202239 1.2014071164915703 -0.13232622546544756 -0.23946133326289618 25 1817.0 1362.0 -7.835442768941916 -0.4637759298015125
23 48.60676759834369 135.77273072231316 0.436695218492205 0.26503040161082864 -0.4530899505907334 25 2763.0 41593.0 -11.54755061519808 -0.8253058434532037
24 34.36156074727977 139.93024568164267 0.4140085003979265 -0.3593681348547593 0.3007803795879225 25 3086.0 50435.0 -11.756830062910662 -0.6654956152865789
25 281.6622757533987 143.21417240354114 0.44142303572434477 -0.38105094932164507 -0.7454046081419416 25 2482.0 42864.0 -11.580231740660334 -0.22127720255828795
26 787.9744858358353 159.88425150029857 0.533944247332715 -0.39710694972445076 -0.6132063464172796 25 2621.0 38187.0 -11.454788853014852 -0.5651416941332297
27 777.2254318775645 165.03580509785687 0.4573829524308655 -0.9708103385709829 -0.3594006022159358 25 2618.0 40461.0 -11.517591530560212 -0.5569576570308783
28 832.7321023527701 174.69074637308233 0.28788071546170163 0.43196703339891124 0.38346827386627136 25 1668.0 25787.0 -11.028502050650195 -0.3705407248732545
29 784.1092854685653 178.47928500910893 0.42254261532529863 -0.7178891280740113 -0.49162465866468 25 1485.0 22654.0 -10.887862240436416 -0.06293860572127717
30 775.7447663403576 188.12571343241052 0.4243301222799573 -0.17303164272912916 -0.5270223916722828 25 2347.0 36736.0 -11.41272966595465 -0.5962913050427113
31 633.0706625677857 190.63637358467406 0.5156310373933766 -0.8003283395607836 -0.060767659106525033 25 1319.0 16173.0 -10.521976466370745 -0.08653306841450555
32 764.779866654142 193.25960850285526 0.34083924890556905 -0.8743843560333645 -0.2764438898053141 25 2496.0 43608.0 -11.598915422549101 -0.5257450892523954
33 793.4271594587772 198.08628055444066 0.586327561438631 0.04228026061767206 -0.09273746562837892 25 2174.0 35413.0 -11.37290679855706 -0.10681644228782636
34 75.81040847540251 199.7768753026463 0.5720301189153033 0.2579037050240615 0.4175792086781178 25 739.0 1336.0 -7.814516145348818 -0.11410833481138785
35 157.32095650934903 199.6422611518614 0.7186547483943976 -0.7400203690817921 0.03540092291889222 25 879.0 2497.0 -8.493546355878369 -0.11129026981769269
36 316.1906685437516 210.28961042501643 0.4274431790632233 -0.5220275417845617 -0.42750733023183524 25 1517.0 22860.0 -10.897690565148157 -0.04753897925665042
37 515.7403072425004 211.86840508758664 0.9212384283335674 -0.047549219580029466 -0.37528560775642683 25 1837.0 5622.0 -9.374727103178556 -0.6221214104071019
38 158.61822742887142 231.5577189505543 0.45683307721773475 0.7534677458353628 -0.07280967689770926 25 3255.0 53917.0 -11.829314298965972 -0.8011887881743968
39 146.67204745457406 235.90968832941257 0.46882648555356427 -0.25210283767889674 0.582663852279838 25 3402.0 58190.0 -11.912120892983527 -0.6346264918859085
40 390.4243005327709 241.36100632785644 0.4861319247674094 -0.41290682092717607 -0.3501026077805448 25 2052.0 34204.0 -11.335192244405409 -0.03006305075191492
41 530.6923460386918 245.75796421856987 0.9175947953696396 -0.4452125523073851 -0.36003531347814 25 1131.0 3781.0 -8.94401669340634 -0.0661576976129369
42 620.5714483539878 268.6238268936823 0.4267276392800931 -0.8341608629233789 -0.8547024475509121 25 1379.0 19131.0 -10.704344179267293 -0.26717728505039945
43 23.101451685674046 271.07044901134157 0.47976940124905987 -0.21572769588427726 -0.10153533221353914 25 703.0 2772.0 -8.606983064849423 -0.18713600854562673
44 743.0395039547752 271.14194052641284 0.5182317866516241 -0.55110181783997 -0.27249104473470975 25 1953.0 31113.0 -11.23235472245433 -0.10485866592263773
45 608.1527587148067 273.90818732221993 0.33335052132314114 -0.18922716324151656 -0.00205166705405336 25 2859.0 56585.0 -11.881753300559065 -0.2221677236713831
46 306.1125284104275 334.45095556793734 0.38866077865601517 -0.1318596941163884 -0.011217486034762584 25 1742.0 23016.0 -10.905074622205674 -0.48229618830660337
47 722.6833346325258 345.91630888798727 0.3438891433350688 0.9704117388375285 -0.31812444082253216 25 3684.0 65207.0 -12.035735549843277 -0.8597262777526105
48 711.3096365522492 349.3415947001065 0.47932959963299127 -0.8180896598465717 0.3368773621523103 25 3236.0 58103.0 -11.91049639163889 -0.5798475846942559
49 723.2365824777738 364.4352985591852 0.4460128927539854 -0.3316110081690333 -0.5341261936297463 25 2510.0 44798.0 -11.628146563547118 -0.18320249612739845
50 321.0429578302784 376.06234790811783 1.081078025781996 -0.0902798772554339 -0.018259535935600216 25 1239.0 4172.0 -9.050860749386233 -0.01821190920885001
51 791.8595206581404 375.4519133480563 0.9226906206319013 0.20834474301361575 0.4772913388745228 25 1168.0 1336.0 -7.814516145348818 -0.23174795892187244
52 422.33918994204794 391.69464038219724 0.39733853789919205 0.8929126341320301 -0.2176958640652097 25 3523.0 59960.0 -11.944654060440605 -0.8292430084928211
53 409.3596683981244 397.21735931610186 0.44031038922182214 -0.22619430035762028 0.9347904220105643 25 3426.0 59569.0 -11.93755077386944 -0.6158177858885385
54 626.7407934261796 396.27924859392243 0.520065792789069 -0.11061254524807121 -0.423722546716814 25 1644.0 18987.0 -10.696140875985522 -0.38896390088424837
55 417.67438873541425 398.7266231377598 0.4469095343347199 0.7672863161448382 0.6466971353120997 25 3187.0 62152.0 -11.983637771100168 -0.06763438756680351
56 786.0049909596809 405.02475588468377 0.48360243783130286 -0.26331204315401535 -0.6656211767461413 25 2244.0 31953.0 -11.261279098511581 -0.5141123863170869
57 780.7349035074367 406.40696746787046 0.3979890732042483 -0.1041233320912483 -0.8769346794747175 25 3047.0 60091.0 -11.947023578383416 -0.17261223624703145
58 773.8680338841598 410.4934108928324 0.40035423474763465 -0.6622362333649501 0.10612947063826839 25 2138.0 31057.0 -11.230398755141787 -0.5333564372846289
59 832.2748484174753 431.1393876918837 0.4685229978533622 -0.01592709641085556 -0.020144422515045134 25 1556.0 21892.0 -10.850713598676169 -0.012869397622783132
60 412.16399565874883 436.42218779095884 0.36731575323840915 0.12680968654050193 -0.725118667225554 25 1134.0 16727.0 -10.558545142263236 -0.06098865639276918
61 354.67199396693167 464.18910325263437 0.5341096124778852 -0.25334276143731405 -0.7181284052960849 25 1998.0 27998.0 -11.117817522999626 -0.30188703686890245
62 349.2079871214157 465.2615822504674 0.31252871155962336 0.12862487907235406 -0.5502864255723121 25 2817.0 55943.0 -11.86936438035293 -0.15042377294328557
63 472.9549625484169 465.9497944373283 0.436775035195943 0.9566576830915463 0.005898650835068503 25 3515.0 59775.0 -11.941298961969531 -0.8577081471362871
64 747.4697320169483 465.44867522785006 0.48879890708133633 -0.24616821789213322 -0.692361441336114 25 1988.0 27070.0 -11.081220639426267 -0.3424807901247429
65 627.3330496566027 466.10243459456535 0.8134142624222618 0.693941996666022 0.20735956918098944 25 1244.0 2576.0 -8.527364646719436 -0.36651290520957713
66 570.9442079532729 467.63882109507557 0.7675380212689775 0.023727449412701544 0.18790019832774943 25 1819.0 4887.0 -9.22260584757043 -0.7970851108393089
67 144.63115700247351 480.2142184764249 1.177252335644085 -0.04282047629428718 -0.030642986111737155 25 1385.0 2584.0 -8.530731273307616 -0.14782256382479708
68 670.0992304387519 486.114808606577 0.4344560062894193 0.1684911878695866 -0.2617881916744532 25 2328.0 34666.0 -11.349759331704627 -0.5456152726890002
69 656.7666698114364 491.6653168291407 0.5070326284380506 -0.7682287921380557 0.21874353919788264 25 2240.0 29770.0 -11.18444708661681 -0.5117327105293894
70 664.9490915971985 490.6590614126885 0.32413648627823666 0.5495587512426723 0.10570477146193918 25 2283.0 44015.0 -11.609001765480741 -0.11108499780234758
71 351.8527334419641 509.87252232967836 0.42104285203515024 -0.2120711386572649 -0.15757676119918446 25 2601.0 46031.0 -11.657626024556489 -0.39586249942879603
72 357.2156931102062 508.3334085601214 0.30519172708891307 -0.20207521073944865 -0.851369402132407 25 1866.0 30451.0 -11.209003898198162 -0.3062313197634789
73 375.66822514436166 514.9865111587975 0.3764508507253317 0.08817978356169436 0.4074176367428664 25 1273.0 8203.0 -9.784931778877429 -0.7015932975924756
74 192.31835752305122 520.8827341523898 0.9790727871974743 0.15318723962200712 0.2509880063651747 25 981.0 344.0 -6.3413961064288245 -0.018798606983601897
75 89.88348182414839 546.9273859852838 0.9535598213518964 -0.0009724804423692865 -0.1682085255936225 25 1089.0 1396.0 -7.8622135457178555 -0.12651550142903908
76 48.632389118049446 551.7441863745994 0.37148847761264836 0.2512686436528588 -0.9137405049639665 25 3023.0 58954.0 -11.926283192746258 -0.25096975293625357
77 54.128688006674615 551.3780123937055 0.4753614682220525 0.09791958179086317 -0.6971391178833585 25 2463.0 40008.0 -11.505367103849029 -0.4130358465473192
78 472.9833125052437 552.1779921666149 1.4724471555925516 -0.09567909176647113 -0.08347847097719162 25 1819.0 2257.0 -8.383828897694405 -0.20772385600321647
79 33.82564314092007 554.2894690572247 0.45656995363036784 0.22060060905162132 -0.5463407515718847 25 2488.0 45456.0 -11.643978040947152 -0.11516360933904765
80 42.24980903195303 554.6405764264199 0.5920420476423852 -0.04800732004678073 -0.26670336733165284 25 2877.0 51114.0 -11.771349671569913 -0.12421853871789944
81 50.09362983768903 554.9572306197944 0.37050365164705773 0.49013220196000423 0.6577748676228847 25 2742.0 50346.0 -11.754912428687083 -0.4374634857310608
82 410.20480070122613 562.4300301509062 0.7036286235192006 -0.561317695681766 0.3658393925682329 25 1270.0 3892.0 -8.975432078990785 -0.45153550687007654
83 231.20651408459545 565.418869318313 0.35662433687158906 0.1978922121454698 -0.24401857291626006 25 2548.0 49648.0 -11.739754395600226 -0.2189930465545235
84 236.50998216185297 565.9141574615686 0.5500947926243307 -0.4931577491579761 -0.8513545664128844 25 2110.0 28773.0 -11.147462864277532 -0.39941567818961216
85 125.64452620096283 566.6746608307758 0.45439247547624934 0.4216719266124266 -0.18967646337301602 25 715.0 3209.0 -8.76592429273876 -0.12071643562814413
86 224.92817499472304 570.5373643561303 0.47859966174943297 -0.2999494464920361 -0.10738598051035071 25 1655.0 23642.0 -10.93421053249254 -0.20086462319054066
87 188.31095902923892 581.2284569542671 0.5718539263659635 -0.09082690661475984 -0.38356028028487565 25 746.0 1976.0 -8.239467350629022 -0.10805439676538911
88 129.52915240458069 632.8142581713877 1.211106998757669 0.5706691766701022 -0.3245099753895521 25 1359.0 1176.0 -7.6760183043503 -0.1486259956102093
89 165.94537245896382 640.6559791587018 0.6238171759046606 0.018039843630391697 -0.2974979051769415 25 2292.0 9272.0 -9.91793355738885 -1.1099945700017884
90 146.01251901913022 705.3077599384196 0.41949457433547854 0.05784498575382771 -0.8666153881932 25 2498.0 46036.0 -11.657743953478452 -0.11764078679877515
91 87.374038823592 714.450356059385 0.5220842677474046 0.12617208783669714 -0.30622551458949504 25 3065.0 54071.0 -11.832411003949508 -0.3925182378849498
92 93.8529765259523 713.8759944781576 0.46450582393290246 0.48773558030171604 -0.5608063009094493 25 2843.0 42354.0 -11.567236080698319 -0.717733559962612
93 81.34981737378945 718.1597230183894 0.3753474858688998 -0.6961167293789607 0.1883307254676234 25 2851.0 51022.0 -11.76939369604996 -0.5103810795000309
94 88.99240286636461 718.1261075550906 0.4654547755579613 0.4456192423110367 0.5550694047160556 25 3242.0 59529.0 -11.936821467754754 -0.3586103864000183
95 17.2806752525919 739.5785682322586 0.3804239179215854 -0.8597259818260882 0.641208928848066 25 3506.0 63715.0 -12.01060421860703 -0.7293050694620773
96 744.9849084571105 792.5422881223188 0.6616136328380643 0.7730113303333296 0.5142967159996686 25 1037.0 4078.0 -9.026118053605304 -0.30321645389441226
97 702.7259803629582 808.0532658305897 0.42411692545669755 0.03327356012252738 -0.8381953731147525 25 2828.0 46220.0 -11.662074852857726 -0.6128651603164232
98 696.683959871043 809.1482114721397 0.3626184115626873 -0.29243951584854905 -0.7696501967195881 25 3142.0 61358.0 -11.96967798772064 -0.2569767999278359
99 689.0294485575375 813.8781650580019 0.4208841260450657 -0.4861362788066946 0.39886325607994183 25 2691.0 41889.0 -11.555249981849233 -0.5921747886887865
100 661.0865268342521 816.230375903935 0.3734050848615273 -0.07262034249648545 -0.6783798339688613 25 2231.0 40717.0 -11.524439429986643 -0.18268762944263758
101 84.91927784222246 826.8717779275806 0.43483400163893976 0.5146760104210959 -0.4401736554324446 25 3264.0 51823.0 -11.786306376011503 -0.8355430772313449
102 71.57438712128584 831.634414498457 0.4429481564312478 -0.6325218109872481 -0.08934786115985278 25 2955.0 47406.0 -11.68958328045016 -0.7277474100489838
103 79.46746088204647 832.2360520096113 0.2937435751462358 -0.7308127319098056 -0.810146123731637 25 3484.0 61761.0 -11.976785798102473 -0.8268226208187801
