test_CNN/outputs/tables/03224_a22450m0s0_sources.ecsv
# %ECSV 1.0
# ---
# datatype:
# - {name: id, datatype: int64}
# - {name: x_centroid, datatype: float64}
# - {name: y_centroid, datatype: float64}
# - {name: sharpness, datatype: float64}
# - {name: roundness1, datatype: float64}
# - {name: roundness2, datatype: float64}
# - {name: n_pixels, datatype: int64}
# - {name: peak, datatype: float64}
# - {name: flux, datatype: float64}
# - {name: mag, datatype: float64}
# - {name: daofind_mag, datatype: float64}
# meta: !!omap
# - {date: '2026-06-03 17:12:02 Eastern Daylight Time'}
# - version: {Python: 3.11.15, astropy: 7.2.0, bottleneck: 1.6.0, gwcs: 1.0.3, matplotlib: 3.10.9, numpy: 2.4.6, photutils: 3.0.0, scipy: 1.17.1,
#     skimage: 0.26.0}
# schema: astropy-2.0
id x_centroid y_centroid sharpness roundness1 roundness2 n_pixels peak flux mag daofind_mag
1 143.4335999442341 1.9204339239147816 0.7496607397676838 0.35309791599324825 -0.46139366916332863 25 1643.0 5768.0 -9.402563129278432 -0.6394148047224877
2 556.2467449574812 1.8809260265289314 0.7701052655958778 0.1014910764271464 -0.35108547654201655 25 2994.0 7821.0 -9.73315571471998 -1.3374327393273808
3 308.1015154732223 6.0260888499530925 0.42972595768650373 -0.22464158189440808 -0.10155267156823883 25 2572.0 48294.0 -11.709732944438114 -0.09418598744912379
4 311.88704342938337 4.950089902521894 0.41480583983293035 0.05432309498226501 -0.6198708447057985 25 2131.0 35591.0 -11.378350476358355 -0.19020595520928557
5 610.9497498608425 4.724932155334923 0.3552612047013007 0.16489238356514652 -0.38706602454544653 25 2949.0 50876.0 -11.766282396625634 -0.5764756963543722
6 601.2168729796418 9.345506215354014 0.31660485956414935 -0.5371264265240796 0.22947910369511076 25 2549.0 47000.0 -11.680244644839293 -0.3491608361578058
7 830.4242011810752 20.223172450785874 0.3228163290745562 0.0475908301134261 -0.4664572817975362 25 1204.0 17842.0 -10.628608837583407 -0.022479156663156655
8 538.7430775235896 29.291482355358198 0.29420344492583567 -0.6599521537180024 -0.8502883462334024 25 1278.0 19398.0 -10.719392387488 -0.14416574682307998
9 356.5552190684553 31.440496530317308 0.5591980677783762 -0.1539437852718795 -0.9212286909931346 25 1615.0 23056.0 -10.906959908674786 -0.06697199653276087
10 221.4627748751319 51.07707902207636 0.44381813623673866 -0.282194788322054 -0.749947848943725 25 1267.0 17276.0 -10.593607988438652 -0.038636369706304484
11 775.9622433438636 81.12803078229253 0.9230037939357408 0.5074995937827423 0.49263086513588406 25 1319.0 2090.0 -8.300365715277636 -0.3288582067803311
12 126.19620567151917 88.25526681239224 0.510786843724096 0.9440075731076618 -0.07241293642597543 25 3342.0 59627.0 -11.93860739833412 -0.47296572154531535
13 799.7173231194423 100.77479478933671 0.39871940988749244 0.6326170598269898 -0.22917191241012289 25 3289.0 55823.0 -11.867032930813085 -0.692784513758935
14 788.9489554120165 106.16441119389347 0.5373981986795449 -0.049012777511854 0.24976700849219935 25 2901.0 44899.0 -11.630591671031794 -0.5173872510996285
15 553.3901944410172 129.21474029945603 0.4215909482261588 -0.4402985414932193 0.12913668468078635 25 1121.0 7766.0 -9.725493465525073 -0.5257171741525881
16 49.59518956379943 134.40237357868327 0.4350373072432636 -0.0898256295596457 -0.7241816595358919 25 2495.0 41502.0 -11.545172565155813 -0.5274417752633229
17 434.0939836074789 136.55014647377607 0.5131952799741081 -0.3061731663112763 -0.03380941883386079 25 757.0 2064.0 -8.286774232387934 -0.1704476908383734
18 33.43791842804174 138.3057204263396 0.5283397669957068 -0.18700743189322364 0.02624907980466124 25 2592.0 42807.0 -11.57878698169165 -0.35302385797187774
19 389.90849172324664 148.2386005535581 0.5169463443960528 -0.4651510950918893 -0.7402034609180642 25 564.0 215.0 -5.831096149789014 -0.02238754386662288
20 691.9991215126204 157.03379180494926 0.591445338280637 -0.5878699600365435 -0.11064679878564668 25 1419.0 6316.0 -9.50110530334064 -0.6158703233967768
21 411.0831499198273 158.42404167862358 0.6070248562326818 -0.1083556838044785 0.09458679737418502 25 1517.0 3725.0 -8.927815692710778 -0.8824372389079678
22 788.4084683225814 158.87955710406575 0.3893048188765973 0.16131390274601484 -0.5102222363719288 25 2414.0 39711.0 -11.497277058947397 -0.4601617029983687
23 644.2468865372476 159.30654343971398 1.0653667546786056 0.26474057212607544 0.0978998063699032 25 1736.0 3617.0 -8.89587127190405 -0.42675401133571067
24 778.8014164513633 163.75726864426397 0.5275857881661667 -0.7809864813253459 -0.10553982294106343 25 2141.0 33632.0 -11.31688173587037 -0.20941560732774592
25 833.2426064323112 173.4007704014797 0.7976526977240429 -0.07992030098512368 0.8934079540792675 25 1817.0 15720.0 -10.49113135425847 -0.31740919559314346
26 498.5924910249781 182.5978099132373 0.5122413194913474 0.23711156650474785 0.15381649006324588 25 2027.0 11752.0 -10.175279456955499 -0.9727152822895082
27 746.8941860053142 185.03200054018717 1.0334915614905418 -0.2128720846660739 -0.15886394810646212 25 1147.0 -797.0 nan -0.11110165517652587
28 779.5410633389845 186.91061769876305 0.45991965685870845 -0.25554274756535195 -0.6698883457653859 25 1918.0 29247.0 -11.165203312775 -0.35887274160174243
29 766.0455312007085 192.04136443502856 0.45584990572261347 -0.24996960122528608 0.2970042493812078 25 2135.0 36144.0 -11.395090533940719 -0.18229660757290828
30 794.7520590295197 196.23003154399834 0.45769050320628285 0.4291223300678803 -0.0642716942100789 25 1899.0 28840.0 -11.149988140118479 -0.3478576046399515
31 153.20604001289271 227.43239374817168 0.5173062371209635 0.6775893077573049 0.5075648302124554 25 2958.0 54760.0 -11.846158598654881 -0.1869639686253834
32 148.39469448342868 234.05708244130332 0.43867112975000555 -0.524685038478678 0.5192530368345715 25 3320.0 61165.0 -11.96625745017528 -0.4160807694980622
33 665.1076470727686 235.29431511728077 1.2259874626181395 0.23973301324812543 -0.10811620035831018 25 2229.0 3542.0 -8.87312139213514 -0.6046742630010851
34 610.3601357160524 272.0627758983386 0.5557395385889619 -0.3118428651171142 -0.7729615318905385 25 2554.0 44550.0 -11.622119270932235 -0.04988909978761013
35 723.7801192604571 344.2064759209409 0.3797904587703181 0.8707838243035703 -0.3222237408380788 25 3490.0 63136.0 -12.000692658930243 -0.6618683933983183
36 711.2847175159795 350.40478079040093 0.4508612473335818 -0.17479436347051103 0.8922280916122707 25 3395.0 61210.0 -11.96705594874797 -0.42008892549698523
37 159.13667514984868 357.13919656665666 0.4251195721996488 0.13188215372088888 -0.43060949635570805 25 1573.0 23333.0 -10.919926452608484 -0.21510963257412044
38 32.644954876764416 381.7823322556321 0.6221761889823597 0.14704320688035577 -0.14354370704706496 25 1550.0 5604.0 -9.371245316534342 -0.7457367611849465
39 423.67013080013277 389.8600569671873 0.3704382882236385 0.8878610434558968 -0.19392981039627158 25 3379.0 62418.0 -11.988274622178645 -0.48759858801023875
40 412.8426019689001 392.32729147703657 0.4103644897775356 -0.7073180790453979 0.5738832799021019 25 2934.0 54542.0 -11.841827647592982 -0.4919142165115522
41 782.0401542153862 404.89936890251766 0.5498337388270856 -0.06268270314633924 -0.0963421163089042 25 2805.0 50201.0 -11.751780920858382 -0.1856913208234048
42 787.3928183999269 403.5124463670652 0.46761075803777175 -0.036796217639758315 -0.4402449790078502 25 2448.0 40274.0 -11.512561914325058 -0.2215010303285843
43 776.5906371133093 408.7128666812001 0.3817035807677628 -0.40127314528661684 -0.16148376014531726 25 2004.0 32929.0 -11.293946355243463 -0.28401773420996124
44 234.8030600145348 444.8892601599407 0.8799225504550503 -0.3737118852070624 -0.29168519373045926 25 954.0 2240.0 -8.375620045835406 -0.03871248037434455
45 474.01127889241536 463.57832270228283 0.4396981619719249 0.8146669922551302 -0.3312897978714086 25 3250.0 56449.0 -11.879140631891232 -0.6601062975037897
46 748.7196776892519 463.8606047649108 0.558492290223539 -0.6978411649774277 -0.3726025108396307 25 1758.0 25112.0 -10.999703256729966 -0.1461730024829016
47 461.60576760619824 468.9536706847115 0.4320931940853295 -0.48618044447614867 0.9297691666706321 25 3203.0 58015.0 -11.908850741450113 -0.478052736785057
48 738.1014514210402 468.92041944118614 0.39340660212178413 -0.9768048847652898 -0.43547574282493456 25 1556.0 23322.0 -10.919414477537275 -0.3234000853955423
49 745.2000399528696 468.41098639342897 0.4818056199985465 0.5033207914718063 0.32898091643326716 25 2185.0 36645.0 -11.410036815072795 -0.23729549995725085
50 671.433089195197 484.1894915658754 0.4054795354066125 0.005418593571323391 -0.6470172999055314 25 2436.0 39825.0 -11.500389461182923 -0.5157857493605236
51 41.29632977288555 483.7380445942988 0.7473229437022585 -0.4479090804157887 -0.4232686397566964 25 1080.0 4065.0 -9.022651374825218 -0.127245925801538
52 660.0902015285506 489.21843538491504 0.4177599048874371 -0.5811943872484938 -0.02429515207123435 25 2058.0 33894.0 -11.325307062799927 -0.16870088431355357
53 359.43642816851786 506.5073700435861 0.5197160444873159 -0.4013138067700377 -0.488004534221022 25 2006.0 28144.0 -11.123464555283464 -0.2534325923537902
54 678.5051076328632 511.20707896594973 0.7467723039024744 -0.3902136894220064 -0.03822881219753951 25 1026.0 3006.0 -8.694972440627224 -0.19247632693077804
55 50.686857042157236 547.4708924435205 0.40975427584418855 0.583821701381164 0.6814304843994367 25 2314.0 44919.0 -11.631075198263618 -0.013201150346862079
56 56.30719029316306 548.9595328453128 0.5000655833705252 -0.13878168092334983 -0.5119587613742117 25 2461.0 39816.0 -11.500144069339918 -0.3073528292363996
57 52.27557516681077 552.7689702874004 0.4485938884604265 0.5714112783766776 0.5599635972355557 25 2476.0 43646.0 -11.599861120818275 -0.29604200982551276
58 241.44857072155878 563.8576196410759 0.5237336497026761 0.01981437598496916 -0.6784078210615676 25 1897.0 29536.0 -11.175879198364544 -0.07208548793604669
59 227.66791704789887 567.9646650113054 0.37914480205790996 -0.35841043495691266 -0.10983275608603381 25 1636.0 27254.0 -11.088575628957413 -0.037579230585508834
60 294.26948207787245 595.5500361088168 0.41310101526208814 -0.6711773811052621 -0.47053063502134135 25 1218.0 16162.0 -10.521237756074592 -0.06115269000071221
61 153.04271383040407 611.2600103101647 0.44077293381784327 0.1307176315380209 -0.12211030392525148 25 1307.0 19627.0 -10.732134806181124 -0.11478858858552517
62 148.29493933383762 703.2938488811707 0.4183088129502507 0.3479434613510948 -0.3318674716105354 25 1898.0 34850.0 -11.35550695608507 -0.00393593092352519
63 96.16337431624952 711.4384127657526 0.43247264144440867 0.4879045671875417 -0.18293228178413126 25 2642.0 43674.0 -11.600557424409095 -0.5342499131096965
64 83.56908627238676 715.3599318374843 0.41714218238513917 -0.46518285579100205 -0.03048261114745184 25 2420.0 40099.0 -11.507833855497019 -0.41179398584894267
65 9.095962260616725 719.7259804148947 0.4714450835217545 0.04259038280322396 -0.6043000741034872 25 2257.0 40467.0 -11.51775252347343 -0.1369047321912755
66 671.5012189345134 719.4963045863449 0.5506910942873032 -0.09586623446049224 -0.44800727161482695 25 1356.0 7069.0 -9.623394954153246 -0.5212232897454274
67 6.92045493288772 729.068576139585 0.5310655193114417 -0.3784767651390935 -0.36963522485690586 25 1729.0 26823.0 -11.071268373999887 -0.006755651309675588
68 26.52770518179771 731.7201762880319 0.37604803175013063 -0.27981539025505986 -0.5613438169352997 25 3170.0 62381.0 -11.987630831110557 -0.16255618058133758
69 33.00496541353647 732.5382638968088 0.4286043340811129 0.8362241125737175 -0.12198620629330933 25 3041.0 52129.0 -11.792698484644067 -0.5812921901469705
70 506.87190561624857 735.3473136649447 0.6518566590048223 -0.1274903722269979 0.33545400367086936 25 2019.0 8715.0 -9.850668478615031 -0.9310712449282033
71 19.76836540072441 736.6087512613987 0.4613353640658349 -0.20679097668409488 0.5852861116391663 25 3116.0 54051.0 -11.83200933316386 -0.48665555607527605
72 28.373432428768403 736.5565859490858 0.4452905000293342 0.1806711561692933 0.9440610889000536 25 3270.0 63924.0 -12.014159857081136 -0.11690944094150663
73 705.5873038481768 805.4167268090227 0.4915875226793222 0.27695534584496584 -0.5826928175752967 25 2545.0 37650.0 -11.439412451341799 -0.5567624876765396
74 693.4389987122066 810.6525216756187 0.3911335671228742 -0.5235952411518631 -0.06759965703730503 25 2484.0 44496.0 -11.62080242880021 -0.24694064143959055
75 701.1519788072454 810.5580922998237 0.4403612672807118 0.2580279538468994 -0.0007293211545966128 25 2657.0 50817.0 -11.765022556847711 -0.08027054614453992
76 87.66675438530329 824.1166177447566 0.40857878864833913 0.7176996640068454 -0.22949808843470829 25 2969.0 51797.0 -11.78576151706697 -0.5641642363284617
77 74.15185103314347 828.1710575165679 0.3870762712466153 -0.3724891497503901 0.44135384673702455 25 3152.0 57094.0 -11.891476176752692 -0.43197870647084363
