test_CNN/outputs/tables/03231_a22461m0s0_sources.ecsv
# %ECSV 1.0
# ---
# datatype:
# - {name: id, datatype: int64}
# - {name: x_centroid, datatype: float64}
# - {name: y_centroid, datatype: float64}
# - {name: sharpness, datatype: float64}
# - {name: roundness1, datatype: float64}
# - {name: roundness2, datatype: float64}
# - {name: n_pixels, datatype: int64}
# - {name: peak, datatype: float64}
# - {name: flux, datatype: float64}
# - {name: mag, datatype: float64}
# - {name: daofind_mag, datatype: float64}
# meta: !!omap
# - {date: '2026-06-03 17:12:05 Eastern Daylight Time'}
# - version: {Python: 3.11.15, astropy: 7.2.0, bottleneck: 1.6.0, gwcs: 1.0.3, matplotlib: 3.10.9, numpy: 2.4.6, photutils: 3.0.0, scipy: 1.17.1,
#     skimage: 0.26.0}
# schema: astropy-2.0
id x_centroid y_centroid sharpness roundness1 roundness2 n_pixels peak flux mag daofind_mag
1 599.107708497793 4.674695163919057 0.42190949425256935 -0.4577754323546085 -0.8789636618471027 25 2672.0 38322.0 -11.458620416354071 -0.6889760277944872
2 301.2869569842225 5.075223764864486 0.3276535285432555 -0.7164029253167022 -0.8259914777977915 25 2352.0 39404.0 -11.488850775994896 -0.2814154838339658
3 677.0613155564118 4.930211932449816 1.2670612795317144 0.30853479872043954 -0.2580867228725459 25 1788.0 2022.0 -8.264452878137456 -0.30149033778192785
4 589.2802289113641 9.895284589377308 0.40882950074599583 -0.8101632088078461 -0.09327816717087342 25 2747.0 42737.0 -11.577010082054112 -0.5970541272128717
5 807.5328005127761 25.738369183009237 0.44800836784732334 -0.6475763801226786 -0.2843936575908584 25 1139.0 14642.0 -10.41400100629353 -0.05746623146665207
6 333.14901114578083 36.43827648437841 0.37185386660313313 -0.4701872984138453 -0.022430038686283998 25 1738.0 24002.0 -10.95061857852637 -0.49456938441014536
7 58.85199882062665 86.87460988308428 1.076799905079958 -0.41833801859598785 -0.5016171244330689 25 1305.0 3252.0 -8.780376342305075 -0.07705608451634402
8 178.50013853515256 91.95467224105174 0.46601615209451314 0.4460573519360152 -0.04607146528153312 25 1444.0 6787.0 -9.579194622978667 -0.7361316981180376
9 786.337208257187 100.69393347373403 0.4410731123720906 -0.11378393790362999 -0.6326712657084166 25 3155.0 45886.0 -11.654200501959327 -0.8441079556758664
10 774.9954177811744 106.57250273647247 0.39988062241587535 -0.469975748513204 0.2323725839410613 25 3117.0 49928.0 -11.745860423932067 -0.6623239017251281
11 832.3267070635492 122.96670576448739 0.3648234855993995 0.029599850374872602 0.2446633237971963 25 2551.0 38718.0 -11.469782288726922 -0.6277655446184573
12 35.88597590102526 135.19572465686622 0.38918144888429207 -0.016296669518827897 -0.7306015481906057 25 3050.0 46468.0 -11.667884951712786 -0.8242577295378559
13 25.80163177734321 139.6509025352351 0.4452948163703342 -0.59494910199629 -0.13043116056764795 25 2852.0 43691.0 -11.600979962398307 -0.6481909446898708
14 774.5134717344007 158.9054755013933 0.47205914411547995 -0.5852689933885548 -0.7460647536439869 25 2357.0 35787.0 -11.384313233258183 -0.35761444066907466
15 769.805600292051 160.7095882695845 0.3398341304254804 -0.3943428805887011 -0.32677433638966585 25 2967.0 56718.0 -11.884302270693263 -0.30168479763342404
16 43.79140820712409 163.77999035278688 0.9189224372258019 0.5564588921978939 -0.16027348156236268 25 1110.0 2452.0 -8.473801164615944 -0.06903896394552722
17 97.10562838995274 164.76791651373017 0.9007076395042966 -0.2593333873981943 -0.09908405607955587 25 1108.0 2873.0 -8.645839064979869 -0.08086517167558828
18 764.0184807941868 164.2311100473063 0.42748323872705446 -0.9222339949601597 0.0050237421737084125 25 2158.0 31662.0 -11.251345861401918 -0.4213403472946703
19 771.2132763255509 177.5088304801663 0.5365123394739875 -0.37645516809542623 -0.2854452369316781 25 1405.0 19336.0 -10.715916593498985 -0.03897278350253721
20 589.0764726239919 180.14962384852512 0.9092031895322555 -0.15560900826683333 0.11307193736938362 25 1845.0 3184.0 -8.757432647664078 -0.7145326839298921
21 204.22637494779426 181.65540740885587 1.101063011008279 0.3836165563137353 0.3992946943876261 25 1108.0 -540.0 nan -0.05293984648475268
22 761.6724101793405 186.88262158789342 0.47117558739198306 -0.6549247821913565 -0.9425226371017518 25 2406.0 36486.0 -11.405315634490787 -0.4236418417958464
23 752.7722474893873 192.07043580306873 0.32656809314774377 -0.9352487242359349 -0.5236116090126064 25 2459.0 45391.0 -11.642424376756768 -0.3223620462287918
24 147.7125069957774 230.77971587273115 0.4269721321908488 0.3795364962495409 -0.6197246740752073 25 3166.0 48276.0 -11.709328196547215 -0.8536859394282055
25 629.9748773293755 230.3114317709915 0.39568584112992905 0.4793827722816628 0.8848296573426436 25 1270.0 12351.0 -10.22925530429287 -0.35671946554155587
26 137.43594395055197 235.55864271070723 0.3521597572707715 -0.7972332241292631 0.5408053793227283 25 3303.0 60936.0 -11.96218485646332 -0.6123456081798344
27 379.2526650771696 240.653267933608 0.5035397163470875 -0.6680938157856561 -0.8480080117742564 25 2139.0 33016.0 -11.2968111396734 -0.17159548859333018
28 368.0096427157259 242.64473497660632 0.5263760461685466 -0.4339602201090406 -0.0728929261562416 25 1053.0 5354.0 -9.321695917127284 -0.37206846412918043
29 596.0778896060048 272.8615422206047 0.37008097981067495 -0.7227430636731558 -0.852785477096531 25 2553.0 47094.0 -11.68241394866736 -0.12813186833271514
30 589.264907263302 276.7589219634488 0.3660082225744575 -0.9178859320862867 -0.5456637225812276 25 1261.0 18012.0 -10.638904845727238 -0.09849094745725996
31 127.01012490387912 286.18671595177545 0.9665315305457225 -0.20598195142038145 0.08460460629378731 25 1180.0 -68.0 nan -0.23039976390590594
32 134.06829710852074 291.4900625082966 0.500072423752588 -0.46883205329727307 -0.7028231037542952 25 1480.0 20982.0 -10.804617206732221 -0.03033222786675218
33 433.5350539554327 332.0488949912558 1.1221026908317433 -0.1397622553476647 0.04275831579390262 25 1231.0 2485.0 -8.488315982673377 -0.04534520308340965
34 708.4194582100565 344.7102529941845 0.3417796722452121 0.48252920659897774 -0.6762840737386941 25 3454.0 59242.0 -11.93157427951413 -0.7621261356578491
35 696.895313701192 351.30124756055216 0.471231103226139 -0.7137612676966898 0.6713937397851861 25 3292.0 56393.0 -11.878062997101742 -0.6723401098982779
36 408.8374414829392 390.7004730041375 0.40756013396898644 0.2882604175824569 -0.7426420629059183 25 3236.0 51438.0 -11.778210185275945 -0.8015273426010788
37 607.2349806521153 397.2136502449022 0.2865848697290414 -0.6927524099188483 -0.867613955489058 25 2112.0 39975.0 -11.50447118104568 -0.10222642465180762
38 396.6838419594362 396.4486874017163 0.4472151966094025 -0.34356461664690735 0.1746655894206347 25 2947.0 45801.0 -11.652187400781548 -0.6337228103768827
39 600.2803768407247 400.8989589410778 0.4975369762472091 -0.5025102163166002 0.1832066090546747 25 1284.0 15664.0 -10.487256686147656 -0.08948897359533403
40 459.04918850102604 464.6844242761436 0.3893322459447567 0.7997987895230168 -0.42535378396646906 25 3369.0 54158.0 -11.83415654479641 -0.9087972152566013
41 654.486715260078 484.7898358311162 0.441363779246916 -0.684884919012828 -0.8667927704336891 25 2125.0 29741.0 -11.183388917457151 -0.5222674309446741
42 649.2182821297249 486.56116290587346 0.40606183638995663 -0.7231516494412872 -0.6057681166005986 25 2475.0 44189.0 -11.613285433901439 -0.16100638411796184
43 643.2020918822856 490.1477257389692 0.41546888302670065 -0.9614655296787629 -0.18481783480634717 25 2088.0 33654.0 -11.3175917259829 -0.2693412027936244
44 236.82597017537896 503.9218857370282 0.4806933020781125 -0.5851794619631839 -0.6997806482519425 25 1213.0 15099.0 -10.447370462792005 -0.06459160738140896
45 833.0156246116989 503.36872292288064 0.31500343706929795 -0.4531996363836066 0.7992828483535895 25 2531.0 36118.0 -11.394309234155442 -0.8553209088915168
46 764.4866559453349 503.7565939026675 0.4088160977174484 -0.050670275631895044 -0.014045221079367112 25 634.0 3258.0 -8.782377699931226 -0.20458585865707032
47 193.16203987296768 510.82109168450705 0.5691610583796292 -0.1927393463153849 -0.07940080304847856 25 1317.0 9125.0 -9.90058218282128 -0.42184152572739025
48 113.80172717734185 524.6553139301998 0.48003375913370455 -0.8310449986752992 -0.6811530999007718 25 1746.0 26737.0 -11.067781690136773 -0.06138103731499248
49 5.286759119935305 541.2258712619022 0.6646004850225712 0.08202681294003453 0.0012642518349972051 25 790.0 113.0 -5.132696108708549 -0.16409412928133096
50 36.539593661275184 551.9176610448669 0.3677648949442004 -0.15235034938321368 -0.18922675605129316 25 2959.0 56678.0 -11.883536292175652 -0.12768705526927648
51 209.39695407407407 570.0897089989658 0.43905980074750606 -0.8857079912842659 -0.7271244827212697 25 1632.0 21918.0 -10.852002306488902 -0.3725992967712321
52 64.41922603356488 691.8077265790006 0.7998726006708279 -0.4043636814152566 -0.23124004342266857 25 974.0 3011.0 -8.696776888781898 -0.07277578127004625
53 79.64278205847899 713.1215130429536 0.40073993407226505 -0.15426655703612602 -0.8029019491665987 25 2748.0 44624.0 -11.623921242304938 -0.4966734176395633
54 67.35024649967302 717.6984721335418 0.41213923607581193 -0.8839908743879965 -0.24446273048468684 25 2704.0 44879.0 -11.630107928367568 -0.41901293042282195
55 0.48710936099548174 720.7216899594176 0.6140976058452078 0.39115311986801066 0.6414250550389499 25 1097.0 6049.0 -9.454208961268376 -0.21293199069369367
56 686.9451221408984 730.6378238256061 0.8034656148914758 0.16941437318624653 0.18725108887129344 25 1936.0 5152.0 -9.279939635879389 -0.7620466444265486
57 19.444797312936338 734.4923604461725 0.42391111140367604 0.4332760860979237 -0.7894624144297695 25 3209.0 49934.0 -11.745990892323173 -0.8444367293131052
58 3.360889431825074 739.2460438400002 0.4009493558471463 -0.5500779216901455 0.1708346304554281 25 3408.0 57314.0 -11.895651798378125 -0.6986922791265584
59 671.0181923906815 812.4450487742427 0.40401699319540907 -0.8757581812151779 -0.14018169894830715 25 2530.0 41433.0 -11.543365949965276 -0.4560121705370416
60 642.5547603892401 815.1977795931913 0.4703155899390097 -0.18114680641207365 -0.6067166145209729 25 2250.0 39371.0 -11.487941114380098 -0.04811391331006244
61 38.41943414219659 826.2052194261853 0.6224429475832755 0.3882860256994843 -0.30840519864029475 25 1144.0 4505.0 -9.134236988287704 -0.3458041266831665
62 69.52853028412146 826.1189769514026 0.39682468411861727 0.435408929156516 -0.7334314563939502 25 3052.0 49227.0 -11.730508424332093 -0.7190573631437186
63 591.6004377470367 827.662108984103 0.6690287202936323 0.17560565576195603 -0.006009125876109891 25 958.0 4460.0 -9.123337146780354 -0.0797950311785019
64 56.975296260396036 831.1346443353568 0.44023424850867 -0.5362813991662173 0.09807971023188901 25 3036.0 51224.0 -11.773683722040278 -0.5898637372096434
65 64.46944392802054 831.9083984423039 0.31138057618827847 -0.3482100692492194 -0.43001860551185744 25 3181.0 55216.0 -11.85516235486853 -0.6937515708570794
