test_CNN/outputs/tables/03230_a22460m0s0_sources.ecsv
# %ECSV 1.0
# ---
# datatype:
# - {name: id, datatype: int64}
# - {name: x_centroid, datatype: float64}
# - {name: y_centroid, datatype: float64}
# - {name: sharpness, datatype: float64}
# - {name: roundness1, datatype: float64}
# - {name: roundness2, datatype: float64}
# - {name: n_pixels, datatype: int64}
# - {name: peak, datatype: float64}
# - {name: flux, datatype: float64}
# - {name: mag, datatype: float64}
# - {name: daofind_mag, datatype: float64}
# meta: !!omap
# - {date: '2026-06-03 17:12:05 Eastern Daylight Time'}
# - version: {Python: 3.11.15, astropy: 7.2.0, bottleneck: 1.6.0, gwcs: 1.0.3, matplotlib: 3.10.9, numpy: 2.4.6, photutils: 3.0.0, scipy: 1.17.1,
#     skimage: 0.26.0}
# schema: astropy-2.0
id x_centroid y_centroid sharpness roundness1 roundness2 n_pixels peak flux mag daofind_mag
1 608.9258092873083 5.9432108406910995 0.4799008606513893 -0.39950714421239547 -0.9174164729160451 25 2711.0 38181.0 -11.454618247074093 -0.6523449562859157
2 598.482188364892 10.523039967176718 0.3823678241880735 -0.7685073648603189 -0.44461119516246467 25 2422.0 39344.0 -11.487196278486604 -0.5399149358064295
3 212.79866107077513 23.84199720160681 0.6595923355138853 -0.5301488877107636 -0.6269337812670505 25 710.0 382.0 -6.4551584072792725 -0.11148557515355559
4 806.5955005906428 26.821686929980622 0.46902045247777785 0.15311991249810536 -0.055992343682590616 25 2119.0 11918.0 -10.19050845272192 -1.113178779386618
5 454.04152728159534 87.1277662841861 0.5144019392669683 -0.7360699382255439 -0.8719904920807078 25 2065.0 30725.0 -11.218729728896228 -0.2447273221588422
6 833.0621593388197 105.69482808906872 0.3785708342992487 -0.056730383510769 0.258191813445847 25 1461.0 16807.0 -10.56372550017821 -0.47193930355315633
7 788.3738778084974 107.12169191889093 0.3401385759161298 -0.8293764077426579 -0.21153162758675279 25 3202.0 54521.0 -11.841409532181125 -0.7841175146466013
8 801.7514301676229 122.29466410079785 0.9974626448411499 0.36797385169198166 -0.09136758818247186 25 1225.0 1890.0 -8.19115451043311 -0.08156452207892843
9 489.1274352470092 122.94016043833115 0.6860000235188811 0.2921881734054696 0.5328767151417061 25 1106.0 3978.0 -8.999161946971041 -0.3371046497599022
10 44.56172102466741 135.8812701074233 0.42733310038303113 -0.14125874062934152 -0.9101896203242577 25 3241.0 50058.0 -11.748683734918664 -0.7667272508801668
11 36.148726684074525 139.77926060587822 0.3889457132439218 -0.6522276735159973 -0.20544664613256736 25 2867.0 47617.0 -11.694405075504605 -0.6870434884781056
12 37.134264489920575 171.38979276352384 0.5860598371598836 -0.12006233186544048 0.39906241399490333 25 1121.0 5279.0 -9.306379155002396 -0.42762796259506125
13 591.0421796744588 172.19584168188587 1.3128650502723072 0.004035522904109505 -0.1582755968431999 25 1638.0 2356.0 -8.43043821528766 -0.19289551988054818
14 832.7383045414235 174.45507058039365 0.2977062906237712 -0.0940173658129656 0.20451734339619887 25 1850.0 24302.0 -10.964105041323082 -0.6901368065341552
15 348.88270895667813 185.0639779066306 0.682877540480101 -0.12324542144323825 -0.19296105370827557 25 1034.0 1766.0 -8.117476748103874 -0.3564855513357889
16 774.4446090855931 188.33394113562085 0.3900372185634948 -0.9008757435502847 -0.9667270394226098 25 2483.0 37021.0 -11.421120364014683 -0.5428418261625533
17 766.2475478484449 193.36899026443038 0.4103102987199575 -0.9957260900562033 -0.7158653611288157 25 2241.0 33896.0 -11.325371127482333 -0.5099930421771355
18 323.72535445578217 195.9296117375495 0.7446242063867251 0.19915024359684122 -0.029018874720304646 25 993.0 1437.0 -7.893641920335565 -0.22778100471039867
19 793.8038418120616 197.6085141183013 0.31529411226275067 -0.7503911092927771 -0.9477143068239425 25 1965.0 32976.0 -11.295494936087845 -0.26460855042771886
20 498.62337154341435 211.86631930476486 0.3724780015766486 0.9625340655602682 -0.5337998398352792 25 1955.0 24603.0 -10.977470166539753 -0.7843273084077601
21 381.211522832556 218.50439912793186 0.802221780792608 0.302086843406364 0.06407874329325618 25 1408.0 5982.0 -9.442116021738249 -0.3635598092178105
22 160.40746775870755 231.53368768295806 0.4270417473564848 0.29673313805744955 -0.7887098646461189 25 3192.0 50008.0 -11.747598714736867 -0.7993236245625018
23 147.8837258180712 235.72949832902822 0.394096983322978 -0.6200660833618837 -0.005082489693123879 25 3261.0 54855.0 -11.848040548484313 -0.7982059933658274
24 36.253676350301106 258.0619924800444 0.7456283208972648 -0.5097861375478733 -0.13420087856379292 25 984.0 1822.0 -8.15137093159245 -0.19298148531145914
25 743.236766885592 271.2160536464325 0.5208033449155317 -0.8307827929567152 -0.655034056964101 25 2067.0 30564.0 -11.2130254775281 -0.22288714852922575
26 450.19070717581735 296.4302352738152 1.1119188711148813 -0.28885597237433086 0.08768770069185033 25 1288.0 837.0 -7.30681364498315 -0.12373163963117635
27 431.1096461246207 335.4543069046044 0.4955616447756626 -0.12876329973062767 -0.3394971238735704 25 727.0 1813.0 -8.145994510238772 -0.2169354104240245
28 724.3266781280573 346.2155975107404 0.3581562039251166 0.4296302613005911 -0.8874923447225528 25 3318.0 57734.0 -11.903579119701346 -0.7021945375439093
29 710.4170177349819 351.98926500764367 0.3908009668533971 -0.6034346768301074 0.5428558293018159 25 3471.0 61518.0 -11.972505519393916 -0.6762085212413753
30 723.3030547644604 364.2513366208575 0.36811081990886985 -0.7960666773239133 -0.983449914307616 25 2410.0 43661.0 -11.600234196132549 -0.21059934674492886
31 188.29780686757346 367.0867185631353 0.5681538291232461 -0.26045071538826314 -0.5821303396530514 25 815.0 3010.0 -8.69641623898461 -0.23681623201492932
32 421.15133540363996 391.73010708528983 0.38517107787881877 0.3315239548101948 -0.8625756937528852 25 3364.0 54630.0 -11.843578001286456 -0.7914167592174284
33 410.32629332334767 396.68794941322625 0.35505255738019736 -0.7297051248375375 0.2337062463292728 25 3403.0 60918.0 -11.961864091419452 -0.6700553663913242
34 162.85259465643986 398.386923495437 0.6914521626247737 0.17866365339676035 0.16375642529214654 25 913.0 3541.0 -8.872814816895279 -0.0747035182702901
35 56.71528036037592 423.67766042186054 0.7017448506325701 -0.39593394355071726 -0.3373473142135549 25 816.0 882.0 -7.36367146282955 -0.10772114746570516
36 832.3711442279771 430.9201988068651 0.41642009646395767 -0.2165696324453519 -0.2923359849954025 25 1680.0 21756.0 -10.843947625357833 -0.31758093387609143
37 496.39489179215707 440.3309055148278 0.4135339963015793 -0.16818843802552305 -0.14955694029254388 25 878.0 4568.0 -9.149315238094479 -0.2548236401246235
38 387.93385314909887 449.1446253377832 0.6503195462699141 -0.40471547469001407 -0.3156757215782745 25 846.0 2565.0 -8.522718423619587 -0.009545570368515216
39 471.92822505511083 465.75330229864545 0.376562861581672 0.5712591049833077 -0.7977592875396188 25 3439.0 57935.0 -11.907352528251954 -0.8554750945636057
40 345.12976224046923 468.26967132173075 0.43942202297941185 -0.6665859981410788 -0.6527378112294364 25 1847.0 27447.0 -11.09623720578616 -0.39105903784268903
41 734.4938394724144 470.6416655885564 0.43644691555113013 -0.8313795447027347 -0.6704258320340245 25 1670.0 24909.0 -10.990890731607283 -0.21842133375243555
42 244.66512644555613 505.4077400517871 0.4541037889653594 -0.9407799282127303 -0.943300619920738 25 2177.0 33515.0 -11.313098059324362 -0.2581341848323512
43 771.6736883033691 509.5322403300334 0.7345402639723628 0.4781000262297971 0.025735563044644996 25 1390.0 4494.0 -9.131582670207775 -0.5104474638681664
44 25.11513380540023 510.94826400818295 0.9061549500541075 -0.17501036282992807 0.17702652214677014 25 1591.0 3728.0 -8.92868975920486 -0.48553906918406986
45 622.5261205988719 521.1492270911338 1.0349069910817401 0.21271925554763343 -0.2997600677050462 25 1196.0 2224.0 -8.367836957275049 -0.04797904262770678
46 33.92286990644782 554.1639640900177 0.4396863033851559 -0.40611910561789016 -0.9522690213039039 25 2421.0 39695.0 -11.496839515701012 -0.3447380487103874
47 267.6667281566842 616.3026258695855 0.8093886842886078 0.24503755356031426 -0.15212915342243205 25 914.0 301.0 -6.196416238984609 -0.08122539699835853
48 714.0399236131448 617.5753657550997 0.5378369862934069 -0.9315845316675819 -0.8408442030133058 25 2062.0 30560.0 -11.21288337475913 -0.19593808494696274
49 801.5675805431814 624.966149683923 0.7439628340159311 -0.47812435312674095 -0.43972217830424537 25 1424.0 3297.0 -8.795297367857883 -0.5547507794903881
50 281.19394169467085 649.2116958865628 0.7360087888483781 0.18779986024491668 0.35299512071127837 25 1185.0 3837.0 -8.959979497995791 -0.2813815309520124
51 697.4753719373423 685.3281233559355 0.5600116510483386 -0.8114983391393609 -0.6788209606302402 25 1352.0 14551.0 -10.407232101785638 -0.2891819198614726
52 311.38165294460936 708.8481848701283 0.6319773242938533 -0.23719871643119902 -0.030906619608767703 25 1239.0 5606.0 -9.371632733560668 -0.46201672948056416
53 92.8834702089697 713.789093633131 0.45600546424921107 -0.08406879826235755 -0.9995750209102398 25 2868.0 41099.0 -11.534578137429506 -0.7025408485892857
54 614.2798593549009 719.756970788907 0.8689229426626591 -0.9946189981015111 -0.6640636806690825 25 1414.0 12893.0 -10.275884956660006 -0.03659267469605826
55 17.958030939036313 739.5842899194951 0.42856373269517595 -0.7125793811817451 0.013630065503827967 25 3172.0 53285.0 -11.816512425283907 -0.6493845515400871
56 26.6250600068544 777.1738128917939 0.7735294979984649 -0.2649934679452193 -0.46969908230023366 25 939.0 1328.0 -7.807995187579997 -0.13186967961123616
57 489.0013110300494 789.1252478101259 0.5594079150287832 -0.8306605419427594 -0.43794140634616957 25 1940.0 20882.0 -10.799430228565907 -0.5033478692799817
58 431.67935950650156 796.788551482915 0.5925582808412453 -0.7911500439937516 -0.5563087232624137 25 1484.0 15208.0 -10.455180259643466 -0.279546939333477
59 471.34358070252773 796.2872634821093 0.505701064870394 -0.24053572050806504 -0.8037438473205397 25 1295.0 16886.0 -10.568816962343003 -0.06104196680021463
60 460.92545169157273 801.2368156517609 0.4997698608053012 -0.953602002308199 -0.9147308601070089 25 1963.0 22012.0 -10.856648760347799 -0.6508542822046659
61 407.32700228703203 809.3585414384789 0.5754420790524138 -0.4648965296545595 -0.30688257936618574 25 1760.0 21291.0 -10.820490149871373 -0.31371634097087864
62 690.920181987618 813.4809978812583 0.4353559945496355 -0.9500788603526772 -0.5150666313433987 25 2539.0 40304.0 -11.513370375385094 -0.50165541734804
63 391.7755463452957 817.691106578643 0.551918631116962 -0.16375458120775932 -0.8937419976506797 25 1629.0 21914.0 -10.851804143282518 -0.16913382988041956
64 301.5787923196279 823.0802974896023 0.526436329014055 -0.6151186251142936 -0.523213085111154 25 1141.0 13274.0 -10.30750453326506 -0.028293734687993007
65 69.512926564994 831.4338218939878 0.5081585391404818 -0.7604065342832262 -0.5098434753584481 25 2957.0 47002.0 -11.68029084539694 -0.5763562490545322
66 388.029437885808 831.4790389917315 0.658476114877721 -0.7770532851866522 -0.9437167936195974 25 1926.0 12261.0 -10.22131473107814 -0.7111121294657561
67 79.64028095555153 832.149817463023 0.2882016082495209 -0.42339238662923107 -0.555363967744794 25 3378.0 59175.0 -11.930345666502802 -0.809595126095642
