test_CNN/outputs/tables/03249_a22532m0s0_sources.ecsv
# %ECSV 1.0
# ---
# datatype:
# - {name: id, datatype: int64}
# - {name: x_centroid, datatype: float64}
# - {name: y_centroid, datatype: float64}
# - {name: sharpness, datatype: float64}
# - {name: roundness1, datatype: float64}
# - {name: roundness2, datatype: float64}
# - {name: n_pixels, datatype: int64}
# - {name: peak, datatype: float64}
# - {name: flux, datatype: float64}
# - {name: mag, datatype: float64}
# - {name: daofind_mag, datatype: float64}
# meta: !!omap
# - {date: '2026-06-03 17:12:10 Eastern Daylight Time'}
# - version: {Python: 3.11.15, astropy: 7.2.0, bottleneck: 1.6.0, gwcs: 1.0.3, matplotlib: 3.10.9, numpy: 2.4.6, photutils: 3.0.0, scipy: 1.17.1,
#     skimage: 0.26.0}
# schema: astropy-2.0
id x_centroid y_centroid sharpness roundness1 roundness2 n_pixels peak flux mag daofind_mag
1 610.074496838743 5.9797710288257875 0.508175316465768 -0.037028219993751665 -0.48984079489537613 25 2533.0 35618.0 -11.37917382393895 -0.5656027914954688
2 311.97203136154025 5.97403735191488 0.5038077720752532 0.4029421905847962 -0.41801222692882856 25 2065.0 26343.0 -11.051663079682791 -0.5229835909103935
3 301.35551781245664 10.077612697261644 0.46083928060805174 -0.263060484565201 0.38912423757532183 25 1707.0 25468.0 -11.01498710297951 -0.19095084639918247
4 307.70017787860405 8.90731881908713 0.4112397701028302 0.3572123848667578 0.5195450592790828 25 2382.0 43023.0 -11.58425172631059 -0.1640281056185628
5 599.8451792939156 11.043027048146708 0.522135330464264 0.07020255997826103 0.19155251763778008 25 2421.0 36082.0 -11.39322650544047 -0.4421470444800223
6 606.2370232613557 11.628773727786752 0.5101333079472908 0.1618946912256628 0.821124935361919 25 2563.0 44620.0 -11.623823914869547 -0.21599916402659852
7 59.02947660771399 25.062881428827097 0.8932340315143192 0.38151209438917266 -0.02019633252389894 25 1082.0 174.0 -5.6013731207065 -0.1956247061304019
8 353.84400762727824 32.63827643159246 0.5174882477309112 -0.1113913772994022 -0.21193136929473508 25 1751.0 21068.0 -10.809058274213609 -0.33290390074771437
9 533.5037979570948 32.415362082309564 0.43115458144429075 -0.37472620722086447 -0.7193025703577541 25 2490.0 44780.0 -11.627710223107528 -0.1943261811293489
10 809.9828309064177 36.30690270272103 0.6092919559950257 -0.45805721626990015 0.23439578936067682 25 2166.0 6616.0 -9.551488741361226 -1.1307228634768105
11 342.9181370200247 37.016321210889764 0.282787437000876 -0.532161760929153 -0.018937204111686024 25 1418.0 24860.0 -10.988752810764064 -0.015680332390849344
12 819.0901792847344 69.73030339480624 0.9993463550622856 -0.40401048596193745 0.4845166459276135 25 1020.0 1586.0 -8.000757957453962 -0.011817394008723333
13 186.47825780559415 75.37172459123035 0.4034970395937355 0.34894905089377337 0.3694027483349891 25 2261.0 41561.0 -11.546714971446313 -0.10024795712887773
14 191.4226440840975 75.27470948819243 0.43832875770205304 0.1299101243214579 -0.7406179753004459 25 1699.0 23460.0 -10.925820019448775 -0.21613109361214686
15 453.9536136487876 87.71773878401137 0.38063480662927823 -0.5139286942954759 -0.26746030367534696 25 1790.0 31032.0 -11.22952441648 -0.09630642630096375
16 798.8721326333697 101.99280606254882 0.4057226003494487 0.4773127491136267 -0.4005474161327517 25 3230.0 50370.0 -11.755429877144278 -0.7951418083045139
17 787.2560033935749 107.56582948817666 0.4418429339597755 0.14209027380846578 0.5810494482328334 25 3008.0 47294.0 -11.687015117585753 -0.5889679475461108
18 794.7286366673278 108.62429218113672 0.4435617026466045 0.7221104407988889 0.45361516274025576 25 2847.0 52640.0 -11.803289701514748 -0.28670565634011524
19 43.6884957581364 112.43655677143896 0.634807021901331 -0.4895148538753108 -0.00872411917784356 25 1371.0 3280.0 -8.789684609279199 -0.6734711325193992
20 45.68509945058229 136.1030514629019 0.3939197448735067 0.666321281769387 -0.24776779337415528 25 3065.0 48110.0 -11.70558839225641 -0.82196141599225
21 34.74110479472576 140.10884132564493 0.5012833577411477 -0.1266460867395648 0.356455417844997 25 2888.0 43900.0 -11.606161300605304 -0.6207659270246932
22 325.44148940223477 140.26231795090666 0.42300612035093327 0.26724256358369763 -0.12496734791750967 25 832.0 3435.0 -8.839816853488923 -0.29567814842161416
23 41.30488535692223 141.68294972679902 0.49609899058726187 0.32843514075371655 0.7768429095349213 25 2904.0 54089.0 -11.832772380648214 -0.14140347319291843
24 281.12572669726035 144.16000252166046 0.3367711576175833 0.26935545646302583 0.2177691241388713 25 2120.0 38179.0 -11.454561372469325 -0.04827644144654196
25 781.762221850358 159.6792542201243 0.5337412066855247 0.8765577316877265 0.8495114054340435 25 2162.0 34295.0 -11.338077017986263 -0.32909709219280436
26 790.5474037879677 160.0277645539939 0.4940818769790342 0.30513536066704716 -0.6644370320092038 25 2033.0 28937.0 -11.15363376072218 -0.32362351382262516
27 776.5971040147225 164.87057391068294 0.3255887631395586 0.08412829793481677 0.503330520069284 25 1993.0 34490.0 -11.344232985918477 -0.23920258371816563
28 783.7385089689899 165.65964876376614 0.3351200405949035 0.8756821374405052 0.9769250736396856 25 2409.0 43701.0 -11.601228437363867 -0.44392813511631374
29 95.75821030799392 172.4644431885476 0.7443061310397003 -0.11045324032625897 0.12467982565395826 25 1521.0 4636.0 -9.165358568228896 -0.5428343357798548
30 832.6365368094637 175.14082036992787 0.4315201404732634 0.006257987513806923 0.4657067353889956 25 1963.0 25229.0 -11.004750091901464 -0.5236106944372069
31 343.12330213577144 178.54085712132752 0.8680488686293273 0.09533911071645607 0.6545875606826185 25 1210.0 3852.0 -8.964215696131243 -0.19494245608073285
32 776.2558170662342 188.17570873635725 0.41565696847280814 0.043426693639559956 -0.31755334196638624 25 2225.0 31724.0 -11.253469853014042 -0.6665988883232166
33 764.3486999680856 193.8819585379937 0.4973405547678033 -0.427387022628317 0.25848569601193166 25 2186.0 31650.0 -11.250934285883433 -0.3761483194852847
34 534.040092291141 231.17249961424852 0.6267341335732439 -0.8223819723750059 0.4417455837788539 25 1247.0 8157.0 -9.778826155767907 -0.29362831613992674
35 120.14305678482256 233.01586841425532 0.5189026483194905 -0.830919170091123 -0.38461020520377165 25 3105.0 16261.0 -10.52786812453623 -1.4811623484692782
36 147.53019391763794 235.88746772608079 0.3952990665890833 -0.875902555219004 0.5652714208066226 25 3200.0 58300.0 -11.914171386897536 -0.5549448264552016
37 742.8490680059926 271.7484225662655 0.5543766938534438 -0.4080675913274239 0.01662402107715365 25 1968.0 31195.0 -11.235212474915954 -0.08010913758020893
38 697.0237952761155 276.2154296991697 0.43509755236812064 0.8906956423481898 -0.3590957988801845 25 1211.0 8449.0 -9.817013275279015 -0.6146257083933869
39 301.9175723619482 295.24229931463555 0.4283995866062164 -0.15942734806914638 -0.4552813352559896 25 2741.0 50103.0 -11.749659326865658 -0.25586914804856997
40 103.18634858015831 306.1443360313669 0.9669155201209522 0.7038053989417087 -0.10224489528024085 25 1074.0 2252.0 -8.381420965448271 -0.06852904940175421
41 722.4787334855087 346.1163675360554 0.39925748845258396 0.8689128031390707 -0.31157136173123995 25 3412.0 55760.0 -11.865806912724883 -0.8531594880925654
42 709.6552559916109 352.3543408470807 0.5103028434659396 0.1483644155225663 0.9754023062588248 25 3243.0 53238.0 -11.815554329756461 -0.5631668072264583
43 158.5721700517783 358.91547066782726 0.42897452579877204 -0.1253959760153916 -0.5488672354989194 25 1441.0 19345.0 -10.716421835143159 -0.11781104011165576
44 466.88898451204363 370.7715578112603 0.9039273313614816 -0.2475097259033071 -0.08299782822063695 25 1124.0 2794.0 -8.615566004445407 -0.14262660000264665
45 788.0928019303325 378.935372316725 0.5893421885537987 0.4294514027331411 -0.31244164537103153 25 752.0 2185.0 -8.348628603266102 -0.003864657270222669
46 422.0956051333968 392.17257268931326 0.4592896758064295 0.672250138994418 -0.06262749962963085 25 3164.0 49317.0 -11.732491625452345 -0.7791883247316882
47 625.889573792743 396.84965808323847 0.4482552443383123 -0.8750136409469959 -0.816068800284476 25 1484.0 21819.0 -10.847087105727741 -0.14369221517907005
48 409.3506040285432 396.9504277308207 0.4495531555011862 0.22850886294446912 0.7340315472387938 25 3252.0 54359.0 -11.83817864689523 -0.5412911776830027
49 786.2541126554572 405.1719554910879 0.524712941025289 -0.06746132496403814 -0.42153499091298857 25 2143.0 27334.0 -11.091757975208045 -0.5622209997305433
50 814.1071727500752 405.73406781616393 1.1476448596943876 0.7076700914380423 0.08244132386009155 25 1513.0 1957.0 -8.228977064145003 -0.2221810009431327
51 774.1742032307658 410.6561389443785 0.3519424237040604 -0.5405289739334387 0.17938039990094073 25 2030.0 31738.0 -11.25394888951189 -0.400688241879403
52 832.4545989862706 431.41551568506617 0.4179917520532125 -0.24937343672956558 -0.11996701262032444 25 1445.0 20438.0 -10.77609598703962 -0.011179152801519316
53 785.2713617821993 434.385323230959 0.5081379533502084 -0.5837731012384976 -0.5585689009479511 25 1858.0 28377.0 -11.132416200468073 -0.12203317230361459
54 68.86459019576654 452.1845046593397 0.4941513592510346 -0.317304470365541 -0.7906713587913841 25 1178.0 12432.0 -10.236352503642097 -0.0986837430200873
55 355.00510596515903 464.9319424983932 0.27934895268583204 -0.06468409622993836 -0.27986380499959473 25 1459.0 24260.0 -10.962226991326386 -0.16129290450260123
56 472.2771386465113 465.8480713569232 0.48161298067644204 0.6981414445041513 -0.2491484877951078 25 3115.0 47936.0 -11.701654479208383 -0.7542688490308829
57 747.7233957084577 465.53225500443074 0.4938330918064718 0.14972446189686536 -0.4264301887775811 25 2020.0 24980.0 -10.993981085095292 -0.568038304215492
58 735.1844218679349 471.5695491628298 0.5039727794504791 -0.3941217253140079 -0.1964410397994002 25 1339.0 17854.0 -10.629338826094605 -0.006424152211696286
59 742.735559740846 471.61515407940203 0.5285658693586204 0.15318653668547766 0.7168332915749003 25 2025.0 31217.0 -11.235977910969728 -0.25037303334016264
60 669.9659763546265 486.52452135391235 0.5095506024050884 0.009699269450829643 -0.30396767980892875 25 2115.0 27775.0 -11.109135169032262 -0.5496628919625061
61 698.1787150559765 484.4617763185341 0.584526803263076 0.06208127816903634 0.42485960407834644 25 670.0 1538.0 -7.967390838663531 -0.08269216595591938
62 639.7139993374235 491.2944076137903 0.6764295365916043 0.3296568520551294 -0.07198380656544762 25 1310.0 3287.0 -8.791999260204062 -0.5587741293047929
63 657.1053535666887 491.64827664859484 0.35936934572919776 -0.19616579376428928 0.2550979844380834 25 1852.0 28266.0 -11.128160886554694 -0.2883825658908174
64 357.50746309439853 508.91166209821887 0.3911859972824417 -0.05772102750520392 -0.7592034228375608 25 1822.0 25646.0 -11.022549094828733 -0.479111472496783
65 345.77257823248976 513.2349405267663 0.628595744862696 0.25441870452317 0.00663995452075577 25 1863.0 27952.0 -11.11603221909714 -0.049555400074351
66 352.7423484989946 513.8195740372025 0.44681546533770633 0.051425983322386425 0.43267721851002316 25 2101.0 38152.0 -11.453793273564528 -0.07394538319698542
67 45.44521859925618 522.2257727008058 0.7804637446198488 0.16449315794536484 0.78824642189343 25 1175.0 4435.0 -9.117234060419362 -0.2947259183065879
68 126.18145115376491 525.9772735778165 0.46880096197652843 0.8247246446406107 -0.06514373868392258 25 1654.0 26131.0 -11.042890074851403 -0.0801707927037678
69 48.55424602161764 550.4873085136013 0.5159420235252207 0.4923972698172554 0.3835105987858187 25 2625.0 45248.0 -11.638998469451966 -0.25064277836266463
70 55.0168516161754 551.7378616928015 0.45201247235307374 0.31186118333844753 -0.2397655301267072 25 2293.0 33725.0 -11.319879895859854 -0.5337870898072847
71 42.061152334403175 554.5540313543446 0.4328619711606984 0.1891692959867011 0.11695136236767063 25 2351.0 43147.0 -11.587376511788602 -0.12961620724386408
72 50.05879469224417 557.5678723324174 0.5508651336711408 0.6342121805368816 0.9701765722415989 25 2372.0 36430.0 -11.403647928104789 -0.3707302928038128
73 237.7439547363873 566.7893553140668 0.4269878390139884 0.32091176944025396 -0.19134865425459116 25 1879.0 25038.0 -10.99649908773838 -0.6486961153686146
74 225.24941679830312 570.3561171834784 0.3620893353977022 -0.5427284067881782 -0.1553488364615303 25 1850.0 30273.0 -11.202638652233428 -0.2784676886170597
75 232.31116664648656 571.6745437726012 0.3844882003598377 0.5673735825853268 0.7994429877903989 25 2056.0 36374.0 -11.401977656156614 -0.17077762555686704
76 283.1654564901412 582.9583665763433 0.6513273504412683 -0.21961226015105006 0.14113084226387965 25 795.0 2944.0 -8.672344514163653 -0.023622535792042414
77 825.6078951969959 587.5328348206752 0.8584202946288729 0.1841312416367479 0.3013991229594423 25 1474.0 5589.0 -9.368335274039763 -0.38964754902173554
78 158.53710065058684 612.3649305760226 0.8055998513689744 0.18803275652171833 -0.0764258309675652 25 1867.0 6577.0 -9.545069604648141 -0.72896966276562
79 694.8926001421866 639.8053197268507 0.7178064259191815 0.2944668926044956 -0.1767052631737192 25 1604.0 6487.0 -9.530109744825566 -0.5959575481177114
80 138.4287388262459 709.2329681730719 0.613512313727719 -0.1884806500654501 -0.07803079110238478 25 1421.0 15114.0 -10.44844854470439 -0.1778657155154423
81 87.28158207996995 712.5776465605302 0.6100959562311691 0.44294976027197736 0.21681727903645157 25 2716.0 45168.0 -11.637077152007109 -0.2397066399916728
82 94.05244507701681 714.2734167102088 0.47130044786673464 0.38180551126720363 -0.32151191594741335 25 2615.0 37338.0 -11.430377628420285 -0.7106765702270126
83 80.94715312083747 718.0288828964736 0.36671428480959206 -0.29868538257981647 0.29866675307991797 25 2839.0 48227.0 -11.708225617796188 -0.48624273780723654
84 88.96449494503226 718.1224861133143 0.3899238464665926 0.3866767413874293 0.5018580134414937 25 2943.0 56134.0 -11.873064975762622 -0.1625076781034694
85 6.0951158472937035 723.0900245418899 0.42165063289761956 0.56638008571712 0.11153417914261539 25 2233.0 38601.0 -11.466496389195996 -0.2094205749542109
86 1.5479624408513586 733.5301422377099 0.3843275754854718 -0.26839648941153244 -0.19348231181188413 25 1244.0 16174.0 -10.522043596936495 -0.26425288789040946
87 31.106271827304678 735.5765765044129 0.4242775512241362 0.8525141450175446 -0.05725975238654504 25 3331.0 52799.0 -11.806564242954105 -0.9086308489280513
88 17.45085438693938 739.5952858550821 0.4418597791688908 -0.9076762439682652 0.629031244840019 25 3259.0 55631.0 -11.863292166775425 -0.6080419160863297
89 802.7753590877502 771.0405543431517 1.0086193085836754 0.6780673563615551 0.13441325116682087 25 1328.0 2682.0 -8.57114693378895 -0.2111349541821057
90 703.2472094852207 808.3526027028865 0.40115738822951347 0.21224644049440586 -0.47257495120538184 25 2628.0 40695.0 -11.523852632043194 -0.6650783104325413
91 696.3329572594531 810.1429985589725 0.3613403265392822 -0.40421665330147255 -0.22119537837053996 25 2549.0 48921.0 -11.723738314800805 -0.13469238711842485
92 689.1979652854981 813.9581953432565 0.4572215179024624 -0.5058416955092192 0.3733944337586102 25 2586.0 36921.0 -11.418183638292625 -0.6853534165671262
93 697.7127844035184 813.549891056241 0.30419887799450623 0.23563441214172567 0.02831805227617653 25 2494.0 47432.0 -11.690178593342269 -0.3233466596722962
94 77.82735181753644 825.5884330946586 0.5303929862790294 0.01158702394927937 0.14683459254632233 25 2803.0 47743.0 -11.697274262614762 -0.36223526921581345
95 71.72184532560591 831.8915274965002 0.4348831012937488 -0.5476794994560502 0.5764305742671971 25 2933.0 49600.0 -11.738704191225493 -0.5987271336553293
96 79.35682330709068 832.1987415257639 0.28555089075524187 -0.9007016572587744 -0.8801379761132647 25 3277.0 59122.0 -11.929372792757864 -0.7292756756592058
97 444.4647855814452 832.8889277097898 0.8541663079341024 0.08092758344801705 -0.41388693513827 25 985.0 1310.0 -7.7931782391394115 -0.06486678291012472
