test_CNN/outputs/tables/03246_a22522m0s0_sources.ecsv
# %ECSV 1.0
# ---
# datatype:
# - {name: id, datatype: int64}
# - {name: x_centroid, datatype: float64}
# - {name: y_centroid, datatype: float64}
# - {name: sharpness, datatype: float64}
# - {name: roundness1, datatype: float64}
# - {name: roundness2, datatype: float64}
# - {name: n_pixels, datatype: int64}
# - {name: peak, datatype: float64}
# - {name: flux, datatype: float64}
# - {name: mag, datatype: float64}
# - {name: daofind_mag, datatype: float64}
# meta: !!omap
# - {date: '2026-06-03 17:12:10 Eastern Daylight Time'}
# - version: {Python: 3.11.15, astropy: 7.2.0, bottleneck: 1.6.0, gwcs: 1.0.3, matplotlib: 3.10.9, numpy: 2.4.6, photutils: 3.0.0, scipy: 1.17.1,
#     skimage: 0.26.0}
# schema: astropy-2.0
id x_centroid y_centroid sharpness roundness1 roundness2 n_pixels peak flux mag daofind_mag
1 609.5788476774347 5.965188788432725 0.4212845623917481 -0.1985937831109136 -0.4667495325012017 25 2770.0 42205.0 -11.56340976151425 -0.7032486846146528
2 601.2983816511947 10.669173702301231 0.4892050315880981 -0.6083094570825488 -0.32501680464906774 25 2678.0 41420.0 -11.543025236393586 -0.5976636309791036
3 825.2355147359518 23.726223714182378 0.33965027116124086 -0.653416348226038 -0.7545924632450589 25 2368.0 42293.0 -11.565671230911436 -0.3382091153731531
4 92.89210840134609 31.271610048359285 0.7736363575448191 0.7254130477976795 0.5383601847225583 25 1751.0 5805.0 -9.409505560186481 -0.7165417136989911
5 105.01336993483243 32.726240519273254 0.3780587045703917 -0.36726631118374037 -0.1239094260530653 25 1494.0 22181.0 -10.864952804565762 -0.15799953904625005
6 533.6741822106302 32.435320009855886 0.4507408574505852 -0.5713563556938597 -0.4531964245480832 25 2765.0 50426.0 -11.756636298703114 -0.14465782321045922
7 761.7028721909425 36.502691391854775 0.6785418161712696 -0.4979439940474369 -0.08919916605324185 25 1584.0 6769.0 -9.576311285243147 -0.6635038611508047
8 660.6256980178911 72.83368289959445 0.8412330919821027 0.7513915221959768 -0.07626999333171516 25 1012.0 3307.0 -8.798585487284257 -0.05676705356405908
9 471.58615996885254 75.33904063422483 0.4603483328587206 -0.9231946136456831 -0.3694556662965876 25 2183.0 35045.0 -11.361565160798907 -0.20864996694856647
10 454.0697341418296 87.51836646529372 0.4437933414809654 -0.6355818727777932 -0.535890599994609 25 2079.0 34064.0 -11.33073911023562 -0.13031800664018364
11 798.2274744231653 102.52955093733911 0.405235053025219 0.34913134220791187 -0.37215623530940767 25 3077.0 48693.0 -11.718666331174205 -0.7630878151875174
12 788.5618242283939 107.78515839307958 0.39669974177931755 -0.4675452847717312 0.2670777890106075 25 3099.0 52376.0 -11.797830819784851 -0.6954609192038462
13 463.49529416665166 108.4444837195305 0.701070147433426 -0.8973144876852789 -0.45293595152509547 25 1595.0 8703.0 -9.849172458805816 -0.6361091436521932
14 47.52098422712934 135.70326066696379 0.4541999069840166 0.09957107642363225 -0.5854451843124183 25 2748.0 42826.0 -11.579268781657293 -0.696571135667414
15 35.602783294427745 139.32289472106123 0.4108074066819507 -0.6659302936781593 -0.07596458031755329 25 3110.0 52757.0 -11.805700229103518 -0.6265745058139542
16 441.79837552272335 156.9412920090005 1.412732390746778 0.060822975465918076 -0.35865273374891893 25 1655.0 1688.0 -8.068431105724091 -0.21423092973916447
17 782.5443677342683 162.28882243782374 0.3058898800410242 -0.1993420662051844 -0.25865956975276694 25 3279.0 65084.0 -12.033685591014844 -0.6758894897626616
18 832.8129692659719 175.4505392002261 0.33358726691433566 -0.49348692750013123 0.39161727943364827 25 1984.0 25346.0 -11.009773576333398 -0.7797865237070938
19 774.8181277023322 188.8132466927899 0.5396749336795423 -0.5496006534317573 -0.8413859400162683 25 2535.0 38327.0 -11.458762066761292 -0.3751431143486492
20 765.5231233898195 193.92451955496063 0.4414808097815453 -0.9423083819083272 -0.3012508561832065 25 2258.0 32057.0 -11.264807193017251 -0.6069989196577104
21 793.7619954810635 198.4943063723632 0.4387640416948913 -0.20896685007411667 -0.5032112407842414 25 1895.0 31898.0 -11.25940863427356 -0.07107092218330338
22 392.57798080407827 217.09792173013935 0.8042242057193443 -0.28909672936987524 -0.0875618443631133 25 1221.0 3180.0 -8.756067799961082 -0.34647212915143083
23 778.2644015087839 224.92849525265774 0.668346441855238 0.6374893062075492 -0.918989764645056 25 1512.0 8026.0 -9.76124788849455 -0.6115526626341875
24 157.69185978959192 231.21861333664324 0.4064054385504664 0.6084314868882296 -0.36909321960606495 25 3324.0 55908.0 -11.868684891239614 -0.7592690850671395
25 147.26501795555657 235.94340700160234 0.4699399940205108 -0.44180796651372534 0.07011949520090228 25 2889.0 46388.0 -11.666014121225334 -0.6289500142855879
26 390.4954647711912 241.62142705179238 0.406106747443409 -0.9598768732354811 -0.8128275168391433 25 2141.0 37483.0 -11.434585857307319 -0.10152432081189797
27 663.6604181218709 242.9470322905606 0.9271699023133981 -0.4823711335530758 0.01455177944150306 25 1729.0 6725.0 -9.569230721686115 -0.4773245730585679
28 569.34886607829 262.6263086961137 0.40726156144620074 -0.4141585672130058 -0.4586055105149793 25 1622.0 24497.0 -10.972782255480658 -0.24491786282485234
29 282.9652493566987 268.4009452205767 0.3977305520327021 -0.01443204311706724 -0.15322543099584648 25 1100.0 14384.0 -10.394699185972884 -0.056054823587288624
30 743.4804285831874 272.4749938724391 0.5550617954283775 -0.18816487274778218 -0.5436921952318543 25 1701.0 25690.0 -11.024410260665864 -0.08643072654413948
31 609.488218770807 274.26015639150785 0.45955542338238675 -0.38496972900001664 -0.9910961624569974 25 2660.0 49652.0 -11.739841866795018 -0.14988498945352569
32 305.86909867775233 277.42691597725275 0.45758792610377824 0.3912909227599005 0.13056974733263804 25 2205.0 38512.0 -11.463990182327386 -0.18692442622884567
33 301.6050325039491 295.0244928379922 0.3794925113429231 -0.32312880141699934 -0.29931869530327826 25 2686.0 48706.0 -11.718956161064567 -0.2045637129924416
34 721.8468496097727 346.2304469445898 0.40386122987709194 0.6516552160815926 -0.6829195988288514 25 3430.0 60136.0 -11.947836343095098 -0.6495649198983422
35 755.5986627989568 348.4018001513068 0.4563688550146398 -0.9204671332229561 -0.9874857600115974 25 1935.0 30638.0 -11.21565102957886 -0.144931113218964
36 711.5147343335816 352.05352505028117 0.3962384669980737 -0.948012484011323 0.6111119905818873 25 3428.0 64562.0 -12.024942438714639 -0.6247828295322077
37 264.54797583400995 356.9917970196473 0.6734039258572116 -0.8988347662087119 -0.32025160783800527 25 871.0 1440.0 -7.895906230238125 -0.1553661832497674
38 723.371571837944 364.93468465308325 0.42131287935022943 -0.3111014275029313 -0.3473782565497902 25 2582.0 45414.0 -11.6429743890522 -0.31904303300100856
39 421.69714857552805 391.6486612898027 0.3514388634756259 0.7385891663879792 -0.23792491955699413 25 3465.0 61196.0 -11.966807589894106 -0.719342404187477
40 821.1835474555911 395.85463406702235 0.8900800804521707 -0.21869272493619085 0.5028242875269682 25 1495.0 6912.0 -9.599009323677093 -0.33606712547460227
41 410.2166255250497 397.111051824253 0.4612446255234607 -0.4070244426465346 0.2734701035266988 25 2930.0 48120.0 -11.705814046669518 -0.6466542362987199
42 784.9984513048161 405.71062046561514 0.4022079974605673 -0.755371960576987 -0.9484074989309089 25 2272.0 34197.0 -11.334970020944938 -0.5673259519196492
43 832.5134356576854 431.94444006593454 0.4012611582232441 -0.5254161633316686 0.09036831094874724 25 1563.0 19824.0 -10.742978222579971 -0.43793622191771014
44 407.31734555282407 438.2899737159081 0.4698371713080268 -0.6768963350192311 -0.6246858417903537 25 2262.0 38065.0 -11.451314585323328 -0.25376234291059274
45 773.8309185435558 442.24502968070556 0.9532207531058137 0.18270021005061324 -0.15230636105574596 25 1183.0 3953.0 -8.992317035857427 -0.09195544981398643
46 62.44022468574778 453.14033990127695 0.41760889274281127 -0.32245165338518944 -0.28232888833951947 25 2239.0 37134.0 -11.424429332691144 -0.34557878739462
47 29.229072505213587 461.2136843620834 1.078360485729268 -0.15880857659788125 0.07926877688764339 25 1603.0 2379.0 -8.440986105093165 -0.3953925455612016
48 353.6501169067447 464.6290845205605 0.4892920877774371 -0.3269107245501319 -0.30959685802634485 25 1591.0 21568.0 -10.834524687138066 -0.3314855655207824
49 472.4977154960052 465.76864519344434 0.3682349224985456 0.983647336670545 -0.0038818417671329965 25 3484.0 61746.0 -11.976522071461043 -0.7689313156776325
50 746.3157895351239 466.326105257777 0.5434188536788886 -0.6428396302699076 -0.7859230465398178 25 2133.0 31936.0 -11.260701299018193 -0.14895525842511126
51 459.41950280111223 471.5101495565025 0.41709990745472675 -0.23151864712879086 0.7525552046849631 25 3394.0 59873.0 -11.943077548688247 -0.662103188212648
52 468.1862758539 473.77087658540563 0.40677813117698963 0.7522042722475488 0.7863675844577717 25 3178.0 63596.0 -12.00857450167771 -0.11724645955330411
53 668.6438206901272 486.6737732005008 0.40183514940249987 -0.24074478832544036 -0.788958231826278 25 2391.0 39299.0 -11.485953748711635 -0.37803690194664363
54 344.49599085731137 513.2237875267899 0.4926941150383494 -0.5628480974922915 -0.1833571724603984 25 1914.0 30331.0 -11.20471682262158 -0.3228326652312586
55 496.25852686244286 542.8942447627392 0.3952461812265482 0.09771191682090251 -0.2826330596666141 25 1466.0 23719.0 -10.937740937738491 -0.07088566063176123
56 48.81900580239352 552.2594001454798 0.41237854223789605 -0.35544399534132215 -0.012385806753906804 25 2918.0 53725.0 -11.825441060408702 -0.3343252142678315
57 56.5070823891411 550.93586904908 0.445881275743629 -0.17212566919395444 -0.8952546832607642 25 2307.0 34958.0 -11.358866445073964 -0.4903546218207947
58 33.847613540850276 554.0548268599181 0.40665516654610095 -0.1852293172109869 -0.7934567418268031 25 2568.0 46819.0 -11.676055333572386 -0.15956918768612083
59 768.1944258964832 601.0550528411428 0.5176545539254553 0.4285112879383386 0.3246799333868875 25 1053.0 4315.0 -9.08745200012807 -0.4719936326256433
60 500.2325104993854 609.4739340131005 1.0182513956416752 0.21791884693757543 0.04083970449399555 25 1201.0 2074.0 -8.292021880132555 -0.11349232593153118
61 561.9342818051156 616.5285888081091 0.39439190024663506 -0.378939174073554 -0.7107066835101697 25 1513.0 24559.0 -10.975526697772617 -0.029255437243938327
62 718.6463808001679 616.873150615901 0.5362899140427174 -0.705746284590613 -0.9641192629363919 25 1218.0 14703.0 -10.41851489308073 -0.11454462971726255
63 449.6402664084318 618.6996629131103 0.5120808995946 0.007479135344465295 -0.27280838334972035 25 1277.0 7910.0 -9.745441208744191 -0.5667768069408384
64 162.09514156804488 625.8588286853603 0.34664496237016995 -0.5272448082718573 -0.8207729003309029 25 1516.0 23495.0 -10.927438623397428 -0.24788971298020376
65 753.9374256247602 657.2706282909528 0.4504600091664473 0.14276641527268844 0.15035472370450928 25 363.0 -1536.0 nan -0.007326918177869121
66 145.62787755896412 705.6093840921351 0.43003801462141844 -0.5239692387047084 -0.7648421034534071 25 2554.0 46822.0 -11.676124901573912 -0.12209931003815261
67 87.50499448657982 712.47301105094 0.4638042937798991 0.12942299669892146 0.22232966485173103 25 2789.0 51757.0 -11.784922738258805 -0.2381774016546226
68 93.07014793684033 713.6356254543712 0.3784812939924701 -0.010714198231659621 -0.6490594494484571 25 2780.0 44465.0 -11.620045741629205 -0.6929023813301081
69 82.00433835082619 717.8174354290151 0.4395776714897993 -0.9002164317549499 -0.27568971049862817 25 2585.0 41218.0 -11.537717287261762 -0.5929556592291472
70 6.149656778103566 722.4072785050537 0.48965902738670125 -0.6418818823400761 -0.4489620093882519 25 2660.0 44636.0 -11.624213172274365 -0.26820569739844813
71 30.324751177042565 734.8679588081193 0.41691707144644075 0.7626891202575204 -0.23977188101880306 25 3250.0 53936.0 -11.82969683794224 -0.7381709971496129
72 18.925547010508637 738.9311609702038 0.4373289636469987 -0.9649054927031785 0.11099454748687432 25 3218.0 56378.0 -11.877774163214173 -0.7518087582784884
73 515.543911857629 754.791455428934 0.9047907510276098 0.1452080885727032 -0.1482737943843332 25 2012.0 5095.0 -9.267860470856114 -0.753695845019873
74 697.8825571323945 756.9806554636524 1.0295584016988246 0.39482904302891314 0.051024435527621786 25 1348.0 2937.0 -8.669759866307 -0.27076299761130396
75 479.5080081303235 759.139700488583 0.5057758616922721 0.15564778335426685 -0.18329315580406433 25 1396.0 19666.0 -10.734290087065272 -0.08663283891270745
76 640.0190169019742 784.0366270750976 0.7814753553083347 -0.8828457569538255 -0.42184841938189704 25 1411.0 6486.0 -9.529942360842385 -0.43061211288427537
77 782.9008216621237 797.7955150808586 1.2840657191074025 -0.32322654703241344 -0.4187178737541138 25 1696.0 1896.0 -8.194595832505119 -0.29873439140382063
78 702.8148422909292 808.7881526822736 0.4749276779799949 -0.12187063999460084 -0.40396182896758814 25 2784.0 41514.0 -11.545486452467843 -0.5725365887729739
79 690.7450155631773 814.068434719106 0.3764278299544042 -0.9996167861685761 -0.24131071861271547 25 2483.0 38949.0 -11.476240779536411 -0.7019444458898928
80 661.1451378592872 817.06096915004 0.5416912747750346 -0.1371701244679094 -0.6439871298649623 25 2618.0 46467.0 -11.667861586216368 -0.06377641008509119
81 469.375748124759 819.0075024842963 0.8011363013544248 0.6868035396326918 -0.041615574595837306 25 899.0 2889.0 -8.651868854610493 -0.02914307599106572
82 618.0765882616118 818.670112582001 0.7824006755658502 -0.05395349006359211 -0.098696353828421 25 1237.0 5142.0 -9.277830180767104 -0.3135701791901232
83 212.3285059771056 822.87510886024 0.5864909652717455 0.766291824289972 -0.8880204380897928 25 1222.0 8262.0 -9.792712976601418 -0.4925446207626142
84 84.18002598061443 826.7489119864088 0.41527535882280436 0.5739704271871462 -0.3563339846132098 25 3163.0 52645.0 -11.803392825056143 -0.7221020280313505
85 221.609427631496 829.3245765071753 0.4622191485639648 0.6469651889377113 -0.6661958536921834 25 1175.0 10253.0 -10.027127393434807 -0.6167938088949367
86 71.96952930593719 831.1834217060014 0.4159431936523175 -0.7079446214583365 -0.09579675697842022 25 2921.0 47289.0 -11.686900325688079 -0.7578887940089505
87 79.40201249582744 831.9509792972208 0.29298166740822296 -0.4076112629659511 -0.40205381666525597 25 3107.0 54607.0 -11.843120794789053 -0.7633665515192424
