test_CNN/outputs/tables/03247_a22524m0s0_sources.ecsv
# %ECSV 1.0
# ---
# datatype:
# - {name: id, datatype: int64}
# - {name: x_centroid, datatype: float64}
# - {name: y_centroid, datatype: float64}
# - {name: sharpness, datatype: float64}
# - {name: roundness1, datatype: float64}
# - {name: roundness2, datatype: float64}
# - {name: n_pixels, datatype: int64}
# - {name: peak, datatype: float64}
# - {name: flux, datatype: float64}
# - {name: mag, datatype: float64}
# - {name: daofind_mag, datatype: float64}
# meta: !!omap
# - {date: '2026-06-03 17:12:10 Eastern Daylight Time'}
# - version: {Python: 3.11.15, astropy: 7.2.0, bottleneck: 1.6.0, gwcs: 1.0.3, matplotlib: 3.10.9, numpy: 2.4.6, photutils: 3.0.0, scipy: 1.17.1,
#     skimage: 0.26.0}
# schema: astropy-2.0
id x_centroid y_centroid sharpness roundness1 roundness2 n_pixels peak flux mag daofind_mag
1 160.1585888654129 3.622920932514753 0.7092577577808555 -0.5761985412309785 0.19879276784784547 25 1074.0 3309.0 -8.799241917899632 -0.38378619303059436
2 312.6947196144574 8.197762338385616 0.4795532646785975 -0.5220330737026058 -0.3089013830235743 25 2270.0 29615.0 -11.178779342442407 -0.7363550626917126
3 611.2917532406398 8.60158794753887 0.5010903536512155 -0.4591538353276207 -0.5381377027428724 25 2881.0 37208.0 -11.426590816258651 -0.8755837139293026
4 303.0955215890163 12.279170743342332 0.4186643711621831 -0.657818057930088 -0.1758604647392485 25 2321.0 33730.0 -11.320040852973003 -0.6790082747393954
5 602.1014436851109 13.664817441511353 0.5119688519169905 -0.5497624382322199 -0.3049929283638568 25 2677.0 38145.0 -11.453594048078475 -0.6817472510642807
6 826.400512052229 26.345166075467652 0.463959277777895 -0.6930378805420689 -0.8436358664399485 25 2644.0 46230.0 -11.662309733595205 -0.303966412374171
7 353.7695709663706 35.20121633321915 0.6220553905051907 -0.6626227721391557 -0.4832858156758091 25 2049.0 26200.0 -11.045753228299365 -0.3977864661356489
8 534.9766298808303 35.247099629286176 0.3080000489045558 -0.41580683437021787 -0.3477676317489654 25 2396.0 43718.0 -11.601650714345153 -0.42074151362029255
9 344.48741352021676 39.395205859743335 0.47750273959227196 -0.8300049069969934 -0.37509903264348315 25 1661.0 21287.0 -10.820286150395972 -0.37539805888967503
10 285.0346137703892 64.74298466420701 0.3997597178022719 -0.4704955713177598 -0.18414176103443144 25 1428.0 20965.0 -10.803737166848968 -0.12811200565255212
11 462.9655313916497 65.18454944139988 0.4428381379826187 0.3613778390306117 0.5155686780392268 25 1436.0 8808.0 -9.862193264909237 -0.8400575310404602
12 191.8021070707815 77.62904772732719 0.3807669992199826 -0.3582680243222507 -0.4422667810716229 25 1596.0 23890.0 -10.945540374374694 -0.3279200661498863
13 473.3431941148947 78.43330847199631 0.34908305176477245 -0.6828950063693264 -0.5091336200871905 25 1733.0 30729.0 -11.218871068591781 -0.12714030656736414
14 182.50349877416483 80.74774377161897 0.43638782183731273 -0.4118944048369921 -0.17218213066460616 25 1680.0 24394.0 -10.968207548702855 -0.35977492206798056
15 498.63580927171273 89.46654900843079 0.6646142394056566 0.33617718123881557 0.04461309887387547 25 1635.0 9084.0 -9.895692813869243 -0.6963572996593803
16 126.26801713244691 91.59209858106334 0.4974212297334655 0.7121842035476794 -0.3742599824719013 25 3408.0 57629.0 -11.901602709015428 -0.6871919977738289
17 455.096206831671 90.04721806220557 0.4703670170558919 -0.8071533952715239 -0.6056636406773275 25 2267.0 36000.0 -11.390756251918218 -0.3875409439462382
18 115.56274704393398 96.15595969257357 0.4355730362797012 -0.9021158671003361 0.8017736220844267 25 3447.0 63749.0 -12.01118344147525 -0.6189163117076648
19 792.9536166894515 98.03937741217436 0.6231712272200424 0.6522769879375641 -0.04272476743192712 25 1395.0 16621.0 -10.551642873743125 -0.1113521485675654
20 17.32074481605314 102.95950207490218 0.6746013225042998 -0.5116832737229791 -0.5107718072769394 25 611.0 -347.0 nan -0.02850019965173615
21 799.9106674058347 105.4804238301883 0.3519401886982703 0.25707393936194284 -0.39570699812614757 25 3335.0 54918.0 -11.849286781864283 -0.8584793779006457
22 833.063371932749 110.33519976841988 0.45687620690386505 -0.26839011915721345 0.700361811691882 25 1349.0 15152.0 -10.451174904147996 -0.29312415745239595
23 789.3511135732324 111.11117629948254 0.4291515017986821 -0.2129981021179443 0.420538355442154 25 3151.0 50505.0 -11.758335938609425 -0.7399634499361643
24 86.52648575214168 119.20314727189586 0.4355842545734097 -0.35393276806464086 -0.7914653651929736 25 1568.0 21518.0 -10.832004757944958 -0.2797191671533223
25 45.9521989444859 137.50516466139712 0.4372306858874487 -0.0039404089701455085 -0.43389956030303684 25 3046.0 44538.0 -11.62182677734082 -0.9684601024039261
26 731.1907907092333 139.47132471317738 0.6893068653281977 -0.8779821600812336 -0.5167153600268776 25 1458.0 13753.0 -10.345993607476364 -0.23096872931213908
27 36.046802813806586 141.5717911305651 0.3758650020783253 -0.20839233245672206 0.09524770248117043 25 3186.0 52451.0 -11.799384431530894 -0.8089940397451502
28 788.5993684490148 163.51111353517348 0.464623163876848 -0.5000105131116074 -0.6757817820422604 25 2712.0 37495.0 -11.43493339484015 -0.8062728117850609
29 578.6488647237462 167.58472662663038 0.28981306663832174 -0.013629406148135044 0.09751711669951543 25 975.0 14271.0 -10.38613601534891 -0.15289022993190338
30 778.9108903453324 168.65332801375794 0.33843579117200984 -0.8834359416269416 -0.22660749244710748 25 2570.0 40426.0 -11.516651929152367 -0.8255493490469107
31 258.4881150947556 179.66818519264157 0.3858282963339934 -0.4132937268052303 -0.0362081375078875 25 1206.0 16883.0 -10.568624051174604 -0.06068712177542081
32 833.1437448380102 179.2476194221908 0.3614224447044171 -0.5458182418723014 0.4968984505257565 25 1796.0 22246.0 -10.868129832214045 -0.7313036401481834
33 81.66479658169355 179.76363389378147 0.7678474050754259 -0.22593659888853226 -0.719574582248193 25 1404.0 15374.0 -10.46696719183312 -0.05559991374065224
34 785.2722831028188 182.26403169133513 0.5186470868402197 -0.9674917766000273 -0.5668823976544383 25 1692.0 25909.0 -11.033626627518311 -0.0922967122725154
35 776.8153281041608 191.50702962707797 0.4345493714186565 -0.4372797938287433 -0.8390711366249733 25 2650.0 36358.0 -11.40149996326885 -0.8861036115976163
36 766.5267420086643 197.23284270689643 0.528126380621168 -0.5384085324122676 -0.07760267667192515 25 2260.0 29603.0 -11.178339312902894 -0.6268387129952031
37 794.7808406046319 201.6096592636038 0.4117227716829666 -0.21326415988617506 -0.5684674119446091 25 2216.0 37159.0 -11.425160045036682 -0.3623300582080087
38 736.7777979164314 204.68240139915287 0.37610453818116646 -0.8771859371585008 0.17600230623989016 25 732.0 6628.0 -9.553456249368248 -0.18715141924788137
39 158.85176763446566 233.5398486207789 0.4461074528370228 0.41974891756791644 -0.28589715015713546 25 3179.0 49274.0 -11.731544547934824 -0.9098708755295233
40 36.880980280392784 236.09986682668855 0.6301324259114595 -0.3442429520758548 -0.34222515331339004 25 1184.0 13741.0 -10.345045849035657 -0.02163215014693319
41 148.2973019400196 237.94678934601566 0.425287841502796 -0.33137158300541847 0.6961781749880029 25 3363.0 58310.0 -11.91435760355261 -0.681136964226829
42 391.26286432529946 244.36228481959492 0.5274396568278964 -0.5746449351625227 -0.3945097846412882 25 2439.0 39526.0 -11.492207165769825 -0.29173140689515703
43 511.01590568497033 244.65284346003764 0.697089275636108 0.24441207335569534 -0.13475366417156054 25 814.0 3005.0 -8.694611190846896 -0.05947394331741371
44 570.0837520904208 265.67611229249127 0.4408958336004842 -0.5560816495076784 -0.28414758228943715 25 1723.0 26615.0 -11.062816176271934 -0.22632294876264647
45 621.0112136629175 272.1066178143788 0.5418986900858578 0.4385910661624719 -0.3872855198173019 25 1192.0 11715.0 -10.171855732332453 -0.18799559562600904
46 743.9396767551107 274.9399770611395 0.4994426554261257 -0.8420823518600389 -0.39198230579309323 25 2092.0 32827.0 -11.290577987894173 -0.2887821086154311
47 610.2111969509746 277.39579552358975 0.3607062285350273 -0.5538680009442521 -0.883301920368436 25 2600.0 50544.0 -11.759174021402686 -0.14402995279270625
48 306.9383478645149 279.4570588997124 0.451095592654208 -0.3972487375450232 -0.4806134226626934 25 2671.0 50973.0 -11.768350486517608 -0.0562804287172004
49 593.6624035578665 280.24182966418647 0.3683976374850157 -0.5148905934278232 0.6009556544994729 25 548.0 2811.0 -8.622152114018602 -0.10439962544244856
50 145.68643873703078 294.4834601575863 0.357592571789685 -0.20825071688033944 -0.7538716535968629 25 1365.0 22318.0 -10.871638183114412 -0.020988500975796548
51 306.60026280344357 296.10821244956065 0.46400872124685216 -0.7843514830906991 -0.8154986033273136 25 1478.0 19650.0 -10.733406386778615 -0.3105107195682024
52 302.7601006465912 297.87696746777505 0.31487628207028745 -0.10122394389785234 -0.15878285679889187 25 2346.0 44413.0 -11.61877527449247 -0.25859127288700784
53 723.4871891216429 349.5410680002322 0.48413961379885906 0.29878170777036145 -0.2198344937282368 25 3168.0 48308.0 -11.710047644071102 -0.8451059417522255
54 756.790497003607 351.70917524200814 0.4422486571678279 -0.5045774911346047 -0.7110313774821961 25 1736.0 28895.0 -11.152056747006005 -5.536555995649843e-05
55 711.3313415443613 355.5546524601386 0.46065417301102884 -0.11651984359484631 0.5002755273963955 25 3312.0 53736.0 -11.82566333822659 -0.7187952921927936
56 729.5523720783092 366.29026645788485 0.577838757637404 -0.5671727860339789 -0.7877807040922625 25 1613.0 16967.0 -10.57401264960344 -0.4971473226589448
57 226.5634115424385 371.06055073547975 0.6911411273099756 -0.48703549970453786 0.16806708477160545 25 1534.0 5141.0 -9.277619009667585 -0.6986474419510269
58 425.5095800430923 394.36600977884194 0.46990224965668426 0.35315309716552745 -0.39561603500154907 25 3174.0 49117.0 -11.728079582057429 -0.866905613930198
59 411.55706814686346 399.5050683477705 0.44586731435203697 -0.4074943746413908 0.6353668611506499 25 3324.0 57232.0 -11.894097307012236 -0.7504951968494977
60 626.7530003763484 399.891688937568 0.43097478497739733 -0.8038686654055635 -0.7577274748659621 25 1703.0 20169.0 -10.761710914935964 -0.7140924100620304
61 786.8150669577475 408.54038793174414 0.44999918980594555 -0.6801051695053076 -0.7851336703397859 25 2251.0 29282.0 -11.166501840742203 -0.7925281672030569
62 775.867196781623 413.68755250213576 0.3109521196809039 -0.6110799053735381 0.26215283562730096 25 2079.0 32724.0 -11.287165959973137 -0.6762423106680786
63 216.79578417539977 427.00420339533383 1.2424642904821384 0.29487962057147893 0.09340215595378545 25 1417.0 2414.0 -8.456843164403326 -0.16718371965547096
64 786.5195649355927 437.89463123395313 0.3386428479010567 -0.18566408566427417 -0.32123807263559756 25 1582.0 25743.0 -11.026647891728418 -0.08571462503050062
65 407.47951736217027 440.7308746714869 0.5667644858275707 -0.29271460158866447 -0.46879210145992933 25 2530.0 41717.0 -11.550782673505854 -0.25147854319053586
66 30.66545640135437 442.03312191842537 0.5838601144828406 0.30126375584709747 -0.5552846340542975 25 767.0 872.0 -7.351291212331418 -0.2413965926164484
67 349.7674188760399 466.47890211555466 0.47674937589453936 0.48977289369378807 0.606120704209459 25 2470.0 43982.0 -11.608187435527753 -0.23277318350615375
68 354.5609487628995 466.63316838499054 0.4901126783780183 -0.6778721463920089 -0.9046696584797256 25 1966.0 26598.0 -11.062122454207445 -0.4840895564028973
69 473.2080815985417 468.3527913654131 0.4771482726908883 0.438280619043381 -0.295820978199797 25 3300.0 50188.0 -11.751499723302059 -0.9148199829792651
70 747.5199373267247 469.18563898010547 0.34805491498404956 -0.9326945290234727 -0.853578160253181 25 2153.0 34025.0 -11.329495334688431 -0.5072233392960457
71 460.63258242199635 474.13367495197946 0.48063698002259164 -0.028977363925363167 0.6587171200127592 25 3324.0 55462.0 -11.859988816246629 -0.6804245318354862
72 738.1654617229589 474.3434796285869 0.4830723802929318 -0.5583243484570445 -0.48507076271735 25 1956.0 29562.0 -11.176834531646382 -0.3827374267677017
73 743.6545810938297 473.55863205562025 0.5395834651534812 0.407288773311023 0.09439183570059068 25 2417.0 39628.0 -11.495005385801282 -0.32581632699906987
74 276.62804555990624 481.2848164197539 0.7735425683475039 -0.42036737583787603 -0.5259122964076892 25 1056.0 1826.0 -8.1537519329957 -0.3039908749502621
75 769.9385020134633 482.9737233654025 0.65995111281732 -0.3168724447413805 -0.5058673560762817 25 1818.0 6061.0 -9.456360710025026 -0.9834017758064888
76 670.2104475827252 489.2225464078676 0.4253177551806338 -0.7105891267811609 -0.8674426041982903 25 2447.0 32859.0 -11.29163585597263 -0.8197852610046616
77 28.07140020749109 491.53070320353595 0.9255597686880884 -0.287824672514983 0.36051207331208707 25 1423.0 4842.0 -9.212561962764285 -0.3661523405874467
78 659.3842129267963 494.67720922832467 0.5097628132915697 -0.5519066023249907 -0.14903380793950044 25 2373.0 33231.0 -11.303858526078763 -0.6037716686291984
79 347.4737704299691 515.9567416401114 0.4431567325600679 -0.5314770071620362 0.1518433087557609 25 2315.0 37608.0 -11.438200595450489 -0.5636950481958138
80 353.6520551637996 516.0926424861915 0.3202602376739566 0.02761062850811953 0.37152740559599984 25 2602.0 50150.0 -11.750677343391091 -0.3928946170001497
81 126.81265624519868 527.1838771244202 0.5459608550865169 -0.28941681178950684 -0.4676407842366944 25 1961.0 30442.0 -11.208682954053055 -0.13059741825930224
82 497.4642095254381 545.3308144271269 0.49757824598947137 -0.6296479075380993 -0.4153428438658124 25 1560.0 22768.0 -10.893312206850522 -0.05471779269681648
83 310.99812054201766 547.289449164141 0.4582097544403171 -0.23360020333614287 -0.39245227961085166 25 1771.0 25592.0 -11.020260567690126 -0.27020351590302966
84 327.24272332466114 551.9455052999576 0.9837136586853181 0.36542872314968944 0.49735611847337724 25 1265.0 3687.0 -8.916682844015291 -0.2808499784398018
85 57.49047595006095 552.9381042958476 0.42400063587309716 0.1431865017389369 -0.8034215635236436 25 2478.0 36706.0 -11.411842650678532 -0.7624701754649217
86 34.469880712992456 556.4056087044522 0.2954235541037612 -0.14314188390972277 -0.4704402992493078 25 2430.0 45579.0 -11.646911981397528 -0.3130662418677172
87 50.80821198629314 558.6704096523847 0.41725857694608565 0.8108246075657151 0.9998292904435698 25 2594.0 45615.0 -11.647769197999533 -0.43525687790965323
88 236.8363763368287 568.2014357757691 0.3637187713916282 -0.11355516395667763 -0.7616864937104855 25 2211.0 33007.0 -11.296515132951397 -0.6312823343479852
89 226.50957872004568 572.6279271371372 0.47898768326502367 -0.7324261469400352 -0.21466550254528116 25 2124.0 31061.0 -11.230538584010233 -0.48672443123248893
90 286.9912882366081 601.6071799073337 0.5057763530525957 -0.1613704263090695 -0.7477927758762822 25 2236.0 38627.0 -11.46722744897717 -0.08693200566786341
91 151.0572547084778 615.8928511558524 0.5088119921938181 -0.24209437161111663 -0.6636786321803717 25 1599.0 24248.0 -10.961689808398916 -0.006709974713126194
92 562.7005786886557 619.3003767274079 0.3834047642451066 -0.9379641799495676 -0.9547220626428893 25 1766.0 28218.0 -11.126315572824307 -0.17779836979420532
93 714.8573749538926 621.3349264197539 0.4368389745891635 -0.47686737203705937 -0.7532295012040479 25 1956.0 34361.0 -11.340164486280015 -0.12732615383133622
94 160.26131567095382 623.2403855965343 1.0669197746259862 0.27269118272724496 -0.3537070522031605 25 1222.0 3544.0 -8.873734283037534 -0.09810944676945337
95 265.9544176004345 672.4027318017128 0.802454336699647 0.20495230129532996 0.23246535413053446 25 941.0 3994.0 -9.003520151336708 -0.0368214181061964
96 662.9770758555237 677.9547918551273 0.40402678585773144 -0.5409153842383599 -0.8418958390916885 25 1655.0 27193.0 -11.086142806719245 -0.16643140009729585
97 151.48852471870708 706.4809147679246 0.4893178879011622 -0.6795783035924133 -0.8383457166006676 25 1796.0 23897.0 -10.945858458936925 -0.3707774425560439
98 146.31732177824878 707.7950013137242 0.4504193566474033 -0.39286781803625564 -0.9040670324057651 25 2573.0 46197.0 -11.661534434250218 -0.21509974689416314
99 93.9097320071937 715.7398408037693 0.45995408538739 -0.08693359604675212 -0.6885517961726356 25 2910.0 40820.0 -11.52718250095013 -0.9629184198830139
100 82.40929004354935 720.0492444323056 0.4617231509637475 -0.3482519975861253 0.0015013031491512856 25 3050.0 49702.0 -11.740934662552025 -0.6522178268464633
101 89.71160762140049 719.6500331508361 0.4023100904278868 0.5770637167217118 0.7500901304176079 25 2902.0 54288.0 -11.836759605752608 -0.29030933719818064
102 4.303347108885855 734.0503782591188 0.5375529922099137 -0.4435208154286803 -0.7503484028533078 25 1975.0 31124.0 -11.232738516608183 -0.14108652922658757
103 30.66863860780648 736.9017403499446 0.45969021223018103 0.4427397601349479 -0.37044375294670423 25 3096.0 48561.0 -11.715719053591101 -0.8455077689455159
104 18.61110451904197 741.2203215227361 0.4282749962938128 -0.49001090474404657 0.4791163280223544 25 3251.0 55693.0 -11.864501531362666 -0.7475789282555868
105 557.3549074625544 743.4185674425122 0.5189874186844193 -0.4446026480609459 -0.19245180163001685 25 1636.0 24647.0 -10.979410162711103 -0.058044896742235674
106 531.021189257385 762.7401171096508 0.353393152091845 -0.28109531261464676 -0.43547586020798473 25 397.0 770.0 -7.216226812931205 -0.010807784901712091
107 656.0718339892744 772.5762313546915 0.6227502072323556 -0.15375159464237642 0.3726406572057603 25 1185.0 3894.0 -8.975989867960033 -0.5348278819094294
108 527.7463560196348 773.2880212362671 0.6348158841848933 0.01637070279057048 -0.2519100137144335 25 942.0 4763.0 -9.194701453778976 -0.21425077165071454
109 690.3285218150994 801.2553067318408 0.6865899171544717 -0.7314966271157103 0.020272296031420462 25 1501.0 7562.0 -9.696591682566293 -0.6390004159140045
110 703.5733706878706 811.5620249116066 0.43767325514057975 -0.2628966936500907 -0.5270520059310819 25 2934.0 40716.0 -11.524412764231858 -0.9667208158227243
111 730.8289439983523 814.4051491694826 0.5861987109717062 0.03154706999442678 0.01688704039980025 25 1462.0 8977.0 -9.882828062958612 -0.604707609260969
112 667.8508858617474 819.2065593256874 0.4190144096720928 -0.6475822311442928 0.015040859733891467 25 1233.0 17590.0 -10.613164598643653 -0.23061110075186736
113 691.0802665592572 817.2010778808741 0.43213230009848824 -0.45193607158031934 0.13185362323787825 25 2990.0 48638.0 -11.717439270985412 -0.6507286712748483
114 84.92524930362308 828.8647061424996 0.4508549229020728 0.19973427985120698 -0.5160348612974561 25 3088.0 46247.0 -11.662708914271239 -0.8835068126565495
115 72.1680104823719 832.8584904462264 0.3370716975893942 -0.8471184321088961 -0.5477175552961289 25 3361.0 45883.0 -11.654129514836978 -1.2304203642046971
