test_CNN/outputs/tables/03248_a22531m0s0_sources.ecsv
# %ECSV 1.0
# ---
# datatype:
# - {name: id, datatype: int64}
# - {name: x_centroid, datatype: float64}
# - {name: y_centroid, datatype: float64}
# - {name: sharpness, datatype: float64}
# - {name: roundness1, datatype: float64}
# - {name: roundness2, datatype: float64}
# - {name: n_pixels, datatype: int64}
# - {name: peak, datatype: float64}
# - {name: flux, datatype: float64}
# - {name: mag, datatype: float64}
# - {name: daofind_mag, datatype: float64}
# meta: !!omap
# - {date: '2026-06-03 17:12:10 Eastern Daylight Time'}
# - version: {Python: 3.11.15, astropy: 7.2.0, bottleneck: 1.6.0, gwcs: 1.0.3, matplotlib: 3.10.9, numpy: 2.4.6, photutils: 3.0.0, scipy: 1.17.1,
#     skimage: 0.26.0}
# schema: astropy-2.0
id x_centroid y_centroid sharpness roundness1 roundness2 n_pixels peak flux mag daofind_mag
1 311.2259127492862 6.184849363469015 0.5354750367405832 -0.465454850718474 -0.45900788589196223 25 2086.0 24564.0 -10.975747721775326 -0.44737065428528067
2 609.0458890675789 6.460856562978937 0.4286840559580692 0.01816303785499659 -0.4574370796742182 25 2685.0 38520.0 -11.464215696131241 -0.5513574787160681
3 302.11357684947944 10.011402348885571 0.405318603904788 -0.6592781434861626 -0.05365548148029135 25 2340.0 35596.0 -11.37850299524615 -0.3989885623593785
4 600.090506213384 10.877073799625093 0.3702324544918266 -0.3899141193358728 -0.08501814087056753 25 2855.0 49088.0 -11.727438344832171 -0.2777109579244751
5 604.9884002726508 27.635101763087604 0.5338296184030309 0.5496758167159532 0.5503231474003996 25 983.0 5449.0 -9.340792019760272 -0.13474998944331332
6 352.0622690147994 33.04176889887805 0.5082452334172916 -0.3200171207737613 -0.6184036326322411 25 2050.0 25436.0 -11.01362204077894 -0.4019326606257415
7 190.57430221791617 75.4335345325997 0.4998412588287148 -0.22629410065185127 -0.677785895416293 25 2071.0 27603.0 -11.102390713554527 -0.2570111085482934
8 124.57705142906696 89.39630718877135 0.39273812232603544 0.8798466749011549 -0.5403357329959796 25 3504.0 60938.0 -11.96222049117474 -0.6164503653962338
9 114.53204467378663 94.45972601546976 0.42306947799053174 -0.8982191252629823 0.9646598982267416 25 3451.0 62258.0 -11.98548791281793 -0.4982574636299722
10 825.8126703897454 100.13225375860284 0.9871325201139158 -0.478690827251754 -0.17460700527373643 25 1979.0 5525.0 -9.35583070589287 -0.4151722766064867
11 724.6229024355938 101.32689954709784 0.6351249390817287 -0.5726006808531781 -0.12377316969378044 25 1767.0 6373.0 -9.510859796199664 -0.6848155291273221
12 797.5594533170936 102.79585684356248 0.41964766531548237 0.4266813723989338 -0.1798553084517038 25 3236.0 47428.0 -11.690087027986554 -0.7776317517908986
13 159.11388684926348 102.98911074618303 1.0442281048416053 -0.3133514612799222 -0.259020130763202 25 2603.0 1463.0 -7.913110815313277 -0.8102253873526023
14 787.3545429073088 107.99387559763096 0.4388366154619877 -0.23525954040453334 0.4796395004825685 25 3151.0 50404.0 -11.75616250723463 -0.523330317382393
15 818.8957692233162 115.98632457571999 0.6912148808372309 -0.12142190544259286 0.795383113698298 25 1312.0 6652.0 -9.557380601368704 -0.20933285233755866
16 431.0282507347245 118.54818822962866 0.3210963442968601 0.8273372550745827 0.6252850886125694 25 969.0 9018.0 -9.88777557742638 -0.06302803196134242
17 44.85010941658218 136.05318324238294 0.35928465008794314 0.5465625189226376 -0.32466937986291317 25 3124.0 50741.0 -11.763397555036628 -0.6520581741793158
18 35.55348565784749 139.63620334345848 0.41089116484169236 -0.4652262735206365 0.23009171217192842 25 3094.0 49854.0 -11.744250023381229 -0.5834828582961294
19 281.1371329006928 143.7485297364892 0.4839769205800976 0.26939855079985575 0.07753631981846612 25 2552.0 41953.0 -11.55690755515619 -0.09559236049862005
20 786.5044674333307 160.79285455827176 0.49745209316297284 -0.4939093012822098 -0.6090811648513557 25 2567.0 35936.0 -11.388824336453409 -0.45226823731777993
21 776.8242360175315 165.45966223102053 0.4503488010395897 -0.6021794028963757 -0.21627765924298514 25 2647.0 42111.0 -11.560988886578762 -0.33073316747105375
22 832.4307766663785 175.5584097000528 0.35212100485253867 -0.24958128249308564 0.14976619501227187 25 2019.0 28967.0 -11.154758798338133 -0.37396520345263806
23 774.4709082821447 188.97833288713858 0.4684245711759291 -0.04235383314195279 -0.41757719625124384 25 2609.0 39119.0 -11.480969360941211 -0.4101360407450052
24 764.7171355183651 193.91596810440498 0.35455471127170524 -0.7402534557874189 -0.10418410229304896 25 2592.0 46613.0 -11.671267637267004 -0.160019128562032
25 388.9842003498142 229.12887761447652 1.14946449198226 0.13794658927174877 0.2736029884598263 25 1814.0 1493.0 -7.935149519312564 -0.33836593060117093
26 823.8476045615868 229.9042457638028 1.1649333249967289 -0.2991628632449668 0.20947829254842143 25 1905.0 6990.0 -9.611192939364203 -0.1920464809761851
27 157.70303066561243 231.7564525764718 0.35231512844851376 0.8833452514417915 -0.13973833963635376 25 3457.0 59685.0 -11.939662995505174 -0.5847741357303194
28 144.27084099585272 236.09929460827854 0.5346671704586803 -0.20384301558028226 0.12508245371754775 25 2878.0 43345.0 -11.59234751821868 -0.5265657781494523
29 174.11956596785421 240.25959274285012 1.0883736169732927 -0.6251771826130158 -0.18791535080848315 25 1321.0 1128.0 -7.630772749118309 -0.02357910749183206
30 301.2462509913399 295.57124935854694 0.4370542784290259 0.19506610801492322 -0.08681509708787521 25 2620.0 48351.0 -11.711013651579652 -0.002099996880509218
31 720.8107565195804 347.1597922323569 0.44322801195331746 0.4349584156592292 -0.2156905883367531 25 2996.0 47015.0 -11.680591101111368 -0.5086970178273659
32 710.7178975206637 352.1030960254279 0.4025098568413775 -0.9773646434261118 0.5676073538293782 25 3311.0 60285.0 -11.950523163119291 -0.5167018688515623
33 157.15372149232093 359.74227048956004 0.4769967818357459 0.17742264121114298 -0.3246035196976028 25 1664.0 24341.0 -10.965846040893776 -0.0745420619887271
34 146.80003117817483 362.56783210567284 0.5046958616846259 -0.2708542973322199 0.06064038903955943 25 1782.0 26834.0 -11.071713538597972 -0.01006722433714062
35 38.63748374387173 371.9691385379959 0.8702927471081338 0.7461174613702326 0.07013839184578921 25 1384.0 8117.0 -9.773488864917764 -0.05088175123852401
36 420.8610845094991 392.15940510045124 0.375448071388785 0.8324870337575826 -0.3123110402402652 25 3392.0 55956.0 -11.869616653755292 -0.6754601796895477
37 409.4670353522914 397.15874569391684 0.45454251533078693 0.016491551761424496 0.6178011294401827 25 3287.0 53091.0 -11.812552264021182 -0.5024558412010045
38 624.7688559241369 397.47001886692533 0.4140133238955443 -0.4075031838988095 -0.4573975393125465 25 1811.0 24560.0 -10.975570906172825 -0.2842966921268348
39 784.5631128995086 406.2300734108516 0.4344435742657137 -0.18826448326759246 -0.5814611976171534 25 2272.0 32746.0 -11.287895643718478 -0.40103120845698137
40 774.352889425116 411.10276379669926 0.4567992494161464 -0.8141942579656538 -0.3443894942634412 25 2546.0 37265.0 -11.428252813915673 -0.45373538898203497
41 780.7435496192272 410.32836419571333 0.4389422167508986 0.7525921475282074 0.47711333843819154 25 2709.0 43800.0 -11.603685276260249 -0.4582683187298926
42 215.73757307249048 415.6488802417394 0.5707070845540905 0.6663389775587226 0.7848691551623779 25 978.0 7144.0 -9.634853614701225 -0.028769526355152134
43 411.01955297976104 437.38202354655124 0.46323127730049307 -0.5842834273276246 -0.6339859673143832 25 1827.0 25840.0 -11.030731273307616 -0.14915261061253926
44 401.05917692670926 441.17829281530453 0.5817619314443366 -0.6469894466172206 -0.18600540218444933 25 1743.0 21780.0 -10.845144688549391 -0.07384732094654839
45 353.2938878347527 464.7268816883248 0.4539741490014904 -0.3344428496367574 -0.7166540050405291 25 2043.0 31460.0 -11.24439679571817 -0.10216326005622045
46 471.11595160875873 466.4252668316399 0.45691399417974865 0.8344589318753879 -0.17857816789582695 25 3222.0 51080.0 -11.770627221478446 -0.6039977068854953
47 748.6760644952045 466.4819702116178 0.4973073223158509 -0.11158702138255035 -0.8416490783991393 25 1791.0 21780.0 -10.845144688549391 -0.328840755440096
48 460.9672150071787 470.28379852878317 0.4212468615514643 -0.8903016600894462 0.2959754126489303 25 3158.0 54087.0 -11.832732233620966 -0.6187496644003141
49 343.000274649213 468.983041657085 0.5000631230292399 -0.738944669084142 -0.1664178489317793 25 2089.0 26667.0 -11.064935402298438 -0.3078936770729331
50 735.8489414689839 471.4326900137222 0.462031614730199 -0.8257709333038203 -0.4598018544324907 25 1975.0 29281.0 -11.166464761487218 -0.14127395686840571
51 741.4757913629671 470.202635223668 0.40872514157411455 0.1293982961727236 0.41349400587496965 25 2238.0 40689.0 -11.523692541184047 -0.011291052469182081
52 668.3680779515932 487.32273463581214 0.4497473580868772 -0.02714081197013834 -0.436136106945192 25 2323.0 34458.0 -11.343225166662025 -0.3489258705922066
53 657.4162839754794 491.848045322601 0.44577834818742296 -0.8417461226712533 -0.44257998021026734 25 2227.0 30489.0 -11.210357950745857 -0.4429926632147904
54 356.11316928599496 509.79986912428956 0.5206092100114896 -0.19552875118944496 -0.2682463649121275 25 1754.0 23948.0 -10.948173123684118 -0.10810611601475019
55 237.95199923845252 508.829008521091 0.5256394481628336 -0.8976639293342591 -0.0077771075603560785 25 1426.0 15296.0 -10.461444687330061 -0.06164708752338794
56 778.9705328581133 510.20455382994976 0.7997610321490951 0.3211816987250734 0.21557377379111356 25 2336.0 5611.0 -9.372600671758644 -0.8204146331367357
57 826.6247889174634 526.0984639235792 0.8481176801024267 -0.7481495016357473 -0.12563558167053096 25 1144.0 2689.0 -8.573977005558254 -0.017485290027589008
58 53.54047539324825 551.5851301208069 0.5408413567538832 0.0923796406303104 -0.5675222971494036 25 2480.0 31179.0 -11.234655455014806 -0.5798697069094321
59 49.872022977120906 556.6411472909887 0.46149484636998084 0.5079153938139886 0.2512771276870249 25 2646.0 49229.0 -11.730552534846634 -0.06441598713049275
60 235.65684707508802 566.5026649549135 0.385558925559981 0.20710503022105806 -0.6251372167521206 25 1970.0 25856.0 -11.03140334773623 -0.5671171677445613
61 225.12500317094808 570.5216226272146 0.42600883312575566 -0.5554191666852621 -0.06764903428900602 25 2016.0 31416.0 -11.242877220655904 -0.033424502359661934
62 254.16782206435389 582.1949296163 1.1688608837731067 -0.015814305308551293 -0.40220423132649613 25 1281.0 -206.0 nan -0.009560436982890684
63 129.03524782619428 602.8797040157592 1.1584508420376372 -0.14793935509415135 0.16542159164100817 25 1730.0 2838.0 -8.632530977803638 -0.2129367641023046
64 599.1323554332778 603.4465761366145 0.5282497036913618 0.2684404728419309 0.0424440354700757 25 1233.0 4657.0 -9.170265594831829 -0.3887923934842151
65 346.7413723068905 617.9997554094105 0.6134886168290389 -0.0642892657136413 -0.20640238865320776 25 1007.0 1855.0 -8.170859784877662 -0.20316460281895735
66 145.24387365248052 706.1572928013037 0.4436119725294898 -0.38009667726285035 -0.7285579136353514 25 2452.0 43495.0 -11.596098337948872 -0.056477458013161966
67 95.57558916544268 714.3689314254178 0.4508017017316831 0.4135928111361344 -0.5966916819793009 25 2770.0 40149.0 -11.509186831702355 -0.6658891919303854
68 81.33301835343758 718.1458730446399 0.39144389322192724 -0.5752732898104884 0.06388297132378046 25 2979.0 48211.0 -11.70786534944895 -0.5333711595626697
69 10.976743399156772 722.1782272802562 0.5280525508179568 -0.17216601416721997 -0.7964710431355474 25 1331.0 14516.0 -10.404617398821296 -0.06319922899394571
70 32.55463776859364 735.7432242688551 0.47739554861486877 0.510174436908498 -0.3139162707499726 25 3122.0 48451.0 -11.71325686265169 -0.6339433584227285
71 785.7664889009543 740.524400710862 0.6582390257995413 0.3998375485621562 0.14607130992650116 25 1169.0 3468.0 -8.850197722010432 -0.23942806917088572
72 25.039047132930047 739.6649415383221 0.41184836870130903 0.6302292082754704 0.49288126868806886 25 3295.0 62408.0 -11.98810066223327 -0.12848692030527356
73 693.8363761206491 761.4707865554291 0.4460431025162892 0.6847130721395812 0.43621817884019326 25 1454.0 13306.0 -10.310118797775075 -0.2578782042908598
74 46.130177492619055 763.2684172806446 0.7422843789211878 -0.3402283205037508 -0.30283753928211854 25 1388.0 4293.0 -9.081902221198597 -0.29312296574560315
75 526.0712862315069 771.709061166501 0.7592571752881769 0.2784684111215557 0.12918319518460364 25 1668.0 2368.0 -8.435954245127204 -0.5847807426720544
76 76.22142807296535 776.3565712746317 0.5148584349204263 0.03146921632090369 -0.4426060607749619 25 1175.0 7041.0 -9.619085860795638 -0.23303662512018974
77 414.8164683490444 783.7990880405065 1.1129391421757802 -0.24285965507630708 -0.31554693487316693 25 1590.0 2764.0 -8.603845096755403 -0.15982505128978003
78 703.499308515947 809.4138598510042 0.468861452393296 0.10052239545864408 -0.8053038901118144 25 2548.0 36522.0 -11.406386380341631 -0.4347772455965631
79 689.3889257072912 814.5987837244376 0.36814158305481787 -0.7776658457137229 -0.08993563030525636 25 2691.0 45478.0 -11.644503393333954 -0.35275646936263505
80 696.5553284836546 815.6428163641725 0.4105903949093814 0.717049141903048 0.7289700085421584 25 2484.0 44408.0 -11.61865303580951 -0.05674508541101489
81 483.84868631370813 819.2160750323678 0.4804225943916706 0.16146703014242855 0.038276504930002946 25 1841.0 9955.0 -9.99510316090857 -0.782329793520365
82 86.60924536238333 827.7049122963774 0.506317467876329 0.4467320746920988 -0.31503020662708076 25 3048.0 44275.0 -11.61539642465528 -0.6833437787734371
83 71.37963505706449 831.7241805352058 0.39099449365731237 -0.4283521905586184 0.4713749460228362 25 3283.0 56195.0 -11.87424418887768 -0.5615284406787099
84 78.63225165739816 832.1564069298223 0.2853048842949042 -0.6643594774878266 -0.9624697384442683 25 3421.0 62065.0 -11.982116899315159 -0.5593271745624533
