test_CNN/outputs/tables/03257_a22546m0s0_sources.ecsv
# %ECSV 1.0
# ---
# datatype:
# - {name: id, datatype: int64}
# - {name: x_centroid, datatype: float64}
# - {name: y_centroid, datatype: float64}
# - {name: sharpness, datatype: float64}
# - {name: roundness1, datatype: float64}
# - {name: roundness2, datatype: float64}
# - {name: n_pixels, datatype: int64}
# - {name: peak, datatype: float64}
# - {name: flux, datatype: float64}
# - {name: mag, datatype: float64}
# - {name: daofind_mag, datatype: float64}
# meta: !!omap
# - {date: '2026-06-03 17:12:13 Eastern Daylight Time'}
# - version: {Python: 3.11.15, astropy: 7.2.0, bottleneck: 1.6.0, gwcs: 1.0.3, matplotlib: 3.10.9, numpy: 2.4.6, photutils: 3.0.0, scipy: 1.17.1,
#     skimage: 0.26.0}
# schema: astropy-2.0
id x_centroid y_centroid sharpness roundness1 roundness2 n_pixels peak flux mag daofind_mag
1 310.14634484409146 6.108125785877109 0.439166761652223 -0.3354887575399747 -0.6445567643678979 25 2704.0 39333.0 -11.486892680272891 -0.656332349685512
2 611.5699408314567 5.866283653494854 0.4396230809654577 0.20973716273331935 -0.6521041216583741 25 2790.0 40651.0 -11.522678083874425 -0.744624597090623
3 302.86764722581364 9.652929054595491 0.413516967138542 -0.9509019505215677 -0.15855010723247032 25 2593.0 38738.0 -11.470342987047975 -0.62010203003775
4 601.2872951464402 10.282396105136618 0.40930471490713366 -0.6104266999091634 -0.01069377421631136 25 3025.0 50867.0 -11.766090312140838 -0.5482417012331243
5 828.1001376849608 21.390291370170445 0.5422995292738604 -0.810804403958909 -0.8368743560378185 25 1739.0 21819.0 -10.847087105727741 -0.27019326494280604
6 821.1695561373066 25.672817982794253 0.4630633496072157 -0.991833199525821 -0.4293465774197483 25 1730.0 23280.0 -10.917457439944627 -0.30124622955894914
7 533.9078164165677 32.2119884866307 0.44325512237354187 -0.29339496173836055 -0.6173929859069327 25 2366.0 40839.0 -11.52768774809405 -0.18347666435520493
8 350.7031665238658 32.92695214092155 0.3965698273395645 -0.6651724756617349 -0.9311366013204583 25 2251.0 34137.0 -11.333063380355288 -0.500796507885934
9 219.89295307810326 52.48262254803182 0.5411926443904647 -0.9260018275640736 -0.6051643756552059 25 1550.0 19851.0 -10.744455973408144 -0.11894703345453034
10 477.5495914301389 73.9209664313969 0.4493938751886207 -0.5356340567888804 -0.9075572913257021 25 1386.0 17362.0 -10.598999379712605 -0.21153676683519226
11 189.4550618094133 75.4343507317031 0.4112952619303712 -0.8042323496870599 -0.8742141831065741 25 2312.0 34905.0 -11.357219105856029 -0.3782905040017367
12 457.325300335098 86.22948763208606 0.4985755291179147 -0.5465077571681796 -0.7026579115711569 25 1420.0 16845.0 -10.566177538292846 -0.20031896346253406
13 115.94335043414364 91.28412448013768 0.46317691618648554 -0.8574455776576839 0.684625944915398 25 3272.0 60086.0 -11.946933233624819 -0.5013299496392031
14 797.8969941088758 102.15989567925776 0.44149811353439383 0.09210298104615457 -0.1515503831629744 25 3145.0 45806.0 -11.652305921877735 -0.7606792317440965
15 833.2018494709321 105.94123537785963 0.36783034867466585 -0.04656016509745875 0.7670912778993958 25 1584.0 18591.0 -10.673256877173355 -0.49343817171040333
16 788.840809658589 107.35360667084097 0.441875855720718 -0.3194513213244603 0.13629870177161696 25 3042.0 46985.0 -11.679898077978418 -0.7155036884740006
17 44.56627740245385 135.85371676409895 0.423866545501062 0.09033655873563566 -0.2570499993782699 25 3119.0 47587.0 -11.69372081670832 -0.7194292897290712
18 36.22362649988579 139.74090908039065 0.5145378486818436 -0.6585101974421854 -0.2244312250257038 25 2834.0 39223.0 -11.483852019837473 -0.6934074713973604
19 278.0964033915439 145.96548097885196 0.3911447516452091 -0.9659244514604214 -0.9879834857350819 25 1352.0 17815.0 -10.626964566717586 -0.21725775302004816
20 786.1847004199528 160.2591046153523 0.4412810971029128 -0.1615296520672665 -0.6038238660279391 25 2766.0 39994.0 -11.50498710567344 -0.7091335600575156
21 108.77450808128948 164.89008413782182 1.2908747724202259 -0.6318592694696732 -0.6534952012224488 25 1393.0 1640.0 -8.037109620119246 -0.03701778813855627
22 778.3543320186319 164.9127134475793 0.3871581237719036 -0.955147823537136 -0.44228306429326597 25 2582.0 39825.0 -11.500389461182923 -0.6171225353356451
23 832.8179746208522 174.86359952487499 0.4037468047832797 -0.34884237781582084 0.47930366592306767 25 2026.0 26088.0 -11.04110196449475 -0.5891121105753196
24 787.3528309434935 177.17482934621475 0.38403110336565377 -0.7729963769010564 -0.9027547226408226 25 1045.0 12816.0 -10.269381246850406 -0.13485645366333068
25 75.60118905043733 180.74645401866292 0.7973254124567746 0.06912840530660229 -0.35525872764781646 25 1400.0 9231.0 -9.913121877417803 -0.25383054933283916
26 130.3987609707462 180.70705579337712 0.5917406906753506 -0.2563787401464426 0.09296868228954473 25 2279.0 11409.0 -10.143118950328113 -1.072250661041184
27 774.5073059873841 188.4286582635202 0.42987782403895103 -0.585226483761765 -0.5591587620690333 25 2730.0 38001.0 -11.449487563171472 -0.7818182949341719
28 766.0184116682465 193.1703121875774 0.357015969544484 -0.8215236394449923 -0.29242720583148 25 2676.0 43057.0 -11.585109417595012 -0.6672844786967741
29 793.4768420526804 197.90999362104026 0.3798640243895965 -0.32173521125429366 -0.5752535326496445 25 1999.0 33388.0 -11.30897601207301 -0.21194712484550463
30 638.3392201413977 219.1118268624261 0.8017187005543518 0.40503605991798275 -0.03970983636863632 25 1592.0 4934.0 -9.232997862884293 -0.5581581258074617
31 157.42849229908282 231.6063125665722 0.40575002137685834 0.708617374120221 0.11251117137090741 25 3336.0 55385.0 -11.858480400119655 -0.7656661512417083
32 148.14069792196045 235.73392492865406 0.5294749091158202 -0.20968248918345295 0.06036253148714426 25 3077.0 45540.0 -11.64598256569781 -0.6441278726459936
33 393.35322153719187 240.80533106995355 0.4213349791433544 -0.740525056607523 -0.8997071351726292 25 1645.0 23178.0 -10.91268989632116 -0.23837294101372283
34 385.6646215811193 244.37926070756257 0.44165850243173244 -0.9126525433344008 -0.3882171591781658 25 1567.0 21866.0 -10.849423359421825 -0.1838328430329605
35 496.1618746870671 259.2004450836822 1.1951824477804325 -0.5633304716694247 -0.21238223561374217 25 1325.0 169.0 -5.569716761534184 -0.10448676537754065
36 743.2133202064416 271.4635937710416 0.4247156009190187 -0.6456425578920498 -0.7479954342316898 25 1965.0 31512.0 -11.246189919502713 -0.2554685788732288
37 309.2060394558691 276.3559121697107 0.615561743663084 -0.60789531287602 -0.7199468797511348 25 1928.0 28383.0 -11.132645743006933 -0.1281307875018966
38 301.79855473220044 295.0680370000895 0.4077278363078668 -0.33907551670874764 -0.28156441751944805 25 2653.0 46780.0 -11.675150543682836 -0.2924868821670894
39 43.3120371579469 315.87085059193845 0.8795279814998368 -0.4858950673689939 -0.22311846109939104 25 996.0 158.0 -5.496642717386057 -0.04213606886134265
40 236.21819988177103 327.85777216727575 0.8986561062938003 -0.3823822228657162 -0.2752394692793777 25 1562.0 2056.0 -8.282557775808094 -0.5419397465761893
41 436.0428016887372 332.27704443934294 1.0284721653242475 0.2856386093383913 0.18446183014480194 25 1397.0 2069.0 -8.289401226664337 -0.2730477444068772
42 721.6530637969374 346.08343660598655 0.3976737163556975 0.7962200430832068 0.05076133945882316 25 3335.0 52856.0 -11.807735734500653 -0.828687740296794
43 711.4502070402909 351.8074685318449 0.43116337318899023 -0.6375651733219753 0.8062405111160509 25 3425.0 60775.0 -11.959312418788432 -0.6216573095701725
44 723.1118863796052 364.5088048310884 0.34493338073101837 -0.49222712299362953 -0.8440995900767468 25 2494.0 48240.0 -11.708518247830238 -0.038995799697192114
45 289.04205469937204 383.25308813975727 0.8166302848843211 -0.1104779448315947 0.430273868702869 25 1113.0 3559.0 -8.878319970009615 -0.1774734281458182
46 421.0538401621467 391.64496256983415 0.40858490057310953 0.5120819631410667 -0.13062805186760695 25 3161.0 50162.0 -11.75093710961087 -0.748542642556122
47 411.3113227358341 396.4217207960205 0.3532604818065774 -0.8163046944422633 0.5143686069772612 25 3439.0 63420.0 -12.005565594227674 -0.6722839169491486
48 624.43847369717 397.0342074990779 0.37508001910288374 -0.7671206771565807 -0.761756249229641 25 1743.0 25529.0 -11.017584508320095 -0.36564756255114506
49 787.5941997610629 405.0314618494545 0.4721932354017627 -0.4002680946687197 -0.838284794560212 25 2417.0 32002.0 -11.262942802192073 -0.706322960227145
50 776.0654735354515 409.814294417563 0.3912315715184187 -0.9641969531954423 -0.4780727668476151 25 2664.0 44662.0 -11.624845418060865 -0.5421689587906341
51 425.1992611601778 423.0618057596804 1.0866623248299008 0.16993167082107288 -0.31695446459955495 25 1443.0 941.0 -7.433974058568142 -0.29189030883462136
52 785.1453911580234 433.94611363084476 0.5967235270838152 -0.7107178632398556 -0.28884836112088047 25 2083.0 32222.0 -11.270381233287363 -0.08354501367055907
53 62.700256305209905 453.23059346173034 0.43050319325564673 -0.541788209221531 -0.4562026486398511 25 2434.0 42964.0 -11.582761769779168 -0.10024947429043878
54 659.9743054586946 460.3437924403868 0.8039957341413786 -0.3067123075039362 0.004275749166843192 25 1503.0 4882.0 -9.221494437702924 -0.4801565344522413
55 352.6866243748709 464.32407274376385 0.44566161161036927 -0.6860856903637115 -0.9621760000077073 25 2183.0 31381.0 -11.241666947200121 -0.3564187105898911
56 471.52570657104656 465.306879218836 0.435994466166514 0.5921015963747338 -0.16707408214303127 25 3292.0 50664.0 -11.761748687548156 -0.8250434915295656
57 748.5508621759087 465.64469577884455 0.48898662031305046 -0.9271433970424171 -0.9224432672154032 25 1980.0 24706.0 -10.98200609270916 -0.5728724274529785
58 344.38563058513694 468.27702779987993 0.4984633840011783 -0.8919868158156291 -0.49417980565514696 25 1918.0 25332.0 -11.009173698388203 -0.4055342023291931
59 736.662325857853 470.69719305515133 0.5635269383027697 -0.8303268004905396 -0.19055095373186715 25 1998.0 24796.0 -10.98595406919884 -0.42000708895735755
60 668.7138492282952 486.1594679793919 0.4740519098139652 -0.4452964982667631 -0.3694515524213973 25 2399.0 31873.0 -11.258557356843085 -0.6213541449797992
61 658.9597927439208 490.9401865682104 0.3904683411957779 -0.8016203915366256 -0.23043318004677316 25 2463.0 37592.0 -11.437738580037237 -0.5302740600619147
62 248.34611574133584 504.6466312469163 0.4298852893377524 -0.8175566144538562 -0.9516586065752561 25 1399.0 18395.0 -10.661749480417864 -0.19189506514329469
63 355.90047116147855 508.62898223636665 0.4936495715491769 -0.7308368051590013 -0.7993513846403315 25 2090.0 27232.0 -11.087698846011234 -0.4302138679795197
64 332.9386767973666 511.0384876487823 0.5075976004873203 -0.6364572749823918 -0.24157905543563182 25 1217.0 14907.0 -10.433475628662986 -0.005919531413868145
65 347.1184362455974 513.1233361884914 0.37819779833817735 -0.9513688657974891 0.1841777226939041 25 2258.0 37248.0 -11.42775739658444 -0.41816412340124687
66 705.4225418610694 524.3855285244194 0.38159795808233804 -0.6917116940119825 -0.48487304170449214 25 2841.0 46852.0 -11.676820336534654 -1.02157756781631
67 688.0086621775806 525.2358478115011 0.6368476810064608 0.24473130163493376 0.8179557147289297 25 2716.0 24439.0 -10.970208578459122 -1.0581546968679172
68 53.064455678400954 551.1104287085705 0.4079446287120917 -0.5977842341986596 -0.7874087568725457 25 2823.0 40832.0 -11.527501631762625 -0.7907442294535038
69 33.89234097752019 554.0266472868507 0.436409916560064 -0.3578226782606776 -0.8119836105678327 25 2608.0 44573.0 -11.622679663496754 -0.2779659691246852
70 44.233385752179096 554.4786686160951 0.32884392632287773 -0.7649928405550325 -0.3454656175658182 25 2575.0 44918.0 -11.631051027015584 -0.5274356787900896
71 235.06032074989312 566.1005567260986 0.3332276970216832 -0.4592993064980906 -0.8733628500003013 25 2456.0 38773.0 -11.471323512902352 -0.5458122193556869
72 226.42723187525422 569.9660775461322 0.47407647340721903 -0.7387381766277658 -0.23200160247306328 25 2270.0 32081.0 -11.265619743147608 -0.44690907982943673
73 356.92463514467295 581.6996147249301 0.6584877040455875 -0.7152370717797393 0.6792469973862286 25 893.0 3498.0 -8.859549512856645 -0.09338562988633198
74 281.13976447927644 601.7117349072233 0.4653768727826746 -0.6554664188390901 0.06285197869967876 25 1469.0 19994.0 -10.752249219430624 -0.20424207993520713
75 713.6881180958162 617.9484805748289 0.448925730061778 -0.4579614777122684 -0.4774640556833017 25 1861.0 30783.0 -11.220777355824135 -0.024404644007164716
76 530.6293752229357 669.2012197190039 0.5593768505902886 -0.6595151183644516 -0.8924691306238661 25 1612.0 23366.0 -10.921460930893712 -0.023626641099152884
77 149.8773154310738 704.6337083674254 0.2856569994800222 -0.59417767861715 -0.552258494496476 25 1523.0 23204.0 -10.913907141988899 -0.28326061777937106
78 92.71632465721066 713.8127772316515 0.3790494074561473 0.1297912738665089 -0.5951569606704837 25 3072.0 49010.0 -11.725711756281573 -0.6750336980335325
79 82.54690697833766 717.7821742529728 0.42029535972133586 -0.5741116488950679 -0.2401887662099775 25 2967.0 45316.0 -11.640628920310984 -0.7088734589398462
80 1.9641247126592596 724.73428780478 0.43360923462038686 -0.411738185423743 -0.22379900519836127 25 1688.0 23928.0 -10.947266000058153 -0.28936144196569097
81 29.79661063491219 734.8875042753872 0.36665752379360494 0.9058834874409951 -0.15190753204017088 25 3409.0 58104.0 -11.910515077883348 -0.6708476825730035
82 279.8452239231729 800.0039886553577 0.9922316297935174 0.2725272380517596 0.17933667009016233 25 1253.0 3029.0 -8.70324818333214 -0.07595300094587762
83 701.6551575813186 808.2544534414616 0.36407241764370585 -0.5104373648260534 -0.7103701070995009 25 3094.0 48322.0 -11.710362252515125 -0.8306889975870667
84 691.2385689284014 813.2439486206481 0.37997556161793833 -0.8552268914463685 -0.19375668470858531 25 2989.0 49233.0 -11.730640750499807 -0.6842802857257624
85 661.0898182754678 816.2482987367783 0.41585470742848846 -0.577537934177392 -0.6641425660950084 25 2714.0 50807.0 -11.76480887972257 -0.14403039659910868
86 655.9388128558058 819.7915350113367 0.5141314556258229 -0.8994629530092975 -0.5468770903907094 25 1557.0 21767.0 -10.844496443155624 -0.14192108380843999
87 83.94807070634339 826.7081941376447 0.3573393966083215 0.4681382935429693 -0.19694722808277884 25 3415.0 57998.0 -11.908532544082352 -0.6932948826903124
88 72.43491249897237 831.152880856061 0.4353350093536422 -0.4764387304089881 0.2438271298172563 25 3274.0 51642.0 -11.78250763337326 -0.7472954582560827
89 79.71027542114803 832.0394744124267 0.2808540544217434 -0.18553800144670762 -0.21827949206673325 25 3331.0 56256.0 -11.875422122644148 -0.9234847930820546
