test_CNN/outputs/tables/03252_a22540m0s0_sources.ecsv
# %ECSV 1.0
# ---
# datatype:
# - {name: id, datatype: int64}
# - {name: x_centroid, datatype: float64}
# - {name: y_centroid, datatype: float64}
# - {name: sharpness, datatype: float64}
# - {name: roundness1, datatype: float64}
# - {name: roundness2, datatype: float64}
# - {name: n_pixels, datatype: int64}
# - {name: peak, datatype: float64}
# - {name: flux, datatype: float64}
# - {name: mag, datatype: float64}
# - {name: daofind_mag, datatype: float64}
# meta: !!omap
# - {date: '2026-06-03 17:12:11 Eastern Daylight Time'}
# - version: {Python: 3.11.15, astropy: 7.2.0, bottleneck: 1.6.0, gwcs: 1.0.3, matplotlib: 3.10.9, numpy: 2.4.6, photutils: 3.0.0, scipy: 1.17.1,
#     skimage: 0.26.0}
# schema: astropy-2.0
id x_centroid y_centroid sharpness roundness1 roundness2 n_pixels peak flux mag daofind_mag
[from data line 103]
104 244.69718753352905 536.7124786848532 0.3911778708790649 0.40268268701322746 0.10720816365573581 25 805.0 6278.0 -9.49455327841006 -0.0930508925880455
105 452.89070121454876 545.051421082017 0.9014005068258188 -0.1984254804681512 -0.05871036518104591 25 910.0 -106.0 nan -0.09548267925486459
106 286.4905836281956 549.1876809081288 0.7387553687355419 -0.5158228723773927 -0.32068863303639483 25 2175.0 6303.0 -9.498868267814037 -1.0115719823542793
107 52.98092021710091 550.8951985499496 0.382544936630101 -0.46686771677184963 -0.7078375019129347 25 2666.0 46511.0 -11.668889192673284 -0.36492032683711284
108 207.52022075347423 552.0161445651797 0.9545711377990187 -0.6566692589937781 -0.41621737505463824 25 1159.0 1977.0 -8.240016673284181 -0.15715611482424133
109 44.49196363748026 554.8340301768377 0.47572097811766173 -0.35202476515956804 -0.5772297200484747 25 2183.0 38688.0 -11.468940697951695 -0.06441234603232647
110 27.72555295346158 557.1777321102945 0.36083090333442847 -0.8336037687014702 0.08626366678404027 25 1311.0 19039.0 -10.699110334663276 -0.2158633255273552
111 760.9685369584121 557.7736935422067 0.5974412570791438 -0.17337672235912457 -0.47427610321940294 25 705.0 1813.0 -8.145994510238772 -0.08283010128511882
112 263.4054192260319 562.3935254492634 0.9409729151574121 -0.18541550477508792 -0.02854951699701498 25 1606.0 4145.0 -9.04381133721573 -0.5012275802061743
113 236.2232703707191 565.883630127939 0.43121671086925306 -0.29600080950624635 -0.5604867521794745 25 2019.0 29469.0 -11.173413496916085 -0.44575016961524894
114 466.94680523538267 569.866592736641 0.9659025108001523 0.30997267959629526 0.007682804135728784 25 1436.0 1403.0 -7.8676441775709 -0.4073448154290554
115 167.75664848663388 572.226682208783 0.7732748073645552 0.4299178061539511 0.17750420535332254 25 1296.0 4594.0 -9.155477477147517 -0.331833839635707
116 0.9569406505318975 593.058926432784 0.46231857101481844 0.21067321674221398 0.029696860925881294 25 982.0 3603.0 -8.89166065530642 -0.5354257141664994
117 205.12451596014805 595.3873771056398 0.7698053778270467 -0.03659102901976005 0.11001085637061432 25 1523.0 4312.0 -9.086696880446706 -0.5928248277648415
118 710.3668308211226 604.9248729051958 0.37439719664524534 0.5321424087938093 0.23083028625150723 25 2546.0 21712.0 -10.841749575789155 -1.354408781323184
119 32.900092076508066 608.4092064997523 0.73820575619868 -0.21216589529565635 0.23648583460703593 25 1823.0 4149.0 -9.044858587072433 -0.872381756352154
120 116.66861737658535 613.2693497707115 0.7855426592847128 -0.1393926429551797 0.12046255120547122 25 1514.0 3353.0 -8.81358388357205 -0.6132689147834881
121 212.0061021021725 636.3795349359023 0.5321551745604205 0.3716534599480205 0.24714980791411095 25 1067.0 3171.0 -8.752990605067723 -0.504668179457743
122 577.345071765313 642.0678993760831 0.5929532767594761 -0.8139141544351427 -0.13866999301366179 25 2001.0 7996.0 -9.757181963615198 -0.9992981549620821
123 27.16327424679451 664.587255138078 0.8332812329555744 0.38239321377623514 0.4489858326171132 25 1007.0 2286.0 -8.397690565148157 -0.13959998603831106
124 625.6645955632771 676.9479357567958 0.8302619275965623 0.06703110433378344 -0.8034091361885398 25 1684.0 6757.0 -9.574384797312437 -0.4699702754388288
125 13.09154952464767 677.4770105939429 0.7611530210434851 0.010043221364761806 0.42964312374693797 25 1707.0 5742.0 -9.397657970401218 -0.6465177810273476
126 159.6246880012849 679.550176210907 0.782924940853884 -0.26891844862652625 0.292755509586063 25 1827.0 7405.0 -9.673812657143069 -0.6772810220642655
127 10.222985320771878 686.2765645082853 0.5797828957953467 0.47706529524920205 0.02515765016577424 25 1006.0 2035.0 -8.271411033903096 -0.399628453581328
128 730.2612045096859 685.9238419237836 0.4714802168402314 0.9057415633438548 0.2522389877069343 25 1765.0 11039.0 -10.107324333357898 -0.9269169920713128
129 69.72233526204587 691.0064603810479 0.9992785259735703 0.0746228934555396 0.5140005203848694 25 1081.0 2039.0 -8.27354306444535 -0.04371370991348729
130 422.86746234136166 708.9835295141038 0.9890847184971996 0.2553981277443915 0.10991013865783648 25 1148.0 183.0 -5.6561277243260735 -0.19433743537223477
131 92.84235508457887 713.4400361963822 0.4189720424260711 -0.004272502463571655 -0.7056847659847912 25 2821.0 45176.0 -11.637269436822058 -0.5788531531358666
132 239.6389235290121 713.736763258403 0.9233788115002087 -0.31676661749406554 0.008937331888237296 25 1088.0 2409.0 -8.45459199999586 -0.08706617918488431
133 104.84690623646738 717.2116059243566 0.5630791080102645 0.071460176165118 -0.48580825885674583 25 1535.0 4785.0 -9.199704855282157 -0.8023488764318749
134 82.0758910937346 718.1107724223627 0.5271348640211353 -0.4496140822090097 0.0011994639396153547 25 2453.0 34645.0 -11.349101414173571 -0.5970667770358276
135 355.5285425724403 722.6241235295033 1.115882462889055 0.0336016242539752 -0.20038237236721168 25 1389.0 2915.0 -8.661596397737583 -0.1753557456591518
136 76.45851752462616 725.7183234776767 0.8646378970712452 0.2686541546877631 -0.3043334617879661 25 1832.0 3994.0 -9.003520151336708 -0.6869162787301193
137 514.4123238809393 727.1743775791348 0.6263261498659232 0.2593346458338765 -0.04475716402504179 25 1036.0 4434.0 -9.116989221946174 -0.29936061192756724
138 1.9996870094118524 733.046612739971 0.32862630086885647 -0.8079752556664652 -0.2232211360237107 25 1237.0 17599.0 -10.613719978225674 -0.2532354118323019
139 30.48148311143985 734.6731523718508 0.4047483986686415 0.7631137190471865 0.052031267078239164 25 3324.0 58318.0 -11.914506553884465 -0.6119785718634214
140 17.752285460040184 739.4818273453585 0.4829033548060476 0.18622225843730505 0.20081102914852086 25 3102.0 49035.0 -11.726265449090125 -0.5889094493231208
141 579.0546215767442 754.0847527031192 1.2772463779572647 0.19903679343051126 -0.01600946137809763 25 1532.0 2199.0 -8.355563073401976 -0.16942227941548718
142 458.19046827961057 755.1417123585201 0.8470676614048345 -0.7908726059626005 -0.21949518183398647 25 1184.0 5243.0 -9.298949644284308 -0.11683820181604143
143 70.93679539644872 763.2988467855135 1.2492397043398225 0.09807813594551147 -0.13751451605793083 25 1297.0 362.0 -6.396771426332915 -0.09998294071307472
144 278.1691567160995 763.6514615252131 0.8528842422475423 0.43202722461590076 0.27712755675688383 25 1347.0 3312.0 -8.800225820282106 -0.29872556588378996
145 161.18120579299318 765.2233381702267 1.1561332541636389 0.19697792505249662 -0.019214841060710728 25 1373.0 2262.0 -8.386231501473592 -0.15840861681324622
146 433.1731277288081 770.8379008953331 0.7420136985165791 0.19835479030255318 0.3819930401512459 25 758.0 629.0 -6.996626613613173 -0.010916753605042058
147 341.20874869546896 786.0057882234136 0.7212564743176755 0.02146807402422039 -0.14505834057590986 25 2080.0 6040.0 -9.45259234655283 -0.9386347220348756
148 315.6671107657749 788.2228283731804 0.9492005409204011 0.3986759586195962 0.12358939237304882 25 1045.0 831.0 -7.299002559460277 -0.07817572028034708
149 102.65836907754692 792.7782740928789 0.6717098438253906 0.22320454145142263 0.43058985201173255 25 1733.0 7099.0 -9.627992940435401 -0.730564332936744
150 44.63584979630841 799.5444753291013 0.5612190301711446 0.09269273352690373 0.3823422902930946 25 983.0 4879.0 -9.220827045280664 -0.2123694700779954
151 701.7102772765522 807.8658527693713 0.39719233467470577 -0.44299467387466485 -0.7604162179531597 25 2366.0 38042.0 -11.450658353085302 -0.461176331528489
152 651.3072892198951 813.9408226999836 0.9205973409463734 -0.20808653079820313 0.04204959221667314 25 1509.0 4217.0 -9.062509002537158 -0.41067742111290384
153 690.2851799953465 813.7703767156141 0.3940657185554195 -0.6378216771982091 0.1282133407603397 25 2508.0 40805.0 -11.526783455479876 -0.40491518198072396
154 346.12645319308643 821.3166535311765 0.8535038589994018 -0.4099289039595067 0.3018110031122881 25 1049.0 2481.0 -8.486566910680523 -0.061544594025594306
155 84.45332999961428 826.4125256218487 0.3588980621598465 0.44016144873385743 -0.18682603379171517 25 3236.0 55783.0 -11.866254667098772 -0.7103277506286526
156 72.1141073581277 831.1677634193339 0.36424465259987976 -0.06719304074328723 0.37409916858749226 25 3321.0 60686.0 -11.957721281888231 -0.49594756611115376
157 37.17493805960842 832.8479067903216 1.0354573800179754 0.01213037347852066 -0.1349329171211666 25 1331.0 2161.0 -8.336636917208104 -0.20891199927490367
158 79.65281346062241 832.041942027201 0.3046778824417095 -0.509367607078093 -0.7181317464087404 25 3256.0 57694.0 -11.902826625507066 -0.7161284186436773
