test_CNN/outputs/tables/03251_a22538m0s0_sources.ecsv
# %ECSV 1.0
# ---
# datatype:
# - {name: id, datatype: int64}
# - {name: x_centroid, datatype: float64}
# - {name: y_centroid, datatype: float64}
# - {name: sharpness, datatype: float64}
# - {name: roundness1, datatype: float64}
# - {name: roundness2, datatype: float64}
# - {name: n_pixels, datatype: int64}
# - {name: peak, datatype: float64}
# - {name: flux, datatype: float64}
# - {name: mag, datatype: float64}
# - {name: daofind_mag, datatype: float64}
# meta: !!omap
# - {date: '2026-06-03 17:12:11 Eastern Daylight Time'}
# - version: {Python: 3.11.15, astropy: 7.2.0, bottleneck: 1.6.0, gwcs: 1.0.3, matplotlib: 3.10.9, numpy: 2.4.6, photutils: 3.0.0, scipy: 1.17.1,
#     skimage: 0.26.0}
# schema: astropy-2.0
id x_centroid y_centroid sharpness roundness1 roundness2 n_pixels peak flux mag daofind_mag
1 310.94185460557355 5.575133461065863 0.352373400601913 -0.4312032405227111 -0.8233721947167422 25 1894.0 31240.0 -11.236777563013156 -0.1878588353277746
2 605.1950393785838 7.26886972458471 0.43246200336673574 -0.2986989488311245 -0.36119976053216946 25 2477.0 45489.0 -11.644765974232755 -0.1681403386675696
3 609.7477179717504 5.499209269574681 0.39561503071826715 0.23201668852015173 -0.8303807412281202 25 2292.0 36925.0 -11.418301259959968 -0.37595170363179686
4 302.02301133850955 10.00925029899598 0.4626918690584007 -0.9872178469538857 -0.3839254639484365 25 1647.0 25410.0 -11.012511662625924 -0.07279021339992182
5 599.6411376333972 10.81762878293166 0.44678640103210343 -0.3096487375638079 0.03605706101895247 25 2153.0 33223.0 -11.303597115488579 -0.35744202099799116
6 738.1153453453995 16.362644414207672 0.6761480855465196 0.5731978071472396 0.6164405215702723 25 931.0 2295.0 -8.4019567246832 -0.16936248980795965
7 187.07262222613463 75.80151006365269 0.35493562079024193 -0.42890237345827553 -0.7151307882866056 25 2385.0 44241.0 -11.614562337421848 -0.22831258424804557
8 19.99330562518635 78.01306375507615 0.8695791055905878 -0.1961351775099426 -0.13438808107161454 25 1383.0 2658.0 -8.561387441516784 -0.4186818584996441
9 223.1371040866323 87.67671725522612 0.7496368612404696 0.3810757525376085 -0.005264459419506738 25 1207.0 -504.0 nan -0.5619894329590123
10 113.91508961885297 94.42187942926851 0.48143469239357656 -0.8436264322145598 0.7032979977143756 25 3091.0 55744.0 -11.865495322478877 -0.45668075992969537
11 793.4264009742584 103.41886174935512 0.518591264935647 -0.43162130381574493 -0.5695446628216624 25 2788.0 53933.0 -11.829636446011008 -0.01084099774773234
12 801.4827057570598 101.65208152321088 0.4249397501609884 0.1466424179109482 -0.6986900023915026 25 2487.0 39674.0 -11.496264972470483 -0.518421518962195
13 787.4681007074433 107.5173084607021 0.4207552052737029 -0.358436899183655 0.2593422378581655 25 2820.0 47802.0 -11.698615168873028 -0.5150349145049559
14 654.2189585518796 131.75434393103075 0.30085182781622183 0.2873151745302178 -0.1146887473735594 25 1301.0 10072.0 -10.007789292749516 -0.7457774776620946
15 48.51609915282617 135.5896771424769 0.5167135976120714 0.4163089271006909 -0.8486109304779093 25 2456.0 38412.0 -11.461167300479394 -0.43696379957551357
16 34.747239172887475 139.85669696547183 0.5668592415233454 -0.5760310806077801 -0.05930024887010757 25 2678.0 41797.0 -11.552862777990091 -0.31799161961255384
17 787.1276248005129 159.6376277433598 0.45507792159576216 -0.3496281383168682 -0.9158524405775849 25 2093.0 33200.0 -11.302845209260092 -0.19571672156046802
18 777.3287077262469 165.45750206934397 0.5297354445761026 -0.33543053230827874 -0.3794615031266927 25 1777.0 26732.0 -11.067578631129141 -0.10201023515703675
19 189.62254273543869 171.96119379691888 0.8078691923919439 0.036058924936819385 -0.3416279195825009 25 2408.0 6398.0 -9.51511058937022 -1.0052337701036047
20 832.7285766166547 174.76198537858633 0.3130262826125996 0.3207257796174737 0.5386780924252085 25 1502.0 22355.0 -10.873436685510127 -0.24199057183424297
21 775.9389713831198 187.85726957512705 0.34611694238473145 0.11196809215231802 -0.32051700502872593 25 1868.0 28932.0 -11.153446141062698 -0.41267082117143494
22 764.3314518436925 193.8499680336463 0.4161922279891236 -0.7257781339048233 0.012270099525859906 25 1749.0 28429.0 -11.134403958747734 -0.048949574342968635
23 319.9499566376259 204.4617058241817 0.7604950347607984 0.4761084774405778 -0.40653381757878504 25 933.0 4304.0 -9.084680656645832 -0.0805451368593648
24 513.5160775237654 209.84024217618477 0.5225821462590045 -0.6448593386552526 -0.32493013415157834 25 578.0 102.0 -5.021500429404794 -0.09016239729121349
25 747.0391989422702 226.35805446200987 0.9877994968205955 0.3886366182571874 0.7185901437856238 25 1122.0 835.0 -7.304216188709005 -0.16762247327761853
26 158.58704177667119 230.97571906713068 0.38898733800927665 0.730316860351942 -0.42316962452877954 25 3103.0 53367.0 -11.818181974590686 -0.6210663208305395
27 147.4735924353165 235.40098170061592 0.35198594923447923 -0.9894161346771211 0.18828282793550177 25 3058.0 57940.0 -11.907446227169359 -0.4638076605417164
28 649.7902067936668 234.20894088384347 0.7486353075508364 -0.4436665965209253 -0.17028197165187314 25 1083.0 810.0 -7.271212547196625 -0.3445942697840138
29 619.0191467600941 264.1391266157862 1.1710673972399388 -0.4733144802494635 -0.1390608207941615 25 1224.0 1315.0 -7.797314382064442 -0.06307440624602673
30 464.92850253814487 288.18221729502307 0.9108237827148055 -0.06044294254867118 -0.45527692893464206 25 1185.0 1990.0 -8.247132691024268 -0.18961304605309426
31 528.9128791307161 304.0123948118335 1.060739048404461 0.05442490542209571 0.19987890925074048 25 1317.0 5140.0 -9.27740779748819 -0.04126952357256678
32 323.457054434168 324.1119583972203 0.40111712874086464 -0.1841306615212214 0.0373198513980701 25 469.0 647.0 -7.027260701671752 -0.03906886710464111
33 722.3778452407132 345.85417194036944 0.4418057599040863 0.4699723033355197 -0.4250252342452313 25 2785.0 46191.0 -11.661393411233426 -0.5425499867223947
34 709.5955771833411 352.555173674076 0.4776996891220366 -0.4165612777237578 0.9264928313346888 25 3052.0 54152.0 -11.834036252723006 -0.42310800336193755
35 271.22421979436376 367.0754082778819 1.0496217621641537 0.046621535391343276 0.11246714319475931 25 1077.0 -53.0 nan -0.08328113506866498
36 293.9215234625778 368.5436287136048 1.0263138162908496 0.41239568004177857 0.3936539740120272 25 1039.0 -815.0 nan -0.07526011613121288
37 422.4130653094973 391.3460895948 0.34465345469729314 0.6776693424037995 -0.22907564922077614 25 3082.0 56022.0 -11.870896522976246 -0.5279673106532481
38 409.3843704619411 396.9604490807646 0.4193557236221762 -0.4370348440703237 0.672544687345133 25 3046.0 52259.0 -11.795402737615415 -0.5837173043494955
39 786.0754745806989 404.8140604544405 0.40725299885068966 -0.47290738825263035 -0.43896643196091556 25 2142.0 36026.0 -11.391540111706346 -0.21726693344136733
40 780.4464585575855 406.8230393838445 0.43248064493615485 -0.22404952877661855 -0.4414381394630166 25 2453.0 46358.0 -11.665311727865431 -0.08812013037617494
41 774.6990373720322 410.60947890047345 0.4481506161307013 -0.6919582118045614 -0.12842203510708725 25 1850.0 30618.0 -11.21494204678969 -0.00929661999107799
42 392.01791424489625 414.68299254186644 0.9076126674978025 0.24537173494611764 0.1557820150238386 25 1411.0 2391.0 -8.446448940289438 -0.3813331078380803
43 471.9775213795276 426.8838144411044 1.2111047969474085 0.17379037072106887 -0.053562347479288154 25 1878.0 1300.0 -7.784858380767092 -0.4861615880134844
44 228.705042623261 433.53070699880175 0.8195545810607292 -0.8614796115378563 -0.040409273309651 25 1276.0 4928.0 -9.231676747890923 -0.25740300903293256
45 201.00276142724428 442.69149394741004 1.00750763497584 0.44942616699913096 0.09242332119475243 25 1638.0 1509.0 -7.946723099438975 -0.5153123887709115
46 826.0918096037343 449.25890902556154 0.8100385261896272 0.1683297522578248 0.4070011544155673 25 1143.0 4513.0 -9.136163333800365 -0.1502290907936287
47 459.5735674368973 470.9271039559197 0.41089007759047474 -0.8651983107128541 0.6604497809434322 25 3074.0 55101.0 -11.852898701781957 -0.5753244983202389
48 669.8254911574238 485.560817504832 0.37417127364027464 -0.15984603026544772 -0.6739508627998638 25 1975.0 30300.0 -11.203606571255762 -0.4252643009675569
49 83.17315637219585 490.1849091529747 0.6939958526802044 -0.4409098288893628 0.5347663250772174 25 1354.0 5566.0 -9.36385800499506 -0.430079823104543
50 656.9146998420407 491.365551088379 0.4121326420580533 -0.7452676635575732 -0.012459942804008297 25 1766.0 27979.0 -11.117080470685906 -0.17824788198778532
51 12.488499279731228 512.8894059207971 0.6817006687163449 0.4279371542044601 -0.146795974376741 25 894.0 2458.0 -8.476454696376088 -0.138235674755161
52 806.0097961258739 521.8178703226981 1.2992773660478303 0.7500259657820479 0.17780081265463366 25 1584.0 5039.0 -9.255860895889422 -0.048024966738222444
53 368.3888922049475 546.5042348380541 0.6240772826354607 0.19651814364782755 0.06446378215478844 25 1313.0 5143.0 -9.278041310802724 -0.5706575181067992
54 303.40567903620297 547.8978704394978 0.893142861443581 -0.30264907631006077 -0.024586469562335754 25 1409.0 10125.0 -10.013487579716765 -0.07266357998174335
55 48.76755441765445 551.5501496169053 0.39752770458766395 0.23130889691003248 -0.8218395867021207 25 2743.0 54173.0 -11.834457216684891 -0.06565845210904886
56 54.822182051507944 550.7810417901227 0.4405419936426937 -0.004809564250490437 -0.5787979620276588 25 2329.0 37194.0 -11.426182216838043 -0.3443308655796898
57 570.180705340889 557.8137694673508 0.5728821316695506 0.2657640282611957 -0.38334305841247873 25 1702.0 10933.0 -10.096848370261872 -0.7827889997232975
58 236.52803699324045 565.4649375630268 0.4997736617761505 -0.6848265336904724 -0.8887565444044251 25 2099.0 33601.0 -11.315880506571286 -0.0796169018206231
59 225.59459927588517 570.2968573053288 0.3733802135831008 -0.6989640109862439 -0.3251673814399064 25 1763.0 29258.0 -11.165611588935775 -0.16596442043870124
60 365.57749008083874 575.1541587036694 0.5317809435813776 0.41692471434187534 -0.089337090183379 25 1691.0 12119.0 -10.208666963684719 -0.7137981988485075
61 158.12121229101274 579.0898538185436 0.9203683713130247 0.2187871276412814 0.3088201323590028 25 1178.0 1268.0 -7.757798133864284 -0.27185091026625546
62 91.59056872648836 587.8537161808994 0.6888762203570448 -0.502463172326452 -0.8473353950124923 25 869.0 3746.0 -8.933919432598046 -0.057756910802665144
63 820.7993427395141 604.0015309331806 0.9973538716141227 -0.1857108281062787 0.17809834792278303 25 1473.0 2129.0 -8.320439153595807 -0.36469668790486637
64 92.32008206160512 607.1856823338229 0.6028895494031598 0.11311157828024748 -0.11824303943857409 25 2291.0 10913.0 -10.094860388007747 -1.092511277823668
65 312.1103386622313 617.1034662194634 0.8241779168166934 0.20273295595922083 0.08488125157421371 25 1834.0 5095.0 -9.267860470856114 -0.7273122279613807
66 624.7534713937072 626.4387757014186 0.42703941071472773 -0.8141532571538049 0.1156148355092656 25 729.0 4488.0 -9.130132120620262 -0.13513480298046898
67 497.0462871786939 635.1179809251909 1.143047438810769 -0.28501092748529244 -0.2707267162328705 25 1176.0 1663.0 -8.052230623048798 -0.044775946000513975
68 14.03578076982429 656.4509738367685 0.9489838840800607 -0.5614019422836014 -0.19466119314502822 25 1100.0 1780.0 -8.126050005772235 -0.09236569269974217
69 163.53626066448874 699.4007660056441 0.5719816532671232 -0.6132674818072363 0.10379828390952583 25 2017.0 10818.0 -10.085367442765115 -0.9605919355652857
70 450.9467059095508 702.3892922552197 0.7314518604660452 0.33796189459764836 0.15295003274068847 25 1178.0 4037.0 -9.015146873525786 -0.3426574602362151
71 414.2974440795412 711.197093255614 0.7111301267093542 -0.08092443071375362 0.14119270835860637 25 2131.0 8049.0 -9.764354818479005 -0.9767658816544428
72 87.56371636816027 714.3889221420452 0.39721271496178523 0.021133691375963805 -0.5023679238727893 25 2595.0 49786.0 -11.742768086942338 -0.148776385938725
73 94.09708939807857 713.3143895876216 0.3965260234667394 0.2431089623274774 -0.7809476950106276 25 2616.0 42369.0 -11.567620534583131 -0.5652490658228506
74 82.06647696098658 718.1169406908855 0.33050763447747106 -0.5001623596026041 -0.2119524209086105 25 2394.0 45479.0 -11.644527266949062 -0.23242183016712933
75 662.2454316917858 720.7749341284803 0.9683029052726322 0.37876316608909544 -0.26226233820730516 25 1097.0 3471.0 -8.85113653417853 -0.02827714413195189
76 26.688115278489846 722.6791652912214 0.8185477733368925 0.3752217874668902 0.23126669708070388 25 1228.0 4224.0 -9.06430977381439 -0.212260742378414
77 1.584057253874811 724.4105758657116 0.3231590387451878 -0.786255527654833 0.29233031787169317 25 1303.0 19789.0 -10.741059621259442 -0.15561035960716088
78 31.179160784044658 734.7797286283151 0.40863772530537174 0.7407207191131475 -0.2806276415527075 25 3060.0 53503.0 -11.820945335750157 -0.5760308528744071
79 17.191513309258035 739.7446064036404 0.47817794934525093 -0.45211801043958566 0.24368113566334537 25 2846.0 47103.0 -11.682621420792218 -0.555414973266176
80 530.7703433752566 747.4725236575285 0.5422553937744948 0.21629410848770897 0.3300541645945674 25 747.0 4267.0 -9.07530660714828 -0.051006508285737565
81 8.896828748445758 757.6209463936233 0.37111967220121805 0.3515138259210273 0.2711099370753118 25 533.0 1164.0 -7.664882450784675 -0.08717778144983097
82 565.8541497572563 773.260279294395 0.7360137765875868 -0.0826925148041616 -0.1320055310505162 25 1288.0 4825.0 -9.208743294199529 -0.4229246403011976
83 117.94709915714817 781.3575509450901 0.5918953598878645 0.29631522450247083 0.7881306341117987 25 1056.0 5146.0 -9.278674454685818 -0.334177334807112
84 182.239859331677 786.072558712945 0.4200350930529525 0.6514445554908105 -0.14274797092718855 25 1206.0 9383.0 -9.93085429081437 -0.6090494897175603
85 385.9454892625436 790.0595201511466 1.0584273839578455 0.02082015044026866 0.10903965065559386 25 1385.0 3190.0 -8.759476707642953 -0.24032985248175878
86 651.9048196396037 794.5876015183355 0.639831284132385 0.24357801835515488 0.02974730166564502 25 1096.0 4998.0 -9.246990629476079 -0.3285835486479136
87 703.0302222658404 807.7686830970503 0.38567068251154063 0.0009038972928761097 -0.7602020545881076 25 2171.0 34038.0 -11.329910084870864 -0.4209746437882012
88 696.827149873481 809.2375449245168 0.3939726592241313 -0.4498227122257538 -0.755027634036949 25 2790.0 55060.0 -11.85209051764328 -0.051509891817515564
89 689.3906376015577 813.7833969963606 0.3461584394271332 -0.6331518794280772 -0.24720583128784074 25 2159.0 38260.0 -11.456862414228192 -0.23651366639123023
90 396.8679092703139 820.9650040904907 0.9673859090882825 0.045718511423366574 -0.010127415326017339 25 2026.0 4284.0 -9.079623655399544 -0.7296814475294222
91 85.08096563896507 826.527612490015 0.3866833726457118 0.6639265407007537 -0.5031154108278344 25 2982.0 51141.0 -11.771923039683154 -0.6094257995439749
92 699.6343058176221 826.5965030284306 0.8782534652629226 -0.14886117477952748 0.21523100899108535 25 1465.0 5193.0 -9.28854580648764 -0.4041738622327445
93 71.71277941147147 831.4826874928762 0.39507014399369483 -0.793841667930602 0.2700504712111091 25 2859.0 50809.0 -11.76485161851193 -0.5594544714304424
94 79.61594084815898 832.0755103789354 0.2862186458345087 -0.7067789893701801 -0.9277318378560786 25 2981.0 54681.0 -11.84459112074306 -0.5541104177459751
