test_CNN/outputs/tables/03259_a22548m0s0_sources.ecsv
# %ECSV 1.0
# ---
# datatype:
# - {name: id, datatype: int64}
# - {name: x_centroid, datatype: float64}
# - {name: y_centroid, datatype: float64}
# - {name: sharpness, datatype: float64}
# - {name: roundness1, datatype: float64}
# - {name: roundness2, datatype: float64}
# - {name: n_pixels, datatype: int64}
# - {name: peak, datatype: float64}
# - {name: flux, datatype: float64}
# - {name: mag, datatype: float64}
# - {name: daofind_mag, datatype: float64}
# meta: !!omap
# - {date: '2026-06-03 17:12:14 Eastern Daylight Time'}
# - version: {Python: 3.11.15, astropy: 7.2.0, bottleneck: 1.6.0, gwcs: 1.0.3, matplotlib: 3.10.9, numpy: 2.4.6, photutils: 3.0.0, scipy: 1.17.1,
#     skimage: 0.26.0}
# schema: astropy-2.0
id x_centroid y_centroid sharpness roundness1 roundness2 n_pixels peak flux mag daofind_mag
1 609.5819712919607 6.0245457219064695 0.47814850487088206 0.006315294476742565 -0.27604369370645343 25 2953.0 40428.0 -11.516705642571862 -0.6350547375124738
2 302.8149879241596 10.073215675282837 0.43273156269562296 -0.5202635896296399 -0.30282937110366864 25 2463.0 34066.0 -11.330802855205826 -0.5572526640948569
3 600.5763880242519 10.611289050013568 0.4692837303583261 -0.5485936408789471 -0.08048403919168534 25 2964.0 40910.0 -11.529573698745935 -0.6220351873235557
4 821.0308753621918 25.99786942253878 0.32857330252804506 -0.9993747163710478 -0.22567895708563043 25 1771.0 28592.0 -11.140611337903923 -0.10847780214782095
5 537.8681112891255 30.91005712074261 0.48883152016827436 -0.6910611576770945 -0.4289597363806383 25 1733.0 21424.0 -10.827251399169835 -0.2174266984533063
6 351.81115711479475 33.12079003060743 0.527493215661413 -0.8583606765804213 -0.41235698554885564 25 1834.0 22494.0 -10.880166727012986 -0.266694097599955
7 93.77911587912838 34.3613538743213 0.9143682186807854 0.2547811400733774 0.5765199749568201 25 1302.0 2884.0 -8.649988140118479 -0.06348748714491056
8 530.118722771878 34.99137702214217 0.43853218743758154 -0.8499367110295364 -0.7711122366310694 25 1747.0 22212.0 -10.866469162001323 -0.33391751262665276
9 343.9944028858315 36.69738189897466 0.3588842273973929 -0.9074381296550521 -0.49369283457378627 25 2199.0 34079.0 -11.331217106312527 -0.32742853634712327
10 0.2598861068338051 48.26575703769603 0.9312313320868053 0.16960039720236567 0.1479480067665662 25 1856.0 4650.0 -9.168632382224885 -0.4322357958810183
11 190.1669732096146 75.31331886063207 0.44031733842860876 -0.25161764677748294 -0.5979385899157525 25 2106.0 29952.0 -11.191064567645029 -0.25212446177192255
12 182.43811391499722 78.96009156167258 0.44269209110670593 -0.5941028655402247 -0.4515928306115536 25 2125.0 30401.0 -11.207219673441216 -0.26355873464663804
13 124.67035472453841 89.2568008934892 0.369540379700149 0.9394422758360638 -0.5523319987038726 25 3608.0 66562.0 -12.058065907001529 -0.47373555308557386
14 114.68077817771636 93.73269614319234 0.4573019328518755 -0.7265190160482982 0.6753427310412997 25 3457.0 61053.0 -11.964267522521864 -0.41515944455483184
15 541.7101450661628 99.06898510874028 0.7396959035680658 -0.3404680755734281 -0.3336256541462284 25 2639.0 6878.0 -9.593655428714987 -0.9978836650771941
16 800.5741236246449 102.23172556946754 0.4449271817604583 0.31318447665782506 -0.48955123550935686 25 3083.0 44802.0 -11.628243504279748 -0.7210199492764389
17 788.2143006127724 107.2857574311866 0.4252751310497984 -0.18233220606101067 0.0855598696103348 25 3231.0 48877.0 -11.722761354203806 -0.6028618577869842
18 44.817205510405 135.9529130748714 0.40543530170189257 0.3469675213901373 -0.3535868671689811 25 3276.0 52925.0 -11.809152166728625 -0.5190648328694011
19 35.72859705924306 139.68472984866827 0.44957585326151217 -0.23407171501599616 0.08381295826965073 25 3083.0 48249.0 -11.70872079166158 -0.4720532802623286
20 476.1915143997446 154.54908695790618 0.8146754777214261 0.5315467210555018 0.236762277252084 25 1177.0 1464.0 -7.913852691805933 -0.13223604973234213
21 777.9581355126189 164.87948403372994 0.3727098752767034 -0.7980932485926526 -0.27939884318136493 25 2923.0 45928.0 -11.655193834648907 -0.578177234446394
22 49.94028403245241 173.77268113042132 0.5396967822259213 0.3217767593019956 0.028975586017726002 25 1026.0 3669.0 -8.91136927938987 -0.261999601022078
23 832.7569208475712 174.90803858522608 0.3358223590354499 -0.21199275028717832 0.27724308320437047 25 1853.0 23914.0 -10.94663056227125 -0.35908943621552886
24 615.6433272841464 175.91717696408975 0.8784399644293579 0.7804536085834939 -0.23898104653989877 25 2079.0 3591.0 -8.888038512815182 -0.6607518221177898
25 774.9582668448088 188.42661311565158 0.380613971159226 -0.4300132400507915 -0.3914311690595491 25 2703.0 42176.0 -11.562663471444743 -0.3759227427998819
26 766.0386387506691 193.55023527663917 0.42263430533905405 -0.10321728558845565 -0.21671141019569448 25 2461.0 36496.0 -11.405613169831435 -0.48761119738703596
27 793.2772630127632 198.44332505832554 0.5803406127849117 0.759600793711533 0.12717340083146986 25 2354.0 37306.0 -11.429446714731826 -0.10528554909591266
28 73.10172932851432 204.22733223216017 0.9443293235016463 0.38621331020373173 0.3946888932734535 25 1137.0 -1175.0 nan -0.08853128325383847
29 160.67673918299784 231.66718391120224 0.48041109116790826 0.32253239085082375 -0.4554972661708118 25 2977.0 43424.0 -11.594324564949108 -0.6767327807094139
30 147.81646302599341 235.65228122510317 0.4473819887187302 0.03774002063058768 0.4186341456118463 25 3324.0 53285.0 -11.816512425283907 -0.6360336312662926
31 394.4606888582399 240.70083196336807 0.3942360874737374 -0.9158477996220998 -0.7148194128217428 25 1568.0 20093.0 -10.757611960608413 -0.20610555727838442
32 507.0129302762846 239.68880466274777 0.29514807631535234 0.2264041433488885 -0.4442469679535447 25 939.0 9946.0 -9.994121137240516 -0.2496331206719775
33 385.3650238692042 244.72220931686812 0.3559318140236378 -0.5860627430735754 -0.17924835752266385 25 1428.0 19677.0 -10.734897214054245 -0.13334741178281043
34 573.9882488496289 261.2090168047209 0.7145270837231398 -0.12429802245505207 -0.33817351363972203 25 1494.0 13093.0 -10.292597919694197 -0.036196544694851195
35 811.8252027694615 263.0033707035156 1.059166790197378 -0.5547507367393908 -0.26057515425922867 25 1626.0 1313.0 -7.795661815223697 -0.2531011558332175
36 619.2907003714979 269.2184153269021 0.4787367755153119 -0.5450357322969689 -0.6663213813048448 25 1573.0 19626.0 -10.732079486271564 -0.12263867959779988
37 305.8339535744578 276.85502199628576 0.3776396465427724 -0.40251318809461034 -0.480264568385107 25 2604.0 46689.0 -11.673036430429242 -0.09505834260708239
38 602.6502024055924 277.2151213529419 0.4368190255227309 -0.5516361244597372 -0.4172752303262384 25 1904.0 26871.0 -11.073209572335312 -0.2539080710993659
39 441.21153547694 296.18401772189907 1.2706933875156574 -0.19373945988032873 0.020133098905678822 25 1703.0 843.0 -7.314568936561856 -0.14037748541154096
40 296.8881049836271 297.6488865524396 0.45333724656720253 -0.9454692523806446 -0.34929350846558854 25 1897.0 26145.0 -11.043471615414187 -0.1962229264583492
41 721.8853688112068 346.39920127895437 0.43433925525475475 0.7481969379061922 0.04905084156663185 25 3269.0 53426.0 -11.8193816495244 -0.612461191105343
42 712.2562078843329 351.3896858921001 0.4610629628872559 -0.9161024264553318 0.2585818272056123 25 3201.0 56191.0 -11.874166902653045 -0.442135034538336
43 606.8767590160609 364.75604129881367 0.8403116212095185 0.3467544295818666 0.4596123900733231 25 1066.0 2089.0 -8.299846099950772 -0.011532845694446896
44 421.29245583824263 391.8811310540354 0.4409814660272816 0.6092210402095022 -0.16987214427195982 25 3318.0 51568.0 -11.780950720420648 -0.6064052493674807
45 410.1220474465259 396.54583914281636 0.38543336342534223 0.3266873767869468 0.4695122983683236 25 3442.0 56198.0 -11.874302149936021 -0.5404108861266272
46 615.734303217074 401.6177473056295 0.5152542909304275 -0.9686146477125332 -0.41945224229197187 25 1812.0 22740.0 -10.891976150879291 -0.2041283464708632
47 785.1839861919165 405.11705862520967 0.4123244540102183 -0.30131089028201885 -0.6788630863545793 25 2619.0 38075.0 -11.451599780020201 -0.471501558628171
48 775.7016482084174 410.3426550565383 0.3300242325007953 -0.7031373975780548 -0.333445915382725 25 2510.0 40148.0 -11.5091597886944 -0.5077429026100773
49 832.5663148466027 431.5813600306633 0.44258255050879025 -0.33470035603161385 0.27061543272317756 25 1595.0 21517.0 -10.831954299657287 -0.06830053662967285
50 823.9767617367913 435.77431944090057 0.41957689225333394 -0.6959410185485778 -0.202558535527238 25 1381.0 17637.0 -10.61606178727186 -0.12383112278732586
51 401.094584453607 440.96470648407694 0.5215576090048326 -0.7114210247470234 -0.23584777111505031 25 1521.0 18632.0 -10.675648688816562 -0.08623192434893694
52 67.08958814823576 451.99143671507414 0.4421407708722029 -0.17192712462269463 -0.8068001322529708 25 1423.0 16899.0 -10.569652514887533 -0.11153311501917335
53 471.87155731487104 465.36170282596754 0.41719919150721724 0.7855083864671333 -0.27190643667290915 25 3480.0 55300.0 -11.856812828261745 -0.6500741892432004
54 746.6204534258607 465.78814466294796 0.4053049647396064 -0.5219938610710496 -0.5286490351896513 25 2121.0 31133.0 -11.233052429129213 -0.2489455595586955
55 344.61148425889144 468.4710623360595 0.4426146440692986 -0.8371130012126372 -0.3564188084731991 25 2279.0 33114.0 -11.300029111122267 -0.37168657587752807
56 460.4619055049701 470.5554030440342 0.42078289779498246 -0.5755033217039601 0.7999471586983239 25 3485.0 59156.0 -11.929997000674444 -0.6087246617399693
57 736.2385497674666 470.78862689696786 0.45054610572741816 -0.655419028721652 -0.30678913705941874 25 2261.0 31829.0 -11.257057485548412 -0.3316816655734956
58 668.8843328756162 486.17079133071 0.450188226391287 -0.822243534531354 -0.615512990625334 25 2883.0 42134.0 -11.561581727301176 -0.46408614158946027
59 658.7713603086324 491.34025245096376 0.42766637016762205 -0.36053706575619576 -0.08770090212664701 25 2316.0 31886.0 -11.259000104403663 -0.44845648580846914
60 238.89276945501868 508.67732368200075 0.3331868085592567 -0.7060132179054596 -0.22138822987801782 25 1378.0 19744.0 -10.73858785588287 -0.0518707934232282
61 355.71888143983955 508.7886407105988 0.41835905044793675 -0.45703691341817787 -0.9590971854774507 25 2414.0 36943.0 -11.418830399833052 -0.38874451458049175
62 346.9091248309044 512.9943955799762 0.3700507666179426 -0.7072618877986808 -0.06116109010703158 25 2516.0 45808.0 -11.65235332669381 -0.08864852890521244
63 56.51104966392561 551.1388304512628 0.4090368257787272 -0.1610943991209769 -0.986691341513868 25 2385.0 36610.0 -11.408999322203828 -0.34751629775326726
64 43.95187619842345 554.6584354934482 0.5098168916778222 0.30393436519536304 -0.6665860630179592 25 2847.0 46826.0 -11.676217651975877 -0.28846288650868723
65 50.23454384810904 556.6806887128896 0.4693620894501902 0.9212923452719288 0.8731558222695415 25 2792.0 48766.0 -11.720292835812465 -0.2311688925931106
66 337.26439397879227 559.4299111822955 1.052609485641828 0.3930417529523577 0.03575519893194145 25 1293.0 1205.0 -7.702467617277218 -0.06043192794785485
67 236.19654965293094 566.4920898218755 0.46732909183038374 -0.37748643456647213 -0.32595951799799566 25 2099.0 30851.0 -11.22317311439505 -0.3137929644839537
68 225.77195011715534 570.0992888192163 0.45642746407479284 -0.506529906521771 -0.2181771105938452 25 2502.0 35817.0 -11.385223017293953 -0.41039974495991843
69 466.2927889865775 580.1144405070246 0.9793765534878199 -0.006709255058474516 -0.05410190922148467 25 1465.0 2140.0 -8.326034433372978 -0.1600693073760761
70 707.8186215787085 621.5649940207685 0.4710908548903974 -0.7734234779183465 -0.23396720246326397 25 1552.0 19734.0 -10.738037809665746 -0.16205946533173188
71 801.3549544129087 645.4023707729806 0.7560762074168689 0.35312037123632445 0.3055645570261908 25 1361.0 4425.0 -9.11478318758461 -0.2396896393903104
72 606.5854458494911 671.064291724985 1.0154292613050326 -0.17076415064473688 -0.3339890165278071 25 2061.0 3570.0 -8.881670540280483 -0.5191420762533796
73 467.4622286739108 676.9184953040506 1.2160290644641722 -0.8027750239800966 -0.02403023098771119 25 1562.0 2674.0 -8.567903507314913 -0.03572701468034932
74 150.6414712332234 704.6253122692543 0.41224621866468436 -0.5165095829364128 -0.818215568389681 25 1967.0 27338.0 -11.091916847933636 -0.26216073316731314
75 140.1991185064051 708.8043357781418 0.5158371641613844 -0.20316904305498565 -0.39382259994983604 25 1630.0 21236.0 -10.817681791672797 -0.10331858995009406
76 93.2980174932817 713.7512250017942 0.4398091479332508 0.13482136535911515 -0.4929222455502966 25 3049.0 43433.0 -11.59454956986242 -0.661652293830214
77 82.03491363244274 717.772548805296 0.36326078438382753 -0.1668135832312004 -0.05952823370813477 25 3287.0 55956.0 -11.869616653755292 -0.5341534854321058
78 1.718116363528205 724.6393460229948 0.3624531458759702 -0.6438689824538031 0.18712668725335477 25 1856.0 27931.0 -11.115216212033339 -0.25068585963307366
79 30.02392304181864 735.1232977493563 0.4440966714339234 0.7173360217135746 -0.23831511186357376 25 3319.0 51034.0 -11.769649023213812 -0.7323470983960422
80 15.359192701767254 739.1987080464412 0.4683123875386215 -0.07457355999906554 -0.17579625772471322 25 3031.0 48039.0 -11.703984895921566 -0.5829743998749723
81 702.4304901817685 808.2523698866648 0.46405961054414346 0.1323400005268075 -0.4672883542931327 25 3152.0 47125.0 -11.683128408034625 -0.5461704200726343
82 667.0676463184874 815.1325792935382 0.44389238257384617 -0.5053828203604606 -0.5362888110350069 25 1677.0 22876.0 -10.898450219686586 -0.24676692981123566
83 690.372656941353 813.628201712095 0.4568032685037034 -0.5749194019368238 -0.03407696666810379 25 3010.0 43559.0 -11.597694752349668 -0.6010190072582169
84 655.3914634007677 819.9496762452958 0.48517876037550717 -0.8694036882893114 -0.3186884302516484 25 1816.0 27331.0 -11.091638805405886 -0.010213725759890449
85 84.40437469530309 826.8073445359271 0.4045286310724703 0.4448939134130859 -0.32320100837643706 25 3376.0 52256.0 -11.795340407641435 -0.7440294024703425
86 72.45327654421753 831.2721170669398 0.40658346932339856 -0.5066729540875231 0.4723533491299255 25 3382.0 57657.0 -11.90213010374386 -0.5740350788719458
87 79.61679033380136 832.0618328319056 0.28155858853450555 -0.46286375408376046 -0.4373269376473152 25 3457.0 60215.0 -11.949261726722904 -0.710125004650783
