test_CNN/outputs/tables/03252_a22540m0s0_sources.ecsv
# %ECSV 1.0
# ---
# datatype:
# - {name: id, datatype: int64}
# - {name: x_centroid, datatype: float64}
# - {name: y_centroid, datatype: float64}
# - {name: sharpness, datatype: float64}
# - {name: roundness1, datatype: float64}
# - {name: roundness2, datatype: float64}
# - {name: n_pixels, datatype: int64}
# - {name: peak, datatype: float64}
# - {name: flux, datatype: float64}
# - {name: mag, datatype: float64}
# - {name: daofind_mag, datatype: float64}
# meta: !!omap
# - {date: '2026-06-03 17:12:11 Eastern Daylight Time'}
# - version: {Python: 3.11.15, astropy: 7.2.0, bottleneck: 1.6.0, gwcs: 1.0.3, matplotlib: 3.10.9, numpy: 2.4.6, photutils: 3.0.0, scipy: 1.17.1,
#     skimage: 0.26.0}
# schema: astropy-2.0
id x_centroid y_centroid sharpness roundness1 roundness2 n_pixels peak flux mag daofind_mag
1 502.7164085679624 2.306423548317495 0.3192809812820402 -0.1408335624228169 -0.7202361323312867 25 577.0 4093.0 -9.030104361613173 -0.033910579078514434
2 609.0642474946184 5.8752350764254855 0.44803682446246423 -0.2094547863394963 -0.3714509666908053 25 2521.0 39879.0 -11.501860648677342 -0.43410916589701587
3 309.97282792396294 5.831873059188335 0.36018026835579403 -0.5195796279516929 -0.7442156735918223 25 2474.0 43324.0 -11.591821367905508 -0.37247035379308285
4 302.4958654526498 10.057390537647347 0.4172414184594554 -0.8905209444739467 -0.05021923635701269 25 1886.0 29973.0 -11.1918255342277 -0.28122396876251254
5 600.5160704147813 10.792468949040163 0.4069214277610412 -0.3850987089227321 -0.1270087619121896 25 2682.0 41156.0 -11.53608289637613 -0.662558376190901
6 363.2784749504087 20.647317270321544 0.6439020278974241 0.02890500032886167 -0.18838116759937093 25 1274.0 5868.0 -9.421225262928113 -0.3682190960778251
7 82.10481632325042 23.594835816596817 0.8349304245539593 0.7239278984599842 -0.0021161165578422944 25 1036.0 1767.0 -8.11809137376691 -0.20606073872467628
8 354.4899517856381 32.60747581009887 0.4343734049062651 -0.708781185301366 -0.8633123557471045 25 1675.0 24498.0 -10.9728265757666 -0.21144530268608575
9 533.8004811133771 32.071413775586855 0.32815823505802905 -0.6889189423340575 -0.6448527386172406 25 2328.0 43850.0 -11.604923994255147 -0.07861614813646442
10 421.9106399011058 42.995602872664655 1.1462194464490834 0.7405959375005587 -0.11590937206926352 25 1431.0 2520.0 -8.50350135195386 -0.18462400663912387
11 219.876080971854 52.69526891080946 0.8530949117567109 0.24023677613274275 -0.25073652897326654 25 1826.0 21649.0 -10.83859460108696 -0.0120058754913894
12 533.0264027704078 77.01339049467931 0.8789236228447083 0.00316385130056499 -0.1264346758771159 25 1490.0 4380.0 -9.103685276260249 -0.4611103104221919
13 183.11973637263102 79.18381400636612 0.414182873791994 -0.8348340450166561 -0.7643082181758023 25 1698.0 25697.0 -11.024706061295609 -0.2941192583207719
14 266.207848044674 80.95389663812034 0.8799831367058036 -0.1744557143287613 -0.12756627411154497 25 1519.0 3563.0 -8.879539555877539 -0.4886797650568006
15 226.39671934403455 85.18959802878078 0.9292207519888581 -0.6501214860958788 -0.27461284369858235 25 1243.0 2585.0 -8.531151368574903 -0.23091092772883925
16 460.7112618255648 86.0162914109039 0.6057122646332632 -0.20388604956686138 -0.8124803055505768 25 1119.0 11430.0 -10.145115575988203 -0.013228500377280718
17 436.69505372019324 87.04673104482305 1.12701780462109 -0.7462502946309467 0.009503775659827518 25 1214.0 2678.0 -8.569526431689976 -0.016664980272290585
18 14.926072295501946 89.87076834976338 0.8758453010351305 0.0552579424247932 -0.08676519906500475 25 1010.0 2027.0 -8.267134371732523 -0.0809536459284964
19 249.35356788249862 90.03589381900507 1.2243648208250364 0.48586056777029785 -0.16357824111596495 25 1336.0 3372.0 -8.819718914881761 -0.007880123686903238
20 114.47414059260252 94.051431218292 0.4075289376967462 -0.8100830565307175 0.886392788794077 25 3442.0 66138.0 -12.051127644493171 -0.44110317060768556
21 143.96088713300355 95.83042778620062 0.809918903429996 0.0013207003654530382 0.10081516140909468 25 1646.0 770.0 -7.216226812931205 -0.7527605888035238
22 80.84196405932032 99.16332780137066 1.1434968758663933 -0.043567245895469314 -0.08767325173657566 25 1646.0 -870.0 nan -0.46336112374460414
23 797.8197748481922 101.78877277888375 0.47409437444263347 0.08183494313681963 -0.31852680620579477 25 2813.0 45204.0 -11.63794216562723 -0.4877012161265434
24 788.1188806591559 107.36429941254843 0.3958361636990906 -0.02458277642309529 0.3356560993955462 25 3091.0 52950.0 -11.80966491110876 -0.5662699998305459
25 47.474262466807964 135.58814979911415 0.4194854173633097 -0.058729770118592484 -0.7366112804078766 25 2761.0 44732.0 -11.626545790566109 -0.6582879123950924
26 35.66566363391459 139.75692021150263 0.41414634750191187 -0.11362198469309284 0.1634783821923513 25 2916.0 49249.0 -11.73099354145509 -0.4888991932847239
27 281.36885401809167 143.43096461368359 0.338906017990233 -0.40164773784913327 -0.47904436094322883 25 2196.0 41134.0 -11.535502359322447 -0.051394453225136964
28 239.42994300225837 144.04332254443102 0.6085307230010304 0.44380932243926763 0.053886395823706836 25 1049.0 4344.0 -9.094724541451976 -0.28747665496678704
29 96.04562511388507 145.11216586487825 0.9769152683670065 -0.3606963015809247 0.22788127999217425 25 1262.0 2748.0 -8.597541820968782 -0.1503284213823422
30 785.8585253958523 160.05984152549303 0.343209964794119 -0.47214062890428027 -0.7430770070329492 25 2493.0 44211.0 -11.613825845598221 -0.29064877128064026
31 699.7118414005823 161.00238297818674 0.6158321273287245 0.1116968697712516 0.3396069153290577 25 1380.0 8044.0 -9.76368015481176 -0.44058847057750194
32 30.1284167233094 165.25233578061102 0.8439699087462501 0.07931822118513934 0.20113608136774525 25 1406.0 3201.0 -8.763214185360331 -0.40901122175908344
33 777.8203722500629 165.4063461778507 0.4853300279694222 -0.9772451302584618 -0.34956248343267526 25 2140.0 29725.0 -11.182804658226823 -0.4941309151419299
34 60.26784106618976 166.96988145540337 0.9222820256537586 0.357706309836683 -0.45149123854679885 25 1411.0 4540.0 -9.14263963214276 -0.3451956958697411
35 832.7919444530168 174.85253136207666 0.25904825813116766 0.28850962097127 0.4611770778888225 25 1541.0 22182.0 -10.865001752391876 -0.35698524963100436
36 775.3047235152565 188.1876117828165 0.4421291703398519 -0.580434716229668 -0.1657154051688148 25 2277.0 35555.0 -11.377251707440717 -0.3862678595941915
37 567.9612479510054 188.96829722733966 0.9814575945815932 0.09404424075202944 0.05840727928757346 25 1689.0 4113.0 -9.035396773772938 -0.4738798379466492
38 674.8077821987264 194.4389680414214 0.7213830995413448 0.08459129907596874 0.3718460823583186 25 1815.0 8336.0 -9.802394264888623 -0.6930991417273015
39 765.307086731233 193.60824839742875 0.4100330205135318 -0.7132663451345298 -0.15528874211674373 25 2191.0 34032.0 -11.329718681396635 -0.38775492217129715
40 360.71638235933307 204.6258782294059 0.6356866390503444 -0.4142028703713101 -0.15923322119050348 25 1148.0 5617.0 -9.373761059690356 -0.4012640458393677
41 362.84887184118327 213.67525787082235 0.6044538346410536 -0.600523748982352 -0.06212366697486607 25 1794.0 14271.0 -10.38613601534891 -0.6751523055151538
42 28.99702131545091 215.5803535886707 0.4110214916814507 0.4708403895513358 0.27605641557219746 25 583.0 302.0 -6.200017357392876 -0.28439332412830753
43 157.74566614397858 231.08511116033608 0.36470075825526754 0.8219092393749328 -0.25025170972025446 25 3339.0 59386.0 -11.934210184869986 -0.6534282005188442
44 33.66107806347335 233.73852455011584 1.1730942972365075 0.34007939282653615 0.012423552772058895 25 1560.0 8068.0 -9.76691472385182 -0.07749307610243206
45 147.42335485560707 235.81900535090855 0.3855420716310909 0.04621479051401153 0.39245537925056534 25 3256.0 57448.0 -11.898187284297784 -0.5433555045899627
46 817.9376769320569 239.79180449544657 1.0687573850092784 -0.05498240866218656 -0.06967023597071867 25 1101.0 864.0 -7.341284356197233 -0.0018323740510336707
47 195.33776661937387 243.18009219675352 0.623392215099287 0.33791618442136917 0.13073826928988547 25 858.0 4506.0 -9.134477968469529 -0.029245701683894884
48 402.0894374184789 250.04680278124454 0.915642437456437 -0.07356525734551668 0.5540169949202721 25 960.0 -326.0 nan -0.09519266419144659
49 142.36988921272334 258.6164386180185 0.5585419475524266 0.5915649792584381 -0.1803725950879449 25 1684.0 9575.0 -9.95284695660165 -0.7773292700021119
50 135.10400660868495 261.4435703139615 0.7227671177726737 0.5443746616184588 0.8860684019672019 25 822.0 198.0 -5.741662975653828 -0.11001158523464206
51 821.5885962605131 268.38120350286937 0.7161212273575716 -0.7614781211564164 0.10175161215235984 25 1050.0 3507.0 -8.862339414703756 -0.20765160883207523
52 103.91140253172294 268.79616644327416 1.1225443270948785 -0.08809667296853796 0.3953256918180594 25 1798.0 2500.0 -8.494850021680094 -0.4322833437309081
53 383.1180556574791 274.00177625194317 0.9182327173459977 0.2676749202643863 0.3941002286766404 25 1180.0 727.0 -7.1538360271475945 -0.32694539579070586
54 827.9102152948004 282.946841676534 1.0333780224584557 0.060888456642230485 -0.26245901237254954 25 2051.0 3778.0 -8.943154883964537 -0.6699107714308006
55 772.3462356774861 288.75313905521307 0.7467213556536179 -0.001667125760950729 0.5605679465586173 25 971.0 2396.0 -8.448717034293184 -0.17890533103023637
56 301.6914053559493 293.4402432496729 0.3839146498045713 0.3742045973646401 0.2753246813854505 25 2077.0 37251.0 -11.427844839600212 -0.09145189551484022
57 202.0925994444861 294.2923024467409 0.8284838221541437 0.9517716742747613 0.19802017118210288 25 1487.0 4941.0 -9.234537134723542 -0.463596245604888
58 130.83545670007953 299.07176076145333 1.0730743389272586 -0.15762872532519076 -0.14019970499039755 25 1428.0 3017.0 -8.69893827543747 -0.18511193432702286
59 618.7016392232337 311.2639271758154 0.7324193327260604 -0.48720961836567245 0.12195920382150324 25 1801.0 5720.0 -9.39349007198256 -0.77933322051733
60 91.9758031156775 331.8307929926289 0.798995927232164 -0.3213084557444664 -0.45052846640904964 25 1090.0 1804.0 -8.140591333014807 -0.2975291656068706
61 5.633110017141619 334.893952899426 0.565891961580746 0.5273524518960073 0.5751966063262125 25 1818.0 8706.0 -9.849546657053448 -0.9155002239441792
62 722.1111609958372 345.77119932186264 0.43697625151627323 0.7274668821434257 0.12720301619694707 25 3136.0 53111.0 -11.812961196514955 -0.5518835472231565
63 797.8835567364309 344.7019147557009 0.7881399628970491 -0.26420920345849447 -0.2006139105094354 25 1352.0 4431.0 -9.11625437507903 -0.45500396060516535
64 710.1755673281879 351.9258365646327 0.3955914104380351 0.1742988514394557 0.8499547996284259 25 3409.0 60090.0 -11.947005510033097 -0.6140261808232775
65 148.09865253844572 362.61280142764144 0.38135248063565225 -0.7068826037091577 -0.36941603299282155 25 1661.0 26676.0 -11.065301771866539 -0.11894778367669374
66 18.097978309956865 362.77384806518154 0.7735565530223979 0.1759512052819985 0.6038090117277068 25 798.0 2474.0 -8.483499238232755 -0.020807827363955905
67 492.2794471900524 372.59311466322043 0.6580042508937536 0.5952725653342136 0.46428572108332794 25 963.0 3963.0 -8.995060180835475 -0.21913332239314204
68 421.449259883003 391.40766203650253 0.4284656588881943 0.6713966007674063 -0.09703195758858565 25 3049.0 51507.0 -11.779665638369286 -0.5791535474017231
69 624.2662846772636 396.7244820563735 0.4601854810391102 -0.8120025247296068 -0.9790647600399387 25 1671.0 25327.0 -11.00895937591672 -0.1431978402892443
70 410.10210059923327 396.78583914745866 0.3682430180391241 0.1856425990879844 0.3882781779261482 25 3373.0 60839.0 -11.960455167543005 -0.5127258445521
71 615.6128207061064 401.6311215549352 0.4755118954896168 -0.37350655561976387 -0.08155858228030965 25 1410.0 19487.0 -10.724362462887791 -0.21320169221028318
72 62.23350330720364 403.66433538705246 0.9150441529384409 0.5115969377157971 0.3734101745572798 25 1037.0 993.0 -7.492373121238453 -0.16811034085125415
73 785.3118315655414 404.79463705739477 0.4849006535130316 -0.5152190503207351 -0.5734468849934711 25 2197.0 30951.0 -11.226686713153347 -0.45269068867979645
74 98.30613950624257 404.8071818179177 0.9166985918793139 0.21863805317450344 -0.44327279677470743 25 1166.0 1606.0 -8.014363852356656 -0.23530325285892845
75 451.7826283667428 410.1313426263687 0.771934202614146 -0.22231140213516573 -0.050160928387262646 25 2572.0 8003.0 -9.758132042234896 -1.148043568489774
76 775.3203048540904 410.38877971039307 0.25261728883291223 -0.9115040267107513 -0.3602896325230866 25 2008.0 35464.0 -11.374469295728195 -0.3582399420293324
77 2.81668635487111 413.63211943471566 0.8049446974716296 -0.7094118172467879 -0.37150793666841414 25 1052.0 4421.0 -9.113801287264685 -0.0803856018347432
78 244.1457485771451 418.2237611955034 1.1966342742604894 -0.021434334359209776 0.11578365220894415 25 1824.0 2380.0 -8.44144239264128 -0.41430657684107386
79 151.12255912429356 427.39859346379814 0.8768975082298537 0.4859216511523958 0.31924507192881574 25 982.0 1654.0 -8.04633876304132 -0.007133613152389117
80 670.5314095748713 426.92634351865104 0.8681352388148122 0.16826835855962344 -0.2942504849335569 25 1167.0 1948.0 -8.223972381356491 -0.26518314436657264
81 31.738986044956118 432.78894200907644 0.8794919919334329 -0.2241535595594768 -0.22665449166631993 25 2027.0 5646.0 -9.379352184527251 -0.7455396428900063
82 310.81704429150426 433.007159219535 1.128985300217154 0.16096136190437002 0.18633370335765648 25 1380.0 1590.0 -8.003492810801129 -0.20820202915990993
83 184.48948176570903 436.36761381155105 0.8353917531978535 -0.2049321826576655 0.5301966864892089 25 1071.0 1413.0 -7.875355404621397 -0.22267166578317565
84 62.65773801353126 453.0403291775935 0.566280249523962 -0.015722366063969647 -0.6305362820899415 25 2356.0 40255.0 -11.512049577445843 -0.06013406246443295
85 382.6103320776005 460.19547424973365 0.9783764606399046 -0.6857785449892987 -0.024609272875474885 25 2277.0 4656.0 -9.17003242910458 -0.7977907814956785
86 353.742169253925 463.96177193252856 0.4123996816215501 -0.36916285204106836 -0.5353925439751591 25 1567.0 23303.0 -10.91852958792731 -0.17026808398512405
87 472.0951258490949 465.25564402781606 0.45398556038687793 0.6788383000006059 -0.03728354050423587 25 3089.0 52997.0 -11.810628215496257 -0.5006615485253567
88 745.5585098605616 465.3947411089686 0.4091359572867757 -0.872971162688765 -0.9774572148601982 25 1862.0 29327.0 -11.168169097948947 -0.2027663210839961
89 460.346591913037 470.6045232779488 0.38480272743753946 -0.8215928389719821 0.7147808752680125 25 3349.0 62653.0 -11.99235467764116 -0.4697692303887771
90 736.5864361541473 470.9528042080167 0.4596436757841228 -0.706050496678062 -0.3634377181216072 25 1884.0 26714.0 -11.066847304091585 -0.4186178044285055
91 357.42960984450553 474.4348918294824 0.8389939937404108 -0.13439142680910668 -0.20121246603992798 25 1053.0 3635.0 -8.901261037987641 -0.0922732719865732
92 139.84752105187235 484.9554989254625 0.7074522249250835 0.24135781908775322 -0.4641998051698168 25 1077.0 2826.0 -8.62793039378135 -0.27471414693357893
93 668.8319080687232 486.17291575694685 0.42894970324698317 -0.4193171300416647 -0.22938950477825998 25 2156.0 32775.0 -11.288856750905305 -0.4618590671431224
94 658.1274036656257 491.5708872990137 0.42182815408411917 -0.662934442253467 -0.015656788738202792 25 1975.0 28430.0 -11.134442149226105 -0.27121752071378946
95 281.84759712126765 495.0221141490669 0.860676168305784 0.008188559148936228 0.1986958318823465 25 1928.0 4029.0 -9.012993168470944 -0.7596414465229133
96 160.52100614958607 496.87324491140777 1.2107486895891642 -0.5571554364704883 -0.12274976193035801 25 1279.0 438.0 -6.603685276260249 -0.055203566419649144
97 292.01466362315495 500.15988378024934 1.0191018731894983 0.466525298741815 0.24015501226283126 25 1141.0 414.0 -6.542500852802248 -0.13090344170415172
98 244.54021619337863 505.74774874174153 0.3859159763019301 -0.87544183658935 -0.5991492089326759 25 2037.0 36769.0 -11.413704546497858 -0.02113622378899479
99 483.9722480785646 505.1415945794162 0.7717526800448726 -0.7299882925601513 -0.26891524625339214 25 893.0 1714.0 -8.085027043967948 -0.06138641958393706
100 356.4704982822374 508.37787078948315 0.5233595843494495 -0.9619720549615433 -0.6484377017253079 25 2054.0 30538.0 -11.21210147690529 -0.0810189092904816
101 311.951899448039 512.7400555920564 1.3094711532181476 0.42932166067614175 0.3294088296230564 25 1466.0 1089.0 -7.592569699389438 -0.14089428842550858
102 108.63524125148686 518.5256243908109 0.22988856539339395 -0.4962525064059615 0.48308491194534414 25 434.0 2199.0 -8.355563073401976 -0.07196920503998898
