test_CNN/outputs/tables/03260_a22552m0s0_sources.ecsv
# %ECSV 1.0
# ---
# datatype:
# - {name: id, datatype: int64}
# - {name: x_centroid, datatype: float64}
# - {name: y_centroid, datatype: float64}
# - {name: sharpness, datatype: float64}
# - {name: roundness1, datatype: float64}
# - {name: roundness2, datatype: float64}
# - {name: n_pixels, datatype: int64}
# - {name: peak, datatype: float64}
# - {name: flux, datatype: float64}
# - {name: mag, datatype: float64}
# - {name: daofind_mag, datatype: float64}
# meta: !!omap
# - {date: '2026-06-03 17:12:14 Eastern Daylight Time'}
# - version: {Python: 3.11.15, astropy: 7.2.0, bottleneck: 1.6.0, gwcs: 1.0.3, matplotlib: 3.10.9, numpy: 2.4.6, photutils: 3.0.0, scipy: 1.17.1,
#     skimage: 0.26.0}
# schema: astropy-2.0
id x_centroid y_centroid sharpness roundness1 roundness2 n_pixels peak flux mag daofind_mag
1 287.411621216987 11.42499254323207 0.5424689291555571 -0.9003973852732066 -0.651234306883627 25 2081.0 29078.0 -11.158911330533343 -0.22187746384139717
2 582.5089801702012 12.095892827221746 0.41605155295896334 -0.9272137666997015 -0.2360138437266983 25 2595.0 40396.0 -11.515845908820312 -0.46938414808740425
3 677.3480653127422 15.945359236537394 0.7395682232045222 0.39778975201574795 0.28002652916701426 25 1038.0 590.0 -6.927130029105361 -0.1771123670790361
4 805.9210493110169 24.42440009363946 0.40430213345843347 -0.23002138609779144 -0.21815541848366554 25 2094.0 35323.0 -11.370143953297013 -0.10247415073387257
5 779.9030482108657 102.64530765272673 0.4404509244572131 -0.23827994645278303 -0.8742878388157146 25 3142.0 49874.0 -11.74468550237181 -0.42067323470553475
6 658.240263546325 112.06172546602983 1.1936459875921261 0.5561650475140533 0.1606104995303333 25 1803.0 6630.0 -9.553783821011933 -0.12661531657974795
7 830.4621752630362 123.8867351511891 0.4330889351122502 -0.8163072509159248 -0.8853122979198287 25 1397.0 19460.0 -10.722857089830832 -0.012471572215034773
8 818.5245119167622 129.21364337523215 0.29100097571162004 -0.8716910853994025 -0.19509094150162148 25 1326.0 20675.0 -10.788613795561462 -0.02703278323599409
9 32.03896469090347 136.45021290610336 0.4373616457844131 -0.022761037546324844 -0.9357025973847963 25 3015.0 46542.0 -11.669612604569572 -0.5478583258657619
10 698.9389686671394 159.42879874659903 0.97871658835712 0.1764636243861254 0.6243437301302593 25 1141.0 1911.0 -8.203151717637532 -0.008724760219066858
11 756.401643009123 188.94992583068014 0.5112810914081426 -0.5733122132482729 -0.7351495060318662 25 2272.0 31886.0 -11.259000104403663 -0.33310212525766514
12 247.78039522735241 192.24418534876784 0.39263951190439034 -0.7051488725046701 -0.4993817985076362 25 1698.0 27097.0 -11.08230302833303 -0.08187358771165121
13 744.3952345694196 195.41591359724987 0.5589829303534823 -0.6093835843278618 -0.47142991736947715 25 2045.0 28589.0 -11.140497411648093 -0.184819519539864
14 438.23328497254994 197.52527657368378 0.7064467087587148 -0.48667928138218614 0.1308752978905095 25 1056.0 2110.0 -8.310706138244232 -0.16813665086743976
15 772.8653288196591 199.1606597737788 0.6051341404728494 -0.5410186837761346 -0.4215044023635913 25 2213.0 34872.0 -11.356192140024069 -0.010109434204682117
16 130.40522921883786 237.5318532019462 0.40378804682148234 -0.7983218811289349 0.3026771346088794 25 3169.0 52344.0 -11.797167268225765 -0.5453805585570755
17 436.9483601975759 252.13799635574708 0.9435810106063897 -0.16026234594222874 0.08429150418544837 25 2837.0 7141.0 -9.634397582686923 -0.8956381858570239
18 436.04487422792465 282.346467348459 0.8214902488667076 0.729522610384773 0.2058301053167149 25 1654.0 6827.0 -9.585574757129194 -0.36275043310142085
19 832.556618566702 314.2319087468049 0.3349555626884495 -0.33703500147313015 -0.07739925294988248 25 3346.0 50484.0 -11.757884395161554 -0.9230273284641816
20 824.6171380449107 321.7147620993302 0.4488128738552378 -0.5968406459534104 0.847790903227724 25 3301.0 55203.0 -11.854906700122026 -0.6052317375774697
21 701.5543200609236 347.01543417718636 0.44234473267881963 0.4188120320806418 -0.8016181046479556 25 3350.0 54044.0 -11.831868713274986 -0.5098601148965577
22 687.5457056878045 354.05316612250016 0.39094868429103447 -0.7622433201212087 0.42629058070651077 25 3328.0 56867.0 -11.887150794482551 -0.65600892991605
23 142.18885432000872 359.6160641268677 0.4114783851251733 -0.6095826798394508 -0.7964831516120605 25 1756.0 24287.0 -10.96343468204058 -0.21783891435752434
24 774.4431919299036 361.04589663249914 0.6553764000387892 0.3338959442837807 0.4155236688718884 25 1601.0 6482.0 -9.529272566740477 -0.5687493482150959
25 402.91421166389335 392.654400135897 0.38957483047341185 0.16590758456079857 -0.9489555803434286 25 3218.0 52791.0 -11.806399721888575 -0.5854645672372085
26 389.3963789382955 398.8202964187283 0.3847083085950919 -0.7785283109778925 0.3009541057470236 25 3275.0 56331.0 -11.876868652481553 -0.5889436345540309
27 757.4113244620677 408.1374554037994 0.39166096474097317 -0.2402225310830478 -0.9070556548350183 25 2958.0 57039.0 -11.89042975729672 -0.015389640874053473
28 750.8100000325559 412.55787701605186 0.4209969019144033 -0.8740049071370217 -0.3577804292193015 25 1990.0 28826.0 -11.149460955740674 -0.31082127491979367
29 350.2283918262002 441.86728537169574 1.0369455759590485 -0.38180754394430977 0.16528039547643175 25 2052.0 4624.0 -9.162544563531181 -0.516954574077748
30 38.09859013017046 457.69613086610536 0.6042116029629356 -0.9600318585506463 0.050930543095543346 25 1247.0 12719.0 -10.261132418305728 -0.0025882639545863947
31 455.3444680206123 466.7819317284474 0.4262783912305264 0.44111643420988467 -0.962406387844848 25 3293.0 53801.0 -11.826975869948768 -0.6181890570461528
32 724.6792475286272 466.6387201825068 0.4979742195818749 -0.4938433090613104 -0.7928907066660679 25 1800.0 23139.0 -10.910861465205464 -0.07045297544010996
33 389.9597012080003 475.4559485703335 0.7790545188998181 0.4995572636021944 0.10617877323093468 25 2000.0 5885.0 -9.424366167948634 -0.6855422644476659
34 832.5026342523109 503.35706686294014 0.24753428137633196 -0.41944826337150837 0.25435069781045344 25 1937.0 31051.0 -11.230188978068018 -0.3438324809060981
35 337.6782115646591 509.7209052257235 0.47184708584984597 -0.4135621328644056 -0.7622488994100158 25 1954.0 27049.0 -11.080378034742356 -0.16276236186962884
36 8.887661470734766 559.2345166736209 0.38704963603289005 -0.3121518720934773 -0.6683302046116125 25 1296.0 16520.0 -10.545025107460908 -0.16545758696608695
37 456.9957999576475 576.075941655067 0.8749563861888885 0.3505775419823197 -0.0018942483351040917 25 2013.0 3783.0 -8.94459085323186 -0.6414976549912172
38 734.4231966987218 617.5272901586935 1.2303718562732886 -0.38135934605615995 -0.13414695437056617 25 1574.0 5155.0 -9.280571674048838 -0.017099766311144057
39 378.34430684943624 655.0045611451602 0.5546664980891854 -0.28949782481170944 -0.8026995477046772 25 940.0 2623.0 -8.546995726475883 -0.22791064041215703
40 60.88027476578407 720.1975907695586 0.4552760530833876 -0.7750274489574285 -0.2036845412309094 25 2663.0 43617.0 -11.599139478172546 -0.3860619993323358
41 1.7438582520640706 737.8371837002145 0.2331273465468462 -0.3119833671714311 0.7288904805775522 25 3496.0 63469.0 -12.00640413936047 -0.7022008374138401
42 473.5027637969501 743.1576842397927 0.5948070947745566 -0.3481117307494421 -0.47849109972716136 25 1135.0 4430.0 -9.116009315557674 -0.28734931940000963
43 427.1485346049393 832.0076312015036 0.609787182479492 0.12864788287986756 -0.14115349748995915 25 1467.0 5291.0 -9.308844403830141 -0.5457562112131213
