test_CNN/outputs/tables/03266_a22560m0s0_sources.ecsv
# %ECSV 1.0
# ---
# datatype:
# - {name: id, datatype: int64}
# - {name: x_centroid, datatype: float64}
# - {name: y_centroid, datatype: float64}
# - {name: sharpness, datatype: float64}
# - {name: roundness1, datatype: float64}
# - {name: roundness2, datatype: float64}
# - {name: n_pixels, datatype: int64}
# - {name: peak, datatype: float64}
# - {name: flux, datatype: float64}
# - {name: mag, datatype: float64}
# - {name: daofind_mag, datatype: float64}
# meta: !!omap
# - {date: '2026-06-03 17:12:17 Eastern Daylight Time'}
# - version: {Python: 3.11.15, astropy: 7.2.0, bottleneck: 1.6.0, gwcs: 1.0.3, matplotlib: 3.10.9, numpy: 2.4.6, photutils: 3.0.0, scipy: 1.17.1,
#     skimage: 0.26.0}
# schema: astropy-2.0
id x_centroid y_centroid sharpness roundness1 roundness2 n_pixels peak flux mag daofind_mag
1 613.6871324412838 8.202181099189199 0.47163627421337895 -0.25546368254076296 -0.8269942861165039 25 2448.0 36065.0 -11.392714841315213 -0.7448910364135539
2 303.2120586040683 13.36590609663228 0.460982378988961 -0.7994957992050852 -0.011905268983709076 25 1643.0 25070.0 -10.997885834895541 -0.11670507429642861
3 310.4572010129707 12.080537088498978 0.37043376833657554 0.6580159819277227 0.15730462466384523 25 1870.0 34009.0 -11.328984655334096 -0.28228779197847287
4 601.8974242371715 14.715126016578134 0.44994994769929575 -0.735673041467503 0.062405556387114966 25 2575.0 41568.0 -11.546897823482334 -0.5948636587157361
5 609.4704775016937 13.40206745972631 0.34901546069334416 0.4155636128652335 -0.03175592450424145 25 2500.0 47225.0 -11.685429916484678 -0.45556335179830926
6 827.8362388603332 27.031383141879815 0.5684780167210488 -0.4509803240976172 -0.20509774419585097 25 2059.0 37155.0 -11.425043164103796 -0.005351303531850549
7 542.1405863956671 32.83629769182954 0.27998591243545473 -0.21114315609391354 -0.8075476591673892 25 755.0 11038.0 -10.10722597432311 -0.0691702961919099
8 648.4955108516374 32.664296764374576 0.7711722558672083 -0.01108425256379179 -0.4177217844166477 25 845.0 2823.0 -8.626777195367298 -0.028983927357446607
9 536.5576090293629 35.432642968340474 0.40305298734164324 -0.5238463487747015 -0.6574449402082808 25 2002.0 37155.0 -11.425043164103796 -0.1373040290496905
10 343.9332709614637 40.429871542767536 0.45799300493816175 0.024617311180698764 0.2437329713796314 25 1263.0 17950.0 -10.635161132285845 -0.05415897150081515
11 289.84508096274806 77.83731099223318 0.6395643658607804 -0.05002999993296455 0.001052765400468059 25 1746.0 11842.0 -10.183562641864954 -0.8144860110222565
12 442.46793486610096 103.40276447770611 0.550146404235812 -0.8118207413609392 -0.42204847939387324 25 732.0 1777.0 -8.124218569513253 -0.26044391093331926
13 802.6968898763482 104.97070581028342 0.4372859889852938 0.04169613074526037 -0.7224049939273287 25 2930.0 47754.0 -11.69752438771409 -0.7178582278832835
14 789.7528878813409 112.02429212146366 0.3999204223291606 -0.43015914969674646 0.1667859046273251 25 2815.0 48654.0 -11.71779637700508 -0.5885150443792526
15 798.6038712253054 112.70687951686853 0.3249232053024636 0.8169197927207206 0.7293388486715915 25 2623.0 50777.0 -11.764167595916268 -0.3357978943045754
16 41.47122976487228 136.4732956419853 0.4628470655543498 0.5187158532360965 0.25277096639405355 25 2707.0 50077.0 -11.749095758449657 -0.37832343082144887
17 48.01700497141312 137.19965339541412 0.37416667953084554 0.11552401546159438 -0.6370999680166347 25 2781.0 46664.0 -11.672454908554897 -0.6983832322205106
18 37.157920807516 142.65401491201732 0.39152838701311404 -0.6376001807251972 0.07444090393074033 25 2601.0 49178.0 -11.729427156542243 -0.40909441075218794
19 283.43528721192075 145.97935716928924 0.5827260859744916 -0.8903256632214019 -0.7140533418105963 25 2116.0 36117.0 -11.394279172932908 -0.11768277703990604
20 345.4266964544451 146.7364953113816 0.7906992477816894 -0.7051692340706363 -0.12763248406051142 25 1107.0 5101.0 -9.269138308827968 -0.27724840702419407
21 604.995296152976 149.77976615176257 1.1215809276928497 0.06193602087755608 0.3479704519003228 25 1272.0 672.0 -7.068423182634564 -0.295236532810177
22 69.96364425732799 153.47338166174615 0.9023024302697055 -0.17720901334831393 0.060419223634622904 25 1204.0 3494.0 -8.85830725161728 -0.27346263480150695
23 651.1607262473843 167.0484530273821 0.6092601086793883 -0.10770993914421555 0.4448056653585418 25 543.0 399.0 -6.502432239216871 -0.031498000280266905
24 112.23849493801349 178.14337413133157 0.6768149258484235 -0.372656628787168 -0.42093420694872014 25 676.0 1168.0 -7.668607106940951 -0.11410785227349686
25 833.0614536857865 181.24066698590724 0.33196230813049626 -0.12252600883305255 0.9779088040365542 25 1028.0 15042.0 -10.44326396085465 -0.10134277767629667
26 695.3998863475379 186.9036235282235 0.38612000230006355 0.2673972078176786 0.22205289450432242 25 1893.0 16037.0 -10.512807823009137 -1.2388202512856399
27 780.1765538933648 190.8955703120123 0.44903925904833253 -0.48563851480851555 -0.5009141426047047 25 1990.0 28594.0 -11.14068728210042 -0.6151983415597769
28 674.965583733599 195.0676034713036 1.2239242829926307 -0.5165647380492915 0.021149692456652925 25 1342.0 1004.0 -7.504334282022501 -0.2945867732835691
29 767.2509281980145 198.0864680398423 0.37001187452508527 -0.7322896714318008 -0.29635568483732255 25 1901.0 31782.0 -11.255453058298103 -0.3352365587094264
30 770.9268123325086 217.52949737762887 0.7246028443255883 0.2264427196091948 0.3410477818045268 25 765.0 1023.0 -7.5246890842804 -0.10825645435783
31 158.45353789764127 223.91885301042623 0.7273052658165071 -0.17336457267393743 -0.4662830150941877 25 731.0 371.0 -6.423434774037615 -0.11453534730054526
32 610.9130927117395 228.7698599495621 0.7520457388184496 0.712525725933513 0.6176133691114345 25 957.0 1560.0 -7.982811495886154 -0.3678156203280636
33 161.29338772048146 232.75947079897983 0.381379393884303 0.34331283868533136 -0.7142788174104522 25 3240.0 55078.0 -11.852445404273864 -0.8972480318898028
34 148.19340671860593 238.77855799833475 0.36294410648500763 -0.3210515345467668 0.6635685398710894 25 3263.0 61892.0 -11.97908629216303 -0.574479657105741
35 193.50719218297243 285.1831065025727 0.5331634753131482 0.44871488184559205 -0.39676391245101755 25 815.0 3271.0 -8.786701360312454 -0.31374357222269084
36 341.3497211691628 284.86579735804054 1.0591641878132927 0.17638828086520056 -0.2500499722973069 25 1160.0 1144.0 -7.646065061142513 -0.2819682773097137
37 232.82640310521927 288.4920578220633 0.4311207327992211 0.2166839443090915 -0.1993035491129985 25 521.0 994.0 -7.493465960993283 -0.16863631038688753
38 288.9962155130984 287.9936636702649 1.021733827609681 -0.02174179691163628 -0.2967186996147273 25 1185.0 1016.0 -7.517234269869752 -0.3084764117419065
39 304.363360096168 297.7119162691469 0.3058034973561644 0.022910576955231483 0.0026218254174664012 25 2001.0 39387.0 -11.488382257616724 -0.13086797134469322
40 298.83483247747 300.33440797410725 0.6693744667051743 -0.9059329557958472 -0.5375240522993255 25 1538.0 21875.0 -10.849870154235877 -0.046078244079402156
41 751.7643660935021 320.9115213614118 0.3145497526805992 -0.37472201589274107 0.031245523931751853 25 1292.0 13756.0 -10.34623041787494 -0.7409986553378821
42 779.1174655404094 330.6063405817866 0.625447896309222 -0.8500132759015636 0.08721024323126154 25 1802.0 8317.0 -9.799916753708468 -0.9947094184135883
43 504.1033838019155 335.0400757525617 1.194226455784308 0.32802487194715063 -0.11269577616324657 25 1627.0 2171.0 -8.34164955863605 -0.48172267005814834
44 729.4422974680288 348.7563314279418 0.4701274623090782 0.1725069078505773 -0.7482659608401756 25 2914.0 47871.0 -11.700181249399764 -0.7082702113556534
45 682.7898085022423 353.1052114760342 0.45154123740415947 -0.15952231444653087 -0.2892313193513065 25 465.0 654.0 -7.038944370810668 -0.0018769622716637792
46 712.920318556213 355.85357265756295 0.453608875103058 -0.7583718614871814 0.42381807120691933 25 3099.0 57635.0 -11.90171574373979 -0.5242150714925282
47 161.0803216935151 360.76060670746546 0.4998191761903305 -0.23036379243586355 -0.014172148426044555 25 1355.0 19428.0 -10.721070237002497 -0.19957623133354116
48 458.34562595856625 363.34424146038816 0.4401466702737013 0.2569159589551667 0.3574179272645076 25 2429.0 47461.0 -11.690842211331333 -0.017401958705322976
49 535.5670360710436 363.19447500898826 0.49593050117646226 0.20382780677576728 -0.5468743139535809 25 1763.0 18005.0 -10.63848281426826 -0.6289072735477642
50 428.45886919244583 393.6862729609109 0.4731605711026533 0.2037574237402385 -0.4937081385279363 25 2908.0 47089.0 -11.682298669242648 -0.7421931529160744
51 411.4796587456165 400.363160492195 0.4101318008687594 -0.5388167301674058 0.6553565822563293 25 3166.0 56970.0 -11.8891155486417 -0.7090950913588487
52 623.5163121234646 401.38104727501525 0.4380979418636755 -0.8588295124719014 -0.659212859059656 25 2113.0 39421.0 -11.489319092284578 -0.05312727419391057
53 789.5546228602678 407.7996609469612 0.629351120383787 -0.30574265419173363 -0.9661511391492569 25 1901.0 25593.0 -11.020302991689537 -0.3669328040514033
54 783.709961233208 410.4467467239402 0.3315412938053877 -0.16468724708495713 -0.6484837655367395 25 2637.0 53840.0 -11.827762628039801 -0.09440533979760087
55 776.8858003799176 414.7102943872253 0.45076178167824643 -0.9498583061949556 -0.24335707176245366 25 2115.0 33553.0 -11.314328392126765 -0.47229143619287417
56 504.94997815036237 416.45495655007045 0.7630256876066381 0.6022460021853235 0.7150439498370225 25 920.0 2679.0 -8.569931784020522 -0.24274714212656034
57 84.84336735080201 430.4481751278363 0.8858817778234301 0.17469698752860668 -0.033312744458603265 25 775.0 1765.0 -8.116861774309603 -0.02156361542370036
58 832.5797386886065 435.4300966865282 0.3491862832758085 0.4769820143301302 0.6835082674595735 25 1268.0 18899.0 -10.691097062553272 -0.1709450326319114
59 410.0133676777096 440.6110173346437 0.6069357832847345 -0.5375739549453199 -0.9841983751127547 25 1971.0 33447.0 -11.310892925448359 -0.08750740482543261
60 784.7392095154294 440.07972752868415 0.5527192665605042 -0.6387797819254626 -0.01359886782407796 25 1205.0 16574.0 -10.548568336269204 -0.06657544957889558
61 479.4946214643205 467.69504253780127 0.5206338648160118 0.3044791274609108 -0.5769406734321525 25 3001.0 48599.0 -11.716568332674766 -0.7111192052764749
62 751.4487201042173 468.49012545568945 0.544154229109511 -0.5045757253284708 -0.5160388852887899 25 1312.0 17267.0 -10.593042222520005 -0.1653163954981279
63 344.4040937759177 472.12344883942245 0.48381989889489263 -0.7041781811713451 -0.28304514214106286 25 1382.0 18302.0 -10.65624637753692 -0.22570639360475864
64 461.8183139300848 474.1168487120838 0.4450552110659665 -0.8517024046983451 0.5334417640862462 25 3160.0 58101.0 -11.910459018185142 -0.6220094758853014
65 660.121580241173 495.1283980041632 0.4627475467189707 -0.9620192697134738 -0.35420812756929454 25 1923.0 31156.0 -11.233854237918706 -0.33117547224345684
66 667.9835944384928 493.94463507908347 0.4282006033763773 0.23559907880751796 0.020180391356274023 25 1741.0 30961.0 -11.227037448459651 -0.25805117710458614
67 218.48249311481075 501.6891536568219 0.5203542884778956 0.15005787587830619 -0.47339810681270167 25 1255.0 6038.0 -9.452232771717696 -0.7643016321418683
68 360.49419548341075 510.31031100944955 0.31433260729760787 -0.24238588110429488 -0.8919432174479799 25 1673.0 27544.0 -11.100067524241544 -0.4454495101233592
69 556.9978826348975 529.3558979495747 0.8829996650925054 0.05308105959543994 0.2782572983514208 25 1513.0 3912.0 -8.98099711528891 -0.6573675680300008
70 175.7954813923371 551.5713239356206 0.905736090581997 -0.34486814533008464 -0.009012908934442974 25 1244.0 2767.0 -8.60502289785238 -0.4291825689269292
71 43.4615474278496 557.2798244467873 0.4090183376068015 -0.9750778672122674 -0.9844580854797675 25 2433.0 46711.0 -11.673547912162569 -0.23494441704546967
72 497.54254649746116 562.9387037108825 0.6415378779258962 -0.8137621883500794 -0.6164414679920981 25 1027.0 5705.0 -9.390639121885583 -0.3472086788990178
73 690.2777553895913 565.9022632023185 1.0113789683611765 0.20810682585513682 -0.028601077337831505 25 1697.0 4244.0 -9.069438438073258 -0.6163036799053673
74 532.1650943928724 567.7279648597149 0.7488080830420994 0.32505964452823466 0.4959933297621066 25 791.0 1541.0 -7.969506596796049 -0.21144896515734524
75 411.909343927768 572.9625242279828 0.5899059806204102 0.49160154217030366 0.8495180729452328 25 595.0 1830.0 -8.156127724326073 -0.03692394781915211
76 4.155581414073198 590.0334556896911 0.9153883492549972 -0.03091455600759041 -0.18631923849451743 25 1725.0 3826.0 -8.956862414228192 -0.7803445662811076
77 342.3559941057813 596.8598293237865 0.5903693212372392 -0.9976446924251672 -0.22744553727268083 25 915.0 3604.0 -8.891961955767563 -0.4308435795821115
78 248.5904421236666 604.4683802156229 0.4567720971692402 0.09533702093226123 -0.2719577338194013 25 1000.0 6494.0 -9.531280710724957 -0.4775482228924487
79 152.15955273517926 616.3194823495385 0.5394383361563765 -0.7972904120114741 -0.9169997132508421 25 1350.0 19851.0 -10.744455973408144 -0.06341273446616202
80 555.5675701726084 625.0045579905276 0.8842407222274318 0.25558707266138203 0.38799594042366115 25 1092.0 6550.0 -9.540603249979458 -0.10801957679903558
81 231.3666076716405 642.9331193092219 0.8625414257619473 -0.6667425312273874 0.0403778575381669 25 1566.0 3698.0 -8.919917267057885 -0.7162228544092929
82 581.0881686927144 690.0696810932498 0.490096663278576 0.29693162183745747 0.3645194723901962 25 952.0 5579.0 -9.366390903525923 -0.36303086795579587
83 766.566055810935 689.7050201103665 0.7904686627367173 -0.27386325584968013 -0.1854821697430591 25 1677.0 4139.0 -9.0422385660019 -0.8384641183515054
84 665.5537475425547 713.0684021791426 0.6071687546709006 0.14916634708735693 0.0758526657927963 25 1068.0 4473.0 -9.126497245431644 -0.5173858648608327
85 89.54464464954195 714.4478975830482 0.4940474182513739 0.15038203571142236 -0.8623843459929944 25 2702.0 52630.0 -11.803083425043194 -0.166547954531938
86 96.46281220560101 714.9674538326461 0.38093442957393975 0.27081545343446756 -0.6729038451811831 25 2585.0 43128.0 -11.586898297051448 -0.6375540575100873
87 82.6471606342655 720.5388287650645 0.43570008946869054 -0.7528689482342361 -0.1958530901833213 25 2692.0 48547.0 -11.715405993761385 -0.4134371079749187
88 90.87570003631524 719.9347209461221 0.36367948606339257 0.5063323985419483 0.5086369279932947 25 2714.0 55479.0 -11.860321560960044 -0.1435432487743961
89 33.128248323982774 735.9383015846184 0.40022293141058524 0.670292178626163 -0.7171245118060691 25 3217.0 56554.0 -11.881158318754563 -0.7535593583064155
90 18.56030338512309 741.7640163535888 0.4174614077215182 -0.7042513860700106 0.4587506962850701 25 3157.0 58995.0 -11.92703801366357 -0.6061338224319718
91 664.2627293757051 746.8277209335998 0.9625535384647839 0.26155093307948213 0.22351301638292406 25 1008.0 3306.0 -8.798257123088572 -0.06666800891436028
92 802.1936137899418 787.7004368175442 0.9601323507669509 -0.3024498754964544 -0.028585179698731752 25 1188.0 5319.0 -9.31457497580145 -0.2099093852295482
93 788.6466805006461 789.7058158734891 0.5802501226468991 0.42455063921171304 0.8272894063864382 25 1906.0 14631.0 -10.413185025778072 -0.8379867985076359
94 456.6736615918052 803.6812762973285 0.9598150366310404 0.08942230786739017 -0.643252589702169 25 1410.0 7912.0 -9.745715696472807 -0.26917070981943714
95 706.4974489145794 810.3662219937598 0.4390260782987443 -0.40540904273663086 -0.6173542816112937 25 2529.0 42415.0 -11.568798678344208 -0.38141859050784765
96 666.5584985850479 810.4848086491681 0.8584143598163052 -0.6129189553085649 0.2662450993958475 25 1200.0 7845.0 -9.736482369807389 -0.21422804886507818
97 699.5698145785049 812.9674421266177 0.46019231861559595 -0.529051586083663 -0.5509859461624179 25 2606.0 51379.0 -11.776964118125338 -0.05498769284160412
98 226.07969865688088 812.2862658970948 0.7101417597421087 -0.4400455875854354 -0.4590680525732034 25 733.0 1844.0 -8.164402291794026 -0.09496919447289719
99 654.2645661663798 811.7579344950051 1.0258871439189334 -0.4167945865822744 -0.7016628323705102 25 1018.0 3683.0 -8.915504297137282 -0.02699300753149577
100 691.0504156018224 817.6769785714861 0.48177942873733254 -0.8451310035431125 0.1286469566306255 25 2474.0 38113.0 -11.452682837173612 -0.6375657690941678
101 370.71507194746783 821.6868032053535 0.5685780385388781 0.3401996758027458 0.39505470122768693 25 838.0 5219.0 -9.293968242138652 -0.1858980062660888
102 659.9243191863767 821.873187669986 0.4956665538513438 -0.9301439809959687 -0.6610430662407183 25 1837.0 32236.0 -11.270852867750289 -0.0791590284926662
103 87.31601327552912 827.8867202362467 0.4240117703878933 0.5395846409322452 -0.7037816244955457 25 3122.0 53604.0 -11.822992996298659 -0.7021152019899167
