test_CNN/outputs/tables/03261_a22554m0s0_sources.ecsv
# %ECSV 1.0
# ---
# datatype:
# - {name: id, datatype: int64}
# - {name: x_centroid, datatype: float64}
# - {name: y_centroid, datatype: float64}
# - {name: sharpness, datatype: float64}
# - {name: roundness1, datatype: float64}
# - {name: roundness2, datatype: float64}
# - {name: n_pixels, datatype: int64}
# - {name: peak, datatype: float64}
# - {name: flux, datatype: float64}
# - {name: mag, datatype: float64}
# - {name: daofind_mag, datatype: float64}
# meta: !!omap
# - {date: '2026-06-03 17:12:15 Eastern Daylight Time'}
# - version: {Python: 3.11.15, astropy: 7.2.0, bottleneck: 1.6.0, gwcs: 1.0.3, matplotlib: 3.10.9, numpy: 2.4.6, photutils: 3.0.0, scipy: 1.17.1,
#     skimage: 0.26.0}
# schema: astropy-2.0
id x_centroid y_centroid sharpness roundness1 roundness2 n_pixels peak flux mag daofind_mag
1 311.14951445314455 5.885448433262378 0.4637151458553402 -0.6269069407866473 -0.8071406878265464 25 2158.0 30590.0 -11.213948692461697 -0.45167915662731306
2 612.5121587111539 5.687948276758868 0.4776694237540648 -0.18661323364241464 -0.8783432532110689 25 2513.0 34612.0 -11.348066737607487 -0.7514928873554008
3 302.1355257048547 9.69760059361989 0.3659194732363303 -0.9361102018115351 -0.49455467531025593 25 2164.0 34722.0 -11.351511831867978 -0.4731172661282346
4 600.4746749337855 10.287772540892108 0.390637518486185 -0.8217235415955381 -0.21901170284916263 25 2696.0 43658.0 -11.600159591324532 -0.6128815261210445
5 831.4941426202322 21.15472609578506 0.4054124388120281 -0.5355175082805936 -0.955224189237937 25 1384.0 19134.0 -10.704514424066506 -0.12624234860160263
6 533.6490519327821 32.194578531154185 0.5526046614418761 -0.5109828176569713 -0.22362511592137213 25 2586.0 42069.0 -11.559905471886825 -0.29321429699867363
7 352.6963265183002 32.68813549392282 0.49208776811713334 -0.6902077696569062 -0.6221990899974704 25 1961.0 25308.0 -11.008144564467779 -0.41812833886014844
8 561.8860314181373 33.75959794764955 1.1349340921130253 0.33337407277993514 0.0254781590297144 25 1434.0 2747.0 -8.597146648551405 -0.18659954003919277
9 342.95830469683057 36.66141610281149 0.3815708525240607 -0.9678156976566671 -0.3793191865591465 25 1700.0 25355.0 -11.01015903720973 -0.25305178992540805
10 708.8048938007959 41.85298186833828 0.5912614596544618 -0.07299944554233216 0.635734369374617 25 890.0 2736.0 -8.592790232620196 -0.1621984692938039
11 219.84008382984362 52.562466132194714 0.47399154811046706 -0.462316179413478 -0.6918095813334616 25 1400.0 20188.0 -10.762733240154121 -0.042827248775293675
12 181.3226454304544 78.90142079262904 0.448448248656348 -0.8608451746465726 -0.4429733668489189 25 1631.0 22455.0 -10.878282648496834 -0.3176925833897529
13 798.6119631329044 101.98790162427181 0.45977952373065967 0.20990870215847787 -0.3253041691483787 25 3032.0 44656.0 -11.62469954786139 -0.7603936880711599
14 832.9451004923459 105.95638957292218 0.22393019223304075 -0.23673445177739585 0.3371493477771064 25 1515.0 22470.0 -10.879007681047824 -0.3722356692142406
15 787.5931067449411 107.49531355607992 0.3973004315317642 -0.8599094232390275 -0.020314618480637862 25 2608.0 40055.0 -11.506641840181304 -0.6644484941778851
16 85.54904464979607 117.31425393319587 0.5879638933886601 -0.524747563932374 -0.7655798794124336 25 1805.0 22977.0 -10.903233310608938 -0.16974203275130134
17 323.07656870010754 122.24516720757278 0.7688956556798309 0.4333814567957906 0.40977950003372393 25 1079.0 3447.0 -8.84360320851987 -0.22555483676973268
18 394.03120818690803 126.56982528794349 0.6860858862898602 0.5117585333219129 0.12693091369773998 25 999.0 3432.0 -8.83886819794167 -0.2185036152389341
19 531.9090042548505 133.587806045878 0.6209137478937713 0.4582800295968272 0.5143351097150964 25 764.0 2364.0 -8.434118680523044 -0.1370795315653103
20 45.194867001332675 135.75124366930748 0.468030196373275 -0.015508410269672245 -0.6066357051210928 25 2973.0 44243.0 -11.614611419118198 -0.7114149254195462
21 35.320535362695814 139.3734205273426 0.39128938246591355 -0.7203125950815766 -0.08201291724728438 25 3097.0 51614.0 -11.781918793703346 -0.6986656775711433
22 787.5081930285645 159.93360415358154 0.5304743970716899 -0.8401795854488245 -0.7382308877287296 25 2238.0 29744.0 -11.183498431069559 -0.46103348526334365
23 782.4454201385397 161.65179992128927 0.3740904588131745 0.09264910976892272 -0.5357842820494964 25 2994.0 56977.0 -11.889248946685402 -0.3972457593877438
24 832.7030290794429 174.71025031232656 0.3019281547423859 -0.15579045397347063 0.28104589122291534 25 1847.0 24344.0 -10.965979848375277 -0.673670828336953
25 775.4087153642427 188.10343514166453 0.4938237953298639 -0.47496651511317206 -0.6418673153682629 25 2403.0 34358.0 -11.34006968837503 -0.4564188846024733
26 263.6369569018115 192.02008641197605 0.4655482800518519 0.05129439539489094 0.16218893508860463 25 1516.0 23657.0 -10.934899174688669 -0.012383529344360579
27 765.1847441010411 193.27600625665298 0.3991978038682245 -0.8246881138746868 -0.22889240408284361 25 2350.0 37728.0 -11.441659458537487 -0.4918669469778487
28 507.42447462086693 208.32982663642906 0.8030548515686614 0.5095003318561417 0.028681112644740072 25 2278.0 9358.0 -9.927957602140404 -0.8941037408867124
29 158.16931494287243 231.39958976771135 0.374410812425499 0.5228383317284774 -0.5287107163028437 25 3195.0 53460.0 -11.820072386051297 -0.7316308081666867
30 147.96292519564116 235.5802610467979 0.4383977341580426 -0.7225826159739933 0.13998833664573754 25 3064.0 52715.0 -11.80483552713503 -0.6198433017458866
31 390.3268543486493 241.64323456373833 0.4303680411628634 -0.47104692157657585 -0.6207997040602043 25 2144.0 35103.0 -11.363360585165282 -0.15767082388766038
32 828.0958222633385 257.37948680636265 0.5071212759336007 0.15475932621817654 0.34867735838133995 25 563.0 1338.0 -7.816140283579511 -0.02132867294552398
33 569.2795010138726 262.411569054594 0.4025385243404451 -0.8131401493769006 -0.558822592903875 25 1732.0 26716.0 -11.066928586981742 -0.18693003638229758
34 301.54857686009456 293.48284866827174 0.372606364514698 0.42415733071489775 0.463691265272736 25 2037.0 37105.0 -11.423581089812346 -0.13834400658288112
35 424.13543252176277 328.05647111098904 1.0893679544410875 -0.10621968055081356 0.049284354689071164 25 1297.0 3107.0 -8.730853133137437 -0.08942596613890887
36 161.58291765138102 337.0569367785284 0.6885594612346819 -0.3824590064172716 -0.3761299024029942 25 1677.0 6106.0 -9.464391999906606 -0.7237045257655974
37 722.4477687279092 346.0693654443211 0.41978561118616103 0.7105428912722512 -0.351079907656465 25 3278.0 53970.0 -11.830381045163033 -0.7477113745233961
38 594.3318910414611 348.8461372054993 0.9327696724645943 -0.5018284798757561 -0.00960374143069318 25 1001.0 2529.0 -8.507372073361012 -0.00023951060546428013
39 152.65479568865854 359.72569211547847 0.48226889592119276 -0.06406050742845709 -0.9131010395739848 25 2856.0 52035.0 -11.790738897244353 -0.15402195084902237
40 501.7657771483859 364.50996185926374 0.6921080315573804 -0.36862755246864076 -0.8017323125005634 25 1262.0 7470.0 -9.683301504538498 -0.30626646415573394
41 278.7473980574416 383.29022699483846 0.42128541430535743 0.9862906400950401 0.1657646074448846 25 880.0 7936.0 -9.749004147865305 -0.11125027601211496
42 794.5701285391935 387.7761478734284 0.7866073443888829 0.051382944962119176 -0.4870273278527695 25 1067.0 4009.0 -9.007590140626304 -0.126703660573192
43 421.58297780179623 391.71911456094887 0.44421950036010255 0.3073080959686782 -0.4744798717338414 25 2958.0 45931.0 -11.655264752220738 -0.7548728435953425
44 410.50350567486595 396.48875044495924 0.37525905973612805 -0.8593469774047912 0.26890979654853053 25 3221.0 57870.0 -11.906133705908868 -0.6960218807176268
45 637.2866518209408 419.8034124345804 1.0585832223438794 -0.20743673572004032 0.16153875082831093 25 1357.0 3513.0 -8.864195374480063 -0.14565877966998075
46 832.5070766908982 431.2534729561165 0.3379950796116808 -0.5246026730000779 0.15933477130125656 25 1456.0 21128.0 -10.81214597049717 -0.22800800286977724
47 57.352029966727535 455.35042710928855 0.4240689716734223 -0.5237520360149105 -0.49440654982836735 25 1256.0 16718.0 -10.5579608022376 -0.09797991481469043
48 471.9452888772718 465.15078236955867 0.3702659296146364 0.706562123180333 -0.6749983124157755 25 3397.0 58990.0 -11.926945990422869 -0.706300830031919
49 658.8284110568676 491.16840678510334 0.4654011358118454 -0.6709155554498006 -0.26216832879508783 25 2040.0 32775.0 -11.288856750905305 -0.3389369220050711
50 562.1420307649328 491.09321499651395 1.1156864656969292 0.46591923563362037 0.06293437661955406 25 1439.0 437.0 -6.601203592426055 -0.3094269207436154
51 70.18487300819798 498.2329439073879 1.1276620542593536 -0.034378572635346334 0.1722726899910852 25 1253.0 960.0 -7.455678082598921 -0.11476777185045849
52 585.8077751995726 502.26143191474415 0.925131772124099 -0.755886428311961 0.07940922733005466 25 1413.0 10452.0 -10.04799850263822 -0.16299882246541844
53 244.47710275587124 505.60620335438557 0.48926778664432335 -0.6266591412602854 -0.8674326342057663 25 2197.0 38045.0 -11.450743971091427 -0.03380507229929368
54 356.9892333273756 508.36336646526047 0.4728652231844125 -0.6661894881281892 -0.8589645222255777 25 2012.0 24978.0 -10.99389415317605 -0.5973452664460592
55 176.09253038022385 520.7478608636483 0.7484267285189566 -0.0890234385713949 0.6355223543569197 25 1251.0 8334.0 -9.802133740303148 -0.1940525848850584
56 624.446094537622 540.0853947762334 0.7242747361259384 -0.6387734433666168 -0.5828393950975468 25 1447.0 5465.0 -9.343975415714304 -0.5431944836243651
57 89.01417359705897 541.7274273274744 1.0241934036208524 0.1684153441319824 0.0428092105017073 25 1545.0 1589.0 -8.00280974301845 -0.42621761960280663
58 8.62549223154736 546.8835843864922 0.47897988606502945 0.11510357096021394 -0.06694530941599226 25 2179.0 9853.0 -9.983921206974319 -1.3112549637366722
59 455.02931866012125 546.6431173370152 1.091134060968216 -0.477367566521368 -0.05992532106333547 25 1267.0 1867.0 -8.177860794872696 -0.109659465391133
60 48.79339387616264 552.170082905265 0.4702370687773359 0.37473772732919824 -0.6073696844731277 25 2875.0 53377.0 -11.818385402644333 -0.2582001269106802
61 236.71344378931735 565.8894442321283 0.575370260301903 -0.4826033714441206 -0.7048912146413284 25 2191.0 31116.0 -11.232459407042441 -0.24900128251380857
62 265.91838338833384 566.4541545218972 0.4449432981232201 -0.47764151751724804 -0.148453321464813 25 1992.0 11416.0 -10.143784900266477 -1.080314859104013
63 713.3879315176798 572.2036890001814 0.9591342151647108 -0.40868668898514293 -0.5761397592236613 25 1011.0 1968.0 -8.235062735238307 -0.026116110692473063
64 417.05567979889776 579.1382356487744 0.8775534973272027 0.020557212552839682 -0.15759318454776633 25 997.0 428.0 -6.578609422532931 -0.17787721717788404
65 761.6129139753629 580.6637742291202 0.6530749031922115 -0.6566012012306444 0.2841375810247772 25 754.0 1390.0 -7.857537000635237 -0.04590975643422631
66 416.06864352601366 590.3702567526603 0.8221033323235232 0.07078134702997067 -0.12105975965479863 25 891.0 1285.0 -7.772257819168283 -0.06634182262679031
67 495.92120236973574 592.8400954537348 0.9384958952795934 0.050848264997424376 0.14525976918917863 25 1281.0 1236.0 -7.730046176881993 -0.3068520873169926
68 149.86862789631056 613.366488240142 0.40336352024804645 -0.2806488718554469 -0.6961877741595608 25 1473.0 23020.0 -10.905263298234434 -0.05005492062526998
69 160.23566510330616 626.5745466356643 0.4886914539550828 -0.7304976512212792 -0.5150865678326737 25 1220.0 17480.0 -10.606353570745961 -0.011714914775590593
70 200.8945582677464 627.925066134606 0.3730184599919889 0.05358994368215003 0.004676199796410456 25 3336.0 21069.0 -10.809109807839874 -1.7335491614321616
71 487.23210656470485 629.1393266489102 1.231215657753623 -0.7029167384009287 -0.23089910660770824 25 1552.0 661.0 -7.0505036487141 -0.27647935250719896
72 420.1979761284915 650.0830097146464 0.6007692218782836 -0.24354282742629993 -0.33327149384524063 25 1104.0 4354.0 -9.097221061762689 -0.31430823190603774
73 792.2960652856 659.0714010610276 1.008839477091136 0.21479757108544303 0.11185934597489972 25 1439.0 5461.0 -9.343180441338859 -0.2067608135319285
74 35.744651724582155 672.4742129104975 0.7259383138547179 -0.3044717948994935 0.14888647298093236 25 1576.0 8116.0 -9.773355095903272 -0.5205945716741194
75 657.195607509227 676.2188281829161 0.42446216511652035 -0.5037314787151186 -0.7193564781322733 25 2125.0 38187.0 -11.454788853014852 -0.07274957219508667
76 151.07356907917935 704.5247546499645 0.391418552559372 -0.8771190876294488 -0.75767942889904 25 1792.0 26099.0 -11.041559668460458 -0.3160997883406378
77 140.0989931413593 708.283447531414 0.3688803390982874 -0.7704007862814204 -0.6256596599501946 25 1341.0 19656.0 -10.733737858680062 -0.016396958784692658
78 87.23696312330526 712.5286257958196 0.47370109839803975 0.6978282600540745 0.892692896013161 25 2694.0 47690.0 -11.696068306084669 -0.35625883532524577
79 93.7032313052074 713.6268251008163 0.40888789132997316 0.019502058972506103 -0.6217166743245377 25 3014.0 47969.0 -11.702401662278527 -0.6408590797798762
80 169.04504172230023 717.3358954484543 0.9439854957583996 -0.5537352637945979 0.5585856393452249 25 858.0 -296.0 nan -0.05030018039407125
81 81.48792066876254 717.7243832609788 0.4559688046006128 -0.8177271003188796 -0.34761794126926354 25 2717.0 44746.0 -11.626885545745946 -0.38982954044429635
82 89.00814859326752 719.7230639325777 0.4452743755254845 0.782943332270036 0.881783302953523 25 2906.0 52474.0 -11.799860427396693 -0.2902821037037405
83 470.89355916273695 718.9530063495591 0.47796970680249085 -0.30696217827366434 -0.16497568137182322 25 1102.0 8263.0 -9.792844381891111 -0.3723364483955762
84 481.25046411567433 725.0859110389872 0.866595357055336 0.268225981509907 -0.14833461264115935 25 1594.0 3583.0 -8.885617020415276 -0.5722224080226957
85 4.1533904747904655 731.9031947835716 0.4517616034548948 -0.0826384542914321 -0.7201634437580245 25 1811.0 27607.0 -11.102548038127127 -0.1024093984437685
86 535.7860425391852 733.9750637154048 0.847809203143057 -0.6617061285177342 -0.4504819727460939 25 1510.0 3408.0 -8.831248965236657 -0.5241460798504537
87 33.447647688796096 735.0600553073386 0.40886663727073747 0.6976909973748469 -0.5962278373433594 25 3083.0 50410.0 -11.756291743595376 -0.7621621575691634
88 17.984268314397937 739.2933250647905 0.4433774207075641 -0.6543030120759958 0.13870903488207492 25 3157.0 53515.0 -11.82118882440649 -0.6953595717902351
89 306.0672850480271 759.6002650635521 0.7426960166973865 -0.5186147953903089 0.11966177323923988 25 936.0 1896.0 -8.194595832505119 -0.11764694260168787
90 690.2685353290651 813.248934884781 0.39035041951337757 -0.843702637731106 -0.23285390656487578 25 2677.0 44153.0 -11.612400543237092 -0.5113611637556026
91 84.6570915176504 826.7574123362259 0.42759951466119545 0.302961463305617 -0.5772508053294138 25 2918.0 44084.0 -11.61070248429586 -0.8184419160828666
92 72.2019353784291 831.111357698998 0.4268120720414372 -0.5638976001744701 -0.05530095874764864 25 2906.0 48114.0 -11.705678659649607 -0.6780172318519416
93 623.7168810468453 832.0103847140012 0.9168309920783521 0.20963950906128775 0.6075630649224155 25 1460.0 3696.0 -8.919329906370173 -0.32866141489595796
94 79.47704166037695 831.913233457827 0.29281658491108964 -0.641861474784939 -0.472451024817112 25 3143.0 55309.0 -11.8569895159791 -0.7162281950433027
