test_CNN/outputs/tables/03268_a22570m0s0_sources.ecsv
# %ECSV 1.0
# ---
# datatype:
# - {name: id, datatype: int64}
# - {name: x_centroid, datatype: float64}
# - {name: y_centroid, datatype: float64}
# - {name: sharpness, datatype: float64}
# - {name: roundness1, datatype: float64}
# - {name: roundness2, datatype: float64}
# - {name: n_pixels, datatype: int64}
# - {name: peak, datatype: float64}
# - {name: flux, datatype: float64}
# - {name: mag, datatype: float64}
# - {name: daofind_mag, datatype: float64}
# meta: !!omap
# - {date: '2026-06-03 17:12:18 Eastern Daylight Time'}
# - version: {Python: 3.11.15, astropy: 7.2.0, bottleneck: 1.6.0, gwcs: 1.0.3, matplotlib: 3.10.9, numpy: 2.4.6, photutils: 3.0.0, scipy: 1.17.1,
#     skimage: 0.26.0}
# schema: astropy-2.0
id x_centroid y_centroid sharpness roundness1 roundness2 n_pixels peak flux mag daofind_mag
1 609.4616613826036 5.9695927267931275 0.46314731249960955 -0.16032082202208167 -0.4960891086799753 25 2636.0 39844.0 -11.500907328566258 -1.067822136625064
2 310.37099285409437 6.0638634122992725 0.4256652164267737 -0.64996160212591 -0.6602796538784002 25 2381.0 38317.0 -11.458478747464042 -0.8251850731769732
3 456.42513940771653 9.978946241397718 0.9780284330941563 -0.6914501234859236 -0.09905419971877423 25 975.0 2952.0 -8.67529088287751 -0.3781254929066412
4 555.1425908436563 10.193257454891205 0.8642346643268186 -0.16346605291416083 0.6062989344179135 25 518.0 -448.0 nan -0.0500608362517234
5 302.65949673874087 10.121809653725464 0.49921072027254404 -0.8730426694174372 -0.2959876826996847 25 1851.0 25967.0 -11.036054444856402 -0.8690421394293317
6 600.7524037799398 10.741053868151678 0.515286234197209 -0.5886948025234089 -0.2218536438951305 25 2599.0 36791.0 -11.414353980897447 -1.1443028293880748
7 825.1861966646179 22.831980563075057 0.46926388036243677 -0.9306071821283944 -0.7443052944655352 25 2101.0 35080.0 -11.362648961735006 -0.5828964702944199
8 433.96631798760086 28.15021337618103 1.01167196813831 0.3046918112602968 0.19496359492703916 25 1138.0 2198.0 -8.35506922021868 -0.5789336109537846
9 534.0344318063587 32.616586716803134 0.3520730956488229 -0.11861691906692756 -0.048380334151862825 25 1972.0 35924.0 -11.388461719292868 -0.6012720258602926
10 351.81591217594746 32.90777623064463 0.49356127726061266 -0.716438628043727 -0.6472277285740304 25 1416.0 18538.0 -10.670157194556708 -0.6577951308114721
11 104.9150012803786 32.93911420637632 0.46391490992871487 -0.04168313903585434 -0.06684593227505874 25 1162.0 17303.0 -10.59530351945378 -0.22416373595325106
12 219.88839840196945 52.541036822977965 0.5284872042570412 -0.43749612019037637 -0.45388547784816163 25 944.0 13109.0 -10.293923908659568 -0.012514789993987316
13 471.70177447510565 75.04235125405529 0.5032548265955429 -0.3745150835009042 -0.4702165889015542 25 1859.0 30597.0 -11.214197116259774 -0.5440549217544495
14 454.03381697167214 87.57611880065095 0.5428605732701564 -0.6179788674361492 -0.6511402435510567 25 1690.0 26301.0 -11.049930653185001 -0.4150592285983389
15 125.36973050000377 89.61940254727034 0.4438364834291632 0.8838448168615515 -0.18655942993375976 25 3319.0 57724.0 -11.90339104504087 -1.1812308894466519
16 114.7995885900146 92.23479055451354 0.4732539693883146 -0.7613444134227839 0.8047330016255991 25 3237.0 59460.0 -11.935562262172297 -0.9684225596587724
17 792.0128567060073 94.3878240642405 0.36498765471173206 -0.3004097771369099 -0.7437283636024693 25 896.0 13492.0 -10.32519083129291 -0.31593827556403103
18 690.887729330752 96.02287187039369 1.2012451933525679 0.23650914373575838 -0.1433782983269727 25 860.0 1038.0 -7.540493383781097 -0.10773310654018597
19 798.1784101533902 101.88794258904505 0.5154991027162804 -0.33000698876826373 -0.4369059434775994 25 2845.0 40736.0 -11.524945954933903 -1.1521573903142937
20 833.206924743838 106.17463879064098 0.2168473733883619 0.21473578030630874 0.6695010992213759 25 900.0 13383.0 -10.316383694903198 -0.5194493877096691
21 788.1557823887027 107.49392792211881 0.4048661058137786 -0.08595803024702878 0.25721734147268893 25 3053.0 48364.0 -11.71130553124148 -1.2546620880766282
22 57.3454569125689 118.08382080019996 0.8456815732769182 -0.017905395579145545 -0.11840396231486108 25 889.0 1472.0 -7.919769525003701 -0.5580482639681162
23 573.3890322336603 128.2418356591295 1.0824533287846305 0.3091262999810532 -0.05134815542500431 25 839.0 67.0 -4.565187006752066 -0.31731043490435074
24 383.2886043921132 129.42612062239644 0.7139864243087993 -0.1661020524839907 0.13995058827040388 25 983.0 3003.0 -8.693888330497453 -0.716560085017645
25 806.894417298888 132.77269336736504 0.7221899826673781 -0.030351840416417662 -0.38258554437463993 25 593.0 256.0 -6.020599913279624 -0.2565957321515427
26 47.5218304799859 135.88098881375439 0.4582552181706665 -0.11943928526667713 -0.6850049725636035 25 2575.0 39473.0 -11.490750336506526 -1.1002476294875942
27 220.2244889976096 138.09933664261675 0.7336862577387369 -0.4470685644418301 -0.2910115162234761 25 1055.0 6224.0 -9.48517395995408 -0.5071943691222177
28 35.67593358217697 139.93427061793844 0.4406398684432592 -0.12141245279784862 0.08383839119349328 25 2854.0 45855.0 -11.653466744454427 -1.113607275145341
29 281.39990425585574 143.3974647612305 0.48839239382699534 -0.45831111577970174 -0.3518992779183872 25 2094.0 34667.0 -11.349790651168803 -0.5248082418671942
30 564.1460921753253 144.59069572336122 0.4755677478295304 0.685718884369583 0.4137211623981906 25 430.0 2041.0 -8.274607511790176 -0.046693725707870753
31 511.71036940376587 164.40311227427057 0.7406014077347675 0.9020699365840348 -0.2577198989759944 25 837.0 3279.0 -8.789353541673412 -0.46417757194637344
32 778.3897034690593 165.05480569517925 0.4336617018774615 -0.9148309140682459 -0.3253392134893077 25 2423.0 37762.0 -11.4426374697564 -1.0564451014358625
33 832.6380241775446 174.9883304625099 0.40572436795442796 -0.26278555129164555 0.46777839911532526 25 1535.0 19353.0 -10.716870741534281 -0.8421386613535654
34 80.48954533742825 178.19719759044764 0.35032839077907657 -0.13710202942251976 -0.3353506793469098 25 826.0 12119.0 -10.208666963684719 -0.321758935406945
35 783.8436036057287 178.93244406656203 0.21104814121787782 -0.056550637045720935 -0.34175663033982495 25 899.0 15688.0 -10.48891895164932 -0.2979800678040864
36 774.3736168170981 188.3186270221656 0.3828420775521794 -0.654112819629134 -0.8832149083714593 25 2241.0 36597.0 -11.40861371506762 -0.8171242528829659
37 10.911035544757823 189.15235344954945 1.1020341194643954 -0.2992816475080523 -0.2865491070037956 25 948.0 1434.0 -7.891372878329453 -0.3024435539693893
38 604.0040063106347 188.82610166033226 0.9588895579675097 0.017014568975541672 0.3159664355759308 25 1164.0 2802.0 -8.618670327374389 -0.6031821441893244
39 263.80314713914106 191.56771368968919 0.2588987777124061 -0.7837309737045209 -0.5089914400495029 25 1268.0 21566.0 -10.834424002183686 -0.3988303634158883
40 632.9290096284846 190.80605542276342 0.5688529391880398 -0.4563010643145726 0.04836160554423987 25 1099.0 16296.0 -10.53020253998027 -0.09192511758851066
41 765.6020118468788 193.39389780582886 0.36344814176606 -0.4290287445770377 -0.17342618615058095 25 2249.0 37736.0 -11.441889658094112 -0.9456582380555384
42 793.646148972951 197.65694322721998 0.5496685032218822 -0.5277753802518466 -0.68543323839866 25 1877.0 29371.0 -11.169796833202522 -0.5435182519340334
43 411.4588881425725 210.1668452483982 0.7664070764256543 -0.7787297924417976 -0.290476228716848 25 1074.0 4181.0 -9.053200418876038 -0.6641814659953671
44 140.0432099908396 214.160769156088 0.5630466906465634 -0.4650129887663391 -0.34029382046433376 25 575.0 4539.0 -9.142400456857123 -0.018573963431187515
45 253.9362389207897 219.9284740396032 0.46112396633908764 -0.45835840114418464 -0.8649193908917641 25 1273.0 22533.0 -10.882047541749674 -0.11084136665178138
46 260.6966718916667 221.82508010676122 0.3807366402753936 -0.3620424557167234 -0.6173898287492091 25 1122.0 18158.0 -10.647670029405795 -0.31503832692153005
47 607.177201413768 222.274210194002 1.0849151642412207 0.6968574371879946 0.1432272818463974 25 903.0 2187.0 -8.349621957594092 -0.25572018183993017
48 139.21174068234237 227.0012269662145 0.7293803442691239 -0.4737462849053771 0.3311530072206437 25 678.0 1300.0 -7.784858380767092 -0.33864587303622934
49 160.47362911939493 231.40559544120129 0.43845508928723775 0.30299050189936366 -0.4619592280462297 25 2974.0 48522.0 -11.714846733735648 -1.190976677936222
50 6.925661391185998 233.5950873710743 0.5818582591749273 0.6143052077358402 0.24149994479637224 25 660.0 5808.0 -9.410066519230094 -0.11453936489397672
51 147.29872190342996 235.87009632720674 0.403583440275076 0.07321857508983844 0.44263180545957015 25 3186.0 53839.0 -11.827742461875467 -1.1357824358727382
52 442.9993112769505 236.80150720836656 0.4154308230896209 -0.2558270478924048 0.5121896375562027 25 1813.0 33023.0 -11.297041311343525 -0.36719113335923015
53 48.90333993882271 237.67781634679946 1.0430097165244776 -0.3297618661435619 0.42443062256249475 25 817.0 2413.0 -8.456393304771964 -0.12537626113820888
54 0.41194801372497963 239.49030641317088 0.6613454272989333 0.194810585873402 0.5042565652956689 25 628.0 4170.0 -9.050340137434393 -0.06218713570491388
55 137.92749713789192 243.5282336325928 0.7822190517776925 0.4408536559433868 0.9276095580901964 25 1103.0 3270.0 -8.786369381650715 -0.7432536590381561
56 512.6729724271217 245.70367550463365 0.8545901763293562 -0.0704101132268886 -0.05463003578838579 25 926.0 1705.0 -8.07931095832129 -0.5049311631238267
57 260.03837168270286 250.66665328427806 0.7893109833051231 0.07932186372231043 0.14653714510261479 25 564.0 577.0 -6.902939532889328 -0.12279209228369994
58 807.82809486371 253.9602249892762 0.7730900533784368 -0.5478101870186739 -0.5737829979151928 25 900.0 2638.0 -8.553186978025867 -0.5248888057668543
59 709.4897255606472 261.03699045527816 0.8322214377093687 0.13593588731495268 -0.20131625990839316 25 556.0 1080.0 -7.583559388717375 -0.03844675693736524
60 568.971787278521 262.61633113008605 0.31142478948601093 -0.8985508142715681 -0.531674504663439 25 1253.0 20409.0 -10.774554314200575 -0.49853931182692546
61 742.8866343031856 271.2685369405173 0.4085355198387819 -0.41804681170784386 -0.4462003839052098 25 1610.0 24979.0 -10.993937620005722 -0.6521772804659466
62 397.06298931857776 271.6169720985888 0.49823198380169414 -0.4912278431986405 -0.5569558296856753 25 1161.0 16610.0 -10.550924081128485 -0.33653404734819253
63 186.92993428046185 273.038453096082 1.0876093377032943 -0.9849725326039348 -0.032877805789930555 25 674.0 -196.0 nan -0.02677037492400489
64 609.1366346691963 274.034446225063 0.5251698319155046 -0.45036483432712693 -0.9001832552781273 25 2483.0 43025.0 -11.584302197498994 -0.6254382140391467
65 694.2655748964656 273.18461748850945 0.8798728888155347 -0.03370051034660283 -0.18054657526023876 25 878.0 822.0 -7.287179543850126 -0.48424044747100325
66 480.2511635500659 274.99984850129846 0.7351029751735126 -0.020748740766766832 0.16939998475562604 25 1247.0 2250.0 -8.380456295278407 -1.020019054768892
67 507.0380940917671 275.0877701783113 1.1659022976289626 0.1376672790162726 0.28611698379128303 25 1326.0 2406.0 -8.453239057509565 -0.6159788938876233
68 306.28353261253767 276.84107206890116 0.4495542624460369 -0.12328556974463113 -0.9403168059665296 25 2279.0 41547.0 -11.546349174964375 -0.5907035741091775
69 317.8155604014776 290.6448245781609 0.8082382866527803 0.08423292655314463 -0.06196490931164885 25 1525.0 4663.0 -9.17166353863623 -1.0815175711058544
70 144.5748851569576 291.93028823538066 0.34438450028663253 -0.039889684027889866 -0.748851247496167 25 1038.0 16344.0 -10.53339588406098 -0.29793135594857123
71 756.3788665936557 293.4747988656026 0.7399251531240945 0.48742018984344476 0.3740217988468841 25 905.0 3273.0 -8.78736501327001 -0.5101081542500534
72 301.9487693653954 295.1138361255774 0.3637894894560896 -0.3571484831716935 -0.33547768648927173 25 2225.0 41169.0 -11.536425795149993 -0.5486301933671764
73 716.3451759938623 295.89190317508786 0.8714484416663608 -0.4945706806693911 -0.3068314481763199 25 1508.0 3118.0 -8.734690277132056 -1.0431119883653688
74 348.6564624183052 297.88169672910465 0.8901172163886922 0.3428679636048034 0.3167470593112763 25 697.0 1547.0 -7.973725784248419 -0.1183826370255839
75 320.10584047036355 309.64176998149014 1.2914837941224289 0.17538615259628762 -0.0972347637136355 25 849.0 410.0 -6.531959641799339 -0.056166980662378095
76 243.44384071011373 314.55996969105405 0.826315038767365 -0.48921252283640704 -0.08582704235586928 25 1582.0 4733.0 -9.187841261169986 -1.0539689151007894
77 264.8969862310706 333.12910497034795 0.9366734677458328 0.06203078104262686 0.19414674362737205 25 606.0 1242.0 -7.7353039896014035 -0.023898857535179188
78 721.9234614372236 345.9428059399342 0.4593676081032441 0.24009406280483825 -0.3351546744549057 25 3074.0 48468.0 -11.713637748044032 -1.2147689080133692
79 686.3534417105509 351.51131171904876 0.7595836764557987 -0.2866734529248797 0.300170353469441 25 570.0 1211.0 -7.707860357857631 -0.06975765487493112
80 710.2978682591391 352.088679391122 0.46139801091656807 0.02715420138078369 0.36866307817620214 25 3125.0 51259.0 -11.774425323450151 -1.0388242077703578
81 43.791622434899466 355.0200904648203 1.0590841965576543 -0.05880905649416365 -0.13196159761507903 25 790.0 1454.0 -7.906411016307548 -0.07907570516264825
82 152.9916825269156 359.8655690560705 0.4312210302480984 -0.256912202385146 -0.5560654074026464 25 2678.0 46804.0 -11.675707426686031 -0.8584959718505525
83 723.1599465634142 364.6305702825918 0.34248338503524894 -0.48966774530486473 -0.5096022904853124 25 2130.0 39150.0 -11.481829415984905 -0.6062497128321129
84 197.18677209570183 378.84273565067616 0.38139955139896226 -0.6429591156958072 -0.9624112550593482 25 1303.0 9758.0 -9.973402034440618 -1.1387640764482854
85 808.7934068053937 383.11044278940653 0.3586432037525255 0.3651778894287461 0.34088116855388817 25 2376.0 48383.0 -11.711731983496446 -0.26009085866804194
86 673.7015668123112 385.92812023967525 0.4705899228439604 -0.2797995224136066 -0.3925205657906172 25 367.0 1426.0 -7.885298813789618 -0.07237700011751065
87 421.4761714255853 391.7286219566457 0.4012684641146853 0.6810469370570724 -0.17449039273291003 25 3203.0 53692.0 -11.824773953789 -1.1676963211690132
88 410.04592764356727 396.8057902873172 0.3550032596357506 0.20324058930259511 0.5415360773965662 25 3285.0 59113.0 -11.929207501162962 -1.0432728591421676
89 620.7339531262519 398.3549818182559 0.37558065027868337 -0.23699788093689375 -0.3653211576097237 25 2145.0 37013.0 -11.420885718050076 -0.8196765823627266
90 417.7899280572856 398.6804858921795 0.41767994217857274 0.9695090780240427 0.9187641631717522 25 2875.0 53403.0 -11.81891413727407 -0.7494497745210515
91 517.4119572783133 398.87674562301476 0.7316944310454336 -0.5226629300412526 -0.3227394671521629 25 599.0 1422.0 -7.882248990984369 -0.16749195000525088
92 785.0300714140401 405.04816291616754 0.42804168944870663 -0.6046607500062405 -0.6906872718132278 25 2204.0 32521.0 -11.280409728513925 -1.0087160597541158
93 775.2690444209937 410.45972928536463 0.4605486542379769 -0.8875865351195764 -0.16123832050714137 25 2052.0 30503.0 -11.210856386840218 -0.8689786780724251
94 810.1849687829847 413.60126863854146 0.7267138307669256 -0.5778579972913612 -0.4463588227564412 25 780.0 2634.0 -8.551539426564412 -0.42231761863903805
95 832.0860098279509 431.09263147029446 0.31294702157901017 -0.06065680016488474 -0.5153299800812775 25 1110.0 16794.0 -10.562885372124516 -0.40937254824149755
96 785.5920205915588 434.35189028043436 0.47795200060215226 -0.0497021016978851 -0.10027533981507428 25 1304.0 20527.0 -10.780813705787828 -0.29170138199556506
97 98.95297020851648 436.56438312930817 0.35993635160409765 0.3386374298814657 -0.16056318252480578 25 3195.0 50864.0 -11.766026276426745 -1.2941425561626916
98 824.2831534148107 435.54165544257876 0.40837716707307226 -0.5557986945194637 -0.27867404845043287 25 735.0 10650.0 -10.068374019436892 -0.11811604159445899
99 407.1446165907387 437.9513135594755 0.5186919056182616 -0.7885148468389275 -0.8277890570063612 25 1965.0 33162.0 -11.301601787413546 -0.46450630425213074
100 402.09404297631556 441.3649091638431 0.5790599480082511 -0.7841741734803076 -0.7140469594015506 25 1065.0 12713.0 -10.260620117476112 -0.3348485496120765
101 102.62962689854102 443.55910630065677 0.4496656830436655 -0.026361338929183742 0.06341419283028575 25 2944.0 41379.0 -11.541949977319598 -1.4017626748098466
102 80.82108176106802 454.28830675749765 1.007696542864173 -0.06654319495412837 -0.17773486624154056 25 920.0 1540.0 -7.968801802091158 -0.3857545982292831
