test_CNN/outputs/tables/03265_a22559m0s0_sources.ecsv
# %ECSV 1.0
# ---
# datatype:
# - {name: id, datatype: int64}
# - {name: x_centroid, datatype: float64}
# - {name: y_centroid, datatype: float64}
# - {name: sharpness, datatype: float64}
# - {name: roundness1, datatype: float64}
# - {name: roundness2, datatype: float64}
# - {name: n_pixels, datatype: int64}
# - {name: peak, datatype: float64}
# - {name: flux, datatype: float64}
# - {name: mag, datatype: float64}
# - {name: daofind_mag, datatype: float64}
# meta: !!omap
# - {date: '2026-06-03 17:12:16 Eastern Daylight Time'}
# - version: {Python: 3.11.15, astropy: 7.2.0, bottleneck: 1.6.0, gwcs: 1.0.3, matplotlib: 3.10.9, numpy: 2.4.6, photutils: 3.0.0, scipy: 1.17.1,
#     skimage: 0.26.0}
# schema: astropy-2.0
id x_centroid y_centroid sharpness roundness1 roundness2 n_pixels peak flux mag daofind_mag
1 311.5336826048868 5.138721513015732 0.3881291405297306 -0.6454717475169168 -0.7845320454585268 25 2234.0 37725.0 -11.441573121119069 -0.4174035506154118
2 610.4277577163934 4.956617996315837 0.38937085175661135 -0.22310523177472613 -0.5328323337725147 25 2672.0 45468.0 -11.644264628306544 -0.5791547113438501
3 695.8746207541044 5.95986918536347 0.9274341762382734 0.09252392701167542 -0.04690001898176849 25 1976.0 2291.0 -8.400062722973495 -0.9190418753613327
4 599.5338423127388 11.103304347174014 0.3817295686713263 -0.6597216720030734 -0.19143650921030544 25 2480.0 41068.0 -11.533758883375093 -0.6391443384010215
5 824.557337569167 23.014345045176512 0.29631453149217113 -0.5209055765186906 -0.22971162424193808 25 1964.0 38390.0 -11.460545280293513 -0.0744241451558822
6 522.1854209101057 28.094308548793926 0.8505984143931891 0.20355879499447718 -0.14656201838301877 25 830.0 56.0 -4.370470067515501 -0.11875901203872324
7 533.3555497698969 32.10451659270192 0.5780590664582175 -0.1605242901225008 -0.17728914170033602 25 2141.0 36807.0 -11.414826052952389 -0.009662844481916736
8 352.51865035271567 32.074975448142595 0.42936075439532817 -0.8242113817192633 -0.996374619084396 25 1725.0 27426.0 -11.095406179182437 -0.18985234462849968
9 688.9540639476529 32.247691385443275 0.5468792416913115 -0.4902907928353982 0.8401680591362386 25 852.0 6849.0 -9.589067915524744 -0.03505574165466697
10 712.1877664779284 36.819383035955504 0.9384432746729428 0.18088437173531627 0.057957749708547245 25 1393.0 3623.0 -8.897670835086341 -0.4198215833186486
11 191.41897868472446 74.43637110965182 0.3899153841016832 -0.9441009783747396 -0.7936555630651649 25 1474.0 23593.0 -10.931957919255876 -0.041540843423079066
12 399.6320174620734 79.77810037931852 0.6147315787342389 0.7159713295892162 0.3295121528335918 25 1335.0 6919.0 -9.600108326508735 -0.6337862242926686
13 126.50685625345014 88.24446495641634 0.38094796389266833 0.9653718487452216 -0.6913600535343534 25 3628.0 68337.0 -12.086639773293104 -0.6683058889267189
14 799.0542592187915 101.07904735177326 0.4626310091933312 -0.09058033279788831 -0.6028944872716272 25 2651.0 40425.0 -11.516625071446096 -0.6438530711624169
15 832.8314445717807 105.85838638577786 0.22881052671073346 -0.39127571315248477 0.875458717525637 25 999.0 15325.0 -10.463501207976131 -0.031143598115557242
16 786.3481907821383 108.42682378957791 0.4721753489067538 -0.4587915381053555 0.3172415386268195 25 2724.0 41442.0 -11.543601765974476 -0.7174309205630334
17 794.8028882235438 106.77790982955453 0.36589134698627857 0.5546168328216294 -0.12740735833748895 25 2774.0 55378.0 -11.858343167407586 -0.23883111767429616
18 16.180823736531803 113.6567541427969 0.6377304467344914 -0.047283935519903654 -0.01783442167605345 25 751.0 1600.0 -8.01029995663981 -0.18912195113409025
19 159.80099426021818 120.16501810960428 0.47740255454533204 -0.1684231052639623 0.06340569387747774 25 1163.0 5654.0 -9.380889510383753 -0.7210853869981415
20 607.840543883142 121.3403278885789 0.9111408543054038 -0.017373034600297085 0.18708151755596322 25 1065.0 1846.0 -8.165579241724734 -0.20227298591066925
21 632.5096670236767 122.84758037200336 0.6719427705732508 0.27829348664605724 -0.17765656338463356 25 1431.0 5458.0 -9.342583828334694 -0.7041133642143794
22 39.910991986964675 134.4029961009645 0.42233929134306075 0.0766527351839971 0.053915657913443424 25 2927.0 55777.0 -11.866137879410804 -0.38450612642540355
23 45.74987486739126 134.9421303641825 0.3949703539874015 -0.03789368847072968 -0.7061737307392033 25 2996.0 53566.0 -11.822223042440118 -0.477718961930971
24 658.5500942428838 134.88545444047995 0.7736131571131815 -0.010270271572394688 -0.5695455848417614 25 935.0 3072.0 -8.718553028398686 -0.0628651220096309
25 96.92856556435487 139.1008828050242 1.0296493591176494 -0.31683569560915137 -0.07466662368091184 25 2290.0 4122.0 -9.037769968607986 -0.9350511091645984
26 34.334835263677824 140.2436146078261 0.38408953279340186 -0.6813307086247407 0.09313344811963307 25 2949.0 51862.0 -11.787123152092565 -0.6388076329398675
27 41.66682968767008 141.71458672839185 0.385526900613898 0.7557761390042845 0.950343671695568 25 2846.0 54948.0 -11.849879723938306 -0.3349075723304441
28 281.36778841316135 143.30052410264048 0.5413089712081249 -0.04871426908091442 -0.3662749476650844 25 2051.0 35596.0 -11.37850299524615 -0.034011630144646726
29 787.740098283779 159.324946794017 0.2923329168902573 -0.5578779479942939 -0.703468049793725 25 2140.0 36632.0 -11.409651576299103 -0.424894556206202
30 171.92086283693345 171.23121754575965 0.9589478613952551 -0.1599054170869978 -0.27262870617864843 25 1165.0 2562.0 -8.521447813521668 -0.1831828353624812
31 832.4134470314106 175.09524102102935 0.3630178259099961 -0.15575255184924544 0.3470840896941155 25 1347.0 20988.0 -10.804927638815753 -0.1393391004480234
32 776.0260249236692 187.16993033672227 0.48512180641806707 -0.6190859389938406 -0.7633618641241807 25 1942.0 28188.0 -11.125160657063075 -0.3956741746395751
33 570.0572876059585 193.55885405519632 0.9929437590867165 -0.3973647661241959 0.22295734862544178 25 1042.0 2303.0 -8.405734844910578 -0.12752297896440223
34 764.4205943497888 194.07991547998714 0.37416605692648214 -0.9168498563434734 -0.2632078440185421 25 1947.0 33801.0 -11.322323872591884 -0.3280271312989925
35 227.75964240790063 203.67599570916227 1.2031618987507744 0.04062314247963578 0.17985121165313703 25 1203.0 1464.0 -7.913852691805933 -0.06614736274272572
36 191.4489768930451 205.8577452811208 0.8235595481161181 0.4870105642919676 -0.3323673343056855 25 2587.0 8647.0 -9.842163647439056 -1.1731765841183603
37 674.8466031361776 208.69581716999133 0.6805001656270847 0.19482260427576892 0.09904749353993982 25 3050.0 10794.0 -10.082956034322986 -1.525507163296608
38 205.91067253047265 223.00948510559985 0.6374541582593243 0.19334923987673533 0.012235599712407126 25 831.0 3887.0 -8.974036351578166 -0.08847165992860936
39 821.1176266431481 226.13938452929196 1.0994924700386524 -0.13119823644457596 0.03875542579122577 25 1319.0 2496.0 -8.493111452525966 -0.2330019181515524
40 832.6593182105308 228.15010788438735 0.69692789599877 -0.9780339110900197 -0.9415961298020467 25 866.0 1704.0 -8.078673976076704 -0.27013751973071004
41 159.04681229199338 230.4216462230103 0.40273377474997707 0.24937437492857223 -0.531667433076992 25 3244.0 56461.0 -11.87937141454124 -0.6305332962382768
42 146.26676188685076 236.5642360530862 0.5231833898310134 -0.10212983865110106 0.26914496021882156 25 2830.0 47602.0 -11.694063000011141 -0.49608658159169683
43 732.9099146495436 248.8844888431126 0.3009569399223535 -0.24511138099004223 -0.3527195740674614 25 355.0 692.0 -7.100265236141895 -0.019961827836866647
44 468.1922858626021 257.6869250099064 0.7335506812846655 -0.3479865461339087 0.002812983734665252 25 732.0 1039.0 -7.541538868892943 -0.02335478103144286
45 159.99508306785705 259.2245422041108 0.7248208883830122 0.2731069781030379 0.62193823044117 25 797.0 2081.0 -8.295680200529068 -0.08515420690409435
46 360.2083987684265 270.92371722425014 0.9547876128103626 0.6598163597732608 0.20347871761475497 25 925.0 -384.0 nan -0.17807111809828507
47 607.8546753703741 274.121215139533 0.43821178989672793 -0.4013353355578607 -0.438013336450274 25 2337.0 44561.0 -11.622387320854532 -0.052129885137448345
48 23.047399105680654 274.86082679381553 0.4749010096348948 0.45444233832947667 0.36484058617750265 25 1118.0 5978.0 -9.441389776758154 -0.5352139991881867
49 664.5273278375962 313.3342633749283 0.6870613334662005 -0.03256942510166766 -0.40137638668593667 25 678.0 1683.0 -8.065210289939559 -0.00828383312235962
50 699.0646560393532 313.39808533980477 0.568644919113992 -0.36704453343145843 -0.43048822844066864 25 678.0 2735.0 -8.592393326673625 -0.10391224656716337
51 489.05799762498646 314.6623785566004 0.9137511581422326 -0.5079041705067444 0.040702406042765864 25 841.0 1021.0 -7.522564355217276 -0.007510107994080363
52 177.3293209596047 326.30591830031284 0.8692278403096071 0.03808870643868077 0.21296055194876973 25 1183.0 4513.0 -9.136163333800365 -0.2572959100184473
53 152.1263182089698 340.4140302538878 0.5579501911210692 -0.15083560425433815 0.34189524160296403 25 1062.0 3972.0 -8.997523099558359 -0.5223994145367743
54 723.104825040136 344.97563521491355 0.4000805228275101 0.4112416433293051 -0.6012586598634599 25 3127.0 52988.0 -11.810443819103064 -0.6907708137143285
55 84.89249065799916 344.9559401163494 0.2604260111946202 0.6550462182301201 -0.3564747435026674 25 897.0 8412.0 -9.81224816003571 -0.5394778524689701
56 305.9941349043865 344.9349867240121 0.7635625134719781 0.6260485115489535 -0.11453182913875855 25 1090.0 3397.0 -8.82773886717507 -0.34773911252637235
57 710.4552650625578 350.3181951895254 0.5015611426762892 -0.49672030722017924 0.47414091942720527 25 2954.0 53643.0 -11.823782644752267 -0.496818431511327
58 348.995072723347 359.66567014374624 0.8041751735174596 -0.08866896349042579 0.24047129586642393 25 1253.0 3154.0 -8.747154222482209 -0.46404797685874016
59 146.55158058689503 363.2206676187547 0.5190831946500166 -0.95527245358771 -0.47644879933411244 25 1443.0 18982.0 -10.695854922652268 -0.18053901932543223
60 557.9575609633276 369.463517889677 0.6380167044858325 0.7714089051138243 0.1504833843881717 25 1032.0 4547.0 -9.144312385512771 -0.3441387553655565
61 271.8278412161384 378.85337522375175 1.0352884864317413 -0.0438823947122888 0.42985153734321113 25 1187.0 1619.0 -8.023117121883434 -0.14719774236361516
62 325.2837405340751 389.0028522612246 0.8213912766940583 -0.31122818236058397 -0.16092951076919998 25 1598.0 3692.0 -8.918154230884687 -0.7142136780680668
63 422.72569943784436 390.6341691094026 0.4143698268282213 0.3062276878408089 -0.4618205836609126 25 3037.0 51289.0 -11.775060578883156 -0.720749866071933
64 532.7034633528137 394.9513694956576 0.5633810704960013 -0.2407705845047732 -0.49040860389174057 25 3287.0 14716.0 -10.419474447897723 -1.6942467407357944
65 409.05107974592147 397.6646766116404 0.43407933371848084 -0.148737785161263 0.5480737031409124 25 2982.0 52218.0 -11.794550584764924 -0.6511300879996811
66 616.863619779033 400.1482082475249 0.6284307059842749 -0.9428742704554702 -0.3401871292809325 25 2271.0 31526.0 -11.246672178048877 -0.5679907355342152
67 724.1751147522448 401.5382046091545 0.7464625152963761 0.17885483750580156 0.15890320200133068 25 914.0 1811.0 -8.144796125785147 -0.22373116940681187
68 786.0276399495015 404.4645617455656 0.4884665790471774 -0.743567421479133 -0.5482737683720231 25 2247.0 37552.0 -11.436582680636294 -0.20605424696530164
69 773.9569230054225 411.251776943912 0.40552478241584716 -0.46521225452289094 -0.1420586925016002 25 1610.0 25348.0 -11.009859246133004 -0.2388305035069338
70 42.72601841465676 423.30440939830834 1.001100677240513 -0.06497230905376074 -0.18211845711960453 25 1147.0 2456.0 -8.475570906172825 -0.24052077407151712
71 829.2007652385339 431.9508743443119 0.45431755797158535 -0.4941191268114314 -0.5459892079394865 25 1516.0 24820.0 -10.987004442906779 -0.10207839728036858
72 732.2928078353074 437.8665901950558 0.8354683580934394 -0.5676762199004044 -0.8003983282448528 25 1685.0 4973.0 -9.241546148080563 -0.6778752691402659
73 354.66945488194006 463.0147369315845 0.4750209782729828 -0.7897553251862153 -0.8585605950292478 25 1529.0 23384.0 -10.92229700587345 -0.0524690981988131
74 473.3093950566849 464.30319803529403 0.4287917127503677 0.553712956611311 -0.6857981139704139 25 3270.0 56285.0 -11.875981676062633 -0.6934390805561095
75 342.3419515754362 469.2718411809793 0.3412737402521962 -0.42875861215572225 -0.1957570937219932 25 1374.0 21162.0 -10.813891775127832 -0.12939235450689573
76 313.80799761423833 482.19257444876524 0.4663276772194413 -0.37114798267316934 0.44483608276868586 25 2484.0 14153.0 -10.377121266673807 -1.4314656886157469
77 669.722974595047 484.99956382036413 0.3810134046654313 -0.6493620248293216 -0.9075854007401061 25 1689.0 26709.0 -11.066644070239512 -0.2832785477191978
78 83.96662524134327 488.9805760211316 1.0991327081261444 -0.0783497509889081 -0.01661327429720505 25 1450.0 2330.0 -8.418389802565047 -0.3535478969389553
79 656.8311039766528 491.7376950381145 0.47793509334688966 -0.9932987464440595 0.09708869367309858 25 1796.0 28235.0 -11.126969480182245 -0.1996161498296556
80 96.07425699997032 496.0486618135453 1.3163503348991268 -0.563774984016201 0.08006385241773784 25 1338.0 2374.0 -8.438701786546432 -0.05337176619440441
81 361.02622065064287 499.84609179122344 0.9528571012718149 0.31680500485497487 0.3939868756091553 25 974.0 599.0 -6.943567055973279 -0.10446699999392808
82 357.5829521126818 507.53465509191255 0.4417898333944062 -0.6116793882518666 -0.9029967480246821 25 1513.0 20834.0 -10.7969316495637 -0.39767009895796335
83 551.9360687843199 510.08022613298584 0.9424685941325701 -0.25336672519103653 -0.515917551326034 25 946.0 1324.0 -7.8047199627592025 -0.0902103751533221
84 176.5683507354728 512.3765915183135 0.4242027978600358 -0.2678509767358393 0.40541842469331674 25 3505.0 26291.0 -11.049517762928748 -1.7613159014442037
85 707.8550019189241 532.6023213552679 0.8733558757384977 0.4277564983737821 0.07570562318602389 25 991.0 3261.0 -8.783376997014892 -0.09245308156958454
86 109.41096746507426 537.0270031149876 0.6096755582824104 0.2254851073334063 -0.03789532885398154 25 709.0 2772.0 -8.606983064849423 -0.11345537203823113
87 133.38459383341169 538.1997569820212 0.46869477265395637 -0.8783511087317158 -0.30549893040495735 25 639.0 3009.0 -8.6960554693502 -0.1161950878008898
88 403.6183932790608 540.2355541511615 0.6417807296443189 0.13081147177723104 -0.24802958789377255 25 1542.0 6681.0 -9.562103679384252 -0.7461766193313915
89 478.28945195458874 545.1905136217462 0.6539955198866644 -0.18293531756603856 -0.18581906449920846 25 2219.0 6740.0 -9.5716497413383 -1.2482396537552634
90 57.34700867947923 550.2330915044039 0.4714700873356185 -0.44496892626835577 -0.9188427916710887 25 2163.0 34846.0 -11.35538233071708 -0.31952915137155585
91 39.76184819261107 555.1860140100391 0.4720750672501654 -0.36687098341761026 -0.6547019501938768 25 2079.0 39236.0 -11.48421181465492 -0.042118360856254033
92 478.94351958734615 560.7804799669813 0.7598182348662761 -0.06701960912603669 -0.014743596255604579 25 999.0 1613.0 -8.019085918472404 -0.30269246214751294
93 39.39081457621313 562.5034353179151 0.7320696477255414 0.24833533794476223 0.44077274108327175 25 850.0 3548.0 -8.874959027899221 -0.12726128373593287
94 237.55563811210556 565.5061423275666 0.521362454308011 -0.4728368865811053 -0.605179004537239 25 1719.0 26776.0 -11.069364248374303 -0.1909743584359358
95 225.5057894516887 570.6563251902938 0.37591295663410584 -0.6313699055537196 -0.33690854560581596 25 1902.0 32978.0 -11.295560784176216 -0.3120395396925208
96 292.8697380381714 579.1361725774979 0.9129531659209861 -0.3722436178910558 -0.22190663244930164 25 2400.0 5122.0 -9.273598935331028 -1.0413230709733443
97 777.2394380402686 588.687292679523 0.9040842429179275 0.23668345352281583 -0.3632377849035046 25 1514.0 5367.0 -9.324328988217589 -0.5387341603489075
98 339.2505205817575 591.5959238574334 0.7949252839840493 0.07539649521334621 0.17303852642762463 25 2283.0 6689.0 -9.563402989881583 -1.1265574520009412
99 446.22873401546985 597.721548739697 0.9339574622386395 0.009265507988648163 -0.00027253244488052296 25 1799.0 3467.0 -8.849884604140993 -0.7494417435505364
100 701.9046761135594 599.3034492559466 0.5242064415403284 -0.18814814927861465 -0.08296033003301959 25 703.0 3545.0 -8.874040598797713 -0.061360103079953515
101 28.253870468893755 609.5586375179644 0.58341671726952 0.27800737849170676 0.2957108438873454 25 963.0 4283.0 -9.079370185991424 -0.37220797267090044
102 146.25129612168425 637.0505882142479 0.3241804949937076 0.3180365992532071 0.47557331560028276 25 901.0 7288.0 -9.656520909912356 -0.4253873238830326
