test_CNN/outputs/tables/03267_a22561m0s0_sources.ecsv
# %ECSV 1.0
# ---
# datatype:
# - {name: id, datatype: int64}
# - {name: x_centroid, datatype: float64}
# - {name: y_centroid, datatype: float64}
# - {name: sharpness, datatype: float64}
# - {name: roundness1, datatype: float64}
# - {name: roundness2, datatype: float64}
# - {name: n_pixels, datatype: int64}
# - {name: peak, datatype: float64}
# - {name: flux, datatype: float64}
# - {name: mag, datatype: float64}
# - {name: daofind_mag, datatype: float64}
# meta: !!omap
# - {date: '2026-06-03 17:12:17 Eastern Daylight Time'}
# - version: {Python: 3.11.15, astropy: 7.2.0, bottleneck: 1.6.0, gwcs: 1.0.3, matplotlib: 3.10.9, numpy: 2.4.6, photutils: 3.0.0, scipy: 1.17.1,
#     skimage: 0.26.0}
# schema: astropy-2.0
id x_centroid y_centroid sharpness roundness1 roundness2 n_pixels peak flux mag daofind_mag
1 620.5682257128385 0.2816200027116405 0.7737950297617353 -0.21402219805273845 -0.5520186009704927 25 1220.0 4655.0 -9.169799213293404 -0.39964204778014756
2 312.4262179688787 6.448056630765189 0.4275020071627681 -0.5448791299256592 -0.7246629384910628 25 2213.0 36063.0 -11.392654629680061 -0.4925165066598886
3 608.4900466531889 6.241237224680059 0.3730116272898823 -0.1470828704113035 -0.40023585062679834 25 3035.0 55347.0 -11.85773521395124 -0.578049105754386
4 304.17070469985043 9.59293027609222 0.46852647674836934 -0.9946001575160623 -0.5751345034032119 25 2245.0 36171.0 -11.395901289078399 -0.46977959170836253
5 601.9077630954855 10.104863363288526 0.4342850747833587 -0.49153816543062884 -0.23005639944493528 25 2785.0 48711.0 -11.719067613501586 -0.5215656632193995
6 825.3819388676795 24.08850166695602 0.3982744391539996 -0.6480240044047011 -0.5763920343799674 25 1996.0 37994.0 -11.449287545974162 -0.13313888511296795
7 350.49927515875726 33.572641001748366 0.4097811632370793 -0.6674086603885996 -0.8257637977090738 25 2173.0 37874.0 -11.44585293709503 -0.2575847614648828
8 345.03442048728573 36.320936432474284 0.5533527425004475 -0.9293305546064679 -0.4523257035455056 25 2004.0 32830.0 -11.29067720682335 -0.14244689174467956
9 638.8004341463577 44.111362909398444 1.087099474316004 0.4527665382468874 -0.1866477041805609 25 978.0 221.0 -5.860980684212777 -0.12647440928278064
10 284.40843981161026 62.488916912444104 0.44044707655481674 -0.025577853800005226 -0.792269676921735 25 1299.0 20372.0 -10.77258416876035 -0.026278764345969517
11 453.98808688917137 87.87446121177297 0.45131114204704365 -0.25335266041955934 -0.5867603973456617 25 1874.0 33449.0 -11.31095784629296 -0.031247463259691802
12 113.68229937611694 94.47284146556431 0.4561774694712033 0.11096825846744855 0.9325951248031373 25 3303.0 62440.0 -11.98865723597595 -0.4606912215735804
13 797.5201985246185 102.36521751308166 0.3754990698020326 0.3272077634403105 -0.023346792013263194 25 3187.0 57740.0 -11.903691948861754 -0.680877005618888
14 833.0228465910478 106.19226778070471 0.29715866423044685 -0.3831417089810673 0.569660759160174 25 1354.0 18771.0 -10.683718524242959 -0.4748293822143021
15 789.4695736775195 107.07378406885691 0.4297845109968035 -0.3802780990711094 -0.22740233454641173 25 2811.0 48082.0 -11.704956310283027 -0.6422127488231476
16 579.3484280108771 109.57329546879195 0.8337749686179208 -0.6069385296207985 -0.16136747811055957 25 1051.0 4357.0 -9.097968899839385 -0.31634038930462227
17 623.5073854980305 120.08249460611604 1.0964155716531814 0.23445561709357185 0.147820324551892 25 1068.0 1925.0 -8.211076834611298 -0.09521472611009983
18 44.392570003723854 135.98988792228872 0.4499037419926543 0.12285142758725345 -0.25431559381818225 25 2967.0 50559.0 -11.759496188760545 -0.6028783971903355
19 36.40370346584491 139.26821690532861 0.3645352996959914 -0.09167435054712426 -0.1978021923427846 25 2971.0 54637.0 -11.84371711288362 -0.506536289048206
20 281.7667735568629 143.48149201652788 0.5459897304183707 -0.3170541907579893 -0.7795906040934723 25 2320.0 40276.0 -11.512615830461868 -0.16061258429221043
21 715.9546028997556 143.71785138897357 0.7027050112813872 0.42013061246678074 0.21581305550287314 25 855.0 1708.0 -8.081219665882465 -0.19056183573616764
22 422.7400340577598 145.9906392458692 0.8338814625776825 0.4853264116682652 0.2648617127763752 25 751.0 1052.0 -7.5550393495443 -0.07246046929469999
23 785.6481763587371 160.36111639295942 0.34052368746706374 -0.601400641831263 -0.6344928266951125 25 2199.0 37954.0 -11.448143883146809 -0.4262284797841459
24 779.477395433049 164.14347887287877 0.3790447341611768 -0.6652250565411219 -0.1593638768282489 25 2729.0 49930.0 -11.745903915137774 -0.5366893069649974
25 832.8173298076472 175.1582730414703 0.21983377930827483 -0.26394118094620334 0.5461833408158383 25 1616.0 25709.0 -11.02521296067287 -0.5236057591301336
26 774.075210215536 188.63942552303624 0.44819807588753247 -0.5736068601138682 -0.5259937966587848 25 2210.0 35056.0 -11.361905900541576 -0.4680637553888853
27 633.1474215659612 191.23007634732016 0.5228465557013293 -0.542458555010112 -0.3175015227469478 25 1156.0 16890.0 -10.569074123927521 -0.0410456785623983
28 794.0617316500093 198.14310849468066 0.653959836894877 -0.4158427752791151 -0.3460712191505704 25 2082.0 33333.0 -11.307186005784509 -0.13736292687637927
29 84.10852323784486 202.38439319324527 0.7931566812193818 0.22781101105438784 0.05577629982176324 25 1067.0 3121.0 -8.73573442166333 -0.32884487187188394
30 59.14057921049089 203.81325110177204 1.1815204742567875 -0.3520358253948957 0.11700369270359356 25 1243.0 1331.0 -7.810445138686688 -0.23031782574844814
31 157.54442245281805 231.39149513360687 0.4646561709038582 0.3715878746355039 -0.0869948360158289 25 3090.0 50509.0 -11.758421925597789 -0.7549955009218844
32 148.34776597425838 235.4008549624026 0.3862736923932404 -0.06342441820514122 -0.11549780140070891 25 2773.0 49789.0 -11.742833509159063 -0.5466176116080658
33 390.6466906558556 242.22209005418617 0.4681636843017745 -0.3585877423538591 -0.7129737628961639 25 1822.0 32062.0 -11.26497652444896 -0.02289600171118618
34 721.6800079093492 245.70817782690364 0.568384936853101 -0.31156923541410586 -0.16214248610377702 25 1762.0 7792.0 -9.729122359676397 -1.0495274904196408
35 310.26624766654896 276.7205491332931 0.4185219840767892 0.16785518849869813 -0.876502937152518 25 2084.0 39732.0 -11.497851066999234 -0.11196801758778593
36 302.1863031618514 294.91098907091873 0.47425835681558787 -0.5143542278074379 -0.825354121711219 25 2622.0 47697.0 -11.69622766015696 -0.3000228826036083
37 737.7268442849232 293.3280175402284 0.348885139980346 0.5866209985226467 -0.2848766120609172 25 336.0 452.0 -6.637846087028455 -0.003612541939856731
38 813.1353485144638 323.398978779319 0.7279669704945025 0.26734055444094024 0.07446385150421474 25 1061.0 2387.0 -8.444631047516886 -0.5036712506771739
39 449.0958462018998 342.0345961582526 0.9087792769456922 -0.07250697532743018 0.027198202144550654 25 2214.0 5828.0 -9.413798857744881 -1.0303398213914223
40 721.7818085023678 345.93342355906566 0.39801510195756445 0.7216567878349787 -0.05018542036123036 25 3406.0 61028.0 -11.963822843898681 -0.6757571931566736
41 557.0431601228901 349.7624290404297 0.6543160348651559 -0.33842304058246564 -0.0005191470506209916 25 1361.0 4846.0 -9.213458524503718 -0.7286657051640522
42 710.9633307845086 351.2737600013382 0.42386763304374425 0.03226057121544769 0.38905843230761955 25 3107.0 57511.0 -11.899377297915636 -0.48858615783965087
43 718.4628609410331 351.6744677629092 0.3946562263972164 0.17816106596483722 0.9315355362292956 25 3248.0 67845.0 -12.078794617004 -0.054042238212292586
44 723.2929814958467 364.9899602708871 0.49909465813208936 -0.6131925114863476 -0.6639932721956894 25 2398.0 45522.0 -11.645553336119276 -0.0611959099003915
45 455.1612708117875 376.99443195126037 0.7688308493275028 -0.5439106947159484 -0.3580357856524967 25 980.0 4309.0 -9.085941235220918 -0.16588908327232132
46 550.0109502401764 377.13334956909455 1.215581527184656 0.16265625330604885 -0.19668363538453765 25 1595.0 3195.0 -8.761177156236048 -0.4384626529191462
47 421.1010582521565 391.87081527523395 0.40801185259025635 0.5082578459088917 0.11603923254448319 25 2983.0 52053.0 -11.791114411268648 -0.6845295085547247
48 410.7031674630683 396.33450319881524 0.3631747680605918 0.10884138609820987 -0.0003064761116102768 25 2984.0 53522.0 -11.821330834243165 -0.6274622558690754
49 621.0314610968601 398.9741327008883 0.41260870963784846 -0.3290856237313338 -0.3725057580792514 25 2162.0 40398.0 -11.515899662128973 -0.19878075322012245
50 417.63079489481936 398.75444805815954 0.45561891983908115 0.4175512026547629 0.6775696714684494 25 3044.0 60124.0 -11.947619665321934 -0.17816297468064451
51 783.9027566565942 405.4259459331331 0.3803223091443638 -0.6588509720783965 -0.7945009060861763 25 2514.0 42679.0 -11.575535587590442 -0.6382702870469337
52 303.8413376209729 407.8496706330068 1.2883869818612033 0.1670696594238833 0.2208265731350338 25 1195.0 2450.0 -8.472915210911331 -0.059802323487500204
53 776.4521290603633 409.7242572172849 0.46882545346128995 -0.6324605810324745 -0.26988790128750423 25 2451.0 40522.0 -11.519227180536529 -0.4745066408279102
54 815.8079979916216 411.9142242720571 0.6505292605930161 0.7773579937612425 0.3132664371963485 25 625.0 1064.0 -7.567354069897574 -0.09472385719205592
55 30.8308118300561 423.9391871710513 0.6729580245789822 -0.0944524578487122 0.1765229186868116 25 1330.0 4659.0 -9.170731776120553 -0.6729268776392154
56 832.4858565621097 431.18687931038636 0.45939078007315476 -0.49607132391574954 0.10109927790772157 25 1725.0 21875.0 -10.849870154235877 -0.6148401512762816
57 471.75419185469707 465.2380272750571 0.3912279165557959 0.7282337434382364 -0.01952945016471156 25 3286.0 58577.0 -11.919317814198342 -0.725005372644928
58 460.13870497684223 470.54922743303274 0.4332738061736603 0.17536568963115917 0.21845472791260911 25 2936.0 51277.0 -11.774806521310149 -0.62469576324484
59 667.8791829002519 486.2985208211247 0.4420189110106508 -0.8563120437967132 -0.6323666529585446 25 2238.0 33941.0 -11.32681158435338 -0.6612629765201647
60 660.046792332304 490.6757009038094 0.41665064966268606 -0.584667918507454 -0.5994629593232577 25 2134.0 33875.0 -11.324698259706157 -0.5783072296353844
61 8.636811347974309 498.3170365059766 0.6018628235342001 0.612451554141009 0.11611150766507741 25 729.0 1541.0 -7.969506596796049 -0.2526109003334247
62 103.4814429377918 504.94717684138124 0.7602692610075252 0.06004336288918301 -0.4066669732585733 25 785.0 1987.0 -8.245494667774537 -0.13079629046654945
63 354.8232133458034 509.0339661879795 0.39792450892770226 -0.7363305046303744 -0.8126024562008424 25 2237.0 39244.0 -11.48443316760263 -0.2806152916508187
64 215.73721340623865 521.9012895924328 0.9013240920828026 0.3321450254954041 -0.5416220771893389 25 1107.0 1164.0 -7.664882450784675 -0.3609105026524826
65 441.8493489297226 526.7263381189485 0.6643034821250041 0.6350743373499343 0.6082667863093201 25 684.0 2482.0 -8.487004442906777 -0.03654753335936617
66 495.8959699054898 542.7643155656611 0.5129123622200292 -0.8384067925937779 -0.38688806173516604 25 1351.0 19722.0 -10.73737738616317 -0.03730955327015824
67 52.841395651055116 551.2614630804892 0.4217206616691142 -0.4215963085053157 -0.7454010228123649 25 2645.0 41811.0 -11.553226386903322 -0.7582543480964268
68 45.49342923640084 554.2245855650463 0.4577386706393021 -0.4928773743622352 -0.694161646219332 25 2709.0 50594.0 -11.760247541042396 -0.2660710441959572
69 592.9509086983203 555.1081045436132 1.2216049869866012 0.35269862589510353 -0.3072474318718807 25 1210.0 1826.0 -8.1537519329957 -0.13923128938363535
70 510.6192898274003 561.5230774525486 0.39949338561852626 0.11679043428782142 0.08027054292167096 25 467.0 339.0 -6.3254992455077055 -0.1801974017647776
71 237.35870788569758 566.301092972973 0.3967824799592842 -0.8955592377394811 -0.9760769294071718 25 2231.0 36905.0 -11.41771302415809 -0.5056418679586226
72 227.72999413028867 569.4125104223165 0.37177518093783624 -0.721114930229505 -0.6909282840084995 25 2240.0 39615.0 -11.494649150656514 -0.409271188006297
73 800.6668566076754 635.4196256389125 0.5771152008474948 -0.5898340647598345 0.20780685041672806 25 913.0 6108.0 -9.46474757096096 -0.17942703333873125
74 752.6094359452479 674.0391980490799 0.7973456887242797 -0.4057494917055224 -0.3641163358520358 25 2038.0 7237.0 -9.648896431565134 -1.0090342372023746
75 57.93521032669117 681.9420183218602 0.7868365927640832 -0.1321312315004592 0.16388952985991603 25 1692.0 4630.0 -9.163952477544884 -0.888207145060792
76 755.9864098845521 690.2006749327785 1.1851213720323104 -0.3019626736416867 0.06921735767104335 25 1669.0 6330.0 -9.503509275043388 -0.38827720292519374
77 195.8768253769952 695.8575766890041 1.110033837377142 0.05644107316757642 -0.14169607376132512 25 988.0 446.0 -6.623337146780354 -0.14117131770396812
78 832.5718913929718 699.7665106297742 0.8701198788050938 -0.9716378942756209 -0.4878887747199747 25 937.0 3534.0 -8.870666362926864 -0.09025311901650607
79 92.40259405649721 713.8378010538173 0.3906261812041585 -0.28739116044647683 -0.4354037539148737 25 3111.0 56406.0 -11.87831325766654 -0.6762293617399929
80 656.2043519978587 717.0906728908449 0.9903448727351508 0.7722706050721893 -0.07435525987646226 25 977.0 3691.0 -8.917860112989143 -0.01211381098343149
81 83.26675507895209 717.3920064790822 0.41944687370839007 -0.394995177879876 -0.3984584046364726 25 2539.0 44040.0 -11.609618275749284 -0.5225237888526351
82 61.99385785698717 727.7745661104918 0.8688962203988804 -0.5912711046873064 0.5537427161696941 25 942.0 2196.0 -8.354080839445135 -0.14322178639620806
83 29.8216982173929 734.8040625999095 0.47811781208936505 0.32452309913671307 -0.012604809189175318 25 2949.0 48925.0 -11.723827085825096 -0.6762616847897435
84 18.54194770005149 738.9035479860705 0.3674442664867962 0.38925332624099696 -0.14921028012497126 25 2958.0 54292.0 -11.836839601052311 -0.548466180568789
85 555.9138953011457 751.7380147785892 0.8388033343437523 -0.356046827395297 -0.3859314285628781 25 744.0 -315.0 nan -0.14402322268221837
86 331.7944258780949 765.7423658711515 1.1040316622499629 0.06072588965242241 0.06988588855046488 25 1038.0 1673.0 -8.058739852405987 -0.09396408159526014
87 495.4848477304423 767.865748920451 0.45135426189251104 -0.8306267770533712 -0.8452844146289852 25 1078.0 16163.0 -10.521304932328583 -0.02005867943935364
88 343.66931474945847 796.1091186114074 0.5852083029939508 -0.6087481054704479 -0.9890108179064883 25 1283.0 8046.0 -9.763950070588107 -0.5574215135710321
89 701.7085767891457 808.2986547798832 0.3392781925981421 -0.47794156849028846 -0.4443728499967493 25 2841.0 49689.0 -11.740650641448658 -0.6640191054175533
90 691.719780192104 812.9788183825298 0.38506862736721764 -0.6534846722381318 -0.41673177218330537 25 2739.0 48979.0 -11.725024784815993 -0.5947821792885785
91 553.9308244951405 814.5531641530869 0.6118246099499121 -0.37456940634889196 0.24705609878725046 25 720.0 2907.0 -8.65861257942607 -0.1721711131196728
92 660.8092284164013 816.6080278916711 0.3187735841363108 -0.8099542116757199 -0.7421129720464689 25 2318.0 45012.0 -11.63332077549587 -0.2298055365980847
93 120.54072598375184 817.9946092693698 0.8306211123515387 0.3615753113727446 -0.46594441822806143 25 1032.0 3157.0 -8.748186454730543 -0.26226778930665007
94 83.90905871791 826.7201321845594 0.4514089918987891 0.358958213224303 -0.2287723255128562 25 2935.0 49564.0 -11.737915870764672 -0.641385956406304
95 72.92773945608332 830.7403781344278 0.41716519415700415 -0.18844429365204787 -0.23123271384409855 25 3014.0 53684.0 -11.824612169225334 -0.5740454745391793
96 105.44168636887976 832.3425524283508 1.007901039762525 -0.0038950758604253967 0.15193193195444965 25 1004.0 2127.0 -8.319418724756822 -0.1179133741284065
97 79.48394599128163 831.9313216288162 0.25329289244092124 -0.6383414981952403 -0.6901874165813346 25 3039.0 56399.0 -11.878178509145762 -0.7870172386071201
