test_CNN/outputs/tables/03269_a22572m0s0_sources.ecsv
# %ECSV 1.0
# ---
# datatype:
# - {name: id, datatype: int64}
# - {name: x_centroid, datatype: float64}
# - {name: y_centroid, datatype: float64}
# - {name: sharpness, datatype: float64}
# - {name: roundness1, datatype: float64}
# - {name: roundness2, datatype: float64}
# - {name: n_pixels, datatype: int64}
# - {name: peak, datatype: float64}
# - {name: flux, datatype: float64}
# - {name: mag, datatype: float64}
# - {name: daofind_mag, datatype: float64}
# meta: !!omap
# - {date: '2026-06-03 17:12:18 Eastern Daylight Time'}
# - version: {Python: 3.11.15, astropy: 7.2.0, bottleneck: 1.6.0, gwcs: 1.0.3, matplotlib: 3.10.9, numpy: 2.4.6, photutils: 3.0.0, scipy: 1.17.1,
#     skimage: 0.26.0}
# schema: astropy-2.0
id x_centroid y_centroid sharpness roundness1 roundness2 n_pixels peak flux mag daofind_mag
1 608.8700473183544 11.16245368043947 0.44282926695095726 -0.1666932658403064 -0.5157714655679008 25 2465.0 38527.0 -11.464412982293046 -0.9432272583473446
2 301.40642943825605 14.925922873237978 0.36966058013478165 -0.8567173540804591 -0.28919102001328867 25 1893.0 31345.0 -11.240420685437444 -0.7062635486380859
3 599.0275590039162 16.375125036494836 0.36673490886313603 -0.33143398415060477 0.017714699563796996 25 2489.0 40785.0 -11.526251166607953 -0.9757792279482536
4 560.9647429853242 24.122254447894345 0.8176884392397402 -0.2941980956141968 0.6374167761149659 25 724.0 2856.0 -8.639395507760343 -0.05482724739912161
5 823.4828663516281 29.945879597942415 0.4309473179254413 -0.47096436526616475 -0.37451063412354535 25 2165.0 40258.0 -11.51213048881707 -0.4486735694809721
6 532.2787942952938 37.75532626796591 0.39492307280718897 -0.3402976596774815 -0.17433211308298854 25 2246.0 42776.0 -11.57800042773071 -0.4588431515290249
7 342.43337309053953 42.06379955798987 0.44195470599006687 -0.7428204912305467 -0.20714577925994737 25 1484.0 21824.0 -10.847335882440962 -0.6070540016934743
8 64.12903455492187 61.14366478951563 0.8741132333079948 -0.7268816641691574 -0.10197803620626612 25 1120.0 2871.0 -8.645082981241266 -0.6330280841803084
9 185.35795651515357 81.13935094541539 0.4046883611336406 -0.05809476862271357 -0.36084210996362215 25 2384.0 44900.0 -11.630615852508308 -0.4499695154191462
10 470.23236734046964 80.82387341286221 0.3191310192909035 -0.4455796004739406 -0.29379831536027545 25 1466.0 27157.0 -11.084704480717864 -0.1175600722177552
11 124.64881870515298 93.37481702770839 0.37910123187886074 0.9807440373618223 -0.27691989510758025 25 3410.0 62899.0 -11.996609352169047 -1.1057364531956668
12 452.6363869515448 92.95991149570467 0.39149273431647025 -0.17643467190606127 -0.720610915934278 25 1434.0 26112.0 -11.042100342684417 -0.20025176222487096
13 797.1164557942119 108.43243382412459 0.4338740354419979 0.47311635815490727 -0.27540297529497726 25 2908.0 46880.0 -11.677469007525085 -1.1439525353848587
14 832.422650150092 112.6049380670619 0.4674601389142473 -0.4881375705152782 0.6258812416409275 25 1081.0 15620.0 -10.484202573853203 -0.09715850763257262
15 786.9187874988455 114.41667605549682 0.532498261636505 -0.21340505840924853 0.2133390709616228 25 2736.0 42461.0 -11.569975545074705 -0.9628052630787777
16 793.431583985279 112.76478750903483 0.45838268595968384 0.4533004789081903 0.33223021720765883 25 2950.0 56063.0 -11.871690834193277 -0.626692756051872
17 84.04096343419353 122.13675941935041 0.5425427413041946 -0.03944575032633087 -0.2816503301468893 25 1226.0 18379.0 -10.660804694407515 -0.24650582929427334
18 44.045428404139244 139.79857251140524 0.3948899412431037 0.16868819127544712 -0.4949483733244071 25 2739.0 44315.0 -11.616376884100854 -1.1278248166984326
19 727.9734725214882 143.10855226733153 0.30539679668141945 -0.12370193986625332 -0.9576907932250788 25 789.0 13365.0 -10.314922407731391 -0.029209966432464582
20 34.37145758424825 144.16439574960205 0.44112131502939245 -0.18441964144909712 0.32213454573199485 25 2997.0 51345.0 -11.776245395483896 -0.987173260126093
21 40.4935303533713 145.67028522892292 0.5053709329862784 0.5227967524229958 0.7920001709665492 25 2818.0 51937.0 -11.78869215043605 -0.6453407231140185
22 280.12430582233236 148.72112309039062 0.380521319219906 -0.16359944294555837 -0.36645943020280564 25 1919.0 35021.0 -11.360821357244165 -0.3273530588148892
23 746.8975039544887 152.19529705158774 0.8983702087118868 0.010781731654539052 0.09046768951157347 25 1867.0 5058.0 -9.259947062520965 -1.1667033241417253
24 36.896611034786844 160.10605667474388 0.8728957630145827 -0.11675764183797971 0.5056996659903324 25 650.0 1291.0 -7.77731560566605 -0.11047992471089993
25 788.4428528854751 166.58129781219532 0.523291912376163 -0.3510180705485207 -0.8793621201431083 25 1946.0 27299.0 -11.090366846316524 -0.8054066871861914
26 776.0676022247237 172.0233401101221 0.40340137283131705 -0.7322847344611163 0.015708550421726333 25 1996.0 31565.0 -11.24801448415843 -0.8290059023678154
27 782.3131771350783 172.65166781217553 0.492261209019782 0.9134968853861243 0.77082016955678 25 2223.0 38620.0 -11.467030673608441 -0.6794011170929132
28 831.452279746654 182.1020053342631 0.5494232668238808 -0.44905030994149137 -0.0585956158152967 25 1579.0 24868.0 -10.989102146740295 -0.3356855700362968
29 774.3740197128499 194.71587759351334 0.5370288239006246 -0.5636176953852057 -0.4600407326449787 25 1893.0 25750.0 -11.026943083443024 -0.8751780709406856
30 262.73284111883356 197.01638325877875 0.2034211964120632 -0.056056652332066775 -0.4028140633967167 25 1111.0 21299.0 -10.820898033869506 -0.1361084218446889
31 764.1836954462445 200.89928417341497 0.5731398549909659 -0.6305139571549553 -0.18425438732622426 25 1858.0 26055.0 -11.039727693756948 -0.7071425325255336
32 791.7534361592989 205.19301821579685 0.3518174129249638 -0.6080878263262398 -0.40946099789220824 25 1736.0 31423.0 -11.243119113539775 -0.48020005278054007
33 156.88835784201305 236.06753648037127 0.472804937190163 0.3609417347914215 -0.29597514498441546 25 2978.0 47878.0 -11.700340000999192 -1.1088016253415287
34 146.2106360086997 240.9501258966464 0.40100063605385283 -0.2532874644788702 0.8267260307297511 25 3324.0 61391.0 -11.970261769187214 -0.9428111177582427
35 153.14371993240792 242.7550482148476 0.39806695725720737 0.6383620443277027 0.33663152368178606 25 3063.0 62975.0 -11.997920440425375 -0.4919756497763662
36 389.02360402416974 247.71395730078848 0.5025238903868451 -0.3817358745567315 -0.4573559884475621 25 1663.0 28303.0 -11.129581178421429 -0.29422551791833573
37 41.66465603432737 250.22836656089422 0.6629917520727939 0.5957395165589455 0.9155417724672633 25 591.0 3012.0 -8.697137418821658 -0.012525483763813197
38 804.9711872167863 272.38554721002816 0.9378285053281095 -0.22879938893530868 0.37566634801566795 25 625.0 11.0 -2.603481712895563 -0.0749184551582853
39 395.6029260105504 277.54689217664003 0.48847983953657875 -0.827912385731835 -0.8369054556826782 25 1086.0 16603.0 -10.55046641975819 -0.09654435487303493
40 612.1366027166669 278.435171907337 0.3786870779333855 -0.8652290986251355 -0.9260294949586343 25 2343.0 44561.0 -11.622387320854532 -0.508263125638798
41 741.2279456639372 278.49401046516107 0.6689821800416877 -0.3265892020685941 -0.37165520771572147 25 1733.0 25670.0 -11.023564671678606 -0.4140912737362006
42 304.467685917189 282.6452053484134 0.4072154131595494 -0.47862968714276927 -0.4800922498058768 25 2276.0 43569.0 -11.597943980200537 -0.42556390092035656
43 627.7676941925562 281.88982625926604 1.0411964158120677 -0.6705305952812286 0.11486541971917129 25 738.0 238.0 -5.94144239264128 -0.1814707207722344
44 808.9262504841035 282.36629431607554 1.0406847820024177 0.41510708281734465 0.2957748728022681 25 663.0 162.0 -5.523787536356577 -0.032000826921908
45 143.10601858550842 297.5079765588516 0.29967433486632095 -0.07685939748835866 -0.41437104290322285 25 1055.0 18102.0 -10.64431640139658 -0.09497399009439367
46 246.3800309891281 296.68000460865943 0.5595806544667339 -0.8374335461888505 0.09854523608094563 25 2720.0 44084.0 -11.61070248429586 -0.892795167033003
47 507.984653283432 298.9962288372302 1.192075938023441 0.4971400992002602 0.0026427388746591562 25 1003.0 2158.0 -8.335128600867229 -0.26293084086049984
48 720.965498736011 352.9638312316863 0.4484333179327899 0.4022635084729575 -0.1599899203435193 25 3028.0 48903.0 -11.723338755349008 -1.1347988707748309
49 367.6914174177858 355.96336932243685 1.0297547867729946 0.6765960590236653 0.06552637435377832 25 707.0 1229.0 -7.723879707216135 -0.026297063586812733
50 709.7987603965338 359.0075581119771 0.45222595188317966 -0.6915369216833513 0.611080696594803 25 3190.0 58736.0 -11.922260917899779 -0.9373155859642808
51 753.1968789993894 356.91419267673604 0.5828552319887587 -0.860583903518992 -0.7914326432062441 25 1210.0 19590.0 -10.730086089986841 -0.09926957469552689
52 784.8371522515082 357.67123311549767 0.7260652393459743 0.10550710415912602 0.05159778287737884 25 1671.0 5592.0 -9.368917906844063 -1.2075330240343265
53 721.372894082911 372.3126426123894 0.44679162825234203 0.15374238713602764 0.0641541391542223 25 1949.0 34751.0 -11.352418266073114 -0.45327729406654077
54 830.0967458234971 380.225973329833 1.1790734698939618 0.3250387243032674 -0.03374197790241024 25 796.0 2229.0 -8.370275171200594 -0.025648894194332916
55 420.838364685646 397.65681038181526 0.3517445124445585 0.8795504443228462 0.023414806618285513 25 3343.0 59501.0 -11.936310661835341 -1.1096903328564203
56 569.2108333933279 397.68057783497085 0.6472133382064335 0.5988092675607832 0.7820025170740557 25 682.0 2229.0 -8.370275171200594 -0.35565860039176195
57 718.6580464946994 400.00354024334507 1.2826262242192699 0.14283395254651662 -0.3559728383334337 25 931.0 1096.0 -7.599526385370876 -0.15335835150878818
58 810.2929154923421 401.8875837115147 0.7433650598312038 -0.4672669107203272 -0.43292080283920553 25 612.0 1470.0 -7.91829333687044 -0.07680561014324377
59 408.4484173582717 403.3943956274002 0.49229859110918406 0.04169999269240878 0.48831951062332324 25 3126.0 52171.0 -11.793572903111269 -0.9680330770177575
60 416.287839786965 404.74105377084663 0.369903098146744 0.3656074051284179 0.7549144071379983 25 2914.0 58186.0 -11.912046256549543 -0.514651403002011
61 784.3730151538979 412.46246621079854 0.4330141894620119 -0.250285853260349 -0.7101290915971095 25 1906.0 27326.0 -11.09144015999765 -0.9285801713864249
62 780.0546300278903 416.9727145310207 0.4093035704566942 0.8582006857873118 0.1509576643512889 25 2260.0 40484.0 -11.518208540465247 -0.8260471853042296
63 783.4658843501861 442.2090712557586 0.4810727107773241 -0.5411008364596498 -0.15434279089444508 25 1310.0 23267.0 -10.916850974607275 -0.006581671328915852
64 32.860874756228874 444.00748175031777 0.8865928958384502 -0.3017524028530679 -0.6675533941190995 25 625.0 -51.0 nan -0.14639144579914357
65 405.16662842198315 444.7377030572194 0.4040325030130865 -0.4717944891774004 -0.8043103959784476 25 1867.0 34343.0 -11.339595574655284 -0.36047995455612447
66 61.305316632070856 458.65768959649733 0.5470987519920689 -0.2927371720578776 -0.3842932224314017 25 1982.0 31916.0 -11.260021141002616 -0.5038607774392465
67 471.1979042725337 472.0120140196619 0.45359414509163115 0.6894714221371211 -0.018378281323558836 25 3251.0 53527.0 -11.821432258469972 -1.1676552839910443
68 745.3602507710019 473.6544748228927 0.46778668108533006 -0.7245999068230333 -0.6153369353178282 25 1553.0 24543.0 -10.974819118452388 -0.5421879177290904
69 458.7152406082047 477.7477720579802 0.4941315383029639 -0.45235168207852516 0.7747632274005318 25 3267.0 56896.0 -11.887704337385252 -1.0327267139580605
70 466.6799165156858 477.5985249644473 0.45308000011033017 0.6583980064255434 0.763948339682628 25 3300.0 65594.0 -12.0421602887568 -0.5834295458888006
71 733.8685740637138 478.9040675375607 0.45967939469217534 -0.7842964682245988 0.10929289919713497 25 1517.0 20492.0 -10.778960868010758 -0.7535951272757991
72 741.1607389515832 479.5771686068344 0.5460823455262434 0.2787896549376741 0.31967858497627055 25 1787.0 28506.0 -11.137340702007123 -0.6099516119460623
73 143.27937551946945 486.1015235741415 0.9541428823636802 0.6428956159573916 -0.2274063400309671 25 696.0 1165.0 -7.665814813405094 -0.07335963771125288
74 667.6105496731652 493.2878428284887 0.41945658738452246 -0.5187497848509349 -0.8523037365768105 25 1943.0 29228.0 -11.16449774668295 -0.8368358955041887
75 138.79683176200643 497.37825946588964 0.9267076953097741 0.18521084991224154 0.7905081857361341 25 906.0 2223.0 -8.367348656747476 -0.3230278061833214
76 656.9387886375129 498.91238916163894 0.35370016681797883 -0.838803900138092 -0.07596382387847572 25 2024.0 33936.0 -11.326651627931216 -0.7931502075704798
77 25.8797934470489 500.9591877938767 0.39385637256387596 -0.29585869043139995 -0.5973270358148902 25 632.0 8890.0 -9.872254402425535 -0.012619403846747642
78 355.1377782382517 514.96933211849 0.449075461155958 -0.5119380677687803 -0.7383662149031601 25 1477.0 23008.0 -10.904697171756972 -0.37280297668184725
79 761.4114477823651 513.1985865311783 0.5916927175869159 -0.07932604461714132 0.21555820011668902 25 888.0 5356.0 -9.322101420849929 -0.5175486415024629
80 124.82229406962956 532.2915590378997 0.4171319038126489 0.29335480845886147 0.11986440060424411 25 1077.0 18525.0 -10.669395541628415 -0.1279869889770995
81 751.783913175546 534.6981708523878 0.6657837356619782 0.5748724178949501 0.2216842357484753 25 481.0 1074.0 -7.577510703408842 -0.07639974153394179
82 494.24500081420445 550.4934932888958 0.4910037899675192 -0.40671332840725677 -0.10506157534909297 25 1108.0 16677.0 -10.555294821895556 -0.18648258798965825
83 308.3479183427981 551.6671925914951 0.44581529587320506 -0.4006075234999738 -0.3159885919624772 25 1125.0 18181.0 -10.649044417035835 -0.08321753046052743
84 514.3243399053015 552.244968183846 0.8591074118817663 0.6709189863166508 0.24336567012611257 25 574.0 381.0 -6.452312439189049 -0.07508628478600382
85 47.34107425749453 557.8842627019324 0.4325476149898454 0.06496334760087508 -0.3145230827606427 25 2871.0 55031.0 -11.851518511745136 -0.640673192732383
86 52.82042413525874 556.4216288571447 0.4712049984260515 -0.037293880958363994 -0.6796009689937859 25 2103.0 30887.0 -11.224439320226187 -0.9126289171831282
87 32.28272757665728 560.1982177665681 0.45950949786746786 -0.17998861846689237 -0.1683055651191621 25 2172.0 39026.0 -11.47838510053522 -0.44938924948779796
88 42.14534420732677 560.5163452641257 0.42004625857366634 -0.363358951612498 -0.48534365711402677 25 2403.0 45269.0 -11.639502252403434 -0.4354724133128945
89 235.36772753200563 572.3075801630794 0.4484240605967709 -0.21056559179640585 -0.35295102596649885 25 1608.0 23560.0 -10.930438215287662 -0.7410714328863444
90 224.3666459221416 576.7911452650736 0.41945730387005986 -0.7985918382058784 -0.2955720053691394 25 1872.0 28611.0 -11.141332593385245 -0.792971474620145
91 551.3989224895255 584.6114878614472 0.7363259497303075 0.9352056983552957 0.7074735307649492 25 719.0 4768.0 -9.19584061683045 -0.07710194620076855
92 572.4085543742507 587.9689418046446 0.7392414390388987 0.41417934167470766 0.11575301292587953 25 848.0 1678.0 -8.061979891231704 -0.5046990639362433
93 279.54420000159485 608.2679644700831 0.43780255179552324 -0.8769646395047963 -0.3965514240466775 25 1100.0 17218.0 -10.589956758704597 -0.17538642876080945
94 395.0163379700062 624.5329902058696 0.42072648131253954 -0.3114663811408069 0.4058917784517382 25 1811.0 33136.0 -11.300750203873445 -0.25048968434932783
95 742.8755684202854 664.8998225897797 1.284054670145648 -0.1555558461649644 -0.2799805079503547 25 880.0 697.0 -7.108081945245024 -0.06795472482489619
96 601.0571028063537 703.6445595404849 0.7925244529325467 -0.24462748253841435 -0.01814845434687005 25 970.0 2481.0 -8.486566910680523 -0.6134986356993511
97 627.4591595987472 704.2438763868911 0.4482961166672127 -0.4773997413507521 -0.20079378001555226 25 829.0 11961.0 -10.194418725955142 -0.08289664445772588
98 682.3002884713405 707.9591874334398 0.5510646111231974 -0.4285683917769542 -0.14286561548248297 25 949.0 13406.0 -10.318248037644269 -0.020164562401372085
99 489.40332803445716 711.9485306179447 0.8360505936192746 -0.6916386721681114 0.1582145615971831 25 907.0 2196.0 -8.354080839445135 -0.44773028844551155
100 612.7330910308666 716.9412424442369 1.1475661633805139 -0.2499398927726434 -0.07103072798283287 25 1030.0 2378.0 -8.440529625706683 -0.30777034795157626
101 92.06911619588656 719.7543891646466 0.41649472524819464 0.11417810929221679 -0.5969525098477956 25 2581.0 39640.0 -11.495334114533094 -1.1965733434203267
102 322.6138857859665 719.821643081227 0.8781894255391973 0.14424955767074993 -0.5939848715536005 25 761.0 335.0 -6.312612017592113 -0.3443297844292551
103 80.46031371294892 724.5377803461521 0.41349155562964673 -0.4873819099562407 0.1440994767248958 25 2655.0 45127.0 -11.636091157490151 -0.9501293671291194
104 2.2745654270557707 730.131726052771 0.41213860423095144 -0.9942410223673954 -0.3084694102614788 25 1441.0 22279.0 -10.86973923373308 -0.43582532271700236
105 491.7400079474376 733.8391332291155 0.9067785687215594 -0.872272284578056 -0.18926568828510215 25 840.0 3684.0 -8.915799053812028 -0.18505462670079625
106 1.6529848509515457 737.883502480918 0.31774738618250575 0.6378280081048507 0.9516328765794989 25 1005.0 16779.0 -10.561915185119776 -0.22111985788078561
107 29.346291110979408 740.9727816073724 0.41573707214824474 0.8594269072785042 -0.057707986017622726 25 3106.0 51622.0 -11.782087066198512 -1.1682017664708926
108 16.830126501353316 746.084362278446 0.44134095235010107 -0.6130104231317658 0.6565219338776123 25 2992.0 53751.0 -11.825966371024549 -0.9899355218240208
109 24.12921375018081 745.790740998529 0.4109941699012989 0.4834945760013438 -0.024510476569045456 25 3037.0 61234.0 -11.967481574654471 -0.5494901906136924
110 554.6707812410077 748.700303593596 0.33330891993757483 -0.08199082359269169 0.020792002335924896 25 969.0 16288.0 -10.529669401641662 -0.09533509124098076
111 248.9826891233609 755.0198266422025 1.1473937621299612 -0.1626916726721033 0.1067080152478551 25 1072.0 1165.0 -7.665814813405094 -0.4208999131444268
112 181.01937039128882 757.3292390475704 0.5593810586949697 0.9661429622088777 0.671248579761507 25 497.0 1740.0 -8.1013731207065 -0.21820487007445993
113 91.27901882482129 764.8694030290219 0.837153443937956 -0.07208765693165939 0.36464317907460764 25 549.0 -428.0 nan -0.12392407180249296
114 761.5662040647048 770.4252238195577 0.4101740794990516 0.22765377594470845 0.34575353508163875 25 2425.0 48116.0 -11.705723790532074 -0.28895071176632875
115 494.98423794983364 775.3152847581849 0.7224978949824347 -0.7619901983007161 -0.3923573358590427 25 1186.0 16194.0 -10.523385337350401 -0.053928787886643126
116 241.52484750490382 792.9133746092825 0.8184948391483103 -0.11529535051155518 -0.3719256454754116 25 1975.0 5170.0 -9.283726357734857 -1.3288293264992044
117 27.291207666805136 795.2588440694402 0.8744387283171041 0.11590005483963768 0.24970930948960673 25 545.0 -978.0 nan -0.12093519975539299
118 363.1999745900893 797.0936611424773 1.302739587251721 -0.15058817270514907 -0.004837899138680751 25 968.0 1780.0 -8.126050005772235 -0.1309582411325528
119 753.9981898448694 801.6158397992574 0.9376752721647981 0.9588828939484283 0.2991653435244465 25 654.0 843.0 -7.314568936561856 -0.02719339204337064
120 607.6435036377898 814.260736156238 1.0120265051484885 0.5534360787390682 -0.09995870304416099 25 734.0 1414.0 -7.876123523652202 -0.06690541408158492
121 701.0225432669121 817.169854640214 0.436408180743985 -0.1477586941856118 -0.6648188928596603 25 2349.0 37230.0 -11.427232590545982 -0.9121072943556942
122 694.9992205585783 819.2348194449835 0.4254576193428117 -0.19107232150975603 -0.6153035017699237 25 2507.0 47860.0 -11.699931735693546 -0.5782983299818505
123 665.3736737052617 823.6701142067249 0.5782596881404942 -0.2595589750992894 -0.42849390821897204 25 976.0 10946.0 -10.098138609516216 -0.25982560128056376
124 688.1351316250481 823.2465256909929 0.3905321102037128 -0.6496423686790979 0.04072537751791316 25 2266.0 36953.0 -11.419124255038039 -0.8914783182699332
125 83.55755567720908 832.936951630797 0.32563869083164904 0.26412158062059404 -0.8569860930043139 25 3106.0 41054.0 -11.533388694947782 -1.6556073096834796
