test_CNN/outputs/tables/03268_a22570m0s0_sources.ecsv
# %ECSV 1.0
# ---
# datatype:
# - {name: id, datatype: int64}
# - {name: x_centroid, datatype: float64}
# - {name: y_centroid, datatype: float64}
# - {name: sharpness, datatype: float64}
# - {name: roundness1, datatype: float64}
# - {name: roundness2, datatype: float64}
# - {name: n_pixels, datatype: int64}
# - {name: peak, datatype: float64}
# - {name: flux, datatype: float64}
# - {name: mag, datatype: float64}
# - {name: daofind_mag, datatype: float64}
# meta: !!omap
# - {date: '2026-06-03 17:12:18 Eastern Daylight Time'}
# - version: {Python: 3.11.15, astropy: 7.2.0, bottleneck: 1.6.0, gwcs: 1.0.3, matplotlib: 3.10.9, numpy: 2.4.6, photutils: 3.0.0, scipy: 1.17.1,
#     skimage: 0.26.0}
# schema: astropy-2.0
id x_centroid y_centroid sharpness roundness1 roundness2 n_pixels peak flux mag daofind_mag
[from data line 103]
104 472.4132983601168 465.6315246411745 0.39144922398392423 0.9228898900692443 0.11979917230365172 25 3364.0 58125.0 -11.910907414745026 -1.2775421952687185
105 741.8288381188676 467.2627810381716 0.37534890136850113 -0.37392828201748973 -0.44249575044599904 25 2588.0 46564.0 -11.670125701404345 -0.8679632153672483
106 460.50203219146454 470.7706240344065 0.40984944315084004 -0.8735498681073312 0.5766840475278212 25 3289.0 60362.0 -11.951909052517578 -1.0766266165975267
107 668.6910666951273 486.08930942502496 0.4107944231253147 -0.6697579826451011 -0.5238768344028651 25 2338.0 36072.0 -11.392925555746285 -0.9789704423172735
108 658.444378394855 491.36358978259307 0.49753832129329023 -0.6112693758285502 -0.089147647785346 25 1834.0 25690.0 -11.024410260665864 -0.8281076117299164
109 466.91775854405506 493.23055673870795 1.0024543445913452 -0.43351794509905195 0.0857456237761211 25 917.0 928.0 -7.418869940547155 -0.4115726303509445
110 631.7269700614286 494.3775604998013 1.0419561152437438 0.4375832382671583 0.1964924194426037 25 787.0 1573.0 -7.991821806558217 -0.18701681928986358
111 453.3327793954197 497.4599160799342 0.723289076348731 -0.06125382611697198 0.7310051047405643 25 528.0 1015.0 -7.516165105623079 -0.07744129598880792
112 338.3570004790452 507.86967669915015 0.5338691810508518 -0.8388775965093456 -0.7394522098791957 25 1277.0 19342.0 -10.716253447383924 -0.21964170250985668
113 356.7258511964771 508.6072282325297 0.43738927146822 -0.535366280503422 -0.7931228048278853 25 1863.0 28115.0 -11.122345219613553 -0.7191682453898874
114 351.9127378654126 510.1256188944949 0.4185226559306228 -0.5722211914305659 -0.42237175361277596 25 2653.0 50071.0 -11.748965662646718 -0.5972797704944475
115 332.76409692403513 511.2471608814549 0.4021734721441885 -0.9879624522434935 -0.21391246081116957 25 774.0 10349.0 -10.037245967365514 -0.2426548487981349
116 126.15078685834922 525.1663690637589 0.4568952591529302 -0.37494706344808404 -0.3574633005022472 25 1455.0 23976.0 -10.949441824843971 -0.2154364913972484
117 221.68281829563523 537.6777977705549 0.9068830222003368 -0.17223615752946456 -0.22715616291756266 25 623.0 1337.0 -7.815328518154962 -0.06054050649554748
118 781.9862776370003 538.9390479705895 0.8023508605884095 0.2759474455812434 0.3275017273143879 25 613.0 572.0 -6.893490071982561 -0.26524270290178925
119 33.879998907678065 554.2494393851438 0.3847459134268682 -0.6119740528678252 -0.6309233120982879 25 2310.0 42515.0 -11.571355458531423 -0.5752937904056477
120 43.39917385875675 554.7305369759559 0.39732000250521177 -0.29657038078533127 -0.20681027633373064 25 2078.0 35400.0 -11.37250815506447 -0.8470311589232881
121 50.159785027589194 556.6024465247918 0.48866060674480916 0.4728901689873828 0.5740327132309896 25 2355.0 41293.0 -11.539691090458511 -0.6615498440251394
122 235.67903340600375 566.1809662082608 0.4471450141966404 -0.5330969576446117 -0.8292495415701084 25 1719.0 25918.0 -11.034003713822402 -0.7041063916393853
123 733.7819626944097 565.1235619847708 1.0495681007488353 0.4175933501299316 0.2860850920016908 25 804.0 1753.0 -8.109454790234487 -0.16620476557421276
124 225.7899244816962 570.0607590701967 0.3712613392971493 -0.6013201961769072 -0.17942277579325244 25 1787.0 28758.0 -11.14689669843858 -0.7896073507441941
125 15.844117066128478 575.8901622145991 0.9444979557412017 0.8253881705470324 0.20648371437728544 25 704.0 785.0 -7.237174141863132 -0.1799501381799406
126 505.3362458277847 580.3405774090143 0.5925373158521823 -0.06362599799494376 -0.0964554926432486 25 819.0 9481.0 -9.942135366440548 -0.1572474026990275
127 201.0855330855289 584.767926575273 1.1183542094794794 0.52348579242403 -0.39348789091647257 25 809.0 1607.0 -8.015039691908362 -0.11462035419557155
128 725.9967603211899 593.0141676357416 0.4963559772533224 0.3150925813742578 -0.10589969589709988 25 495.0 1905.0 -8.199737450029096 -0.30010768341013916
129 285.93248807642016 598.939222800405 0.4619092862482899 -0.2540106632327755 -0.9529553702016791 25 1720.0 30879.0 -11.224158068738745 -0.20757562454955508
130 699.1971299710799 603.7110929464534 0.5732376128239847 -0.35514047811580374 -0.6233114241926772 25 803.0 3740.0 -8.932179005501201 -0.5610562494307663
131 452.21735363873364 605.944918167071 1.048334878457551 0.3328725770295018 -0.05850350830272864 25 983.0 2646.0 -8.556474599628705 -0.3243952908432079
132 150.29417401190656 613.8230025623685 0.5904310050624544 -0.4383907042664646 -0.3986671673907118 25 1285.0 17319.0 -10.596307030545733 -0.31749460792665635
133 561.7841657431251 616.0082806210505 0.4753655291593299 -0.521354402144387 -0.541388883616397 25 1288.0 19172.0 -10.706668550799376 -0.23981305705201345
134 713.8477713554707 617.6047676143515 0.4109725621400021 -0.8410938362633261 -0.4267549625758285 25 1621.0 24578.0 -10.976366349722005 -0.6953854471843497
135 593.1083139284405 620.8562583639651 1.251813992047078 0.3910302113359962 -0.2985592915867468 25 949.0 2959.0 -8.677862412901582 -0.11229554968699612
136 618.4964380986197 649.8002265783381 0.7301468105243892 0.4010944680770891 0.08487961930810434 25 757.0 2440.0 -8.468474565846822 -0.3580209691999402
137 119.17470362322797 673.4627150168235 0.937822226412349 -0.3919818823898481 0.3979759587692004 25 981.0 1889.0 -8.190579894804584 -0.46377771648039423
138 817.1577900107517 688.9178460881614 0.7944999548283346 0.26981600987585097 -0.055916793773539766 25 963.0 3473.0 -8.851761958276906 -0.5073579533244441
139 630.0205329348651 695.5469964385595 0.37466894484442853 -0.4677191153265211 -0.8485873755741575 25 856.0 13772.0 -10.34749253508159 -0.07456010889122695
140 684.0197481904141 699.2563010431844 0.20110017832787372 -0.4073397637573821 -0.5568380763341181 25 949.0 17826.0 -10.62763475546827 -0.029289109630389602
141 145.6932667251801 705.6304189937483 0.3391899459295917 -0.8567985820962697 -0.6855284927492703 25 2157.0 39147.0 -11.481746214620463 -0.6511575147122955
142 405.3812012076342 709.5885650932584 0.6868876526554871 0.18380807477771255 -0.06720687612171836 25 505.0 1147.0 -7.648908544753169 -0.027384449787132874
143 93.19957164685188 713.6328904619762 0.454413307292197 -0.02965786086256581 -0.5788925221133077 25 2840.0 42957.0 -11.582584859513922 -1.1791810641296332
144 79.40830179701265 718.2039406970448 0.4414634184803727 -0.2507746471235441 -0.37834866055089933 25 2297.0 36763.0 -11.413527360585793 -0.9970251396883751
145 89.07392173412046 717.6973889971384 0.41448788288532795 0.5942012821161501 0.4862000737151829 25 2830.0 51073.0 -11.770478422060997 -0.9016223265536392
146 717.0289412508691 725.0031006531716 0.8781186793064043 0.08290923359041061 0.08098723793110066 25 893.0 2012.0 -8.259069940959725 -0.4818612428947324
147 38.99396568777868 728.1698825636071 1.3812788339275548 -0.2956377845127826 0.10597370180739787 25 874.0 -17.0 nan -0.06626419479004007
148 30.43118938196235 734.8186041986871 0.424877387986375 0.4550273664273554 -0.1834996378874297 25 3246.0 52489.0 -11.80017074709377 -1.2608263303711684
149 478.0160570840407 736.3653291136203 1.2070245984856165 -0.40173154470563505 -0.7749299332158077 25 796.0 687.0 -7.092391842648876 -0.11862863069784955
150 18.470743550404332 739.3797691626047 0.37772681517938483 -0.8501908053693829 0.32961198636215144 25 3283.0 60727.0 -11.958454567221553 -1.1109654961528466
151 25.841559712233334 741.7015270408291 0.4239876950461637 0.7210779854438131 0.9080438096978382 25 3006.0 56811.0 -11.88608108473423 -0.7242277586606173
152 502.6715474814599 750.8829938493365 0.6498692161055587 -0.09494961717613182 -0.4797575203280887 25 553.0 2202.0 -8.357043286589333 -0.09718486297926943
153 499.05604082790296 761.0285524503075 1.1068968188788415 -0.037871484121851956 -0.03394826236934543 25 1689.0 3246.0 -8.778371288725532 -0.9405244747788745
154 84.84539511389097 765.9816992366494 1.1724327978393718 -0.08947904719013386 -0.11962012054846459 25 1144.0 1909.0 -8.202014820984168 -0.49582546505255665
155 696.9139966959747 809.7160086188027 0.4693977690869861 -0.21237136429158662 -0.6634306107884433 25 2857.0 54323.0 -11.83745936486507 -0.5332136882286475
156 701.7952489043391 808.052888259902 0.431359981023047 -0.15732066587559035 -0.7273286477129922 25 2629.0 40982.0 -11.531482872459735 -1.0781485914468771
157 259.9952531205493 810.8802142338917 1.054889797700921 -0.1308934747873522 -0.2250200793021899 25 1184.0 1061.0 -7.564288459753352 -0.6619033600513536
158 691.1790407134009 813.4575860570617 0.3578580765777304 -0.8730670811721466 -0.3169611776729432 25 2773.0 49579.0 -11.738244407185714 -1.0565882477267485
159 412.80243385376707 814.9537320136185 0.4068575915831841 0.7742694501949098 0.22497842801984677 25 1623.0 11009.0 -10.104369679308165 -1.4294582848544177
160 697.9302890881685 812.8485655239809 0.3819533422815585 0.4371180863872585 -0.09321139349521892 25 2348.0 44118.0 -11.61153954088846 -0.6428617466785396
161 660.9929162343196 816.2054729171547 0.4642312832661155 -0.7316063977024393 -0.9028298949980142 25 2370.0 42352.0 -11.567184809893183 -0.570102811524897
162 84.4800267585343 826.6917512375719 0.39542812022400314 0.593699065050551 -0.26893462892674747 25 3186.0 52404.0 -11.798411094922411 -1.2237540494547399
163 72.61333297947776 831.2915597863667 0.4173032065443924 -0.6289892288174448 0.2243301037716702 25 3111.0 55617.0 -11.863018897917616 -1.0345198983157398
164 79.58020266870334 831.9316264257835 0.31110123917768867 -0.53205943300618 -0.6181773054844072 25 3148.0 55507.0 -11.86086938887308 -1.2081405646105001
165 801.3877008287066 833.9375941730262 0.9760183116427611 0.022846827761901164 -0.3608440061694255 25 819.0 1530.0 -7.961728577043997 -0.2740666398902387
