test_CNN/outputs/tables/03265_a22559m0s0_sources.ecsv
# %ECSV 1.0
# ---
# datatype:
# - {name: id, datatype: int64}
# - {name: x_centroid, datatype: float64}
# - {name: y_centroid, datatype: float64}
# - {name: sharpness, datatype: float64}
# - {name: roundness1, datatype: float64}
# - {name: roundness2, datatype: float64}
# - {name: n_pixels, datatype: int64}
# - {name: peak, datatype: float64}
# - {name: flux, datatype: float64}
# - {name: mag, datatype: float64}
# - {name: daofind_mag, datatype: float64}
# meta: !!omap
# - {date: '2026-06-03 17:12:16 Eastern Daylight Time'}
# - version: {Python: 3.11.15, astropy: 7.2.0, bottleneck: 1.6.0, gwcs: 1.0.3, matplotlib: 3.10.9, numpy: 2.4.6, photutils: 3.0.0, scipy: 1.17.1,
#     skimage: 0.26.0}
# schema: astropy-2.0
id x_centroid y_centroid sharpness roundness1 roundness2 n_pixels peak flux mag daofind_mag
[from data line 103]
104 27.8097681658835 666.4502834035131 0.6721499578658169 -0.337478817796722 0.29897803736980905 25 812.0 2837.0 -8.63214833948963 -0.11199028120715226
105 517.3639426045304 684.352628685393 0.4335880791031553 0.47377047856042087 0.09288599189089651 25 586.0 3765.0 -8.939412451341799 -0.07818212435789208
106 161.26637247075934 687.8748132878585 0.8332997796785317 0.34280902727287316 -0.16661787568737355 25 912.0 3655.0 -8.907218453234698 -0.02532393141546645
107 35.48788212424677 688.8509912137733 1.0102386611304497 0.5006362994301421 -0.2596951249841446 25 2406.0 8125.0 -9.77455842412728 -0.8710733867263272
108 244.72661113141584 694.0706823882147 0.7367414925345354 0.06689219817730321 0.22992112233148387 25 1076.0 3133.0 -8.739900987204264 -0.32679884940050424
109 670.5370095303674 696.2245968118053 0.4482634629115466 0.32122227703369954 -0.08987859217992117 25 744.0 4860.0 -9.216590673155734 -0.26636192355938904
110 481.99187387372234 700.9369270844956 1.2403007652119664 0.5541663631630103 0.430470052107226 25 1224.0 2734.0 -8.59199627557951 -0.08017526579959516
111 94.60576156204489 712.8697981669362 0.4843544013006907 -0.11184651381970709 -0.6034845789957045 25 2767.0 46036.0 -11.657743953478452 -0.4966338763990253
112 32.926348838014086 715.2230070213669 0.7530747070304734 -0.25397400285282623 -0.1453415686077888 25 794.0 2433.0 -8.465355272327047 -0.051667776052747194
113 80.73394187141855 718.6164795438433 0.44983944657682245 -0.4982641080642892 -0.014329955320083396 25 2589.0 43572.0 -11.598018737401292 -0.49042571938300306
114 89.05984000275068 717.7862982891209 0.47979340926122316 0.7259370739240836 0.27555510708305875 25 2901.0 57293.0 -11.895253908885248 -0.09857333951574734
115 1.978121409831254 724.4741493750563 0.3841714482817719 -0.6975595733623813 0.07473156970335472 25 1414.0 21983.0 -10.855217399761445 -0.18500403816511557
116 425.2316213921472 729.9907167493975 0.6838344136898266 0.40727287569414555 -0.5709307367432749 25 1370.0 6245.0 -9.488831106775386 -0.6227977670104161
117 686.926173889023 730.2075275633653 0.9098480510979506 -0.2681953747714771 -0.09649090761719811 25 1581.0 2041.0 -8.274607511790176 -0.6800871071521997
118 34.41490160106738 734.0762840885354 0.41198086334847744 0.24972379639045542 -0.6484357899404457 25 3001.0 53506.0 -11.821006213033659 -0.5845779648119025
119 13.481825421133232 740.480146704949 0.41786113788683743 -0.5088669473194628 -0.2212169518949081 25 2663.0 45033.0 -11.633827199188762 -0.6438290611179305
120 760.6026037525583 751.4653401428329 0.5127589030969811 0.10112475617506228 0.20882624552282036 25 852.0 4198.0 -9.057606085615955 -0.30141930907543685
121 292.3869544093324 781.5590734197929 0.920950191977504 -0.5384918798038144 0.26424831556014705 25 999.0 1003.0 -7.503252332551046 -0.19398430616075107
122 797.4833720130622 784.9845732523353 0.8733020729295284 -0.25126924671378803 -0.3511296829958394 25 1396.0 3147.0 -8.744741857283051 -0.5109132012991622
123 167.27393399184763 790.1155962864613 0.5093378839221591 -0.2684493639490195 -0.5369197805902829 25 1414.0 7580.0 -9.699173014080134 -0.8436128234677129
124 581.8102678431906 790.0479160847366 0.811834530466043 0.024929592527455153 -0.3979532509084106 25 832.0 2126.0 -8.318908150468195 -0.015716294201037442
125 439.7719970448226 797.751872580762 0.4636032885490452 0.5818033038314449 0.14216021376967844 25 608.0 2642.0 -8.554832033196272 -0.15716818130007493
126 703.0053477743352 807.1056467598262 0.39318827884027324 -0.2203079213371725 -0.8270356689253789 25 2466.0 42746.0 -11.577238703554972 -0.3885804187912194
127 689.4755874670369 814.1133893020732 0.31415888312046897 -0.827815100818307 -0.4136613680294978 25 2384.0 44961.0 -11.632089905070895 -0.33700549845412825
128 78.4487891833833 827.2227592749372 0.501260640708292 -0.6118913827076254 -0.6482194780904663 25 3079.0 58937.0 -11.92597006425284 -0.24167034238665175
129 85.60832630158917 825.7758955216908 0.4075676703147735 0.089645353178625 -0.6691690039201995 25 3261.0 57116.0 -11.891894462310875 -0.6033247873442491
130 70.15754558978591 832.1718293172638 0.3961438336546965 -0.6011127303874173 -0.3905085573061886 25 2890.0 44806.0 -11.628340436357732 -0.7745164925829761
131 79.6692837647347 831.9235132678665 0.2962817923221306 -0.839412191958911 -0.8623847609100096 25 3003.0 55391.0 -11.858598014354415 -0.6947313239425278
