test_CNN/outputs/tables/03301_a22688m0s0_sources.ecsv
# %ECSV 1.0
# ---
# datatype:
# - {name: id, datatype: int64}
# - {name: x_centroid, datatype: float64}
# - {name: y_centroid, datatype: float64}
# - {name: sharpness, datatype: float64}
# - {name: roundness1, datatype: float64}
# - {name: roundness2, datatype: float64}
# - {name: n_pixels, datatype: int64}
# - {name: peak, datatype: float64}
# - {name: flux, datatype: float64}
# - {name: mag, datatype: float64}
# - {name: daofind_mag, datatype: float64}
# meta: !!omap
# - {date: '2026-06-03 17:12:30 Eastern Daylight Time'}
# - version: {Python: 3.11.15, astropy: 7.2.0, bottleneck: 1.6.0, gwcs: 1.0.3, matplotlib: 3.10.9, numpy: 2.4.6, photutils: 3.0.0, scipy: 1.17.1,
#     skimage: 0.26.0}
# schema: astropy-2.0
id x_centroid y_centroid sharpness roundness1 roundness2 n_pixels peak flux mag daofind_mag
1 309.21901517030886 6.485288812110625 0.42682507578993995 -0.3972090371847004 -0.832852809806156 25 2556.0 39202.0 -11.483270560842385 -0.5506908542362683
2 326.1187680025425 6.157016634349493 0.6243384443887681 0.3058903619025206 0.3256818554150627 25 921.0 2574.0 -8.52652135642092 -0.2540159075992333
3 608.3196219031727 6.779580321709763 0.4481231557104941 -0.3581548117302181 -0.7359552543622951 25 2788.0 44239.0 -11.614513253506615 -0.5511467545699892
4 303.8734874019102 9.574158158412809 0.44731305672902394 -0.7111150541449496 -0.5191576610745049 25 2522.0 40071.0 -11.507075451730788 -0.5191524185584238
5 602.3048724268093 10.668041139048562 0.43603598558637197 -0.7537339849126029 -0.38741366572689384 25 2529.0 42184.0 -11.56286939580852 -0.42378214643168477
6 256.3700667973093 15.350347144081752 0.5579564696685664 0.37648018511570835 -0.3264741200070771 25 859.0 3380.0 -8.822291750694136 -0.1889593845788976
7 826.4549804376054 16.988547150414398 0.628056169323292 -0.18712271825044738 -0.37672011459020543 25 940.0 4002.0 -9.00569271075048 -0.20052838491394975
8 693.7082568380854 18.81013953589548 0.6631016844413087 0.06545757534987848 0.08776319181595738 25 775.0 1905.0 -8.199737450029096 -0.038079738980554265
9 241.98393817425412 23.806944821032495 0.49249401846785534 -0.5437879178625152 -0.6232879132852421 25 1739.0 27431.0 -11.09560410036073 -0.0682005177273068
10 824.6242558011052 24.50811191931826 0.42834799254578276 -0.8293340191925873 -0.3446270507232165 25 2735.0 49238.0 -11.730751009987952 -0.35530101207283993
11 533.594887605272 32.91359072774591 0.41268313431471276 -0.655101126866676 -0.5849104102562515 25 2725.0 49785.0 -11.742746278660714 -0.3044904219583298
12 104.37782675578605 33.193772332873124 0.43273798225987875 -0.7699783148190054 -0.5030006777458864 25 1873.0 30497.0 -11.210642799389412 -0.13628845209272733
13 350.40399665265124 33.48291937299197 0.42747085514627237 -0.7329345259971295 -0.9320195929084015 25 2224.0 35109.0 -11.36354614937779 -0.3509869624651954
14 797.3759728249205 32.971661565525785 0.5019361836466396 -0.46808212234191876 -0.5572477489175539 25 1233.0 10162.0 -10.017447976435692 -0.3696269458498217
15 219.45836745625152 53.29121449980303 0.39293735340564023 -0.8456229185554063 -0.7067639723351792 25 1598.0 25999.0 -11.037391610039167 -0.07176578565188776
16 330.2273604720834 61.45546646954137 0.5136204348099631 -0.8877682599184089 -0.44094894191718614 25 1744.0 25340.0 -11.009516526368557 -0.182046867758386
17 283.6573621220434 63.006132319112744 0.4774382782160379 -0.5804277853187656 -0.7475337122496432 25 1685.0 26426.0 -11.055078576634054 -0.07176155712171575
18 188.6000382473691 75.7874814387193 0.4129009158456375 -0.6338688328644133 -0.8459686096910668 25 2190.0 34442.0 -11.342720906006338 -0.3536440945030508
19 471.5708265089609 76.3033224872794 0.4130829300257296 -0.6387145796487363 -0.7639498776974218 25 2185.0 40012.0 -11.505475650332976 -0.10264560146919394
20 453.55717496556923 88.24887257840874 0.4158186824430625 -0.8266868507679633 -0.5541341319047759 25 2354.0 42453.0 -11.569770964212566 -0.1724609994582285
21 123.71827638448272 90.77950662081108 0.4399392130376143 0.9715670495921737 -0.22827293181073172 25 3115.0 58491.0 -11.917722616015991 -0.40246816652423945
22 796.6093234945233 103.40227210263635 0.4274023346830104 -0.03419265445404159 -0.6746425559380835 25 2878.0 47257.0 -11.686165370007693 -0.6141934699826086
23 651.5498184205138 106.52649058107791 0.5695880481652261 0.30786267818234575 0.047122122971242596 25 1298.0 7736.0 -9.721291152687364 -0.5195567232814242
24 832.9164029962859 107.35286164610781 0.33081850807590074 -0.18873079591520633 0.6170886552440644 25 1969.0 26429.0 -11.05520182736219 -0.6755077525999784
25 789.7473021758731 107.76966102694408 0.42449449264170086 -0.34832410631979877 -0.048777244656404574 25 2951.0 50300.0 -11.753919962639818 -0.5441295908837891
26 84.92900768839266 117.4842411645848 0.4385120756322066 -0.3882444665287543 -0.7822178222291547 25 1820.0 29377.0 -11.17001860814809 -0.09025008355218936
27 42.81323464986101 136.1683374204889 0.40324540685443866 0.057912533117862285 -0.6150820933188323 25 3050.0 53420.0 -11.819259709213386 -0.551120537037161
28 448.39533946816255 137.23350714159463 0.4657023161354585 0.063900799126728 -0.050772532529705 25 939.0 8528.0 -9.827117979206243 -0.0815584949627568
29 729.6542141880444 137.62171315058606 0.466826504116609 -0.9719619021844691 -0.45811589898527055 25 1537.0 23769.0 -10.940027276615623 -0.0011765008948831492
30 36.699239658323144 139.10107103797014 0.4033517387829894 -0.44746914395564885 -0.1310268631449334 25 3080.0 53384.0 -11.818527779606786 -0.5879267064913534
31 280.9970764526504 144.08458455228393 0.42170717722428974 -0.647877251033646 -0.2936775886736793 25 2431.0 43066.0 -11.585336340156427 -0.23427193301232135
32 785.5672495000787 161.54917413917624 0.4148599068712949 -0.5949181469502394 -0.8324514608226483 25 2696.0 44387.0 -11.618139483003045 -0.4582655035476705
33 780.4100131727403 165.2657285058392 0.39839623828995047 -0.7653018315907107 -0.5226868272193658 25 2551.0 44639.0 -11.62428614250378 -0.4002331609807314
34 832.7150936007855 176.39740787095224 0.32570150842512763 -0.15687560763272873 0.5290992873081242 25 1892.0 26665.0 -11.064853970047238 -0.6636097998969209
35 257.1713123087695 177.41946230544846 0.4604992522555446 -0.7380002876719831 -0.6898625024846157 25 1718.0 27017.0 -11.079092806961153 -0.10374278365747695
36 784.1912351452407 179.82981230946686 0.42384800847561216 -0.5237541003240596 -0.6500094569598106 25 1838.0 31122.0 -11.232668745943071 -0.07492664309912347
37 773.9118785653216 189.69939744201645 0.42487960720824447 -0.6159773110540263 -0.7852488890141301 25 2564.0 40710.0 -11.524252755948499 -0.5038794654275044
38 767.2536792341939 193.6541416348623 0.3991441650139134 -0.7356407221440063 -0.3722188417830201 25 2610.0 46942.0 -11.678903972767644 -0.27699977710426343
39 793.4682283829057 199.37371888276945 0.4142692923858284 -0.7679045571570635 -0.31078063412532236 25 2345.0 42563.0 -11.57258057767757 -0.1374699519792854
40 230.72112395909863 199.94399180741692 0.6257480992119006 0.13511414934281785 0.19688097032518556 25 1002.0 4413.0 -9.11183481861798 -0.26158762634373844
41 55.74149510929066 221.43495982092628 0.4297872084748822 -0.2102985216414919 -0.324866810124003 25 1044.0 13460.0 -10.322612649719895 -0.03980118301695535
42 156.38113055797695 231.7877088301486 0.3910908297158467 0.5222308547021904 -0.4687748994507604 25 3259.0 57166.0 -11.892844512427285 -0.6228387241428275
43 148.82931375631793 235.26825989562406 0.41640813381472924 -0.39069381749471 0.04080877045522788 25 3204.0 56077.0 -11.871961929376898 -0.624318115893487
44 389.9079777299173 242.658611135388 0.4324167589978407 -0.9995992555517287 -0.48719928136570767 25 2548.0 44905.0 -11.63073675181301 -0.3305970549809911
45 569.2617020011661 263.3360022699757 0.43246283940450875 -0.7888673133002225 -0.47853437839335683 25 2006.0 34563.0 -11.346528578361195 -0.07774971808021564
46 396.65053925784684 272.1669186704591 0.38849391113755555 -0.8994092644034076 -0.6558970350269053 25 1865.0 32031.0 -11.263926243607926 -0.09741310851600138
47 743.3338367097351 272.6263045250074 0.44993190616545453 -0.9022337088788531 -0.7033599518498859 25 2227.0 38072.0 -11.451514229476754 -0.24091152218038264
48 305.59079317636747 277.38179257121567 0.4337138186681463 -0.30435772370800057 -0.23484076953763802 25 2660.0 48693.0 -11.718666331174205 -0.23678604039846382
49 144.408072457263 292.8644320555881 0.4265969039424551 -0.017776002542414644 -0.15912780286587172 25 1729.0 27811.0 -11.11054151267405 -0.1951490824440298
50 37.9464891093927 307.12893041658685 0.6339604227577127 -0.7776290649630868 -0.7196019984691231 25 1296.0 14130.0 -10.375355404621395 -0.04548093503364607
51 92.94219664766571 319.8068219764131 0.9627036856517641 -0.34875989035174443 -0.5275351815625344 25 967.0 1903.0 -8.198596970717551 -0.0954445160950107
52 313.7912399444241 325.7951447192313 1.2655369703759427 0.22777971510310166 -0.08103073190642437 25 1512.0 3037.0 -8.706111979795663 -0.1686289689921487
53 724.5139473274115 347.32378445781245 0.4303108420487193 0.35202324315632727 -0.6869144946375608 25 2931.0 47574.0 -11.69342417058754 -0.7943077968203877
54 712.4776789553667 352.00885865237296 0.41205115821638305 -0.49388744240484944 0.5120820062135202 25 3329.0 60137.0 -11.947854397624456 -0.566015412160063
55 752.3673386451188 351.7416230439229 0.5041691521521571 -0.8036796304728702 -0.5119319511580189 25 1605.0 21124.0 -10.811940397041141 -0.33191658917303585
56 719.4565459046191 354.79518909528264 0.4288276465087142 0.9128299255836481 0.908245616969728 25 3273.0 64994.0 -12.032183165177717 -0.24764990039250673
57 723.754001469968 365.90627948583585 0.36956564864164937 -0.6692992813799713 -0.4716401341413367 25 2696.0 50103.0 -11.749659326865658 -0.2919137947297439
58 121.95173012449477 367.43364697484714 0.6955424561005107 0.4406053745620718 0.7900543864773844 25 763.0 1604.0 -8.013010909870362 -0.10005044307318794
59 420.3495357238836 392.4924159739639 0.522172757473768 0.4936722811576376 -0.38882852037589904 25 3146.0 50348.0 -11.75495555881221 -0.6085361354346261
60 411.6811622706992 396.4229529449149 0.4258844017389035 -0.2385192237001766 0.3738285902790147 25 3231.0 52710.0 -11.804732540537392 -0.7868565040675084
61 621.1711802654652 398.85023658730586 0.3795666959126189 -0.729207395299786 -0.7704541766374894 25 2837.0 48902.0 -11.723316553289711 -0.5742173817327798
62 778.2341763318052 410.71032134043185 0.37598325769452995 -0.811121912916222 -0.5103523599698833 25 2565.0 42169.0 -11.562483255582492 -0.658893026950123
63 114.46197683491626 412.709911875618 0.6269356113730908 -0.03633033489924259 0.07470597054964055 25 1451.0 19075.0 -10.701161366567295 -0.057285906042075035
64 296.127103376956 422.11045787827305 0.5010528474454595 -0.4197393200591423 -0.400648855852358 25 1826.0 25036.0 -10.996412357203146 -0.36188709250368034
65 832.4353816126539 432.2797096513868 0.40511025156450353 -0.4152534560753898 -0.2124611573958774 25 1929.0 27149.0 -11.084384593791892 -0.46867000479903415
66 41.383919406566676 444.9278531615509 0.9228589291238001 -0.13256500069655056 -0.1774465334417093 25 996.0 2532.0 -8.508659253363293 -0.09599422865068635
67 62.36037335391997 453.39542218053145 0.508905807630856 -0.4080201308506258 -0.21798640532759964 25 2661.0 42256.0 -11.564720959657123 -0.46064196238928323
68 470.7349232473114 466.62035267854793 0.49466860246679695 0.588264653954024 -0.3727771162804084 25 3095.0 49247.0 -11.730949448854176 -0.7597079728623435
69 745.6065041872979 466.9436672527804 0.5354865069962452 -0.7370449057063684 -0.9023327017442583 25 1976.0 25772.0 -11.027870306685772 -0.4624798527288976
70 427.4132333408317 470.84824028182715 0.5659372977363244 -0.5502445818095248 -0.3760683704801869 25 508.0 -964.0 nan -0.07705067648738348
71 461.18737870777295 470.71704551578927 0.39109170928272985 0.6317525914275867 0.2535953108699876 25 3173.0 54044.0 -11.831868713274986 -0.6833514872920443
72 534.5330404384783 471.9977333394545 0.8895970830766672 0.08486971579398815 -0.6870740220216569 25 901.0 700.0 -7.112745100035642 -0.04867166324323872
73 668.4291129179963 487.4786271543862 0.47247196508807104 -0.5195773967051064 -0.5966646869539682 25 2142.0 30971.0 -11.227388070501307 -0.5034133260576578
74 337.6596109551783 487.72692402580066 0.3287492281098884 -0.7652884511282381 -0.7050016460849677 25 1583.0 25428.0 -11.013280506896049 -0.22857225532141587
75 658.5148268057187 491.41887785262475 0.44348645492572053 -0.8958953171722688 -0.6851355806843828 25 2462.0 37049.0 -11.421941225771974 -0.6331938885347267
76 28.734163542871517 494.3121881554699 0.5248049313807107 -0.9090393864099781 -0.6112695654296014 25 1639.0 22168.0 -10.864316281935437 -0.216563001510709
77 783.6347671008884 498.81945192694883 0.7565924368447196 -0.19064748693723982 0.03603686594812986 25 1542.0 3575.0 -8.883190115342748 -0.6721974611876824
78 244.22376091842463 506.018890049508 0.4564562714406124 -0.8128842387972981 -0.7017145432687882 25 2604.0 43152.0 -11.58750232277204 -0.43787649552465735
79 64.21680687226039 508.89649020081214 0.8196606730143233 0.6109369301850869 0.5800419623052436 25 1202.0 4717.0 -9.184164690614255 -0.24416994616757723
80 355.3500216057516 509.16022586005516 0.459927308018182 -0.7184740834702826 -0.8192235746303359 25 2607.0 38646.0 -11.467761373848885 -0.5616360194534198
81 46.35722805488356 554.409119618499 0.4208639410209934 -0.9042853271782099 -0.6632808275360458 25 2899.0 49323.0 -11.73262371014895 -0.6211056671892976
82 234.57528572685345 566.4907476640407 0.45031373079526643 -0.28316526850478063 -0.9123717805633835 25 2363.0 34039.0 -11.329941982169654 -0.5524666769250953
83 130.90872351117773 576.2140154039195 0.584048933752226 0.16864791078208197 0.42982199435694146 25 545.0 -287.0 nan -0.11096566775171048
84 226.60186724844814 576.8035394804183 0.4635108454772803 -0.6322070175542998 -0.1613224709479846 25 1310.0 5146.0 -9.278674454685818 -0.8767957064766607
85 16.27882022608838 594.0502600019802 0.8772169847996071 0.27339985608286393 -0.3537913517501266 25 1443.0 1516.0 -7.951748003240087 -0.5527012994368513
86 286.2722199061851 599.5935413998739 0.4659199507443595 -0.8402598557343939 -0.6479778339183166 25 2645.0 44275.0 -11.61539642465528 -0.47221528793341006
87 188.83788353777007 603.6821951642083 0.6577766018993355 0.31827305883249246 0.30545312182113776 25 1142.0 592.0 -6.9308042668073 -0.514127471408257
88 358.57651848082145 609.3066074995503 0.7639933596835827 0.23677141295283313 0.03724146733259683 25 1366.0 3139.0 -8.741978289250106 -0.5990707420834791
89 150.1564458287696 613.8560135301778 0.5241762795475428 -0.5806172750070829 -0.6707831092207556 25 1978.0 27763.0 -11.108665982721636 -0.3491334056719858
90 562.2064371558009 617.0619623949674 0.4962535243426944 -0.8168611246048296 -0.6278402223996222 25 1916.0 29480.0 -11.173818697967535 -0.18964996400594417
91 714.2329767641827 618.9632570626982 0.47327349439106653 -0.8954309519823987 -0.6769196880963091 25 2314.0 36471.0 -11.40486917854274 -0.4452099815500194
92 161.98677245333332 626.0149196968355 0.28444782982122946 -0.67197433965296 -0.7484950963430832 25 1847.0 31835.0 -11.257262135499651 -0.2972498620099829
93 787.7863690413012 629.3924921323836 0.651217534585224 0.5148187680169019 -0.2132610170375294 25 954.0 2874.0 -8.646216909495516 -0.3064296035716296
94 174.30147221371385 630.7479245905917 0.6659934585523911 0.2261663890074831 0.41084019046901454 25 544.0 -2333.0 nan -0.09142682183414205
95 368.64417015050594 640.3330431331896 0.5638570814863437 -0.28679692263392825 -0.13349164880441533 25 2824.0 12421.0 -10.235391404456308 -1.471291349097944
96 653.085680994723 643.3122067783313 0.6146680550419305 0.827225744258096 -0.1887500861867275 25 809.0 3123.0 -8.736429960575498 -0.11307038580762668
97 451.7202480033714 643.7787061783191 1.1804569850588715 -0.08143699379783084 -0.24794820688516972 25 1413.0 311.0 -6.231900972567094 -0.29475569456800604
98 3.2487263519605465 648.422890170799 0.38552447045278126 -0.27274831130564403 -0.6549841740979546 25 1048.0 13608.0 -10.334485751511282 -0.06581909295110483
99 677.019266625258 651.9353334992542 0.9537974223264524 0.14016242418226424 -0.07909731306030747 25 1005.0 727.0 -7.1538360271475945 -0.14728954447242154
100 832.4613655743459 656.292458744418 0.290691575428824 -0.9979472947243093 -0.7421955589591844 25 826.0 9596.0 -9.955225598239481 -0.1509927088005555
101 232.29682566989246 662.1875457588432 0.6657745535833275 -0.08498272260613678 -0.02167235717751257 25 541.0 -554.0 nan -0.027205570882348137
102 530.7775311040004 670.0860315665307 0.382696810303325 -0.9555212724543954 -0.8165314414455064 25 1902.0 30852.0 -11.223208306726214 -0.28733668122651723
103 646.0125503303145 675.264064936275 0.9133346368416612 0.17747854377487823 -0.06351928868875537 25 1700.0 3636.0 -8.901559686374824 -0.6053489558695193
104 55.18725665396045 682.5396839219243 0.9016150043051396 0.5441332235517118 0.04697445458234949 25 1043.0 1049.0 -7.551938720483895 -0.13711065229504094
105 629.7022371510678 696.7435069715816 0.4583419172498417 -0.8618869035632877 -0.5841504547425863 25 1573.0 24431.0 -10.969853109266747 -0.020676759796726035
106 91.90758381504001 714.0934460786693 0.4458369197702128 0.1250501892783062 -0.7926720783555212 25 3142.0 47634.0 -11.694792630820075 -0.8079403315689427
107 159.31650281698242 713.2641703010025 0.5794885804880466 0.2977761864895783 0.2132065816385045 25 715.0 -182.0 nan -0.3180034236412814
108 84.10742965501706 717.4530213987133 0.39624951456468355 -0.720947966987316 -0.4029860756606689 25 3010.0 48662.0 -11.717974885979094 -0.8589768039411048
109 31.411396723702374 735.3260211635104 0.3841596824724456 0.5877979730778343 -0.7699471240797884 25 3199.0 52347.0 -11.797229493414466 -0.957143753877697
110 19.46055532308911 738.668688600202 0.3709737672161767 -0.5615937664842331 0.24324507106515214 25 3320.0 55903.0 -11.868587786642975 -0.8343252659471214
111 557.3354681966559 740.83579142461 0.4073445376699181 -0.8291600460435685 -0.9464182108999519 25 1927.0 31343.0 -11.240351406710726 -0.2388201912976341
112 497.08573664387325 767.480532579521 0.3683180006569165 -0.9719071135821645 -0.94170059972486 25 1854.0 31134.0 -11.233087302696427 -0.18963742727294838
113 588.7985635752194 775.1207488011534 0.7309047358489756 0.6431271381659636 -0.39978981810596914 25 895.0 4445.0 -9.119679413265581 -0.11461144297028733
114 63.111031538096405 782.1225373261815 0.5283242951459717 -0.8575545756873575 0.6981133906935529 25 936.0 7197.0 -9.642878756718732 -0.30475990687941246
115 440.26093554570974 797.3398541917601 0.817028178016679 -0.79248766258092 -0.009277202912434458 25 1791.0 7824.0 -9.733572104448863 -0.7271202629362237
116 311.35246780663834 807.6193893772875 0.45901363183500915 -0.9146984734471788 -0.6787454402014406 25 1174.0 16292.0 -10.529936003534901 -0.01763453126710788
117 701.6803734276461 809.4406142986429 0.38149298278583 -0.1208324726968761 -0.7119925180880494 25 2958.0 45750.0 -11.650977746006168 -0.7478170148569432
118 692.5736619044027 813.8474664293151 0.43023581683681594 -0.77429026162269 -0.3904135456149133 25 2892.0 45385.0 -11.64228084945356 -0.7050349509442995
119 661.2801238641084 817.4832469907924 0.406187556741007 -0.8212165672235295 -0.636439683683864 25 2901.0 52694.0 -11.804402917763884 -0.3614039538300823
120 239.0851974469773 817.7006683608195 0.6667931260963985 -0.20542328496490306 0.1960473442058329 25 1159.0 4028.0 -9.01272365470395 -0.4621264465325184
121 342.19096911118106 822.7419039674664 1.0213950773583425 0.5352818056910205 0.6942379673572479 25 1066.0 3038.0 -8.70646942381692 -0.03734736196069051
122 82.90014277818702 827.1254640395399 0.40795880807249835 0.44082648092838894 -0.6564567445756253 25 3305.0 52904.0 -11.808721274239813 -0.8477736551404512
123 73.90909471554363 830.7060663661404 0.41474814019195294 -0.42338530115106193 -0.06541372981102216 25 3122.0 51731.0 -11.784377184341102 -0.7509379198099452
124 8.664914866971703 832.9991638140435 0.8590604402463794 0.3177073214708098 -0.18644328902574292 25 2138.0 3949.0 -8.991217834341361 -0.955259917428813
125 79.76023241859379 832.1408203172692 0.2709898050429162 -0.09161994962883932 -0.32920998461945233 25 3337.0 57158.0 -11.892692560262345 -0.9772993420953079
