test_CNN/outputs/tables/03302_a22689m0s0_sources.ecsv
# %ECSV 1.0
# ---
# datatype:
# - {name: id, datatype: int64}
# - {name: x_centroid, datatype: float64}
# - {name: y_centroid, datatype: float64}
# - {name: sharpness, datatype: float64}
# - {name: roundness1, datatype: float64}
# - {name: roundness2, datatype: float64}
# - {name: n_pixels, datatype: int64}
# - {name: peak, datatype: float64}
# - {name: flux, datatype: float64}
# - {name: mag, datatype: float64}
# - {name: daofind_mag, datatype: float64}
# meta: !!omap
# - {date: '2026-06-03 17:12:30 Eastern Daylight Time'}
# - version: {Python: 3.11.15, astropy: 7.2.0, bottleneck: 1.6.0, gwcs: 1.0.3, matplotlib: 3.10.9, numpy: 2.4.6, photutils: 3.0.0, scipy: 1.17.1,
#     skimage: 0.26.0}
# schema: astropy-2.0
id x_centroid y_centroid sharpness roundness1 roundness2 n_pixels peak flux mag daofind_mag
1 309.79483187877867 6.49804256777508 0.45785440492748963 -0.057897750817827456 -0.636430800687681 25 2086.0 32639.0 -11.284342110718129 -0.34786234379061
2 608.6782179433551 6.107480211403656 0.47208829744223624 -0.1793333210407766 -0.5707609636353765 25 2447.0 38041.0 -11.45062981224951 -0.4244158909957518
3 601.5297216297871 9.947316326230753 0.3845745999854787 -0.5389494465540307 -0.3688204732520733 25 2731.0 48568.0 -11.71587554966223 -0.40059019398872486
4 149.07463739270077 12.504126623590736 0.9195270312684788 -0.1559151363566014 0.14121481448806866 25 873.0 362.0 -6.396771426332915 -0.006076325547790019
5 824.3748086608607 23.291714167950705 0.4539537027730775 -0.61522906129575 -0.36719259647399083 25 2264.0 39226.0 -11.483935059993902 -0.20618749201672132
6 533.2211966266592 32.20021661749208 0.46904884070362507 -0.5717443244369543 -0.6537367703954989 25 2354.0 40589.0 -11.521020879104265 -0.20118898229406879
7 347.929437645634 34.410048127289784 0.4218400098028926 -0.7420495388491667 -0.6587923491809443 25 2289.0 40819.0 -11.527155902481143 -0.19702024969947174
8 266.94217060395243 48.9739556917168 0.7542441568838174 -0.4178367675706444 -0.34920155222613497 25 1148.0 2800.0 -8.617895078355549 -0.3417221281053218
9 554.2029281255037 50.852327599355256 0.7421006012242447 -0.13528216607068871 0.024485280896533245 25 1102.0 2712.0 -8.583224212987565 -0.3540069704873612
10 283.267802278869 62.997278417529955 0.44321035240763823 -0.6758744321439815 -0.21774190585862 25 1436.0 21991.0 -10.8556124463678 -0.01185143745418843
11 703.7719512842133 65.37885400567554 0.6107783086300657 -0.4711462605497754 -0.295922218809467 25 911.0 4596.0 -9.15595005004062 -0.1462853145346847
12 435.12155653398355 68.96678243129024 0.7956774008270016 0.561015675364103 0.24478955423746424 25 1199.0 6224.0 -9.48517395995408 -0.21790133410881168
13 183.29846682782144 78.66470278288062 0.5050174785910851 -0.8778520285248684 -0.5614204428971852 25 1780.0 25781.0 -11.028249397172925 -0.25313451540499526
14 621.5137625207922 86.32960266658789 0.537482783777625 -0.13942072947148004 -0.04844178789061662 25 1122.0 5537.0 -9.358186308779834 -0.475157896012674
15 453.3997896991995 87.49172092955139 0.4146694656501159 -0.8069529142525772 -0.39953522311106987 25 1993.0 34171.0 -11.334144221077029 -0.133395007223732
16 114.40822741604478 94.40990642328988 0.4164997358164971 -0.42491575130461867 0.9456831521100902 25 3279.0 61316.0 -11.968934538866252 -0.4472721558447651
17 796.5917882212501 102.2982487715832 0.4119046961427724 0.3025633801224443 -0.5783767417069913 25 2688.0 44773.0 -11.627540487789922 -0.5471548222576659
18 832.8086688679901 106.09267833482939 0.2875916322313936 -0.49770138365149263 0.7766791726980896 25 1323.0 19313.0 -10.714624351233606 -0.2541364399892639
19 788.7590316009392 106.87743394941513 0.4198846915440123 -0.24407627668869775 -0.09687986934464844 25 2801.0 46475.0 -11.66804849610984 -0.5556524847471523
20 84.82033242543606 117.5475513359243 0.3884130827485098 -0.6369194990212417 -0.6350705966176623 25 1461.0 22936.0 -10.90129419984607 -0.00843692588315947
21 43.580360917047514 136.11122403927413 0.41738505634789463 0.1652676384736921 -0.5624516384709177 25 2801.0 45804.0 -11.652258514991809 -0.5822054849466325
22 729.0022090948972 136.35817350986878 0.5125609570151192 -0.7060081328673831 -0.649167785469442 25 1447.0 20441.0 -10.776255345566987 -0.0016279805150354776
23 36.64161369177801 139.20736735010627 0.3797981969047926 -0.6843960152703367 -0.29351515279608864 25 3029.0 54914.0 -11.84920769844923 -0.5104227249683381
24 280.7370402206439 143.60038905320926 0.44240944273069627 -0.9416136401800139 -0.5406923339596287 25 2363.0 39652.0 -11.495662743765717 -0.260218519665841
25 786.0963225581413 160.6364430317882 0.46516635264883166 -0.28803058521086133 -0.37845728888350255 25 2028.0 31916.0 -11.260021141002616 -0.23906460451852007
26 778.6267187493264 164.52513292398294 0.3796733231552481 -0.9577184136045744 -0.559910440947385 25 2181.0 38079.0 -11.45171383692655 -0.28607098357033167
27 832.4581979019862 174.86839519764442 0.34521943252765896 -0.557574809372922 0.1653930405208297 25 1605.0 22635.0 -10.886951247078178 -0.39286866322948244
28 556.8208853944175 187.794760195689 0.5027036661365415 0.3312507609005321 0.5399398880183516 25 1007.0 9269.0 -9.917582205396755 -0.17263975266555492
29 770.1975190852438 190.37360024192384 0.38128052002370877 -0.8379176538422646 -0.43040614276543115 25 2576.0 46969.0 -11.679528284687148 -0.3562103687671894
30 252.4557543106843 196.020556552739 0.6243838028733883 -0.6644138558369661 0.6080020286452188 25 970.0 7387.0 -9.671170247552466 -0.1841095700623548
31 793.2990581978311 197.9080940532105 0.511365682295362 -0.6244221893650669 -0.4201392990933182 25 2057.0 31784.0 -11.255521380118266 -0.2660415067562437
32 91.69446603521935 223.116254115673 0.7355661242530783 -0.3833564462324122 -0.11677025306169009 25 1599.0 8371.0 -9.806943354821994 -0.5900540969795756
33 510.42725358382603 223.1695318468856 0.6282619608249014 -0.08230381802878073 -0.5066923777112583 25 782.0 2931.0 -8.667539546096089 -0.03287276556785934
34 4.913559630986917 225.02997840235014 0.9410412010135186 0.6445906149988169 -0.37661113608882185 25 1269.0 5388.0 -9.328568967627369 -0.19590510919681936
35 159.46337855788028 231.61652037644419 0.4370560001200082 0.3787360981897962 -0.4616629672096533 25 2829.0 47239.0 -11.685751738702198 -0.5950152480535947
36 148.3096460543154 235.14799364525072 0.3515991580588046 -0.3696562732174981 0.05749843303873363 25 3248.0 59661.0 -11.939226321142138 -0.5538994288253184
37 389.72663919858326 241.994883039448 0.43937307852771157 -0.7792788212631343 -0.5280566572721813 25 2054.0 34874.0 -11.356254408036861 -0.16173908520483102
38 569.7143776635706 262.7598949810807 0.37629558501382354 -0.4996648358516463 -0.6999277441422759 25 1394.0 22275.0 -10.869544281772281 -0.07611666127115367
39 766.2163014969251 263.10151168953365 0.83535164602507 0.6687585993553258 -0.270250776671543 25 919.0 147.0 -5.41829333687044 -0.1736714749145188
40 282.46899470474295 268.26532883816725 0.35072563690175423 -0.8904229259250276 -0.49522645658934394 25 1243.0 18147.0 -10.647012098067531 -0.11949933068376395
41 742.3210330219612 272.0570188191083 0.5026874817185661 -0.8444822943599359 -0.18892643392420402 25 1666.0 25521.0 -11.01724421881141 -0.09318268267172658
42 608.5615942625001 274.26962753622064 0.45700401340766206 -0.7658716425116875 -0.8803702359096313 25 2188.0 36963.0 -11.419418030732443 -0.26475939961041894
43 305.8099676024094 277.19390187819283 0.44454866715604596 -0.19262410897158078 -0.262122816124128 25 2133.0 37720.0 -11.441429210163228 -0.15562924088195593
44 160.0286069952017 276.39107583612883 1.2897328053859365 0.08569886082444914 -0.011245316259109048 25 1266.0 1949.0 -8.224529597794053 -0.0021627555572266807
45 406.9727856106385 286.9139469317464 0.6325555198431206 -0.12092175666486876 0.004681562425854704 25 990.0 3773.0 -8.941717013002489 -0.26799155312623313
46 301.68892754490804 293.5000844092454 0.4537375172432424 -0.11114998526871693 0.07265215466919168 25 2200.0 38427.0 -11.461591200927817 -0.2802988774691113
47 101.59193500620744 304.54186235601395 0.7514414557731501 0.6017193537609831 0.2573874843624123 25 1719.0 8576.0 -9.833211930871737 -0.6690559226974158
48 273.7287929659553 318.29363998037246 0.3928156163005459 0.7062109938540617 0.390695853214381 25 457.0 1872.0 -8.180764611005216 -0.010165121244558014
49 804.3497117271216 325.26354105298 0.9331160574630167 0.07694182745464728 -0.0974667422876309 25 875.0 466.0 -6.670964791725 -0.039432011541352265
50 721.4115725478545 346.05122342991126 0.41451226720234535 0.5729056431069149 -0.35583473703267926 25 3082.0 48187.0 -11.707324722683818 -0.7944898806837359
51 755.0942498069255 347.8946198146132 0.43559876345031845 -0.626131716002352 -0.6336083441253995 25 1821.0 27972.0 -11.116808798920504 -0.2400416046426432
52 711.5891744270185 351.0996076826957 0.3920567289618657 -0.5660290003325437 0.4126128187635761 25 3174.0 55625.0 -11.86317505997247 -0.7055552486551242
53 742.3291206172123 353.2931625184943 1.1112068622226017 -0.36674198735510605 -0.5882823630297467 25 1010.0 -186.0 nan -0.014068322509011993
54 722.8418524241905 364.33344640562365 0.45368612841678707 -0.9156337803461486 -0.9124415103994759 25 2439.0 41780.0 -11.552421089110725 -0.3167807285443686
55 737.7885490107067 368.3056490649506 1.1119192726536256 0.315194591972603 0.3648679448027299 25 1102.0 876.0 -7.356260265420201 -0.029712430687255535
56 517.1196589453821 376.03797254376883 0.9265903638126828 0.010193307070502226 0.031378955129946984 25 1501.0 872.0 -7.351291212331418 -0.5953105511838553
57 423.49179377908695 391.74604878696243 0.43616797274695923 0.4165685462760969 -0.5918623075794608 25 2832.0 44514.0 -11.621241553661507 -0.7202138713304183
58 50.037574271563734 391.79335609386834 1.0223335497233115 0.2366665824563897 -0.08663362018492658 25 1986.0 7159.0 -9.637130906044586 -0.6343558368864726
59 411.8115647265944 395.9356502795948 0.3880431487062417 -0.7173885960627081 0.0037570502816741294 25 3073.0 53821.0 -11.827379406852842 -0.6703736374703518
60 620.4668562733696 398.293307644434 0.3794753256595327 -0.7883883422165241 -0.44954121181143814 25 2245.0 38547.0 -11.464976459589735 -0.38159699539584946
61 335.3957829401713 401.1048097812844 0.6371697029321706 0.1016950005026174 0.7467298717816265 25 619.0 -372.0 nan -0.04974940955217258
62 600.7692249690143 400.8339156621224 0.4505647854686817 -0.3129863364091655 0.07062317296844715 25 1464.0 8282.0 -9.795338065415898 -0.8338609504596961
63 784.6438007206923 405.0706421658705 0.43409680128922923 -0.35060975520695636 -0.5436369311717115 25 2401.0 37490.0 -11.434788601053876 -0.39200870456583653
64 774.6146072776163 409.7832567657237 0.3323963856740133 -0.859114410268897 -0.6583549245228235 25 2180.0 38436.0 -11.461845461778617 -0.5198522903563843
65 711.8297393927453 412.581790400207 0.5558609459771492 -0.845706481610978 -0.7464383030109439 25 1499.0 18166.0 -10.648148274630909 -0.219605575591716
66 295.4914922768333 421.8779507670958 0.4022839196837532 -0.35914408634900424 -0.3818054960597982 25 1308.0 18438.0 -10.664284526600055 -0.10752422792960904
67 715.4377549291678 424.2106424533908 0.45765451995615114 -0.9324411702862684 -0.6039028553259423 25 1384.0 19418.0 -10.720511241878807 -0.1991291486862404
68 829.2104369804991 431.75445357466316 0.45463522323233757 -0.9856850017517595 -0.49630041266939573 25 1992.0 31564.0 -11.247980086775142 -0.337780692853838
69 619.6684059191183 432.1928509020131 1.030304605109907 0.30273185208844744 -0.2062641092521294 25 1403.0 2137.0 -8.324511305410173 -0.31816387785130623
70 784.8967826505894 433.70692985609793 0.38066105851842896 -0.9261013249991166 -0.6164808976326797 25 1828.0 27545.0 -11.100106941773351 -0.5457301047573129
71 538.0888814266767 435.5940037352686 0.6070008180779376 -0.7451645768407544 0.3232726397245842 25 2074.0 16465.0 -10.541404337619817 -0.8410074961314524
72 382.9998211824525 438.5910101031293 0.8722851048840153 -0.10892018111125573 0.47141718952050166 25 1224.0 1463.0 -7.913110815313277 -0.3653834405908635
73 577.3195322624795 437.99873954689707 1.016015992059465 0.2255901959673102 -0.17275209507423467 25 1346.0 2282.0 -8.395789100205489 -0.25824382413097696
74 372.96425960121593 449.96964550879403 0.8037869951723027 0.6060545765510268 -0.42394099393509665 25 1080.0 2725.0 -8.588416266531652 -0.19511589074176858
75 271.2576213281968 462.23406180404146 0.36622992385672526 0.9381752970365308 0.42550872125910394 25 452.0 2705.0 -8.580418173606471 -0.017153925441687916
76 348.9843474079069 465.0216387712881 0.4149342105150608 -0.639250953228655 -0.8996054931333709 25 2840.0 49529.0 -11.737148898955427 -0.46554373830266094
77 470.92283151404797 465.1436868909711 0.3977072821861725 0.5335962873047618 -0.7618971913282769 25 3312.0 56206.0 -11.87445669763277 -0.7049558384442055
78 500.17469015328896 466.071212117517 0.6537422850479477 0.37648003279363856 -0.1924509151496272 25 667.0 -317.0 nan -0.008182381515824119
79 460.8300304205189 470.07499990270037 0.45442389829405566 0.14591148099080725 0.45797180877971977 25 3062.0 50139.0 -11.75043916974692 -0.6626209874241228
80 468.3884816030103 472.7267455390855 0.3998290020687345 0.95936835404404 0.615617599145875 25 3127.0 60171.0 -11.948468073056588 -0.36164842923283863
81 659.2214606332491 490.63346491247233 0.4479865101423663 -0.7615085612013593 -0.33725992024526114 25 2167.0 31510.0 -11.246121007934999 -0.4520129939414374
82 28.76636814076759 493.916359800648 0.6340648721778448 -0.6363650149075082 -0.32494011314670146 25 1390.0 15731.0 -10.491890827644967 -0.09692367967721556
83 243.74258721020092 505.7565781871455 0.4119103177603968 -0.8977532061577158 -0.31921698483883887 25 2234.0 34674.0 -11.350009862125068 -0.45807357542043114
84 211.01301363416593 507.7339140074787 1.2233605289374716 -0.11158001913840816 0.06944878386909394 25 1140.0 1056.0 -7.559159795494484 -0.016870905975478065
85 351.5683512653491 510.31759530598475 0.46108704416014135 -0.9291238828487963 -0.4575749334520303 25 2655.0 46801.0 -11.675637831929011 -0.353909469042562
86 47.47425847967629 511.4229113173557 0.7760965590518367 0.6797698494476688 0.34292836243207675 25 921.0 2761.0 -8.602666016598159 -0.08574522989371162
87 699.4431501517853 517.617045060186 0.39668797740868045 -0.2262234654549459 -0.705334274999849 25 1121.0 15337.0 -10.464351043937405 -0.07860153666921153
88 514.8771150985494 529.1777691461558 0.7865803942955556 -0.5051742393153608 -0.19797214173260866 25 1093.0 2325.0 -8.416057393064932 -0.24781338829567034
89 495.43297548436215 542.779488680392 0.3970653369459129 -0.657992526425553 -0.44950239096612643 25 1391.0 19949.0 -10.749802825825483 -0.1749225577388976
90 444.70157048791714 546.7867774953606 0.8048702826875668 0.16461259440800527 -0.23152077716893643 25 1551.0 3861.0 -8.966749504060123 -0.6460873221699808
91 33.38383302608018 554.2803301405681 0.42488068237869053 -0.4042569200747293 -0.3302166685442037 25 2430.0 40701.0 -11.524012699300561 -0.3908588002770544
92 44.849884584538245 554.3883126217762 0.47184930361242533 -0.7045404379652959 -0.5583152103962459 25 2371.0 36964.0 -11.419447403930459 -0.5071154396898867
93 407.4689846169552 556.7836585115255 0.7861461014059703 -0.2506573194558193 0.451944833457192 25 723.0 230.0 -5.904319590043983 -0.00787030449733083
94 235.0074128960331 566.0671958946696 0.44221030751766915 -0.2776617853076017 -0.9170899033864324 25 2225.0 33920.0 -11.32613960896169 -0.4264543575373285
95 90.35554156457215 568.1454425148632 0.6523598357247647 0.39108610698648705 0.015379768640272146 25 480.0 -2691.0 nan -0.007399016510172069
96 395.59383046689635 567.8344648040403 0.5620740637660607 0.12990211093861898 -0.20046934859716847 25 971.0 2236.0 -8.373679498035964 -0.46943628501626117
97 285.9464334863158 598.8426358926237 0.5632544674171328 -0.8101082650374266 -0.7072278013781359 25 2190.0 34447.0 -11.342878512620844 -0.20042565219658945
98 531.8040861677422 598.1535143800149 0.826649348450288 -0.04932451672399124 -0.04311590417554481 25 1547.0 3208.0 -8.765585899030315 -0.6143834820071581
99 132.59257752023427 600.2086556002791 0.9071123482228329 0.2991561932219612 0.17369232048676395 25 923.0 204.0 -5.774075418564747 -0.0670216466143698
100 291.0597093458354 614.4347120429306 0.2861573067743105 -0.7535796790783582 -0.014529434433554447 25 957.0 14184.0 -10.379496806482154 -0.017489097350946455
101 330.3069612009867 617.6664898431233 0.9177820441248659 0.5546194034869286 0.2790610133556032 25 882.0 485.0 -6.714354346505659 -0.001857289835178895
102 137.21623847969008 638.6097122487719 0.5325501798310353 -0.8719520578409617 -0.5377915241382787 25 551.0 1078.0 -7.5815469021268 -0.11622463495036407
103 13.660965879655839 643.9530007896938 1.020028278254944 -0.5094073775520112 -0.3152439846905845 25 1080.0 857.0 -7.3324520548079954 -0.07685534705862532
