test_CNN/outputs/tables/03302_a22689m0s0_sources.ecsv
# %ECSV 1.0
# ---
# datatype:
# - {name: id, datatype: int64}
# - {name: x_centroid, datatype: float64}
# - {name: y_centroid, datatype: float64}
# - {name: sharpness, datatype: float64}
# - {name: roundness1, datatype: float64}
# - {name: roundness2, datatype: float64}
# - {name: n_pixels, datatype: int64}
# - {name: peak, datatype: float64}
# - {name: flux, datatype: float64}
# - {name: mag, datatype: float64}
# - {name: daofind_mag, datatype: float64}
# meta: !!omap
# - {date: '2026-06-03 17:12:30 Eastern Daylight Time'}
# - version: {Python: 3.11.15, astropy: 7.2.0, bottleneck: 1.6.0, gwcs: 1.0.3, matplotlib: 3.10.9, numpy: 2.4.6, photutils: 3.0.0, scipy: 1.17.1,
#     skimage: 0.26.0}
# schema: astropy-2.0
id x_centroid y_centroid sharpness roundness1 roundness2 n_pixels peak flux mag daofind_mag
[from data line 104]
105 656.7955106525619 676.1090887720027 0.502015011850792 -0.9697672335089766 -0.58663626554598 25 2256.0 38059.0 -11.451143432539919 -0.1601163026524014
106 2.1373971355044605 684.861213359173 0.8461215482577813 -0.163812722689857 0.13230202847947248 25 1120.0 1241.0 -7.7344294537468254 -0.30628029867596235
107 25.832234975217588 684.9293834150659 1.1316596142030546 -0.013288823838449869 -0.19872275621359745 25 1791.0 422.0 -6.563281127404185 -0.5820577238750962
108 323.19393385144525 689.4412877336042 0.6621461717092421 -0.6142692073616981 0.05632110989479463 25 1205.0 5278.0 -9.306173464710078 -0.4832107496792174
109 92.24258061067252 713.7189780692302 0.4314861388120684 0.26094444740506023 -0.6407097854493284 25 2710.0 39964.0 -11.50417237574845 -0.7080729528633294
110 82.78406308105224 717.4493131342408 0.4395535419660993 -0.832914767009757 -0.3261719094401887 25 2498.0 35507.0 -11.375784950362267 -0.7031200878514752
111 5.831571915411955 722.5011986302828 0.4197228107275551 -0.9902714773212484 -0.6177504774335492 25 2453.0 39429.0 -11.489539406543752 -0.5312612135249791
112 594.0250926632323 728.436009340139 0.5624004462512289 0.36613960124692235 -0.27751168977033513 25 947.0 4020.0 -9.010565132711175 -0.3283701064769045
113 29.27542854911225 734.9752123700205 0.4061752789654163 0.7113277206741414 -0.2523833249547586 25 3027.0 47208.0 -11.685039004077357 -0.8470361910563539
114 19.41887781710445 738.8058565797378 0.4526621380412761 -0.38752979744560373 -0.01387972634822911 25 2923.0 45288.0 -11.639957854691342 -0.8668088781849519
115 556.3513201034425 740.0634314158178 0.46649210365232396 -0.8797232601775751 -0.7268725693810104 25 1696.0 26542.0 -11.059834112093263 -0.014151524974392513
116 741.967622394122 741.0355450761784 0.506785297635651 0.1362881503597521 0.2215541260747432 25 737.0 5092.0 -9.267220987454044 -0.07160475379774026
117 755.6978229979593 759.4759894009138 0.5161714057433321 -0.87227314381525 -0.13429551467162779 25 2584.0 15196.0 -10.454323212206706 -1.3720274964434869
118 528.3883133607825 764.6288321952494 0.6041422564115616 0.143952282080001 -0.28460017237740015 25 2107.0 9765.0 -9.974180619059682 -1.1106063135264996
119 496.4590330946955 766.7889529451533 0.4626968628034601 -0.7957175496723377 -0.5700428169920017 25 1502.0 21044.0 -10.807820732812804 -0.24883257631542172
120 548.3360438708595 772.2415149463392 0.5653145587581444 0.4102933675795901 -0.1853283277985601 25 729.0 1182.0 -7.681543691363092 -0.12002608085074203
121 521.512487997883 778.5469859529775 0.5493375097886615 0.5134601462351219 0.8367074183482658 25 1684.0 14337.0 -10.391145713101142 -0.6487477682566598
122 758.0393348927385 777.9251384929256 1.1636451776373276 -0.04969987674429439 -0.13243420657510394 25 1077.0 -635.0 nan -0.030441711814517585
123 556.5441868578692 788.934554210305 0.43803504426374423 -0.02682300315633018 0.19138662575224266 25 848.0 5303.0 -9.311304067796407 -0.37598636937409824
124 576.8328047663845 794.7281809641036 1.007415288552761 -0.5179905300643202 0.12049804914830364 25 1180.0 1212.0 -7.708756549575668 -0.2367871225590458
125 155.85596427790335 806.3149218388725 0.9252365993010225 0.0058049144891759216 0.1644310086283647 25 1244.0 2194.0 -8.35309155809673 -0.30620817861506855
126 306.6431759860715 808.1361587356757 0.40546689435228095 -0.02448376313680862 -0.27610391751591695 25 1253.0 18533.0 -10.669864314350795 -0.010013771989436458
127 701.5876373665092 808.296240267408 0.5022344067082349 -0.02773155818997137 -0.5049175198670866 25 2429.0 34255.0 -11.336809929638505 -0.6232860145565936
128 116.46965085902356 810.741684702792 0.7497867819078012 -0.34159164557759236 -0.4621772323930279 25 1241.0 3293.0 -8.79397932677977 -0.48811614960059657
129 691.3743075532149 812.9471653226244 0.45659270628219445 -0.8984073858810664 -0.2573395584540444 25 2654.0 41329.0 -11.54063724295651 -0.533787795061837
130 656.8185629967853 819.2042541701372 0.554992319364603 -0.9802673403313619 -0.6278396897523386 25 1799.0 23867.0 -10.944494582778063 -0.42293856929902224
131 83.29542117077928 826.7423667575465 0.3728876092941277 0.629443761632317 -0.5163072087059861 25 3017.0 48718.0 -11.719223627695438 -0.8488045875853772
132 72.79242915786864 830.5965784444572 0.42610607874181694 -0.34905509610921576 0.0179404573294802 25 2756.0 41826.0 -11.553615832800377 -0.7754622413258419
133 79.57907511356707 831.8349036732465 0.31269820926919323 -0.030794195069865842 -0.12902626397039668 25 3082.0 51347.0 -11.776287686459042 -0.9008626486402083
