test_CNN/outputs/tables/segmentation_sources.ecsv
# %ECSV 1.0
# ---
# datatype:
# - {name: label, datatype: int32}
# - {name: xcentroid, datatype: float64}
# - {name: ycentroid, datatype: float64}
# - {name: sky_centroid, datatype: string, subtype: json}
# - {name: bbox_xmin, datatype: int64}
# - {name: bbox_xmax, datatype: int64}
# - {name: bbox_ymin, datatype: int64}
# - {name: bbox_ymax, datatype: int64}
# - {name: area, unit: pix2, datatype: float64}
# - {name: semimajor_sigma, unit: pix, datatype: float64}
# - {name: semiminor_sigma, unit: pix, datatype: float64}
# - {name: orientation, unit: deg, datatype: float64}
# - {name: eccentricity, datatype: float64}
# - {name: min_value, datatype: float64}
# - {name: max_value, datatype: float64}
# - {name: local_background, datatype: float64}
# - {name: segment_flux, datatype: float64}
# - {name: segment_fluxerr, datatype: float64}
# - {name: kron_flux, datatype: float64}
# - {name: kron_fluxerr, datatype: float64}
# - {name: inst_mag, datatype: float64}
# meta: !!omap
# - {date: '2026-05-22 09:51:44 CDT'}
# - version: {Python: 3.10.13, astropy: 6.1.0, bottleneck: 1.3.7, gwcs: null, matplotlib: 3.8.4, numpy: 1.26.4, photutils: 2.0.2, scipy: 1.13.1,
#     skimage: 0.20.0}
# - {localbkg_width: 0}
# - {apermask_method: correct}
# - kron_params: !!python/tuple [2.5, 1.4, 0.0]
# - __serialized_columns__:
#     area:
#       __class__: astropy.units.quantity.Quantity
#       unit: !astropy.units.Unit {unit: pix2}
#       value: !astropy.table.SerializedColumn {name: area}
#     eccentricity:
#       __class__: astropy.units.quantity.Quantity
#       unit: !astropy.units.Unit {unit: ''}
#       value: !astropy.table.SerializedColumn {name: eccentricity}
#     orientation:
#       __class__: astropy.units.quantity.Quantity
#       unit: !astropy.units.Unit {unit: deg}
#       value: !astropy.table.SerializedColumn {name: orientation}
#     semimajor_sigma:
#       __class__: astropy.units.quantity.Quantity
#       unit: !astropy.units.Unit {unit: pix}
#       value: !astropy.table.SerializedColumn {name: semimajor_sigma}
#     semiminor_sigma:
#       __class__: astropy.units.quantity.Quantity
#       unit: !astropy.units.Unit {unit: pix}
#       value: !astropy.table.SerializedColumn {name: semiminor_sigma}
# schema: astropy-2.0
label xcentroid ycentroid sky_centroid bbox_xmin bbox_xmax bbox_ymin bbox_ymax area semimajor_sigma semiminor_sigma orientation eccentricity min_value max_value local_background segment_flux segment_fluxerr kron_flux kron_fluxerr inst_mag
4 120.1944537355622 94.71741612270624 null 109 132 83 110 473.0 6.696973344908585 5.097668012998794 71.730074150612 0.6485291359587093 3827.818313356803 7383.805017459966 0.0 2502466.5444228174 nan 29247354.81703859 nan -15.995920700223863
5 793.4116485581267 105.08303326362363 null 788 800 97 113 152.0 4.06590092235026 2.918933497068807 75.55971070266449 0.6961403511545818 3832.781920216948 4684.340404966575 0.0 642493.4869590418 nan 10987231.858859904 nan -14.519671823813445
6 40.52501924444266 137.1643506685865 null 34 47 133 141 95.0 3.404596890149874 2.1846023991202808 8.699579963815879 0.7669870552716134 3829.837822110099 4575.514904095593 0.0 392015.54167273105 nan 6749913.37123198 nan -13.983258213016116
7 153.10770220881477 233.99451001624843 null 144 161 226 244 229.0 4.566652805034254 3.8829489854583823 58.92681309682211 0.5263251585651461 3826.414262311077 5575.483304322671 0.0 1029667.325151222 nan 16333997.028672524 nan -15.031742328295966
8 716.0312523376336 349.76089721290424 null 708 724 339 363 281.0 5.650191412829786 3.777445844528771 74.63064943370073 0.7436655445639745 3828.619573289954 6149.381275195923 0.0 1306103.353767212 nan 19092769.41269027 nan -15.289943861556658
9 417.39820838124723 394.4620066754532 null 410 424 386 402 201.0 4.2746616756140705 3.562075325711098 66.74451567568165 0.5528211346496557 3827.1531205846436 5507.24187554589 0.0 907294.5244866747 nan 14132701.298965061 nan -14.8943707248059
10 778.9688090315705 409.0548352550321 null 777 781 405 413 31.0 2.43333070853864 1.0472584676683436 -82.34471881110613 0.9026474896465116 3833.1584361675164 3990.4113348855667 0.0 121013.23640429218 nan 2454658.1677993983 nan -12.707082189901623
11 136.38208597049945 411.38122895963926 null 135 138 410 413 13.0 1.0766555959386284 0.9175369948506702 44.939743983904954 0.5231993830083473 3832.93900202818 3967.4261117002225 0.0 50625.78647346826 nan 981379.3303806316 nan -11.76092945763999
12 465.489255370115 469.7296996535 null 456 475 459 484 346.0 6.532602375670204 4.077948790058403 71.97651235832392 0.7812280942383046 3834.760024805078 6308.594090030274 0.0 1641717.6018413063 nan 23750695.56543293 nan -15.538246136359216
13 171.33072147419912 484.33400123371786 null 170 173 483 486 12.0 1.2539684985209678 0.7253272721469824 -45.03441758531252 0.8157352622449181 3850.881554354624 3971.8854064172115 0.0 46913.78648827412 nan 895834.4669115404 nan -11.678251217445615
14 353.00358498876017 511.99899597868074 null 351 355 511 513 13.0 1.329630465909308 0.7297163602048725 -14.847089378846958 0.835946197418985 3830.057356330352 3920.7775595799276 0.0 50358.20302278047 nan 985048.7363201695 nan -11.755175560975655
15 47.39394866409914 551.7849416514588 null 45 50 549 554 23.0 1.5374986354230784 1.2596459546228955 58.73894322672708 0.5733898685046286 3827.801460043575 3952.9450897669017 0.0 89440.07552935134 nan 1895330.8928888044 nan -12.378830393226583
16 87.07235386562758 714.111153090861 null 81 93 709 719 100.0 3.149078401843363 2.4938278450369977 21.899817453915542 0.6106208696767605 3828.895352020145 4711.6043968366175 0.0 419270.37458547973 nan 7375722.641121598 nan -14.056235441194962
